0 0 0 4 2 0 5 7 1 6 3
15 0 15 4 2 5 0 7 1 6 3
16 0 16 4 0 2 5 7 1 6 3
16 0 16 4 2 6 5 7 1 0 3
26 15 11 4 2 5 3 7 1 6 0
29 15 14 4 2 5 7 0 1 6 3
30 15 15 0 2 5 4 7 1 6 3
30 16 14 4 2 6 5 7 1 3 0
31 16 15 4 1 2 5 7 0 6 3
32 15 17 4 2 5 6 7 1 0 3
32 16 16 0 4 2 5 7 1 6 3
33 16 17 4 2 6 5 7 0 1 3
39 26 13 4 2 5 3 7 1 0 6
39 26 13 4 2 5 3 0 1 6 7
40 29 11 0 2 5 7 4 1 6 3
41 26 15 4 2 0 3 7 1 6 5
41 29 12 4 2 5 7 1 0 6 3
41 29 12 4 2 5 7 3 1 6 0
41 29 12 4 0 5 7 2 1 6 3
42 26 16 0 2 5 3 7 1 6 4
42 30 12 3 2 5 4 7 1 6 0
43 30 13 7 2 5 4 0 1 6 3
43 30 13 1 2 5 4 7 0 6 3
44 30 14 2 0 5 4 7 1 6 3
45 30 15 4 2 6 0 7 1 3 5
45 31 14 4 1 2 5 0 7 6 3
45 31 14 4 1 2 5 7 6 0 3
45 32 13 4 2 5 6 7 1 3 0
46 30 16 4 2 6 5 0 1 3 7
46 32 14 7 4 2 5 0 1 6 3
46 32 14 3 4 2 5 7 1 6 0
47 32 15 1 4 2 5 7 0 6 3
48 30 18 4 2 0 5 7 1 3 6
48 32 16 4 2 5 6 7 0 1 3
48 32 16 4 2 0 6 7 1 5 3
49 30 19 0 2 6 5 7 1 3 4
49 32 17 5 4 2 0 7 1 6 3
49 33 16 4 2 6 5 0 7 1 3
49 40 9 3 2 5 7 4 1 6 0
50 33 17 4 0 6 5 7 2 1 3
50 40 10 2 0 5 7 4 1 6 3
50 40 10 1 2 5 7 4 0 6 3
50 41 9 4 1 5 7 2 0 6 3
51 39 12 4 2 5 3 1 0 6 7
51 41 10 0 4 5 7 2 1 6 3
52 39 13 0 2 5 3 4 1 6 7
52 41 11 4 0 5 7 1 2 6 3
52 41 11 4 5 0 7 2 1 6 3
52 43 9 1 2 5 4 7 6 0 3
53 39 14 4 2 5 3 7 0 1 6
53 39 14 4 2 0 3 7 1 5 6
53 39 14 4 0 5 3 2 1 6 7
53 40 13 7 2 5 0 4 1 6 3
53 41 12 4 2 3 0 7 1 6 5
53 41 12 4 2 5 7 1 6 0 3
53 43 10 1 2 5 4 0 7 6 3
54 39 15 4 2 5 0 3 1 6 7
54 41 13 4 2 6 3 7 1 0 5
54 41 13 4 2 5 7 3 1 0 6
54 42 12 3 2 5 4 7 1 0 6
54 42 12 3 2 5 4 0 1 6 7
54 43 11 7 2 5 4 3 1 6 0
54 43 11 1 0 5 4 7 2 6 3
55 41 14 4 0 2 3 7 1 6 5
55 42 13 7 2 5 3 0 1 6 4
55 42 13 1 2 5 3 7 0 6 4
55 42 13 3 2 5 0 7 1 6 4
56 41 15 0 2 5 7 3 1 6 4
56 42 14 2 0 5 3 7 1 6 4
56 42 14 3 2 0 4 7 1 6 5
56 43 13 7 2 5 4 1 0 6 3
56 43 13 7 0 5 4 2 1 6 3
57 44 13 2 1 5 4 7 0 6 3
57 45 12 4 1 2 5 7 6 3 0
57 50 7 1 2 5 7 0 4 6 3
57 50 7 1 0 5 7 4 2 6 3
58 41 17 4 2 0 7 3 1 6 5
58 44 14 2 5 0 4 7 1 6 3
58 45 13 0 1 2 5 4 7 6 3
58 45 13 4 1 2 5 3 7 6 0
58 47 11 1 0 2 5 7 4 6 3
58 49 9 3 2 5 7 4 1 0 6
58 50 8 1 2 5 7 4 6 0 3
59 45 14 4 1 2 0 5 7 6 3
59 47 12 1 4 2 5 0 7 6 3
59 50 9 2 1 5 7 4 0 6 3
59 50 9 4 1 5 7 2 6 0 3
59 51 8 3 4 5 7 2 1 6 0
59 52 7 1 2 5 4 7 6 3 0
60 45 15 4 2 0 6 7 1 3 5
60 45 15 0 2 6 4 7 1 3 5
60 45 15 4 2 5 0 7 1 3 6
60 45 15 4 2 5 6 0 1 3 7
60 46 14 4 2 6 0 5 1 3 7
60 46 14 7 4 2 5 1 0 6 3
60 46 14 7 4 2 5 3 1 6 0
60 46 14 3 4 2 5 7 1 0 6
60 46 14 3 4 2 5 0 1 6 7
60 47 13 1 4 2 5 7 6 0 3
60 49 11 3 2 5 0 4 1 6 7
60 49 11 3 2 5 7 0 1 6 4
60 50 10 4 1 5 7 0 2 6 3
60 51 9 1 4 5 7 2 0 6 3
61 45 16 4 1 0 5 7 6 2 3
61 46 15 4 2 6 5 1 0 3 7
61 46 15 7 0 2 5 4 1 6 3
61 46 15 3 4 2 0 7 1 6 5
61 48 13 4 2 3 5 7 1 0 6
61 49 12 5 4 2 3 7 1 6 0
61 50 11 2 5 0 7 4 1 6 3
61 51 10 4 2 5 3 1 6 0 7
61 53 8 1 2 5 4 3 7 6 0
62 45 17 4 0 2 5 1 7 6 3
62 46 16 0 2 6 5 4 1 3 7
62 46 16 7 4 2 0 5 1 6 3
62 46 16 3 4 0 5 7 1 6 2
62 51 11 2 4 5 7 0 1 6 3
62 52 10 1 2 0 4 7 6 5 3
63 45 18 4 2 6 7 0 1 3 5
63 45 18 0 2 5 6 7 1 3 4
63 46 17 4 0 6 5 2 1 3 7
63 48 15 4 2 5 6 0 7 1 3
63 49 14 4 2 6 5 3 7 1 0
63 49 14 3 2 0 7 4 1 6 5
63 51 12 7 4 5 0 2 1 6 3
63 52 11 0 4 5 7 1 2 6 3
63 53 10 7 2 5 3 4 1 6 0
64 48 16 4 2 6 0 7 1 5 3
64 49 15 5 4 2 7 0 1 6 3
64 49 15 4 2 6 0 5 7 1 3
64 51 13 4 0 5 3 1 2 6 7
64 52 12 2 0 5 3 4 1 6 7
64 52 12 1 2 5 3 4 0 6 7
64 52 12 4 5 0 7 1 2 6 3
64 52 12 4 5 7 0 2 1 6 3
64 52 12 4 5 6 7 2 1 0 3
64 53 11 4 1 5 3 2 0 6 7
64 53 11 4 2 3 5 7 1 6 0
64 53 11 4 2 5 7 1 6 3 0
64 53 11 1 0 5 4 2 7 6 3
64 55 9 1 2 5 3 7 6 0 4
64 57 7 1 2 5 7 3 4 6 0
64 57 7 1 0 5 7 2 4 6 3
65 48 17 4 0 2 5 7 1 3 6
65 48 17 4 0 5 6 7 2 1 3
65 48 17 4 0 2 6 7 1 5 3
65 49 16 7 2 6 5 0 1 3 4
65 49 16 5 2 6 0 7 1 3 4
65 49 16 1 2 6 5 7 0 3 4
65 49 16 0 2 6 5 4 7 1 3
65 53 12 0 4 5 3 2 1 6 7
65 53 12 0 2 3 4 7 1 6 5
65 53 12 1 2 5 0 4 7 6 3
65 54 11 3 2 5 4 1 0 6 7
65 55 10 1 2 5 3 0 7 6 4
65 57 8 1 5 0 7 4 2 6 3
65 58 7 1 2 5 7 4 6 3 0
66 49 17 2 0 6 5 7 1 3 4
66 49 17 5 4 0 2 7 1 6 3
66 49 17 4 0 6 5 2 7 1 3
66 53 13 4 2 5 3 0 7 1 6
66 53 13 4 2 3 0 7 1 5 6
66 53 13 4 5 0 3 2 1 6 7
66 53 13 7 2 0 5 4 1 6 3
66 53 13 0 2 5 4 1 7 6 3
66 54 12 4 2 6 3 7 1 5 0
66 54 12 0 2 5 4 3 1 6 7
66 54 12 3 0 5 4 2 1 6 7
66 54 12 7 2 5 4 3 1 0 6
66 54 12 1 5 0 4 7 2 6 3
66 55 11 1 0 5 3 7 2 6 4
66 56 10 7 1 5 4 2 0 6 3
66 57 9 0 1 5 7 4 2 6 3
67 49 18 5 4 2 6 7 1 0 3
67 50 17 0 4 6 5 7 2 1 3
67 50 17 4 6 0 5 7 2 1 3
67 53 14 4 2 3 6 7 1 0 5
67 54 13 3 2 5 4 7 0 1 6
67 54 13 3 2 0 4 7 1 5 6
67 54 13 0 1 5 4 7 2 6 3
67 56 11 7 2 5 4 1 6 0 3
67 57 10 0 2 5 7 1 4 6 3
67 59 8 4 1 2 3 5 7 6 0
67 59 8 2 1 5 7 0 4 6 3
67 59 8 4 1 5 7 2 6 3 0
67 59 8 3 4 5 7 2 1 0 6
67 60 7 1 4 5 7 2 6 0 3
68 53 15 4 0 5 3 7 2 1 6
68 53 15 4 0 2 3 7 1 5 6
68 53 15 4 2 3 7 0 1 6 5
68 53 15 4 2 0 7 1 6 5 3
68 54 14 4 2 0 5 3 1 6 7
68 54 14 4 2 6 3 7 0 1 5
68 54 14 4 2 5 7 3 0 1 6
68 54 14 7 2 5 0 3 1 6 4
68 54 14 7 2 0 4 3 1 6 5
68 55 13 4 1 2 3 7 0 6 5
68 55 13 7 2 5 3 1 0 6 4
68 55 13 7 0 5 3 2 1 6 4
68 56 12 2 0 5 7 3 1 6 4
68 56 12 1 2 5 7 3 0 6 4
68 56 12 3 2 6 4 7 1 0 5
68 56 12 7 0 5 4 1 2 6 3
68 56 12 0 7 5 4 2 1 6 3
68 56 12 7 5 0 4 2 1 6 3
68 57 11 2 1 5 4 7 6 0 3
68 58 10 3 2 5 7 4 0 1 6
68 59 9 2 1 5 7 4 6 0 3
68 59 9 1 2 5 4 0 6 3 7
68 60 8 1 4 5 7 0 2 6 3
69 53 16 7 2 5 6 4 1 0 3
69 54 15 4 2 5 6 3 1 0 7
69 55 14 3 2 0 5 7 1 6 4
69 56 13 2 1 5 3 7 0 6 4
69 56 13 3 0 2 4 7 1 6 5
69 56 13 3 2 4 0 7 1 6 5
69 57 12 2 1 5 4 0 7 6 3
69 57 12 1 2 5 0 7 4 6 3
69 58 11 1 0 2 5 4 7 6 3
69 58 11 3 1 2 5 4 7 6 0
69 58 11 1 2 0 5 7 4 6 3
69 58 11 1 2 0 7 4 6 5 3
69 59 10 3 4 5 0 2 1 6 7
69 61 8 4 2 5 3 1 6 7 0
70 54 16 4 2 0 7 3 1 5 6
70 55 15 0 4 2 3 7 1 6 5
70 56 14 2 5 0 3 7 1 6 4
70 57 13 4 1 2 0 7 6 3 5
70 58 12 3 2 0 7 4 1 5 6
70 59 11 3 4 5 7 0 1 6 2
70 59 11 1 2 5 0 7 6 3 4
70 59 11 1 2 0 4 7 6 3 5
70 60 10 3 2 5 7 1 0 6 4
70 60 10 3 0 5 7 2 1 6 4
70 60 10 4 1 5 7 3 2 6 0
70 61 9 1 2 5 4 3 7 0 6
70 64 6 1 5 0 7 2 4 6 3
71 55 16 3 2 5 6 7 1 0 4
71 57 14 4 1 2 5 0 6 3 7
71 58 13 4 1 2 0 3 7 6 5
71 58 13 0 1 2 5 7 4 6 3
71 59 12 0 1 2 4 5 7 6 3
71 59 12 1 4 2 5 3 7 6 0
71 59 12 4 1 0 7 2 6 5 3
71 60 11 1 4 2 5 7 6 3 0
71 64 7 0 1 5 7 2 4 6 3
72 58 14 4 2 7 0 3 1 6 5
72 58 14 2 5 6 4 7 1 0 3
72 58 14 5 1 2 0 4 7 6 3
72 58 14 7 1 2 5 4 0 6 3
72 58 14 4 1 2 5 3 7 0 6
72 59 13 4 1 0 2 5 7 6 3
72 59 13 1 4 2 0 5 7 6 3
72 59 13 3 4 0 7 2 1 6 5
72 60 12 4 2 0 6 5 1 3 7
72 60 12 4 2 6 7 5 1 3 0
72 60 12 0 2 6 4 5 1 3 7
72 60 12 4 2 6 3 5 1 0 7
72 60 12 7 0 2 5 1 4 6 3
72 60 12 3 2 0 5 4 1 6 7
72 61 11 4 2 0 3 1 6 5 7
72 61 11 1 2 5 0 3 7 6 4
72 61 11 1 2 0 4 3 7 6 5
72 62 10 7 4 2 3 5 1 6 0
72 63 9 7 4 5 3 2 1 6 0
72 63 9 3 4 5 7 1 2 6 0
72 64 8 1 2 5 3 7 6 4 0
72 64 8 1 2 5 7 3 4 0 6
73 58 15 4 2 6 7 3 1 0 5
73 58 15 2 5 4 0 7 1 6 3
73 59 14 4 1 2 6 5 7 0 3
73 60 13 7 2 6 4 0 1 3 5
73 60 13 5 2 6 4 7 1 3 0
73 60 13 1 2 6 4 7 0 3 5
73 60 13 3 4 2 5 1 0 6 7
73 61 12 2 5 7 0 4 1 6 3
73 61 12 2 5 6 7 4 1 0 3
73 62 11 2 4 5 7 1 0 6 3
73 62 11 2 4 5 7 3 1 6 0
73 62 11 1 0 2 4 7 6 5 3
73 62 11 1 2 4 0 7 6 5 3
73 64 9 4 2 6 3 5 7 1 0
73 64 9 1 2 5 3 0 4 6 7
73 64 9 1 2 5 3 4 6 0 7
73 64 9 1 0 5 3 4 2 6 7
73 64 9 1 7 5 4 2 0 6 3
73 65 8 1 2 5 3 4 7 6 0
73 66 7 3 1 5 7 4 2 6 0
73 67 6 1 4 5 7 2 6 3 0
74 57 17 4 1 0 5 7 6 3 2
74 57 17 0 1 2 5 7 6 3 4
74 58 16 4 0 2 7 3 1 6 5
74 59 15 0 4 2 5 1 7 6 3
74 59 15 0 2 5 4 7 6 3 1
74 60 14 2 0 6 4 7 1 3 5
74 60 14 4 2 5 6 1 0 3 7
74 60 14 7 4 2 5 1 6 0 3
74 60 14 3 0 2 5 4 1 6 7
74 60 14 3 4 2 0 5 1 6 7
74 60 14 1 4 0 5 7 6 2 3
74 64 10 4 5 7 3 2 1 6 0
74 64 10 1 5 0 4 2 7 6 3
74 64 10 1 2 0 3 7 6 5 4
74 64 10 1 2 5 0 3 4 6 7
74 65 9 3 2 5 4 1 6 0 7
74 65 9 1 5 7 0 4 2 6 3
74 65 9 1 5 6 7 4 2 0 3
75 58 17 4 1 0 5 3 7 6 2
75 58 17 0 1 2 5 3 7 6 4
75 60 15 0 2 5 4 7 1 3 6
75 60 15 4 2 5 7 0 1 3 6
75 60 15 4 2 5 0 6 1 3 7
75 60 15 7 4 2 5 3 1 0 6
75 60 15 7 4 2 0 3 1 6 5
75 60 15 3 4 2 5 7 0 1 6
75 60 15 3 4 0 5 7 1 2 6
75 60 15 3 2 5 6 4 1 0 7
75 60 15 4 1 5 0 7 2 6 3
75 61 14 4 2 6 5 1 3 0 7
75 61 14 0 7 2 5 4 1 6 3
75 61 14 4 2 3 5 7 0 1 6
75 61 14 5 4 2 3 7 1 0 6
75 61 14 5 4 2 3 0 1 6 7
75 62 13 3 4 5 0 7 1 6 2
75 63 12 3 0 2 7 4 1 6 5
75 63 12 7 4 0 5 2 1 6 3
75 63 12 7 2 5 3 4 1 0 6
75 64 11 2 1 5 3 4 0 6 7
75 64 11 4 5 6 7 2 1 3 0
75 64 11 4 1 5 3 2 6 0 7
75 64 11 0 1 5 4 2 7 6 3
75 65 10 7 2 3 4 0 1 6 5
75 65 10 5 2 3 4 7 1 6 0
75 65 10 1 2 3 4 7 0 6 5
75 66 9 3 1 5 4 2 0 6 7
75 67 8 3 2 5 7 1 4 6 0
75 67 8 2 1 5 7 3 4 6 0
76 60 16 4 0 2 6 7 1 3 5
76 60 16 0 2 5 6 4 1 3 7
76 60 16 0 4 2 5 3 1 6 7
76 61 15 4 1 5 0 7 6 2 3
76 61 15 3 4 2 7 0 1 6 5
76 61 15 0 2 5 4 3 7 6 1
76 62 14 3 0 4 5 7 1 6 2
76 63 13 4 2 5 6 3 7 1 0
76 63 13 3 2 7 0 4 1 6 5
76 63 13 3 2 6 7 4 1 0 5
76 63 13 7 4 5 0 1 2 6 3
76 64 12 4 1 5 3 0 2 6 7
76 64 12 4 2 5 0 1 6 3 7
76 65 11 1 4 5 3 2 0 6 7
76 65 11 2 0 3 4 7 1 6 5
76 65 11 1 2 0 5 4 7 6 3
76 65 11 3 0 5 4 1 2 6 7
76 65 11 1 0 5 3 2 7 6 4
76 65 11 1 2 5 0 4 6 3 7
76 65 11 1 2 5 7 0 6 3 4
76 66 10 0 3 5 4 2 1 6 7
76 66 10 7 1 5 4 2 6 0 3
76 67 9 7 2 5 4 1 6 3 0
76 67 9 2 0 5 7 1 4 6 3
76 67 9 3 4 5 7 2 0 1 6
76 68 8 2 1 5 7 4 6 3 0
76 68 8 1 4 5 7 3 2 6 0
76 70 6 1 2 3 4 7 6 0 5
76 71 5 3 1 5 7 2 4 6 0
77 60 17 4 0 5 6 2 1 3 7
77 60 17 7 4 0 5 3 1 6 2
77 61 16 4 0 6 5 1 2 3 7
77 61 16 3 4 0 2 7 1 6 5
77 62 15 4 2 0 5 1 7 6 3
77 62 15 4 7 2 5 1 0 6 3
77 62 15 2 0 6 5 4 1 3 7
77 62 15 7 2 6 5 4 1 3 0
77 62 15 1 2 6 5 4 0 3 7
77 62 15 7 4 0 2 5 1 6 3
77 62 15 0 4 2 7 5 1 6 3
77 62 15 3 4 6 5 7 1 0 2
77 63 14 4 1 6 5 2 0 3 7
77 63 14 4 2 6 0 3 7 1 5
77 64 13 5 4 2 7 1 0 6 3
77 64 13 5 4 2 7 3 1 6 0
77 64 13 4 2 0 6 5 7 1 3
77 64 13 0 2 6 4 5 7 1 3
77 64 13 0 4 5 3 1 2 6 7
77 64 13 2 5 0 3 4 1 6 7
77 64 13 4 5 7 0 1 2 6 3
77 64 13 4 5 6 7 1 2 0 3
77 64 13 0 5 7 4 2 1 6 3
77 64 13 4 5 6 7 2 0 1 3
77 64 13 4 2 3 5 0 1 6 7
77 64 13 1 2 0 7 3 4 6 5
77 66 11 4 2 5 3 6 7 1 0
77 66 11 4 2 3 6 7 1 5 0
77 66 11 3 2 5 4 1 7 6 0
77 66 11 1 2 5 4 3 0 6 7
77 66 11 3 5 0 4 2 1 6 7
77 66 11 7 1 5 4 0 2 6 3
77 66 11 7 1 5 0 4 2 6 3
77 67 10 4 1 2 3 5 7 0 6
77 67 10 1 4 0 7 2 6 5 3
77 68 9 1 2 5 7 0 3 6 4
77 68 9 1 0 5 7 3 2 6 4
77 68 9 2 1 5 4 7 6 3 0
77 68 9 3 2 5 7 0 4 1 6
77 68 9 3 0 5 7 4 2 1 6
77 68 9 1 2 5 4 6 0 3 7
77 69 8 1 2 5 3 7 4 6 0
77 70 7 3 1 5 7 2 0 6 4
77 70 7 1 5 7 0 2 4 6 3
77 70 7 1 5 6 7 2 4 0 3
78 61 17 4 0 1 5 7 6 2 3
78 61 17 3 4 2 6 7 1 0 5
78 61 17 5 4 0 3 7 1 6 2
78 62 16 5 2 6 0 4 1 3 7
78 62 16 7 4 2 6 5 1 0 3
78 62 16 2 4 5 0 7 1 6 3
78 63 15 7 2 5 6 0 1 3 4
78 63 15 1 2 5 6 7 0 3 4
78 63 15 0 4 6 5 2 1 3 7
78 63 15 4 6 0 5 2 1 3 7
78 63 15 4 2 6 5 3 7 0 1
78 63 15 7 4 5 6 2 1 0 3
78 64 14 5 0 2 7 4 1 6 3
78 64 14 4 2 6 1 5 7 0 3
78 64 14 4 5 0 3 1 2 6 7
78 64 14 0 2 5 7 3 4 6 1
78 65 13 1 2 6 5 0 7 3 4
78 65 13 1 2 6 5 7 3 0 4
78 65 13 2 4 5 3 0 1 6 7
78 65 13 0 2 5 3 1 7 6 4
78 66 12 4 5 3 0 2 1 6 7
78 66 12 2 0 5 4 3 1 6 7
78 66 12 1 5 4 0 7 2 6 3
78 66 12 1 5 0 3 7 2 6 4
78 67 11 3 1 5 4 7 2 6 0
78 67 11 3 4 0 7 2 1 5 6
78 68 10 4 2 3 7 5 1 6 0
78 68 10 7 1 5 3 2 0 6 4
78 68 10 1 2 5 7 3 6 0 4
78 68 10 3 7 5 4 2 1 6 0
78 70 8 0 3 5 7 2 1 6 4
79 63 16 4 2 6 7 1 0 3 5
79 63 16 0 2 6 7 4 1 3 5
79 63 16 2 0 5 6 7 1 3 4
79 63 16 0 2 5 6 4 7 1 3
79 63 16 4 2 5 0 6 7 1 3
79 63 16 7 4 5 2 0 1 6 3
79 63 16 7 2 0 3 4 1 6 5
79 64 15 4 2 5 7 0 6 3 1
79 64 15 0 2 5 7 1 6 3 4
79 65 14 1 0 6 5 7 2 3 4
79 65 14 3 2 6 5 4 7 1 0
79 65 14 0 2 5 1 4 7 6 3
79 65 14 1 2 5 6 4 7 0 3
79 65 14 1 2 0 7 4 6 3 5
79 66 13 0 2 3 4 7 1 5 6
79 66 13 2 0 5 4 1 7 6 3
79 66 13 7 2 5 4 3 0 1 6
79 66 13 7 2 0 4 3 1 5 6
79 66 13 1 5 6 4 7 2 0 3
79 66 13 0 1 5 3 7 2 6 4
79 67 12 3 2 5 4 0 7 1 6
79 67 12 7 2 0 4 1 6 5 3
79 67 12 7 2 5 0 1 4 6 3
79 67 12 4 1 5 0 2 6 3 7
79 67 12 0 1 5 7 2 6 3 4
79 68 11 4 1 2 3 7 6 0 5
79 68 11 7 2 5 3 1 6 0 4
79 68 11 2 1 5 7 3 0 6 4
79 68 11 3 2 6 4 7 1 5 0
79 68 11 0 2 5 4 1 6 3 7
79 69 10 2 1 5 4 3 7 6 0
79 70 9 3 0 5 7 1 2 6 4
79 70 9 3 5 0 7 2 1 6 4
79 70 9 1 2 5 4 3 0 7 6
79 72 7 1 4 2 3 5 7 6 0
80 63 17 4 0 6 7 2 1 3 5
80 63 17 6 2 5 0 7 1 3 4
80 63 17 4 0 5 6 2 7 1 3
80 63 17 4 2 0 5 3 7 1 6
80 64 16 0 2 6 4 7 1 5 3
80 64 16 4 5 7 6 2 1 0 3
80 64 16 0 2 3 5 7 1 6 4
80 64 16 4 2 0 7 1 6 3 5
80 65 15 7 2 6 0 5 1 3 4
80 65 15 5 2 0 6 7 1 3 4
80 65 15 5 2 6 3 7 1 0 4
80 65 15 2 0 6 5 4 7 1 3
80 65 15 0 2 5 7 4 6 3 1
80 66 14 0 2 5 3 4 7 1 6
80 66 14 4 5 6 3 2 1 0 7
80 66 14 7 2 6 5 4 1 0 3
80 66 14 4 2 6 3 0 1 5 7
80 67 13 4 2 3 6 7 0 1 5
80 67 13 3 0 5 4 7 2 1 6
80 67 13 4 1 2 3 0 7 6 5
80 67 13 4 1 0 3 5 7 6 2
80 67 13 0 1 2 3 5 7 6 4
80 67 13 2 1 5 0 7 4 6 3
80 67 13 4 1 5 7 0 6 3 2
80 68 12 7 2 6 4 3 1 0 5
80 68 12 7 0 5 3 1 2 6 4
80 68 12 0 7 5 3 2 1 6 4
80 68 12 7 5 0 3 2 1 6 4
80 68 12 7 5 4 0 2 1 6 3
80 68 12 2 1 0 4 7 6 5 3
80 68 12 2 1 0 7 4 6 5 3
80 68 12 1 0 5 4 2 6 3 7
80 69 11 4 2 5 6 3 1 7 0
80 69 11 2 1 5 3 7 6 0 4
80 69 11 1 7 2 5 4 0 6 3
80 69 11 3 1 2 5 4 7 0 6
80 69 11 1 0 2 7 4 6 5 3
80 69 11 3 4 0 5 2 1 6 7
80 70 10 3 4 5 7 1 0 6 2
80 70 10 1 0 2 4 7 6 3 5
80 70 10 1 2 4 0 7 6 3 5
80 70 10 3 2 5 7 1 6 0 4
80 70 10 1 2 0 4 3 7 5 6
80 71 9 1 0 2 4 5 7 6 3
80 71 9 3 1 2 4 5 7 6 0
80 71 9 7 1 5 0 2 4 6 3
80 72 8 4 2 6 3 5 1 7 0
80 73 7 1 2 4 3 7 6 5 0
80 73 7 1 2 5 3 4 6 7 0
80 73 7 3 1 5 7 4 2 0 6
81 63 18 0 2 6 5 3 7 1 4
81 64 17 4 5 7 2 0 1 6 3
81 65 16 4 1 2 5 7 0 3 6
81 65 16 4 1 2 6 7 0 5 3
81 65 16 7 2 6 5 1 0 3 4
81 65 16 7 0 6 5 2 1 3 4
81 66 15 0 4 6 5 2 7 1 3
81 66 15 4 6 0 5 2 7 1 3
81 66 15 4 7 6 5 2 0 1 3
81 66 15 4 0 5 3 2 7 1 6
81 66 15 4 2 5 0 1 7 6 3
81 67 14 5 4 2 6 7 1 3 0
81 67 14 3 0 2 4 7 1 5 6
81 67 14 3 2 4 0 7 1 5 6
81 68 13 4 2 3 7 1 0 6 5
81 68 13 0 2 3 7 4 1 6 5
81 68 13 4 2 6 3 0 7 1 5
81 68 13 4 2 5 7 0 3 1 6
81 68 13 4 0 5 7 3 2 1 6
81 68 13 7 0 2 4 3 1 6 5
81 68 13 7 2 4 0 3 1 6 5
81 68 13 2 5 0 7 3 1 6 4
81 68 13 3 2 6 4 7 0 1 5
81 68 13 0 7 5 4 1 2 6 3
81 68 13 7 5 0 4 1 2 6 3
81 68 13 2 7 5 4 0 1 6 3
81 68 13 4 7 5 0 2 1 6 3
81 68 13 7 5 6 4 2 1 0 3
81 68 13 1 4 5 0 7 2 6 3
81 69 12 2 1 5 3 0 7 6 4
81 69 12 3 1 2 4 7 0 6 5
81 69 12 3 2 4 5 7 1 6 0
81 69 12 1 2 6 5 7 4 0 3
81 69 12 1 2 7 0 4 6 5 3
81 69 12 4 2 5 0 1 6 7 3
81 69 12 4 2 5 3 0 6 7 1
81 69 12 4 2 0 3 1 6 7 5
81 70 11 3 0 5 7 4 1 6 2
81 70 11 4 1 5 7 3 2 0 6
81 72 9 4 2 3 6 5 1 0 7
81 72 9 1 2 6 4 3 7 0 5
81 72 9 3 4 5 7 1 2 0 6
81 74 7 3 2 5 4 1 6 7 0
81 74 7 1 5 7 3 4 2 6 0
81 76 5 1 2 3 4 7 6 5 0
81 76 5 3 1 5 7 2 4 0 6
82 64 18 4 2 6 7 0 1 5 3
82 65 17 0 4 2 5 7 1 3 6
82 65 17 0 4 5 6 7 2 1 3
82 65 17 5 2 6 7 0 1 3 4
82 65 17 5 2 6 0 4 7 1 3
82 65 17 7 2 6 5 4 0 1 3
82 66 16 2 1 6 5 7 0 3 4
82 66 16 5 0 4 2 7 1 6 3
82 66 16 4 2 5 0 3 7 1 6
82 66 16 4 2 3 7 0 1 5 6
82 67 15 7 4 6 5 0 2 1 3
82 67 15 3 4 6 5 7 2 1 0
82 67 15 4 1 0 7 2 6 3 5
82 68 14 4 1 2 3 7 0 5 6
82 68 14 4 0 3 7 2 1 6 5
82 68 14 4 2 7 0 1 6 5 3
82 68 14 4 2 6 5 3 1 0 7
82 69 13 7 2 5 6 4 1 3 0
82 69 13 0 3 2 4 7 1 6 5
82 69 13 2 1 5 0 4 7 6 3
82 69 13 3 1 2 0 4 7 6 5
82 69 13 3 1 2 5 0 7 6 4
82 69 13 3 1 0 5 4 7 6 2
82 69 13 0 2 5 3 1 6 7 4
82 70 12 3 0 2 7 4 1 5 6
82 70 12 1 2 0 5 7 6 3 4
82 71 11 7 1 2 5 0 4 6 3
82 71 11 3 1 2 5 7 4 6 0
82 72 10 1 2 6 4 5 0 3 7
82 72 10 4 2 0 3 5 1 6 7
82 72 10 4 2 3 0 1 6 5 7
82 72 10 1 0 2 4 3 7 6 5
82 72 10 1 2 4 0 3 7 6 5
82 72 10 1 2 5 3 0 6 4 7
82 72 10 1 2 5 7 3 0 4 6
82 73 9 1 0 5 3 2 4 6 7
82 73 9 1 7 5 4 2 6 0 3
82 73 9 3 1 5 0 4 2 6 7
82 73 9 3 1 5 7 0 2 6 4
82 74 8 1 5 6 7 4 2 3 0
82 75 7 7 2 3 4 5 1 6 0
82 75 7 1 2 3 4 0 7 6 5
82 77 5 1 5 7 3 2 4 6 0
83 65 18 4 5 0 6 7 2 1 3
83 65 18 0 4 2 6 7 1 5 3
83 66 17 2 6 0 5 7 1 3 4
83 66 17 5 4 6 2 7 1 0 3
83 66 17 0 2 6 3 7 1 5 4
83 67 16 4 6 5 0 7 2 1 3
83 67 16 4 6 1 5 7 2 0 3
83 68 15 0 4 5 3 7 2 1 6
83 68 15 4 0 2 7 1 6 5 3
83 68 15 4 0 2 5 3 1 6 7
83 68 15 7 2 0 5 3 1 6 4
83 69 14 4 2 5 6 3 0 1 7
83 69 14 4 2 0 6 3 1 5 7
83 69 14 3 0 2 5 7 1 6 4
83 69 14 0 2 4 3 7 1 6 5
83 69 14 0 2 5 1 7 4 6 3
83 69 14 1 2 5 6 7 4 0 3
83 69 14 3 4 5 6 2 1 0 7
83 70 13 2 5 3 0 7 1 6 4
83 70 13 0 1 2 4 7 6 3 5
83 70 13 3 2 7 0 4 1 5 6
83 70 13 0 4 5 7 3 1 6 2
83 70 13 4 1 5 0 3 2 6 7
83 70 13 0 1 5 7 3 2 6 4
83 71 12 4 1 2 0 5 6 3 7
83 71 12 5 1 2 4 0 7 6 3
83 71 12 1 4 2 0 3 7 6 5
83 71 12 1 4 2 0 7 6 3 5
83 72 11 5 1 2 3 4 7 6 0
83 72 11 3 0 4 7 2 1 6 5
83 72 11 2 0 6 4 5 1 3 7
83 72 11 7 2 6 4 5 1 3 0
83 72 11 4 2 6 3 5 0 1 7
83 72 11 7 4 5 3 2 1 0 6
83 72 11 3 4 5 0 1 2 6 7
83 72 11 3 4 5 7 0 2 6 1
83 72 11 1 2 0 7 3 4 5 6
83 73 10 4 1 2 6 5 7 3 0
83 73 10 1 2 6 4 0 7 3 5
83 73 10 1 2 6 4 7 3 0 5
83 73 10 2 5 7 3 4 1 6 0
83 73 10 1 2 0 3 4 6 5 7
83 73 10 1 5 0 3 4 2 6 7
83 73 10 1 7 5 4 0 2 6 3
83 73 10 1 2 5 3 4 7 0 6
83 73 10 1 4 5 0 2 6 3 7
83 74 9 1 2 3 0 7 6 5 4
83 75 8 3 2 5 7 1 4 0 6
83 76 7 3 0 5 7 2 4 1 6
83 76 7 3 1 5 0 2 4 6 7
83 77 6 1 5 6 7 2 4 3 0
84 67 17 5 4 2 6 7 0 1 3
84 68 16 4 5 0 3 7 2 1 6
84 68 16 0 4 2 3 7 1 5 6
84 68 16 4 0 6 3 7 2 1 5
84 68 16 7 2 5 6 3 1 0 4
84 69 15 7 2 5 6 4 0 1 3
84 69 15 3 2 6 5 7 1 0 4
84 69 15 3 2 4 7 0 1 6 5
84 69 15 3 2 4 6 7 1 0 5
84 69 15 3 4 5 2 0 1 6 7
84 70 14 7 4 2 3 0 1 6 5
84 70 14 1 4 2 3 7 0 6 5
84 70 14 2 5 6 3 7 1 0 4
84 70 14 4 1 0 2 7 6 3 5
84 71 13 3 2 5 6 7 1 4 0
84 71 13 0 1 2 4 3 7 6 5
84 71 13 7 1 2 4 5 0 6 3
84 71 13 1 4 2 5 3 7 0 6
84 71 13 4 0 1 7 2 6 5 3
84 71 13 4 1 7 0 2 6 5 3
84 71 13 1 4 2 5 0 6 3 7
84 72 12 2 5 6 4 7 1 3 0
84 72 12 7 1 2 5 4 6 0 3
84 72 12 1 4 0 2 5 7 6 3
84 72 12 3 4 7 0 2 1 6 5
84 72 12 3 4 6 7 2 1 0 5
84 72 12 5 2 6 4 0 1 3 7
84 72 12 7 2 0 5 1 4 6 3
84 72 12 4 0 2 3 1 6 5 7
84 72 12 1 2 0 5 3 7 6 4
84 72 12 7 4 2 3 5 1 0 6
84 72 12 1 2 5 0 7 6 4 3
84 72 12 1 2 0 3 7 6 4 5
84 73 11 2 5 4 3 7 1 6 0
84 73 11 3 0 2 5 1 4 6 7
84 73 11 2 5 6 7 4 1 3 0
84 73 11 2 4 5 7 1 6 0 3
84 73 11 4 2 6 3 5 7 0 1
84 73 11 0 1 5 3 4 2 6 7
84 73 11 1 4 5 7 0 6 3 2
84 74 10 3 4 2 7 5 1 6 0
84 74 10 1 5 4 0 2 7 6 3
84 74 10 3 2 0 4 1 6 5 7
84 75 9 3 1 5 4 2 7 6 0
84 75 9 3 1 5 4 2 6 0 7
84 75 9 2 1 5 7 3 4 0 6
84 76 8 3 1 5 7 0 4 6 2
84 77 7 1 2 5 4 3 6 0 7
84 77 7 1 2 5 7 4 3 6 0
84 77 7 3 1 5 7 2 6 0 4
85 67 18 5 4 0 6 7 1 2 3
85 67 18 5 4 6 0 7 2 1 3
85 70 15 4 2 7 0 3 1 5 6
85 70 15 0 2 5 1 7 6 3 4
85 71 14 4 1 2 5 6 0 3 7
85 71 14 0 1 2 5 4 6 3 7
85 71 14 4 1 0 2 3 7 6 5
85 71 14 5 1 2 0 7 4 6 3
85 72 13 4 2 7 5 3 1 6 0
85 72 13 4 1 6 2 5 7 0 3
85 72 13 1 4 2 6 5 7 0 3
85 72 13 4 0 2 6 5 1 3 7
85 72 13 0 7 2 5 1 4 6 3
85 72 13 3 2 6 5 4 1 0 7
85 72 13 1 2 5 6 3 7 0 4
85 73 12 4 1 2 6 5 0 7 3
85 73 12 2 4 5 7 3 1 0 6
85 73 12 0 2 5 3 1 4 6 7
85 73 12 3 1 0 7 4 2 6 5
85 74 11 3 1 2 5 4 0 6 7
85 74 11 1 5 6 4 2 7 0 3
85 74 11 1 0 2 3 7 6 5 4
85 74 11 1 2 0 5 3 4 6 7
85 74 11 1 5 6 7 4 0 2 3
85 75 10 2 1 5 3 0 4 6 7
85 75 10 4 1 5 3 2 6 7 0
85 75 10 7 2 3 4 1 0 6 5
85 75 10 5 2 3 4 7 1 0 6
85 75 10 5 2 3 4 0 1 6 7
85 75 10 1 0 3 4 7 2 6 5
85 75 10 3 1 5 4 0 2 6 7
85 75 10 3 2 5 0 1 4 6 7
85 75 10 3 2 5 7 0 4 6 1
85 76 9 3 2 7 5 4 1 6 0
85 76 9 1 4 5 3 2 6 0 7
85 76 9 1 7 5 3 2 0 6 4
85 76 9 7 3 5 4 2 1 6 0
85 76 9 1 3 5 4 2 0 6 7
85 76 9 7 1 5 4 2 6 3 0
85 76 9 1 4 5 7 3 2 0 6
85 77 8 7 1 5 3 4 2 6 0
85 77 8 1 2 5 4 6 3 0 7
85 78 7 1 3 5 7 2 0 6 4
86 67 19 2 4 6 5 7 0 1 3
86 69 17 7 2 0 6 4 1 5 3
86 70 16 4 0 2 7 3 1 5 6
86 70 16 4 1 2 7 0 6 3 5
86 70 16 4 1 0 7 3 2 6 5
86 71 15 3 2 5 6 7 0 1 4
86 71 15 3 2 0 6 7 1 5 4
86 71 15 4 1 2 6 3 7 0 5
86 71 15 1 4 0 5 3 7 6 2
86 72 14 0 2 7 4 3 1 6 5
86 72 14 5 1 0 2 4 7 6 3
86 72 14 4 1 2 5 3 0 7 6
86 72 14 4 0 1 2 5 7 6 3
86 72 14 4 2 6 7 5 1 0 3
86 72 14 0 4 2 3 5 1 6 7
86 72 14 7 4 5 3 0 1 6 2
86 72 14 3 4 0 7 1 2 6 5
86 73 13 7 2 6 4 1 0 3 5
86 73 13 5 2 6 4 7 1 0 3
86 73 13 1 0 6 4 7 2 3 5
86 73 13 3 4 2 5 1 6 0 7
86 73 13 2 5 6 7 4 0 1 3
86 73 13 0 1 2 4 7 6 5 3
86 73 13 1 6 2 4 7 0 5 3
86 73 13 1 2 4 5 7 6 0 3
86 73 13 4 2 0 3 5 7 1 6
86 73 13 1 2 0 3 4 7 6 5
86 73 13 1 4 0 7 2 6 3 5
86 74 12 4 1 3 5 7 6 0 2
86 74 12 7 2 5 4 0 6 3 1
86 74 12 0 3 2 5 4 1 6 7
86 74 12 4 5 7 3 2 1 0 6
86 74 12 1 5 7 4 0 2 6 3
86 75 11 4 1 5 3 7 2 6 0
86 75 11 3 1 2 7 4 0 6 5
86 75 11 2 1 5 3 4 6 0 7
86 75 11 2 1 5 0 3 4 6 7
86 76 10 7 4 5 3 1 2 6 0
86 76 10 1 4 5 3 0 2 6 7
86 76 10 2 1 3 4 7 0 6 5
86 76 10 1 5 0 3 2 7 6 4
86 76 10 1 0 5 7 2 6 3 4
86 76 10 2 5 0 7 1 4 6 3
86 76 10 3 4 5 7 0 2 1 6
86 76 10 3 1 0 7 2 4 6 5
86 77 9 1 2 5 4 0 3 6 7
86 77 9 1 0 5 7 2 3 6 4
86 77 9 3 2 5 7 6 4 1 0
86 77 9 0 3 5 7 4 2 1 6
86 77 9 1 5 6 7 2 0 4 3
86 78 8 4 5 3 7 2 1 6 0
86 78 8 1 2 5 7 3 6 4 0
86 78 8 4 3 5 7 2 1 6 0
86 80 6 7 1 5 3 2 4 6 0
86 82 4 1 2 3 4 5 7 6 0
87 71 16 4 0 2 5 1 6 3 7
87 71 16 1 4 0 5 7 6 3 2
87 72 15 4 2 7 3 0 1 6 5
87 72 15 2 5 6 4 7 0 1 3
87 72 15 0 4 2 1 5 7 6 3
87 72 15 0 2 5 1 3 7 6 4
87 72 15 7 4 0 3 5 1 6 2
87 73 14 4 2 6 7 3 1 5 0
87 73 14 2 5 4 7 0 1 6 3
87 73 14 4 1 0 6 5 7 2 3
87 73 14 2 4 5 0 3 1 6 7
87 73 14 1 2 4 7 0 6 5 3
87 73 14 0 2 6 3 5 7 1 4
87 73 14 0 4 5 7 2 6 3 1
87 74 13 1 0 2 5 7 6 3 4
87 74 13 3 4 2 5 1 7 6 0
87 74 13 2 0 5 4 7 6 3 1
87 74 13 2 1 6 4 7 0 3 5
87 74 13 4 2 5 6 1 3 0 7
87 74 13 7 4 2 5 1 6 3 0
87 74 13 3 4 0 2 5 1 6 7
87 74 13 1 4 5 0 7 6 2 3
87 74 13 1 2 5 6 3 4 0 7
87 74 13 0 5 7 1 4 2 6 3
87 74 13 1 5 7 6 4 2 0 3
87 75 12 0 2 5 7 4 1 3 6
87 75 12 4 2 5 7 6 1 3 0
87 75 12 3 2 5 6 4 1 7 0
87 75 12 4 2 6 5 1 3 7 0
87 75 12 3 7 2 5 4 1 6 0
87 75 12 3 4 5 2 7 1 6 0
87 75 12 0 3 2 7 4 1 6 5
87 75 12 7 0 4 5 2 1 6 3
87 75 12 4 1 5 0 2 7 6 3
87 75 12 5 2 3 0 7 1 6 4
87 75 12 0 1 5 7 3 4 6 2
87 76 11 4 1 5 3 7 6 2 0
87 76 11 3 2 6 7 4 1 5 0
87 76 11 0 3 5 4 1 2 6 7
87 76 11 0 1 5 3 2 7 6 4
87 76 11 1 2 5 7 6 0 3 4
87 76 11 2 3 5 4 0 1 6 7
87 76 11 4 3 5 0 2 1 6 7
87 76 11 1 4 5 0 3 2 6 7
87 77 10 3 2 6 4 5 7 1 0
87 77 10 3 5 7 4 2 1 6 0
87 77 10 4 1 2 3 5 0 7 6
87 77 10 1 0 4 7 2 6 5 3
87 77 10 1 5 0 7 3 2 6 4
87 77 10 3 5 0 7 4 2 1 6
87 77 10 1 2 5 3 7 4 0 6
87 78 9 4 2 3 0 5 1 6 7
87 78 9 2 3 5 7 0 1 6 4
88 72 16 4 2 7 6 3 1 0 5
88 72 16 4 1 0 5 3 7 2 6
88 72 16 4 2 0 7 5 1 3 6
88 72 16 7 4 0 3 2 1 6 5
88 72 16 0 2 5 3 7 6 4 1
88 73 15 5 2 0 4 7 1 3 6
88 73 15 0 5 7 2 4 1 6 3
88 73 15 2 5 7 4 0 1 6 3
88 73 15 0 2 4 1 7 6 5 3
88 74 14 4 1 5 0 7 6 3 2
88 74 14 7 1 2 5 0 6 3 4
88 74 14 5 1 2 0 7 6 3 4
88 74 14 2 6 0 4 7 1 3 5
88 74 14 3 4 2 6 5 1 0 7
88 74 14 1 0 4 5 7 6 2 3
88 74 14 0 5 7 3 2 1 6 4
88 74 14 0 2 5 1 3 4 6 7
88 75 13 1 0 2 5 3 7 6 4
88 75 13 7 2 5 4 0 1 3 6
88 75 13 1 2 5 4 7 0 3 6
88 75 13 4 2 5 7 1 0 3 6
88 75 13 4 0 5 7 2 1 3 6
88 75 13 0 2 5 4 6 1 3 7
88 75 13 4 2 5 3 6 1 0 7
88 75 13 3 0 2 5 7 4 1 6
88 75 13 4 2 3 5 0 7 1 6
88 75 13 5 4 2 3 1 0 6 7
88 75 13 7 4 6 5 2 1 0 3
88 75 13 7 2 5 3 4 0 1 6
88 75 13 4 1 0 3 2 6 5 7
88 75 13 3 2 0 7 1 4 6 5
88 76 12 3 2 5 4 0 7 6 1
88 76 12 2 3 0 4 7 1 6 5
88 76 12 1 2 6 5 4 7 0 3
88 76 12 3 5 0 4 1 2 6 7
88 76 12 1 2 0 5 4 6 3 7
88 76 12 2 1 5 0 4 6 3 7
88 76 12 2 1 5 7 0 6 3 4
88 77 11 5 0 2 7 1 4 6 3
88 77 11 4 5 7 3 1 2 6 0
88 77 11 1 5 7 4 2 0 6 3
88 77 11 1 0 2 7 3 4 6 5
88 77 11 3 2 5 4 1 7 0 6
88 77 11 1 0 5 4 3 2 6 7
88 77 11 3 5 4 0 2 1 6 7
88 77 11 7 1 5 4 3 2 6 0
88 77 11 7 1 0 5 4 2 6 3
88 77 11 1 4 7 0 2 6 5 3
88 77 11 2 1 5 4 0 6 3 7
88 77 11 1 0 5 4 6 2 3 7
88 77 11 0 5 7 1 2 4 6 3
88 77 11 1 5 7 6 2 4 0 3
88 78 10 4 2 6 1 5 7 3 0
88 78 10 1 5 4 3 7 2 6 0
88 78 10 7 1 5 3 2 6 0 4
88 78 10 3 7 5 4 2 1 0 6
88 78 10 3 7 5 0 2 1 6 4
88 78 10 7 3 5 0 2 1 6 4
88 79 9 7 2 5 3 1 4 6 0
88 79 9 0 3 5 7 1 2 6 4
88 79 9 1 2 5 4 0 3 7 6
88 79 9 1 4 2 3 5 7 0 6
88 80 8 3 0 5 7 1 4 6 2
88 80 8 3 2 5 7 1 6 4 0
88 80 8 1 2 0 4 5 7 6 3
88 80 8 1 2 4 3 7 6 0 5
88 81 7 4 2 3 6 5 1 7 0
88 81 7 1 2 3 4 0 6 5 7
88 81 7 3 1 5 7 2 0 4 6
89 72 17 5 1 2 6 4 7 0 3
89 72 17 0 2 6 7 5 1 3 4
89 73 16 4 2 6 7 3 0 1 5
89 73 16 2 5 7 6 4 1 0 3
89 73 16 0 2 5 3 4 7 6 1
89 74 15 4 1 2 7 3 0 6 5
89 74 15 4 2 5 0 7 6 3 1
89 74 15 7 4 0 5 1 6 2 3
89 74 15 4 5 7 3 0 1 6 2
89 75 14 4 1 5 0 3 7 6 2
89 75 14 5 1 2 0 3 7 6 4
89 75 14 2 0 5 4 7 1 3 6
89 75 14 6 2 5 4 7 1 3 0
89 75 14 4 2 0 5 6 1 3 7
89 75 14 3 4 2 5 0 7 1 6
89 75 14 3 4 5 0 7 1 2 6
89 75 14 3 2 5 6 4 0 1 7
89 75 14 4 1 0 5 7 2 6 3
89 75 14 4 2 0 5 1 3 6 7
89 75 14 4 5 0 7 2 1 3 6
89 75 14 2 1 0 7 3 4 6 5
89 76 13 3 4 2 7 1 0 6 5
89 76 13 2 0 5 4 3 7 6 1
89 76 13 3 1 4 5 7 0 6 2
89 76 13 7 4 0 5 1 2 6 3
89 76 13 4 2 0 5 1 6 3 7
89 76 13 7 1 0 4 2 6 5 3
89 76 13 7 2 5 0 1 6 3 4
89 76 13 7 2 0 4 1 6 3 5
89 76 13 0 1 5 7 4 6 3 2
89 77 12 1 2 6 5 0 4 3 7
89 77 12 1 2 6 5 4 3 0 7
89 77 12 1 0 6 5 4 2 3 7
89 77 12 4 2 1 6 5 7 0 3
89 77 12 2 0 6 4 5 7 1 3
89 77 12 2 5 3 0 4 1 6 7
89 77 12 4 5 6 7 1 2 3 0
89 77 12 5 0 7 4 2 1 6 3
89 77 12 4 2 3 5 1 0 6 7
89 77 12 1 2 7 0 3 4 6 5
89 77 12 1 2 6 7 3 4 0 5
89 77 12 4 2 5 3 6 7 0 1
89 77 12 3 2 5 0 1 7 6 4
89 77 12 3 5 6 4 2 1 0 7
89 77 12 4 1 0 3 5 7 2 6
89 77 12 0 2 5 7 1 3 6 4
89 77 12 0 2 5 7 3 4 1 6
89 77 12 1 5 7 2 0 4 6 3
89 78 11 5 1 2 7 4 0 6 3
89 78 11 2 0 5 7 3 4 6 1
89 78 11 2 1 5 4 3 0 6 7
89 78 11 1 5 4 7 0 2 6 3
89 78 11 1 5 3 0 7 2 6 4
89 78 11 3 1 5 4 7 2 0 6
89 78 11 3 1 5 0 7 2 6 4
89 78 11 3 0 4 7 2 1 5 6
89 78 11 4 2 3 7 5 1 0 6
89 78 11 7 1 5 3 0 2 6 4
89 79 10 1 2 3 7 4 6 0 5
89 79 10 3 2 5 4 6 7 1 0
89 79 10 4 1 2 3 7 6 5 0
89 79 10 7 2 5 3 1 6 4 0
89 79 10 2 1 5 7 0 3 6 4
89 79 10 3 5 0 7 1 2 6 4
89 79 10 3 5 7 0 2 1 6 4
89 79 10 3 5 6 7 2 1 0 4
89 80 9 1 0 2 3 5 7 6 4
89 80 9 2 1 5 3 7 4 6 0
89 80 9 1 2 4 5 7 6 3 0
89 80 9 3 1 2 4 5 7 0 6
89 80 9 7 1 0 5 2 4 6 3
89 80 9 1 2 4 3 0 6 5 7
89 80 9 1 2 5 3 0 6 7 4
89 80 9 3 1 5 7 4 0 2 6
89 81 8 3 1 5 7 4 0 6 2
89 81 8 1 2 6 4 3 7 5 0
89 81 8 3 1 0 7 2 4 5 6
89 82 7 1 2 6 4 5 3 0 7
89 82 7 1 5 7 3 2 4 0 6
89 84 5 1 2 5 4 3 6 7 0
89 84 5 3 1 5 7 2 6 4 0
90 71 19 0 4 2 5 3 7 6 1
90 71 19 0 4 2 5 7 6 3 1
90 73 17 2 5 4 6 7 1 0 3
90 73 17 2 4 0 7 3 1 6 5
90 74 16 4 0 1 5 7 6 3 2
90 74 16 0 4 2 7 3 1 6 5
90 74 16 5 4 2 0 1 7 6 3
90 74 16 4 0 5 6 1 2 3 7
90 75 15 4 1 6 5 3 7 0 2
90 75 15 3 0 4 5 7 1 2 6
90 75 15 3 2 0 6 4 1 5 7
90 75 15 4 7 2 5 0 1 6 3
90 75 15 5 7 2 0 4 1 6 3
90 75 15 4 0 3 5 7 2 1 6
90 75 15 5 4 2 3 7 0 1 6
90 75 15 7 2 0 3 4 1 5 6
90 75 15 4 5 6 0 2 1 3 7
90 75 15 0 5 6 7 2 1 3 4
90 75 15 7 0 3 4 2 1 6 5
90 75 15 7 2 3 0 4 1 6 5
90 75 15 5 2 0 4 7 1 6 3
90 76 14 4 1 5 7 0 6 2 3
90 76 14 0 3 4 5 7 1 6 2
90 76 14 4 2 5 6 3 7 0 1
90 76 14 3 2 7 4 0 1 6 5
90 76 14 3 2 6 7 4 0 1 5
90 76 14 7 4 5 1 0 2 6 3
90 76 14 4 2 5 1 0 6 3 7
90 76 14 1 4 0 7 3 2 6 5
90 77 13 1 4 2 7 5 0 6 3
90 77 13 4 1 6 5 2 3 0 7
90 77 13 5 4 2 7 1 6 0 3
90 77 13 5 2 6 4 0 7 1 3
90 77 13 0 2 3 5 4 1 6 7
90 77 13 4 2 3 6 0 1 5 7
90 77 13 3 2 0 4 1 7 6 5
90 77 13 2 1 5 0 7 6 3 4
90 77 13 2 1 0 4 7 6 3 5
90 77 13 1 2 0 3 7 4 6 5
90 78 12 5 2 6 7 4 1 3 0
90 78 12 7 4 2 6 5 1 3 0
90 78 12 2 4 5 3 7 1 6 0
90 78 12 1 2 5 6 0 7 3 4
90 78 12 1 2 5 6 7 3 0 4
90 78 12 7 4 5 6 2 1 3 0
90 78 12 0 5 2 7 4 1 6 3
90 78 12 5 2 0 7 4 1 6 3
90 78 12 4 2 6 1 5 0 7 3
90 78 12 4 2 0 1 5 7 6 3
90 78 12 1 2 6 5 4 7 3 0
90 78 12 1 2 6 0 5 7 3 4
90 78 12 1 2 6 5 7 3 4 0
90 78 12 4 2 5 3 1 7 6 0
90 78 12 2 5 0 4 3 1 6 7
90 78 12 3 4 7 0 2 1 5 6
90 78 12 1 2 0 7 3 6 5 4
90 79 11 3 2 5 1 4 7 6 0
90 79 11 1 2 5 6 4 7 3 0
90 79 11 7 2 3 4 0 1 5 6
90 79 11 1 2 3 4 7 0 5 6
90 79 11 1 5 6 4 7 2 3 0
90 79 11 2 1 5 7 3 6 0 4
90 79 11 2 0 5 4 1 6 3 7
90 79 11 2 1 5 4 3 7 0 6
90 79 11 1 0 5 4 3 2 7 6
90 80 10 4 1 3 0 5 7 6 2
90 80 10 7 5 4 3 2 1 6 0
90 80 10 2 1 5 3 7 6 4 0
90 80 10 1 7 2 5 0 4 6 3
90 80 10 3 4 5 7 1 6 0 2
90 80 10 1 7 2 4 5 0 6 3
90 80 10 3 1 0 7 4 2 5 6
90 81 9 1 4 5 3 7 2 6 0
90 81 9 1 2 7 3 4 6 5 0
90 81 9 4 2 3 0 1 6 7 5
90 81 9 0 3 5 7 4 1 6 2
90 81 9 1 2 6 4 3 0 7 5
90 81 9 1 5 7 3 4 2 0 6
90 82 8 1 5 0 3 2 4 6 7
90 82 8 1 7 5 4 2 6 3 0
90 82 8 7 2 3 4 5 1 0 6
90 83 7 1 2 6 4 5 7 3 0
90 83 7 0 3 5 7 2 4 1 6
90 85 5 1 3 5 7 2 6 0 4
91 73 18 0 5 4 2 7 1 6 3
91 73 18 7 0 6 4 2 1 3 5
91 73 18 7 2 6 0 4 1 3 5
91 74 17 6 2 5 4 7 0 3 1
91 75 16 4 0 1 5 3 7 6 2
91 75 16 7 1 2 5 3 0 6 4
91 75 16 7 4 2 5 3 0 1 6
91 75 16 7 4 0 5 3 1 2 6
91 75 16 7 4 0 2 3 1 6 5
91 75 16 5 4 0 3 7 1 2 6
91 75 16 5 0 2 3 4 1 6 7
91 75 16 5 4 2 0 3 1 6 7
91 75 16 0 4 5 3 7 1 6 2
91 75 16 4 5 6 7 0 1 3 2
91 76 15 4 1 2 6 7 0 3 5
91 76 15 2 0 5 6 4 1 3 7
91 76 15 6 2 5 0 4 1 3 7
91 76 15 1 2 5 6 4 0 3 7
91 76 15 1 4 2 5 3 0 6 7
91 76 15 0 1 5 4 7 6 2 3
91 76 15 4 2 5 0 3 7 6 1
91 76 15 7 2 5 4 3 0 6 1
91 76 15 0 2 5 1 4 6 3 7
91 76 15 2 1 0 7 4 6 3 5
91 76 15 0 4 5 7 3 2 6 1
91 77 14 4 1 5 6 2 0 3 7
91 77 14 7 4 5 0 3 1 6 2
91 77 14 2 1 6 5 4 0 3 7
91 77 14 7 0 4 2 5 1 6 3
91 77 14 4 0 2 7 5 1 6 3
91 77 14 3 4 6 5 7 1 2 0
91 77 14 4 2 0 6 3 7 1 5
91 77 14 0 2 6 4 3 7 1 5
91 77 14 5 4 2 7 3 1 0 6
91 77 14 4 0 2 6 5 7 1 3
91 77 14 7 2 6 4 5 0 1 3
91 77 14 2 5 6 3 4 1 0 7
91 77 14 0 5 7 4 1 2 6 3
91 77 14 4 5 6 7 0 2 1 3
91 77 14 4 0 6 7 2 5 1 3
91 77 14 4 0 3 5 2 1 6 7
91 77 14 4 2 0 3 6 7 1 5
91 77 14 7 1 5 6 4 2 0 3
91 77 14 1 2 5 0 7 3 6 4
91 77 14 3 2 5 0 7 4 1 6
91 78 13 4 6 3 5 2 1 0 7
91 78 13 4 5 3 0 1 2 6 7
91 78 13 1 2 0 5 7 3 6 4
91 78 13 2 4 5 3 1 0 6 7
91 78 13 2 0 5 3 1 7 6 4
91 78 13 0 5 3 4 2 1 6 7
91 78 13 1 5 6 3 7 2 0 4
91 78 13 3 7 5 4 0 1 6 2
91 79 12 2 0 5 7 1 6 3 4
91 79 12 2 0 5 1 4 7 6 3
91 79 12 1 0 2 7 4 6 3 5
91 79 12 1 2 7 0 4 6 3 5
91 79 12 2 0 3 4 7 1 5 6
91 79 12 6 2 3 4 7 1 5 0
91 79 12 7 1 5 0 2 6 3 4
91 79 12 6 1 5 7 2 0 3 4
91 79 12 7 2 0 3 1 6 5 4
91 79 12 1 4 2 3 0 7 6 5
91 79 12 1 4 0 3 5 7 6 2
91 80 11 4 2 3 7 1 6 0 5
91 80 11 4 1 6 3 5 7 0 2
91 80 11 7 2 6 4 3 1 5 0
91 80 11 7 5 3 0 2 1 6 4
91 80 11 1 5 0 4 2 6 3 7
91 80 11 1 6 5 4 2 0 3 7
91 80 11 1 7 2 5 4 6 0 3
91 80 11 3 0 4 5 2 1 6 7
91 80 11 1 0 2 4 3 7 5 6
91 80 11 1 2 4 0 3 7 5 6
91 80 11 3 1 2 0 5 7 6 4
91 80 11 1 2 5 0 4 6 7 3
91 80 11 1 2 0 3 4 6 7 5
91 81 10 4 7 5 3 2 1 6 0
91 81 10 2 1 5 3 4 7 6 0
91 81 10 3 1 2 4 7 6 0 5
91 81 10 3 5 0 7 4 1 6 2
91 81 10 4 2 3 6 5 0 1 7
91 82 9 1 2 3 5 7 6 0 4
91 82 9 1 2 6 4 0 5 3 7
91 82 9 1 2 4 5 3 7 6 0
91 82 9 1 2 5 7 0 3 4 6
91 82 9 1 0 5 7 3 2 4 6
91 82 9 0 1 5 3 2 4 6 7
91 83 8 3 5 0 7 2 4 1 6
91 83 8 3 1 0 5 2 4 6 7
91 85 6 1 2 5 4 6 3 7 0
91 85 6 1 3 5 7 0 2 6 4
91 86 5 1 2 3 4 5 7 0 6
92 74 18 6 1 2 5 7 0 3 4
92 75 17 7 4 2 6 3 1 0 5
92 75 17 4 1 5 6 7 2 0 3
92 75 17 3 4 5 6 7 1 0 2
92 76 16 4 1 5 2 7 6 0 3
92 76 16 0 2 7 3 4 1 6 5
92 76 16 7 4 5 6 1 2 0 3
92 77 15 0 4 5 6 2 1 3 7
92 77 15 7 0 4 5 3 1 6 2
92 77 15 3 0 4 2 7 1 6 5
92 77 15 4 2 6 5 1 7 0 3
92 77 15 4 7 2 5 1 6 0 3
92 77 15 2 6 0 5 4 1 3 7
92 77 15 7 4 6 2 5 1 0 3
92 77 15 4 1 6 5 0 2 3 7
92 77 15 4 2 6 1 3 7 0 5
92 77 15 4 5 7 1 0 2 6 3
92 77 15 4 5 6 7 1 0 2 3
92 77 15 0 2 5 3 6 7 1 4
92 77 15 0 1 5 4 7 6 3 2
92 78 14 3 4 2 6 7 1 5 0
92 78 14 5 0 4 3 7 1 6 2
92 78 14 5 4 3 0 7 1 6 2
92 78 14 1 0 5 6 7 2 3 4
92 78 14 7 4 6 5 2 1 3 0
92 78 14 1 4 6 5 2 0 3 7
92 78 14 4 6 5 0 2 1 3 7
92 78 14 7 4 5 6 2 0 1 3
92 78 14 4 5 6 3 1 2 0 7
92 78 14 7 2 5 0 3 4 6 1
92 78 14 1 0 6 5 2 7 3 4
92 78 14 0 2 3 7 5 1 6 4
92 79 13 1 2 5 6 4 0 7 3
92 79 13 2 5 0 4 1 7 6 3
92 79 13 2 7 5 4 1 0 6 3
92 79 13 7 2 5 4 0 3 1 6
92 79 13 0 2 5 4 3 7 1 6
92 79 13 3 0 5 4 2 7 1 6
92 79 13 7 0 2 4 1 6 5 3
92 79 13 7 2 4 0 1 6 5 3
92 79 13 7 2 5 1 0 4 6 3
92 79 13 4 1 0 5 2 6 3 7
92 79 13 0 1 5 4 2 6 3 7
92 79 13 4 1 0 3 7 6 2 5
92 79 13 3 2 6 4 0 1 5 7
92 79 13 2 1 5 0 3 7 6 4
92 79 13 2 1 0 4 3 7 6 5
92 80 12 5 2 3 6 7 1 0 4
92 80 12 5 2 6 3 7 1 4 0
92 80 12 2 0 5 7 4 6 3 1
92 80 12 4 2 3 6 0 7 1 5
92 80 12 4 0 1 3 5 7 6 2
92 80 12 5 1 2 3 0 7 6 4
92 80 12 2 1 0 5 7 4 6 3
92 80 12 0 5 4 7 2 1 6 3
92 80 12 2 1 0 3 7 6 5 4
92 80 12 3 1 2 5 4 0 7 6
92 80 12 3 1 0 5 4 7 2 6
92 80 12 1 6 2 7 4 0 5 3
92 80 12 3 4 6 5 2 1 0 7
92 80 12 1 6 2 4 7 0 3 5
92 80 12 3 1 2 4 0 7 6 5
92 80 12 3 1 0 4 5 7 6 2
92 80 12 7 1 5 6 2 4 0 3
92 80 12 4 2 6 0 5 1 7 3
92 80 12 4 2 0 3 5 1 7 6
92 81 11 5 2 3 7 4 1 6 0
92 81 11 3 7 5 4 1 2 6 0
92 81 11 1 2 6 5 7 4 3 0
92 81 11 4 0 2 3 1 6 7 5
92 81 11 4 2 7 3 1 6 0 5
92 81 11 3 4 5 7 1 0 2 6
92 81 11 3 2 5 0 1 6 7 4
92 81 11 3 2 5 4 0 6 7 1
92 81 11 3 2 0 4 1 6 7 5
92 81 11 1 5 7 3 0 2 6 4
92 82 10 4 2 7 3 1 6 5 0
92 82 10 3 1 5 0 4 7 6 2
92 82 10 1 0 6 4 5 2 3 7
92 82 10 4 2 3 7 1 6 5 0
92 82 10 0 2 3 4 1 6 5 7
92 82 10 1 2 5 3 6 0 4 7
92 82 10 3 1 0 5 4 2 6 7
92 82 10 7 2 3 0 5 1 6 4
92 82 10 0 2 3 4 5 1 6 7
92 82 10 0 2 3 4 1 7 6 5
92 82 10 1 5 7 3 0 4 6 2
92 83 9 2 5 3 4 7 1 6 0
92 83 9 3 4 5 7 2 0 6 1
92 83 9 1 2 6 4 7 3 5 0
92 83 9 1 2 3 0 4 6 5 7
92 83 9 1 5 3 0 4 2 6 7
92 83 9 1 5 0 7 2 4 3 6
92 84 8 3 4 7 5 2 1 6 0
92 84 8 1 5 4 3 2 7 6 0
92 84 8 3 1 5 4 2 6 7 0
92 84 8 1 2 0 4 3 6 5 7
92 84 8 1 2 5 7 4 3 0 6
92 85 7 1 3 5 4 2 6 0 7
93 76 17 0 4 2 6 7 1 3 5
93 76 17 0 2 5 6 3 7 1 4
93 76 17 3 2 7 6 4 1 0 5
93 77 16 4 5 0 6 2 1 3 7
93 77 16 7 4 6 5 3 1 0 2
93 77 16 0 4 6 5 1 2 3 7
93 77 16 4 6 0 5 1 2 3 7
93 77 16 3 4 6 2 7 1 0 5
93 77 16 7 2 0 5 4 1 3 6
93 77 16 3 4 6 5 7 0 1 2
93 77 16 5 4 0 7 3 1 6 2
93 77 16 0 2 3 6 7 1 5 4
93 77 16 0 2 5 3 7 4 6 1
93 78 15 5 4 6 3 7 1 0 2
93 78 15 5 2 0 6 4 1 3 7
93 78 15 5 2 6 3 4 1 0 7
93 78 15 7 4 2 6 5 0 1 3
93 78 15 2 4 0 5 7 1 6 3
93 78 15 7 2 5 6 1 0 3 4
93 78 15 4 2 6 5 3 0 7 1
93 78 15 4 2 0 5 3 7 6 1
93 78 15 4 5 3 2 0 1 6 7
93 78 15 3 1 0 4 7 2 6 5
93 78 15 3 7 0 4 2 1 6 5
93 79 14 3 2 5 6 4 7 1 0
93 79 14 0 2 5 4 6 7 1 3
93 79 14 7 4 5 2 1 0 6 3
93 79 14 7 4 5 2 3 1 6 0
93 79 14 7 2 6 3 4 1 0 5
93 79 14 4 0 5 7 2 6 3 1
93 79 14 1 6 0 5 7 2 3 4
93 79 14 3 2 6 5 4 7 0 1
93 79 14 4 2 5 1 0 7 6 3
93 79 14 7 2 5 1 4 0 6 3
93 79 14 1 2 0 6 4 7 5 3
93 79 14 7 0 5 4 3 2 1 6
93 79 14 7 0 2 4 3 1 5 6
93 79 14 7 2 4 0 3 1 5 6
93 79 14 1 5 6 4 7 0 2 3
93 79 14 3 2 5 0 4 7 1 6
93 80 13 4 5 7 6 2 1 3 0
93 80 13 7 2 3 5 0 1 6 4
93 80 13 1 2 3 5 7 0 6 4
93 80 13 4 2 7 0 1 6 3 5
93 80 13 7 2 0 6 5 1 3 4
93 80 13 7 2 6 3 5 1 0 4
93 80 13 5 2 0 3 7 1 6 4
93 80 13 2 0 5 3 4 7 1 6
93 80 13 4 5 6 3 2 1 7 0
93 80 13 4 2 6 3 1 0 5 7
93 80 13 0 3 5 4 7 2 1 6
93 80 13 7 1 2 3 5 0 6 4
93 80 13 4 1 5 7 6 0 3 2
93 80 13 7 2 6 4 3 0 1 5
93 80 13 0 7 5 3 1 2 6 4
93 80 13 7 5 0 3 1 2 6 4
93 80 13 2 7 5 3 0 1 6 4
93 80 13 7 5 6 3 2 1 0 4
93 80 13 2 0 1 4 7 6 5 3
93 80 13 2 1 4 0 7 6 5 3
93 80 13 2 0 1 7 4 6 5 3
93 80 13 2 1 7 0 4 6 5 3
93 80 13 4 2 5 0 3 1 7 6
93 80 13 0 1 2 7 4 6 5 3
93 80 13 1 2 4 7 0 6 3 5
93 80 13 3 2 0 7 1 6 5 4
93 80 13 7 1 5 2 0 4 6 3
93 80 13 4 2 6 3 0 1 7 5
93 80 13 0 2 6 3 5 1 7 4
93 81 12 3 2 4 6 7 1 5 0
93 81 12 2 0 3 7 4 1 6 5
93 81 12 1 2 3 7 4 0 6 5
93 81 12 0 2 5 7 4 3 1 6
93 81 12 7 1 2 4 3 0 6 5
93 81 12 7 2 4 5 3 1 6 0
93 81 12 3 2 6 4 0 7 1 5
93 81 12 2 7 5 4 3 1 6 0
93 81 12 7 5 6 4 2 1 3 0
93 81 12 1 4 0 5 7 2 6 3
93 81 12 1 2 7 4 0 6 5 3
93 81 12 1 2 7 5 4 6 0 3
93 81 12 0 2 5 4 1 6 7 3
93 81 12 4 2 5 3 6 0 7 1
93 81 12 3 4 0 7 1 2 5 6
93 82 11 4 1 3 7 2 6 0 5
93 82 11 4 3 0 7 2 1 6 5
93 82 11 4 1 3 7 2 0 6 5
93 82 11 2 0 5 3 1 6 7 4
93 82 11 3 1 2 7 4 0 5 6
93 82 11 7 1 2 5 3 4 6 0
93 82 11 3 1 2 5 7 4 0 6
93 82 11 3 1 2 5 0 4 6 7
93 82 11 4 0 2 3 5 1 6 7
93 82 11 1 7 2 4 3 0 6 5
93 82 11 1 2 4 3 0 7 6 5
93 82 11 1 0 5 3 2 6 4 7
93 82 11 1 5 0 7 4 2 3 6
93 83 10 4 1 2 7 5 6 3 0
93 83 10 0 1 2 4 5 6 3 7
93 83 10 4 1 2 3 5 6 0 7
93 83 10 5 1 2 4 3 7 6 0
93 83 10 3 1 4 7 2 0 6 5
93 83 10 2 1 6 4 5 0 3 7
93 83 10 1 2 0 4 7 3 6 5
93 83 10 1 7 5 4 3 2 6 0
93 83 10 3 2 5 7 1 0 4 6
93 83 10 1 5 6 0 2 4 3 7
93 84 9 7 1 2 4 5 6 0 3
93 84 9 1 2 3 0 7 6 4 5
93 84 9 3 1 5 4 2 7 0 6
93 84 9 3 1 5 0 2 7 6 4
93 85 8 7 2 3 4 1 6 0 5
93 85 8 1 4 5 3 2 6 7 0
93 85 8 1 3 5 4 0 2 6 7
93 86 7 1 2 3 0 5 7 6 4
93 90 3 1 3 5 7 2 6 4 0
94 77 17 4 5 7 6 1 2 0 3
94 78 16 3 4 2 6 7 0 1 5
94 78 16 7 4 0 6 5 1 2 3
94 78 16 7 0 5 6 2 1 3 4
94 78 16 7 2 5 0 6 1 3 4
94 78 16 2 4 6 5 0 1 3 7
94 78 16 5 4 6 0 2 1 3 7
94 78 16 7 4 0 6 2 1 5 3
94 78 16 4 2 5 7 3 0 6 1
94 78 16 0 2 6 5 1 7 3 4
94 78 16 4 5 3 6 2 1 0 7
94 78 16 0 5 4 1 7 2 6 3
94 78 16 1 5 4 6 7 2 0 3
94 78 16 4 2 0 7 5 1 6 3
94 79 15 4 2 6 7 1 3 0 5
94 79 15 2 0 6 7 4 1 3 5
94 79 15 1 2 6 7 4 0 3 5
94 79 15 2 1 5 6 7 0 3 4
94 79 15 2 0 5 6 4 7 1 3
94 79 15 6 2 5 0 4 7 1 3
94 79 15 4 2 0 5 6 7 1 3
94 79 15 4 2 5 1 6 7 0 3
94 79 15 7 0 5 2 4 1 6 3
94 79 15 7 0 2 3 4 1 6 5
94 79 15 4 2 5 7 6 0 3 1
94 79 15 6 2 5 7 1 0 3 4
94 79 15 3 2 6 0 4 7 1 5
94 79 15 3 2 0 5 4 7 1 6
94 79 15 7 2 5 6 1 4 0 3
94 79 15 4 1 5 2 0 6 3 7
94 79 15 3 2 6 0 7 1 5 4
94 79 15 6 2 5 4 1 0 3 7
94 79 15 0 1 5 4 3 7 6 2
94 79 15 0 4 2 3 5 7 6 1
94 80 14 4 1 6 7 2 0 3 5
94 80 14 4 2 1 5 3 7 0 6
94 80 14 7 2 6 4 0 1 5 3
94 80 14 1 2 6 4 7 0 5 3
94 80 14 2 0 3 5 7 1 6 4
94 80 14 5 2 6 3 7 0 1 4
94 80 14 6 2 5 3 4 7 1 0
94 80 14 3 5 0 4 7 2 1 6
94 80 14 0 1 2 3 4 7 6 5
94 80 14 0 1 5 2 7 4 6 3
94 80 14 0 2 4 1 7 6 3 5
94 81 13 7 1 6 5 2 0 3 4
94 81 13 3 4 6 5 2 7 1 0
94 81 13 0 4 5 3 2 7 1 6
94 81 13 4 7 5 3 2 0 1 6
94 81 13 3 1 2 4 7 0 5 6
94 81 13 4 0 3 7 1 2 6 5
94 81 13 4 2 5 7 6 3 1 0
94 81 13 4 0 5 7 2 3 1 6
94 81 13 0 4 5 7 3 2 1 6
94 81 13 7 5 4 0 1 2 6 3
94 81 13 4 7 0 5 2 1 6 3
94 81 13 4 2 0 5 1 6 7 3
94 81 13 0 2 5 3 4 6 7 1
94 81 13 4 1 5 7 3 0 2 6
94 81 13 0 2 3 4 7 6 5 1
94 82 12 5 2 6 3 4 7 1 0
94 82 12 4 2 3 7 6 1 5 0
94 82 12 4 1 2 3 7 5 0 6
94 82 12 0 4 3 7 2 1 6 5
94 82 12 4 2 6 5 3 1 7 0
94 82 12 7 3 2 4 0 1 6 5
94 82 12 5 3 2 4 7 1 6 0
94 82 12 1 3 2 4 7 0 6 5
94 82 12 2 1 0 5 4 7 6 3
94 82 12 3 0 1 5 4 7 6 2
94 82 12 3 1 6 5 4 7 0 2
94 82 12 0 3 2 7 4 1 5 6
94 82 12 4 2 3 1 0 6 5 7
94 82 12 4 2 3 5 1 6 0 7
94 82 12 1 2 4 6 3 7 0 5
94 82 12 0 2 5 3 1 6 4 7
94 82 12 1 2 5 0 3 6 4 7
94 82 12 1 7 0 4 2 6 5 3
94 82 12 1 5 6 0 4 2 3 7
94 82 12 1 5 6 7 0 2 3 4
94 82 12 1 0 3 4 2 7 6 5
94 82 12 1 2 3 0 4 7 6 5
94 83 11 3 2 5 1 7 4 6 0
94 83 11 1 2 5 6 7 4 3 0
94 83 11 3 4 5 6 2 1 7 0
94 83 11 7 1 2 4 0 6 3 5
94 83 11 5 1 2 4 7 6 3 0
94 83 11 4 1 0 2 5 6 3 7
94 83 11 0 3 4 7 2 1 6 5
94 83 11 2 6 0 4 5 1 3 7
94 83 11 7 2 6 4 5 1 0 3
94 83 11 3 0 5 7 4 2 6 1
94 83 11 1 0 2 7 3 4 5 6
94 83 11 1 0 2 3 4 6 5 7
94 83 11 1 5 6 3 4 2 0 7
94 83 11 1 7 5 0 4 2 6 3
94 83 11 1 2 5 3 4 0 7 6
94 83 11 1 4 0 5 2 6 3 7
94 83 11 3 2 0 7 1 4 5 6
94 83 11 3 1 5 6 2 4 0 7
94 83 11 1 5 6 7 0 4 3 2
94 84 10 1 4 2 3 7 6 0 5
94 84 10 3 4 6 7 2 1 5 0
94 84 10 2 4 5 7 1 6 3 0
94 84 10 1 2 5 0 4 3 6 7
94 84 10 3 1 0 7 2 6 5 4
94 85 9 1 4 2 6 5 7 3 0
94 85 9 5 2 3 4 1 0 6 7
94 85 9 3 0 5 7 2 4 6 1
94 85 9 1 7 5 3 2 6 0 4
94 85 9 7 3 5 4 2 1 0 6
94 85 9 1 0 5 4 2 3 6 7
94 85 9 1 2 0 4 6 3 5 7
94 86 8 2 1 3 4 7 6 0 5
94 86 8 1 5 0 7 2 3 6 4
94 86 8 4 3 5 7 2 1 0 6
94 86 8 7 1 5 3 2 4 0 6
94 87 7 2 3 5 7 4 1 6 0
94 89 5 1 2 6 4 5 3 7 0
95 78 17 0 4 1 5 7 6 2 3
95 78 17 3 4 0 6 7 1 2 5
95 78 17 0 4 5 2 7 1 6 3
95 79 16 4 0 6 7 1 2 3 5
95 79 16 2 5 0 6 7 1 3 4
95 79 16 0 1 6 5 7 2 3 4
95 79 16 3 2 6 5 0 7 1 4
95 80 15 0 4 6 7 2 1 3 5
95 80 15 4 6 0 7 2 1 3 5
95 80 15 6 2 5 7 0 1 3 4
95 80 15 0 4 5 6 2 7 1 3
95 80 15 4 7 5 6 2 0 1 3
95 80 15 2 0 6 4 7 1 5 3
95 80 15 4 5 7 6 2 0 1 3
95 80 15 4 0 2 7 1 6 3 5
95 80 15 2 6 0 5 4 7 1 3
95 80 15 2 7 6 5 4 0 1 3
95 80 15 7 2 5 0 4 6 3 1
95 80 15 6 2 5 7 4 0 3 1
95 80 15 4 5 6 3 2 0 1 7
95 80 15 0 2 6 3 4 1 5 7
95 80 15 4 0 3 6 7 2 1 5
95 80 15 4 0 2 3 1 7 6 5
95 80 15 2 1 5 6 7 4 0 3
95 80 15 4 0 5 7 1 6 3 2
95 80 15 4 2 5 6 0 1 7 3
95 80 15 4 2 0 6 3 1 7 5
95 80 15 0 2 4 3 7 6 5 1
95 81 14 4 1 2 6 7 5 0 3
95 81 14 7 6 0 5 2 1 3 4
95 81 14 4 6 5 0 2 7 1 3
95 81 14 4 6 1 5 2 7 0 3
95 81 14 4 7 6 5 2 1 0 3
95 81 14 4 5 0 3 2 7 1 6
95 81 14 0 3 2 4 7 1 5 6
95 81 14 4 5 0 7 3 2 1 6
95 81 14 0 7 2 4 3 1 6 5
95 81 14 7 2 4 3 0 1 6 5
95 81 14 2 5 7 0 3 1 6 4
95 81 14 2 5 6 7 3 1 0 4
95 81 14 4 7 5 0 1 2 6 3
95 81 14 7 5 6 4 1 2 0 3
95 81 14 2 7 5 0 4 1 6 3
95 81 14 7 5 6 4 2 0 1 3
95 81 14 3 2 4 5 7 1 0 6
95 81 14 3 2 4 5 0 1 6 7
95 81 14 1 2 6 5 7 0 4 3
95 81 14 4 2 5 1 0 6 7 3
95 81 14 4 2 5 0 3 6 7 1
95 81 14 4 1 0 7 3 2 5 6
95 82 13 0 2 3 7 4 1 5 6
95 82 13 4 1 2 3 0 7 5 6
95 82 13 7 2 5 0 4 1 3 6
95 82 13 3 1 2 5 7 0 6 4
95 82 13 3 1 2 0 7 4 6 5
95 82 13 3 1 0 5 7 4 6 2
95 82 13 3 1 5 6 4 2 0 7
95 82 13 7 2 0 4 5 1 6 3
95 82 13 0 5 7 3 2 4 6 1
95 83 12 5 2 4 3 7 1 6 0
95 83 12 1 2 4 3 7 0 6 5
95 83 12 2 0 5 1 7 4 6 3
95 83 12 1 4 5 7 3 0 6 2
95 83 12 4 2 6 3 0 5 1 7
95 83 12 7 4 5 3 2 0 1 6
95 83 12 3 4 0 5 1 2 6 7
95 83 12 1 2 7 0 3 4 5 6
95 83 12 4 1 2 0 5 7 3 6
95 83 12 2 5 7 3 4 1 0 6
95 83 12 1 2 0 3 4 7 5 6
95 83 12 1 2 3 7 0 6 5 4
95 83 12 3 1 5 2 0 4 6 7
95 84 11 3 2 4 7 5 1 6 0
95 84 11 4 1 3 2 7 6 0 5
95 84 11 4 1 7 3 2 6 5 0
95 84 11 1 4 2 0 5 6 3 7
95 84 11 7 1 2 5 4 6 3 0
95 84 11 1 0 4 2 5 7 6 3
95 84 11 1 2 5 7 0 6 4 3
95 84 11 1 0 2 3 7 6 4 5
95 84 11 0 3 2 5 1 4 6 7
95 84 11 3 2 0 5 1 4 6 7
95 84 11 4 2 6 3 5 0 7 1
95 84 11 4 2 0 3 5 7 6 1
95 84 11 1 4 5 7 6 0 3 2
95 84 11 1 0 5 7 4 6 3 2
95 84 11 3 0 2 4 1 6 5 7
95 84 11 3 2 4 0 1 6 5 7
95 84 11 2 1 5 7 3 0 4 6
95 85 10 1 2 5 6 3 7 4 0
95 85 10 1 5 6 4 2 7 3 0
95 85 10 1 5 6 7 0 4 2 3
95 85 10 3 2 5 7 4 0 6 1
95 85 10 1 7 5 3 0 2 6 4
95 85 10 7 1 5 3 4 2 0 6
95 86 9 1 4 3 7 2 6 0 5
95 86 9 2 1 5 3 4 6 7 0
95 86 9 2 1 3 4 0 7 6 5
95 86 9 1 5 3 0 2 7 6 4
95 86 9 1 5 0 7 2 6 3 4
95 86 9 1 6 5 7 2 0 3 4
95 86 9 3 0 1 7 2 4 6 5
95 86 9 3 1 7 0 2 4 6 5
95 86 9 3 1 6 7 2 4 0 5
95 86 9 1 2 5 4 7 3 6 0
95 86 9 0 1 5 7 2 3 6 4
95 86 9 6 3 5 7 4 2 1 0
95 87 8 1 0 5 7 3 4 6 2
95 88 7 3 5 4 7 2 1 6 0
95 88 7 1 2 3 4 6 0 5 7
95 91 4 1 3 5 7 4 2 6 0
96 78 18 4 6 1 5 7 0 2 3
96 78 18 2 4 5 6 7 1 0 3
96 80 16 6 2 5 3 7 1 0 4
96 80 16 4 5 0 6 2 7 1 3
96 80 16 4 0 2 5 3 7 1 6
96 80 16 4 5 0 6 2 1 7 3
96 80 16 5 0 2 6 7 1 3 4
96 80 16 4 2 6 0 3 1 5 7
96 80 16 7 5 4 6 2 1 0 3
96 80 16 0 2 5 6 3 1 7 4
96 81 15 5 2 6 0 3 7 1 4
96 81 15 4 5 7 2 1 0 6 3
96 81 15 4 5 7 2 3 1 6 0
96 81 15 4 1 2 5 0 7 3 6
96 81 15 4 1 2 5 7 3 0 6
96 81 15 4 1 2 6 0 7 5 3
96 81 15 7 2 6 5 1 3 0 4
96 81 15 7 0 6 5 1 2 3 4
96 81 15 0 7 6 5 2 1 3 4
96 81 15 0 2 4 3 7 1 5 6
96 81 15 3 2 4 7 0 1 5 6
96 81 15 0 2 6 3 4 7 1 5
96 81 15 7 2 4 6 3 1 0 5
96 81 15 3 0 6 4 7 2 1 5
96 81 15 0 4 5 1 7 2 6 3
96 81 15 1 4 5 6 7 2 0 3
96 81 15 0 5 7 3 4 2 6 1
96 82 14 7 2 6 5 0 4 1 3
96 82 14 7 0 6 5 4 2 1 3
96 82 14 4 2 3 7 1 0 5 6
96 82 14 4 0 3 7 2 1 5 6
96 82 14 7 4 6 5 2 0 1 3
96 82 14 4 0 1 7 2 6 3 5
96 82 14 4 1 7 0 2 6 3 5
96 82 14 0 2 7 4 1 6 5 3
96 82 14 0 1 5 2 4 7 6 3
96 82 14 3 1 0 2 4 7 6 5
96 82 14 7 1 2 0 5 4 6 3
96 82 14 0 2 4 1 3 7 6 5
96 83 13 7 4 5 3 0 2 1 6
96 83 13 2 0 4 3 7 1 6 5
96 83 13 3 4 5 6 2 0 1 7
96 83 13 2 5 3 7 0 1 6 4
96 83 13 3 2 7 6 4 1 5 0
96 83 13 3 2 7 5 4 1 0 6
96 83 13 4 0 5 7 3 1 6 2
96 83 13 7 1 5 0 3 2 6 4
96 83 13 5 1 2 4 7 0 6 3
96 83 13 1 4 0 2 3 7 6 5
96 83 13 1 4 0 2 7 6 3 5
96 83 13 5 1 2 3 4 7 0 6
96 83 13 7 2 0 4 5 1 3 6
96 83 13 4 0 6 3 5 2 1 7
96 83 13 3 4 5 1 0 2 6 7
96 83 13 0 2 6 4 1 7 3 5
96 83 13 0 2 3 1 7 6 5 4
96 84 12 1 0 2 3 7 4 6 5
96 84 12 7 1 2 4 0 5 6 3
96 84 12 7 0 2 4 5 1 6 3
96 84 12 1 4 6 2 5 7 0 3
96 84 12 5 2 6 4 1 0 3 7
96 84 12 1 2 6 5 3 7 0 4
96 84 12 3 4 2 7 5 1 0 6
96 84 12 3 1 5 4 0 7 6 2
96 84 12 3 1 0 4 2 6 5 7
96 84 12 2 1 0 7 3 4 5 6
96 84 12 3 1 5 0 7 4 6 2
96 85 11 5 1 2 3 7 4 6 0
96 85 11 4 1 6 2 5 7 3 0
96 85 11 1 4 2 6 5 0 7 3
96 85 11 3 7 2 5 1 4 6 0
96 85 11 1 2 5 6 3 0 7 4
96 85 11 2 0 5 3 1 4 6 7
96 85 11 3 0 1 7 4 2 6 5
96 85 11 3 1 7 0 4 2 6 5
96 85 11 3 1 6 7 4 2 0 5
96 85 11 3 1 2 5 4 6 0 7
96 85 11 1 0 2 5 3 4 6 7
96 85 11 5 2 3 4 7 0 1 6
96 85 11 1 3 0 4 7 2 6 5
96 85 11 1 4 5 7 3 0 2 6
96 86 10 4 2 3 0 5 7 1 6
96 86 10 4 2 1 3 5 7 0 6
96 86 10 1 5 7 4 3 2 6 0
96 86 10 3 1 2 7 0 4 6 5
96 86 10 3 4 5 7 6 2 1 0
96 86 10 3 2 5 7 6 4 0 1
96 86 10 4 3 5 7 0 2 1 6
96 86 10 1 5 6 7 0 2 4 3
96 86 10 1 0 6 7 2 5 4 3
96 86 10 4 5 3 7 2 1 0 6
96 87 9 1 2 5 6 3 4 7 0
96 87 9 4 1 5 3 2 7 6 0
96 87 9 3 5 1 7 4 2 0 6
96 87 9 2 3 5 7 1 0 6 4
96 88 8 3 5 7 1 2 4 6 0
96 88 8 1 5 7 6 2 4 3 0
96 88 8 7 1 5 3 2 6 4 0
96 88 8 0 3 5 7 1 4 6 2
96 88 8 1 2 6 4 5 7 0 3
96 88 8 3 1 5 7 0 2 4 6
96 88 8 3 0 5 7 2 1 4 6
96 89 7 1 2 0 4 5 3 6 7
96 91 5 1 2 3 4 5 0 7 6
97 80 17 6 2 0 5 7 1 3 4
97 80 17 7 5 4 2 0 1 6 3
97 81 16 2 0 6 5 3 7 1 4
97 81 16 2 4 6 5 0 7 1 3
97 81 16 5 4 6 0 2 7 1 3
97 81 16 4 7 6 5 0 2 1 3
97 81 16 4 2 5 6 1 7 0 3
97 81 16 5 4 2 0 7 1 3 6
97 81 16 5 4 2 6 0 1 3 7
97 81 16 0 2 4 7 3 1 6 5
97 81 16 4 7 5 6 2 1 0 3
97 81 16 0 2 7 1 4 6 5 3
97 81 16 4 0 5 3 2 6 7 1
97 82 15 0 2 6 7 4 1 5 3
97 82 15 7 4 2 5 0 1 3 6
97 82 15 7 4 5 6 0 2 1 3
97 82 15 3 4 5 6 7 2 1 0
97 82 15 5 2 6 7 1 0 3 4
97 82 15 5 0 6 7 2 1 3 4
97 82 15 2 1 6 5 0 7 3 4
97 82 15 2 1 6 5 7 3 0 4
97 82 15 5 1 4 2 7 0 6 3
97 82 15 4 2 5 1 3 7 0 6
97 82 15 7 4 6 5 3 2 1 0
97 82 15 3 4 6 5 7 2 0 1
97 82 15 3 4 6 5 0 2 1 7
97 82 15 4 2 6 5 3 0 1 7
97 82 15 4 3 2 0 7 1 6 5
97 82 15 2 1 5 6 4 7 0 3
97 82 15 3 0 2 5 1 7 6 4
97 82 15 6 2 5 3 1 0 7 4
97 83 14 2 6 3 5 7 1 0 4
97 83 14 7 2 6 3 0 1 5 4
97 83 14 1 2 6 3 7 0 5 4
97 83 14 4 6 5 3 7 2 1 0
97 83 14 3 4 5 0 7 2 1 6
97 83 14 4 1 2 5 3 0 6 7
97 83 14 4 2 5 6 0 3 1 7
97 83 14 0 3 2 5 7 1 6 4
97 83 14 1 2 5 6 7 0 4 3
97 83 14 1 2 0 6 7 4 5 3
97 83 14 4 1 0 5 3 2 6 7
97 83 14 0 1 5 4 3 2 6 7
97 83 14 1 4 2 6 3 7 0 5
97 83 14 7 4 0 3 2 1 5 6
97 83 14 2 5 7 3 0 1 6 4
97 83 14 0 4 5 1 2 6 3 7
97 83 14 1 4 5 2 0 6 3 7
97 83 14 0 5 6 7 2 4 3 1
97 84 13 7 2 5 6 3 1 4 0
97 84 13 3 2 6 5 7 1 4 0
97 84 13 3 2 4 7 1 0 6 5
97 84 13 3 4 5 2 1 0 6 7
97 84 13 2 5 6 3 7 1 4 0
97 84 13 3 2 5 0 7 1 4 6
97 84 13 1 4 2 5 3 0 7 6
97 84 13 0 4 1 7 2 6 5 3
97 84 13 4 1 7 5 2 6 0 3
97 84 13 1 4 2 5 6 0 3 7
97 84 13 7 1 0 5 4 6 2 3
97 84 13 3 4 6 7 2 0 1 5
97 84 13 7 2 6 5 1 4 0 3
97 84 13 0 4 2 3 1 6 5 7
97 84 13 7 4 2 3 5 0 1 6
97 84 13 1 2 0 5 7 6 4 3
97 84 13 2 5 4 3 7 1 0 6
97 84 13 2 5 4 3 0 1 6 7
97 84 13 0 4 5 7 1 6 3 2
97 84 13 1 2 0 7 4 3 6 5
97 85 12 1 0 2 5 4 6 3 7
97 85 12 5 1 2 7 0 4 6 3
97 85 12 4 1 2 6 5 0 3 7
97 85 12 3 2 6 5 4 1 7 0
97 85 12 1 2 0 6 3 7 5 4
97 85 12 1 5 6 4 2 0 7 3
97 85 12 1 2 6 5 3 4 0 7
97 85 12 1 0 6 7 4 5 2 3
97 85 12 4 1 5 0 2 6 7 3
97 85 12 4 1 5 3 0 6 7 2
97 85 12 7 0 3 4 1 2 6 5
97 85 12 0 1 3 4 7 2 6 5
97 85 12 3 2 5 1 0 4 6 7
97 85 12 1 4 0 3 2 6 5 7
97 85 12 7 3 5 4 0 1 6 2
97 85 12 1 4 0 7 3 2 5 6
97 86 11 1 4 2 3 5 0 6 7
97 86 11 3 4 2 5 1 6 7 0
97 86 11 3 1 2 4 7 6 5 0
97 86 11 1 6 2 4 7 5 0 3
97 86 11 1 2 6 3 4 7 0 5
97 86 11 1 0 4 7 2 6 3 5
97 86 11 4 1 3 5 7 6 2 0
97 86 11 7 3 2 5 4 1 6 0
97 86 11 1 3 2 5 4 0 6 7
97 86 11 3 1 2 7 4 6 0 5
97 86 11 1 5 6 3 2 7 0 4
97 86 11 2 5 7 0 1 4 6 3
97 86 11 2 5 6 7 1 4 0 3
97 86 11 7 3 5 0 4 2 1 6
97 86 11 2 3 5 7 4 0 1 6
97 86 11 4 3 5 7 0 1 6 2
97 86 11 7 1 5 3 0 4 6 2
97 86 11 0 2 3 4 5 7 6 1
97 87 10 4 2 7 3 5 1 6 0
97 87 10 1 2 4 7 3 6 5 0
97 87 10 1 4 5 3 7 6 2 0
97 87 10 3 5 7 1 4 2 6 0
97 87 10 1 5 7 6 4 2 3 0
97 87 10 5 3 2 7 4 1 6 0
97 87 10 7 3 5 4 1 2 6 0
97 87 10 1 2 5 7 6 3 0 4
97 87 10 1 0 5 7 6 2 3 4
97 87 10 3 2 6 4 5 7 0 1
97 87 10 3 5 7 4 2 1 0 6
97 88 9 4 2 5 3 6 1 7 0
97 88 9 1 2 3 5 4 6 0 7
97 88 9 1 5 7 4 2 6 0 3
97 88 9 1 4 7 3 2 6 5 0
97 88 9 4 3 5 7 1 2 6 0
97 88 9 1 4 2 3 5 0 7 6
97 88 9 3 5 0 7 1 4 6 2
97 88 9 1 2 4 0 5 7 6 3
97 88 9 4 2 3 0 5 1 7 6
97 89 8 2 5 3 7 4 1 6 0
97 89 8 1 2 7 5 3 4 6 0
97 89 8 1 5 4 7 2 0 6 3
97 89 8 1 5 3 4 7 2 6 0
97 89 8 1 2 3 7 4 6 5 0
97 89 8 2 1 5 7 4 3 6 0
97 89 8 3 5 6 7 2 1 4 0
97 89 8 1 2 0 3 5 7 6 4
97 89 8 3 1 5 7 0 4 2 6
97 89 8 3 1 5 7 4 6 0 2
97 90 7 1 2 3 4 7 5 0 6
97 90 7 1 5 3 0 2 4 6 7
97 90 7 6 3 5 7 2 4 1 0
97 92 5 1 5 3 7 4 2 6 0
97 92 5 1 5 3 7 2 4 0 6
98 80 18 4 0 6 3 2 1 5 7
98 81 17 4 0 7 2 5 1 6 3
98 81 17 4 2 5 0 7 3 1 6
98 81 17 4 7 5 2 0 1 6 3
98 82 16 4 2 6 7 1 0 5 3
98 82 16 4 0 6 7 2 1 5 3
98 82 16 1 4 2 5 7 0 3 6
98 82 16 6 4 5 0 7 2 1 3
98 82 16 5 2 0 6 4 7 1 3
98 82 16 3 4 0 5 7 2 1 6
98 82 16 4 2 7 1 0 6 5 3
98 82 16 4 2 7 5 1 6 0 3
98 82 16 3 1 2 6 4 7 0 5
98 82 16 0 5 6 7 4 2 3 1
98 83 15 5 4 6 2 7 1 3 0
98 83 15 2 0 6 3 7 1 5 4
98 83 15 4 6 5 7 0 2 1 3
98 83 15 4 6 1 5 7 2 3 0
98 83 15 6 4 5 3 7 2 1 0
98 83 15 0 4 2 7 1 6 5 3
98 83 15 7 0 2 5 3 1 6 4
98 83 15 7 2 6 5 3 1 0 4
98 83 15 4 0 2 6 3 1 5 7
98 83 15 3 4 0 6 2 1 5 7
98 83 15 2 5 3 6 7 1 0 4
98 83 15 3 2 7 4 0 1 5 6
98 83 15 5 0 2 4 1 7 6 3
98 83 15 1 4 2 7 0 6 3 5
98 83 15 5 1 0 3 4 7 6 2
98 83 15 3 4 5 6 1 2 0 7
98 83 15 3 4 5 0 7 2 6 1
98 83 15 4 1 2 6 0 7 3 5
98 83 15 4 1 0 6 5 7 3 2
98 83 15 0 1 2 6 5 7 3 4
98 83 15 1 0 6 4 2 7 3 5
98 83 15 1 2 6 0 4 7 3 5
98 83 15 0 5 7 3 4 1 6 2
98 84 14 7 2 5 6 0 4 1 3
98 84 14 7 0 5 6 4 2 1 3
98 84 14 3 2 4 6 7 0 1 5
98 84 14 3 0 5 2 4 1 6 7
98 84 14 7 4 2 3 1 0 6 5
98 84 14 1 4 0 5 3 7 2 6
98 84 14 4 6 1 7 2 0 5 3
98 84 14 0 1 7 4 2 6 5 3
98 84 14 2 5 6 4 0 1 3 7
98 84 14 4 6 2 3 1 0 5 7
98 84 14 7 4 0 3 5 1 2 6
98 84 14 2 5 0 7 4 1 3 6
98 84 14 2 4 0 7 1 6 5 3
98 84 14 3 4 0 7 5 1 6 2
98 84 14 0 5 4 1 2 7 6 3
98 84 14 1 5 4 6 2 7 0 3
98 84 14 3 1 0 4 2 7 6 5
98 84 14 0 2 5 7 4 3 6 1
98 85 13 4 2 7 6 3 1 5 0
98 85 13 7 2 5 1 0 6 3 4
98 85 13 4 2 5 1 7 6 3 0
98 85 13 4 1 2 5 6 3 0 7
98 85 13 4 1 6 2 5 0 7 3
98 85 13 1 4 0 6 5 7 2 3
98 85 13 4 1 2 6 0 5 7 3
98 85 13 4 0 2 6 5 1 7 3
98 85 13 2 4 5 7 3 0 1 6
98 85 13 0 1 2 3 7 6 5 4
98 85 13 1 6 2 3 7 0 5 4
98 85 13 3 2 7 5 0 1 6 4
98 85 13 7 1 5 4 0 6 3 2
98 86 12 4 1 2 6 3 7 5 0
98 86 12 1 4 5 0 3 7 6 2
98 86 12 5 2 7 4 3 1 6 0
98 86 12 1 2 7 4 3 0 6 5
98 86 12 3 0 4 7 1 2 6 5
98 86 12 7 2 6 4 1 3 0 5
98 86 12 2 5 6 7 0 4 1 3
98 86 12 7 1 2 4 0 6 5 3
98 86 12 1 6 2 4 0 7 5 3
98 86 12 4 0 2 3 5 7 1 6
98 86 12 1 0 2 3 4 7 6 5
98 86 12 1 4 7 0 2 6 3 5
98 86 12 2 1 0 3 4 6 5 7
98 86 12 2 1 0 5 3 4 6 7
98 86 12 7 4 5 3 1 2 0 6
98 86 12 0 2 5 4 1 3 6 7
98 86 12 3 2 5 0 6 4 1 7
98 86 12 0 5 3 7 2 1 6 4
98 87 11 1 4 3 5 7 6 0 2
98 87 11 4 2 5 6 1 3 7 0
98 87 11 2 0 5 7 4 1 3 6
98 87 11 1 2 5 7 4 0 3 6
98 87 11 1 3 2 7 4 0 6 5
98 87 11 7 1 4 5 2 0 6 3
98 87 11 2 3 5 4 1 0 6 7
98 87 11 2 3 5 4 7 1 6 0
98 87 11 4 3 0 5 2 1 6 7
98 87 11 4 1 2 3 0 5 7 6
98 87 11 4 0 2 3 5 1 7 6
98 87 11 1 6 4 7 2 0 5 3
98 87 11 1 5 7 0 3 2 6 4
98 87 11 1 5 6 7 3 2 0 4
98 87 11 3 5 7 0 4 2 1 6
98 88 10 3 4 2 6 5 1 7 0
98 88 10 1 2 5 4 0 7 3 6
98 88 10 1 2 5 4 7 3 0 6
98 88 10 4 1 5 7 2 0 3 6
98 88 10 1 0 7 4 2 5 6 3
98 88 10 5 0 7 1 2 4 6 3
98 88 10 7 3 0 5 2 1 6 4
98 89 9 2 1 5 4 3 6 0 7
98 89 9 1 5 4 7 3 2 6 0
98 89 9 3 1 2 4 5 0 7 6
98 89 9 1 2 4 3 6 0 5 7
98 89 9 1 2 5 3 6 0 7 4
98 89 9 3 0 1 7 2 4 5 6
98 89 9 3 1 7 0 2 4 5 6
98 89 9 1 5 7 3 2 0 4 6
98 89 9 1 5 0 3 2 4 7 6
98 89 9 1 2 5 0 3 6 7 4
98 89 9 1 2 5 4 0 6 7 3
98 89 9 1 2 0 4 3 6 7 5
98 89 9 3 1 5 0 2 6 4 7
98 90 8 1 2 3 4 0 7 5 6
98 90 8 4 1 3 2 5 7 6 0
98 90 8 1 7 2 4 5 6 0 3
98 90 8 4 2 3 5 1 6 7 0
98 90 8 1 3 5 7 4 0 6 2
98 90 8 2 3 5 7 0 4 1 6
98 90 8 1 3 0 7 2 6 5 4
98 91 7 3 5 1 7 2 4 0 6
98 92 6 1 0 5 7 2 4 3 6
98 92 6 1 3 5 4 2 6 7 0
99 81 18 7 2 6 5 3 0 1 4
99 81 18 4 0 6 3 2 7 1 5
99 81 18 0 2 4 5 7 1 6 3
99 82 17 6 4 2 5 7 1 3 0
99 82 17 5 2 6 1 4 7 0 3
99 82 17 3 4 6 0 7 2 1 5
99 83 16 2 6 5 0 7 1 3 4
99 83 16 4 6 2 7 1 0 5 3
99 83 16 4 0 5 6 3 2 1 7
99 83 16 0 5 3 2 7 1 6 4
99 83 16 6 1 2 4 7 0 3 5
99 83 16 0 2 7 3 4 1 5 6
99 83 16 4 1 5 6 3 2 0 7
99 83 16 0 4 2 1 3 7 6 5
99 83 16 0 4 2 1 7 6 3 5
99 84 15 4 5 3 0 7 2 1 6
99 84 15 4 5 1 3 7 2 0 6
99 84 15 7 4 2 3 0 1 5 6
99 84 15 1 4 2 3 7 0 5 6
99 84 15 7 2 5 6 3 0 1 4
99 84 15 7 2 0 6 3 1 5 4
99 84 15 3 2 0 6 7 1 4 5
99 84 15 2 5 6 3 7 0 1 4
99 84 15 4 0 1 2 7 6 3 5
99 84 15 3 2 5 6 0 1 4 7
99 84 15 0 4 2 5 1 6 3 7
99 84 15 0 4 7 3 2 1 6 5
99 84 15 2 5 6 0 4 1 3 7
99 84 15 2 5 6 7 0 1 3 4
99 84 15 1 4 5 0 7 6 3 2
99 84 15 1 5 4 2 0 7 6 3
99 85 14 5 4 6 3 7 2 1 0
99 85 14 2 0 5 1 7 6 3 4
99 85 14 5 1 2 0 4 6 3 7
99 85 14 4 1 6 2 3 7 0 5
99 85 14 5 1 0 2 7 4 6 3
99 85 14 0 4 2 6 5 1 3 7
99 85 14 5 7 2 0 1 4 6 3
99 85 14 3 2 6 5 4 0 1 7
99 85 14 4 1 0 3 2 6 7 5
99 85 14 0 1 5 3 2 6 7 4
99 85 14 5 0 3 4 2 1 6 7
99 85 14 5 2 3 0 4 1 6 7
99 85 14 3 2 5 6 1 4 0 7
99 85 14 3 2 5 0 7 4 6 1
99 85 14 7 3 0 4 2 1 6 5
99 86 13 4 1 2 6 3 0 7 5
99 86 13 1 0 4 5 3 7 6 2
99 86 13 2 0 7 4 3 1 6 5
99 86 13 7 4 5 3 1 0 6 2
99 86 13 3 4 7 0 1 2 6 5
99 86 13 3 4 6 7 1 2 0 5
99 86 13 1 6 0 4 7 2 3 5
99 86 13 1 2 4 5 7 0 6 3
99 86 13 7 2 5 4 6 0 3 1
99 86 13 4 3 2 5 0 1 6 7
99 86 13 5 3 2 0 4 1 6 7
99 86 13 4 5 7 3 2 0 1 6
99 86 13 1 0 7 4 5 2 6 3
99 86 13 4 1 5 3 7 2 0 6
99 86 13 4 5 3 7 0 1 6 2
99 86 13 7 1 0 3 2 4 6 5
99 87 12 3 4 2 1 5 7 6 0
99 87 12 3 2 5 1 0 7 6 4
99 87 12 7 0 4 3 5 1 6 2
99 87 12 7 4 3 0 5 1 6 2
99 87 12 2 5 4 7 1 0 6 3
99 87 12 2 5 4 7 3 1 6 0
99 87 12 2 0 6 3 5 7 1 4
99 87 12 2 1 6 4 0 7 3 5
99 87 12 2 1 6 4 7 3 0 5
99 87 12 3 0 4 2 5 1 6 7
99 87 12 1 4 5 7 0 6 2 3
99 87 12 1 2 5 6 3 0 4 7
99 87 12 1 2 0 6 3 4 5 7
99 87 12 5 0 7 1 4 2 6 3
99 87 12 6 2 5 7 4 1 3 0
99 87 12 3 2 5 0 4 1 7 6
99 87 12 3 7 2 5 4 1 0 6
99 87 12 4 1 0 5 2 7 6 3
99 87 12 7 1 5 0 3 4 6 2
99 87 12 4 1 5 3 7 6 0 2
99 87 12 4 3 5 0 1 2 6 7
99 87 12 2 3 5 0 4 1 6 7
99 87 12 1 4 0 5 3 2 6 7
99 87 12 3 2 6 0 5 7 1 4
99 87 12 3 2 0 4 5 7 1 6
99 87 12 0 1 4 7 2 6 5 3
99 87 12 1 2 5 3 7 0 4 6
99 87 12 1 2 0 3 7 4 5 6
99 88 11 2 6 3 4 7 1 0 5
99 88 11 1 5 7 3 2 0 6 4
99 88 11 7 2 5 4 6 1 3 0
99 88 11 0 4 5 7 2 1 3 6
99 88 11 4 2 3 5 6 7 1 0
99 88 11 5 4 2 3 1 6 0 7
99 88 11 3 0 2 7 1 4 6 5
99 88 11 0 5 2 7 1 4 6 3
99 88 11 5 2 0 7 1 4 6 3
99 88 11 3 2 5 4 1 0 7 6
99 88 11 1 5 0 4 3 2 6 7
99 88 11 1 4 7 5 2 6 0 3
99 88 11 2 1 5 4 6 0 3 7
99 88 11 1 5 0 4 6 2 3 7
99 88 11 2 5 7 1 0 4 6 3
99 88 11 1 5 7 6 2 0 4 3
99 88 11 1 5 0 6 2 4 7 3
99 88 11 3 7 5 4 2 0 1 6
99 88 11 3 7 0 5 2 1 6 4
99 88 11 7 2 5 3 1 4 0 6
99 88 11 7 3 5 0 1 2 6 4
99 88 11 1 4 0 3 5 7 2 6
99 88 11 1 0 3 4 2 6 5 7
99 89 10 4 2 1 6 5 7 3 0
99 89 10 1 2 6 7 3 4 5 0
99 89 10 1 5 7 2 3 4 6 0
99 89 10 1 5 3 7 0 2 6 4
99 89 10 3 1 4 7 2 0 5 6
99 89 10 1 7 2 3 5 0 6 4
99 89 10 7 0 1 5 2 4 6 3
99 89 10 7 1 6 5 2 4 0 3
99 89 10 3 0 5 7 4 1 2 6
99 89 10 3 1 5 7 0 6 4 2
99 90 9 3 2 7 4 5 1 6 0
99 90 9 1 0 2 7 5 4 6 3
99 90 9 7 2 3 4 6 1 5 0
99 90 9 2 1 5 7 3 6 4 0
99 90 9 3 4 5 7 1 6 2 0
99 90 9 0 2 3 4 1 6 7 5
99 90 9 1 2 6 4 0 3 7 5
99 90 9 1 5 6 3 2 4 0 7
99 90 9 7 2 3 4 5 0 1 6
99 90 9 7 3 5 0 2 4 1 6
99 91 8 1 5 3 4 2 6 0 7
99 91 8 1 2 3 0 4 6 7 5
99 91 8 1 2 3 5 7 6 4 0
99 91 8 1 2 0 4 5 7 3 6
99 92 7 1 2 3 4 5 0 6 7
99 93 6 1 2 4 3 5 7 6 0
99 93 6 4 1 2 3 5 6 7 0
100 81 19 5 4 0 6 7 1 3 2
100 82 18 7 4 6 0 5 2 1 3
100 82 18 7 2 0 6 4 1 3 5
100 83 17 4 5 6 0 7 2 1 3
100 83 17 4 5 1 6 7 2 0 3
100 83 17 7 4 2 6 0 1 5 3
100 83 17 1 4 2 6 7 0 5 3
100 83 17 0 6 5 4 7 2 1 3
100 83 17 4 6 5 1 7 2 0 3
100 83 17 2 4 5 3 7 0 1 6
100 83 17 4 2 5 1 7 0 6 3
100 84 16 5 4 2 6 0 7 1 3
100 84 16 6 4 2 3 7 1 5 0
100 84 16 4 6 0 3 7 2 1 5
100 84 16 3 2 6 5 7 0 1 4
100 84 16 0 4 5 2 3 1 6 7
100 84 16 2 5 6 0 7 1 3 4
100 84 16 2 5 0 4 7 1 3 6
100 84 16 3 4 7 6 2 1 0 5
100 84 16 0 2 5 1 7 6 4 3
100 84 16 0 5 6 7 4 1 3 2
100 85 15 0 2 7 4 3 1 5 6
100 85 15 4 0 2 5 6 1 3 7
100 85 15 4 0 1 2 3 7 6 5
100 85 15 4 2 7 5 3 1 0 6
100 85 15 4 2 7 5 0 1 6 3
100 85 15 2 4 0 7 3 1 5 6
100 85 15 0 2 7 5 4 1 6 3
100 85 15 7 1 0 4 2 6 3 5
100 85 15 7 1 0 3 4 2 6 5
100 86 14 0 1 2 7 4 6 3 5
100 86 14 3 2 5 6 0 7 1 4
100 86 14 1 4 6 5 3 7 0 2
100 86 14 4 1 2 5 0 3 7 6
100 86 14 7 0 5 3 4 1 6 2
100 86 14 5 2 6 4 7 0 1 3
100 86 14 3 4 0 5 1 6 2 7
100 86 14 2 0 6 7 4 5 1 3
100 86 14 4 1 3 5 7 0 6 2
100 86 14 4 5 0 3 2 1 7 6
100 86 14 0 1 5 2 3 4 6 7
100 86 14 7 4 5 3 0 2 6 1
100 86 14 0 2 5 7 6 4 1 3
100 86 14 1 2 0 7 3 6 4 5
100 87 13 1 0 4 5 7 6 3 2
100 87 13 4 2 7 3 1 0 6 5
100 87 13 4 0 2 1 5 7 6 3
100 87 13 4 2 5 1 3 7 6 0
100 87 13 7 4 6 3 5 1 0 2
100 87 13 1 2 4 7 6 0 5 3
100 87 13 5 2 6 3 0 7 1 4
100 87 13 2 4 5 7 0 6 3 1
100 87 13 3 4 2 5 1 7 0 6
100 87 13 2 5 0 4 7 6 3 1
100 87 13 3 4 6 2 5 1 0 7
100 87 13 1 5 7 6 4 0 2 3
100 87 13 1 5 0 6 4 2 7 3
100 87 13 4 2 5 7 6 1 0 3
100 87 13 4 2 6 0 1 3 7 5
100 87 13 4 3 2 7 0 1 6 5
100 87 13 0 7 4 5 2 1 6 3
100 87 13 4 1 5 3 0 6 2 7
100 87 13 3 5 7 4 0 1 6 2
100 88 12 3 5 7 2 4 1 6 0
100 88 12 2 5 7 4 3 1 6 0
100 88 12 3 2 4 1 7 6 5 0
100 88 12 4 1 5 2 7 6 3 0
100 88 12 5 0 7 3 2 1 6 4
100 88 12 2 0 5 1 3 4 6 7
100 88 12 7 2 5 1 3 4 6 0
100 88 12 1 0 5 4 7 2 3 6
100 88 12 4 2 5 7 1 3 0 6
100 88 12 4 0 5 7 1 2 3 6
100 88 12 2 0 5 4 6 1 3 7
100 88 12 4 2 5 3 6 0 1 7
100 88 12 4 2 0 3 6 1 5 7
100 88 12 7 2 5 3 0 4 1 6
100 88 12 7 0 5 3 4 2 1 6
100 88 12 4 1 3 0 2 6 5 7
100 88 12 3 2 7 0 1 4 6 5
100 88 12 3 2 6 7 1 4 0 5
100 88 12 2 3 6 4 7 1 0 5
100 88 12 3 5 4 0 1 2 6 7
100 88 12 2 1 5 7 6 0 3 4
100 88 12 3 2 0 4 1 7 5 6
100 88 12 7 1 5 4 3 2 0 6
100 88 12 7 0 1 5 4 2 6 3
100 88 12 7 1 6 5 4 2 0 3
100 88 12 1 5 4 3 7 2 0 6
100 88 12 1 5 4 3 0 2 6 7
100 88 12 0 2 5 4 1 3 7 6
100 88 12 1 0 5 4 2 3 7 6
100 88 12 3 2 5 0 1 6 4 7
100 88 12 3 2 5 7 0 6 4 1
100 88 12 4 2 3 6 0 1 7 5
100 88 12 0 2 3 6 5 1 7 4
100 89 11 4 2 3 5 6 1 0 7
100 89 11 1 2 6 5 4 3 7 0
100 89 11 1 2 0 5 4 3 6 7
100 89 11 5 1 7 4 2 0 6 3
100 89 11 3 5 6 4 2 1 7 0
100 89 11 4 1 3 0 5 7 2 6
100 89 11 2 0 5 7 1 3 6 4
100 89 11 2 0 5 7 3 4 1 6
100 89 11 1 5 7 2 4 0 6 3
100 89 11 5 1 2 7 4 6 0 3
100 89 11 2 1 5 4 0 3 6 7
100 89 11 0 3 4 7 2 1 5 6
100 89 11 3 2 5 4 6 7 0 1
100 89 11 3 5 7 0 1 2 6 4
100 89 11 3 5 6 7 1 2 0 4
100 89 11 3 5 6 7 2 0 1 4
100 89 11 2 1 5 3 7 4 0 6
100 89 11 1 2 4 5 0 6 3 7
100 89 11 3 1 0 4 5 7 2 6
100 89 11 0 2 4 3 1 6 5 7
100 89 11 1 2 4 0 3 6 5 7
100 89 11 0 1 5 7 2 6 4 3
100 90 10 7 2 3 5 4 1 6 0
100 90 10 1 2 3 0 7 4 6 5
100 90 10 3 5 2 7 4 1 6 0
100 90 10 1 2 0 6 5 7 3 4
100 90 10 1 2 6 3 5 7 0 4
100 90 10 0 1 3 4 5 7 6 2
100 90 10 1 7 2 5 3 4 6 0
100 90 10 1 2 7 3 4 6 0 5
100 90 10 1 7 5 0 2 6 3 4
100 91 9 4 5 3 7 1 2 6 0
100 91 9 1 2 7 5 4 6 3 0
100 91 9 6 1 5 7 2 3 0 4
100 91 9 1 0 4 3 5 7 6 2
100 91 9 1 4 3 0 5 7 6 2
100 91 9 7 5 3 4 2 1 6 0
100 91 9 1 2 4 6 3 7 5 0
100 91 9 1 2 6 4 7 5 3 0
100 91 9 1 2 5 7 6 3 4 0
100 91 9 1 0 5 7 2 3 4 6
100 91 9 3 5 7 0 2 4 1 6
100 91 9 3 0 1 5 2 4 6 7
100 91 9 3 1 6 5 2 4 0 7
100 92 8 2 0 3 4 5 1 6 7
100 92 8 1 5 7 0 2 4 3 6
100 93 7 1 5 3 7 4 2 0 6
100 93 7 1 0 2 4 5 6 3 7
100 93 7 7 1 2 4 5 6 3 0
100 93 7 7 2 3 4 1 6 5 0
100 93 7 1 3 5 0 2 6 4 7
100 95 5 3 1 7 5 2 4 6 0
100 95 5 1 2 3 4 6 5 0 7
100 95 5 1 3 5 7 4 2 0 6
100 97 3 1 5 3 7 2 4 6 0
101 82 19 2 4 5 6 7 0 1 3
101 83 18 5 4 6 2 7 0 1 3
101 84 17 5 0 2 6 7 4 1 3
101 84 17 3 4 2 0 7 1 5 6
101 84 17 0 4 6 3 7 2 1 5
101 84 17 4 1 7 2 0 6 5 3
101 84 17 3 4 7 2 0 1 6 5
101 84 17 5 0 6 4 2 1 3 7
101 84 17 0 5 4 3 7 1 6 2
101 85 16 5 4 6 7 0 2 1 3
101 85 16 4 2 7 3 0 1 5 6
101 85 16 6 1 2 5 4 0 3 7
101 86 15 2 0 6 5 7 4 1 3
101 86 15 4 1 2 7 3 0 5 6
101 86 15 4 1 2 7 6 0 3 5
101 86 15 4 0 1 7 3 2 6 5
101 86 15 4 1 7 0 3 2 6 5
101 86 15 4 1 6 7 3 2 0 5
101 86 15 3 0 5 6 7 2 1 4
101 86 15 4 1 0 6 3 7 2 5
101 86 15 5 0 1 2 4 7 6 3
101 86 15 5 1 6 2 4 7 0 3
101 86 15 4 0 2 5 3 1 7 6
101 86 15 0 4 1 2 5 7 6 3
101 86 15 4 7 1 2 5 0 6 3
101 86 15 4 2 6 7 5 0 1 3
101 86 15 7 0 6 4 1 2 3 5
101 86 15 0 1 6 4 7 2 3 5
101 86 15 4 1 2 0 7 6 5 3
101 86 15 7 0 5 4 2 6 3 1
101 86 15 2 1 5 6 3 4 0 7
101 86 15 3 2 0 7 6 4 1 5
101 87 14 2 5 6 4 0 7 1 3
101 87 14 2 0 6 4 7 5 1 3
101 87 14 2 0 5 1 3 7 6 4
101 87 14 4 1 6 0 5 7 2 3
101 87 14 7 2 6 3 5 0 1 4
101 87 14 7 4 5 0 2 6 3 1
101 87 14 6 4 5 7 2 0 3 1
101 87 14 3 4 2 0 1 7 6 5
101 87 14 4 2 0 6 1 3 5 7
101 87 14 7 4 2 0 1 6 3 5
101 87 14 2 5 7 1 4 0 6 3
101 87 14 3 2 5 6 0 1 7 4
101 87 14 3 7 2 0 4 1 6 5
101 87 14 3 7 2 5 0 1 6 4
101 87 14 3 7 0 5 4 1 6 2
101 87 14 3 4 5 2 7 1 0 6
101 87 14 7 3 2 0 4 1 6 5
101 87 14 5 2 3 7 0 1 6 4
101 87 14 4 1 5 7 3 0 6 2
101 87 14 4 3 5 6 2 1 0 7
101 87 14 2 3 5 0 7 1 6 4
101 88 13 4 2 7 0 5 1 3 6
101 88 13 7 4 3 0 2 1 6 5
101 88 13 7 2 5 3 0 6 4 1
101 88 13 2 5 7 4 1 0 6 3
101 88 13 7 2 4 1 0 6 5 3
101 88 13 7 1 2 0 5 6 3 4
101 88 13 5 1 2 3 7 6 0 4
101 88 13 3 4 2 6 5 0 1 7
101 88 13 1 7 2 5 3 0 6 4
101 88 13 7 2 5 4 1 0 3 6
101 88 13 6 2 5 4 0 1 3 7
101 88 13 0 3 2 5 7 4 1 6
101 88 13 3 2 0 5 7 4 1 6
101 88 13 5 0 2 3 1 4 6 7
101 88 13 3 2 5 4 7 0 6 1
101 88 13 3 0 5 4 2 7 6 1
101 88 13 2 3 4 0 7 1 6 5
101 88 13 1 2 6 5 4 0 7 3
101 88 13 3 5 6 4 1 2 0 7
101 88 13 2 1 0 5 4 6 3 7
101 88 13 4 5 7 3 1 2 0 6
101 88 13 0 1 2 7 3 4 6 5
101 88 13 1 4 2 7 3 0 6 5
101 88 13 0 1 5 4 6 2 3 7
101 88 13 4 2 6 0 5 7 3 1
101 88 13 7 1 0 3 2 6 5 4
101 88 13 3 7 0 4 2 1 5 6
101 88 13 7 3 5 6 2 1 0 4
101 88 13 7 2 5 3 0 4 6 1
101 88 13 1 2 5 0 4 3 7 6
101 89 12 4 1 5 2 3 7 6 0
101 89 12 3 1 4 5 0 7 6 2
101 89 12 7 0 2 4 1 6 3 5
101 89 12 7 2 4 0 1 6 3 5
101 89 12 1 0 6 5 2 4 3 7
101 89 12 1 2 6 0 5 4 3 7
101 89 12 1 6 0 5 4 2 3 7
101 89 12 4 2 1 6 5 0 7 3
101 89 12 2 6 0 4 5 7 1 3
101 89 12 2 5 3 4 0 1 6 7
101 89 12 4 2 5 7 1 3 6 0
101 89 12 6 2 5 7 3 4 1 0
101 89 12 2 5 0 7 3 4 6 1
101 89 12 0 5 4 7 1 2 6 3
101 89 12 1 0 4 7 5 2 6 3
101 89 12 3 1 0 5 7 2 6 4
101 89 12 4 2 3 7 5 0 1 6
101 89 12 4 1 2 3 0 6 5 7
101 89 12 1 0 5 3 2 6 7 4
101 89 12 1 2 6 0 3 7 5 4
101 89 12 1 2 6 4 0 7 5 3
101 89 12 3 1 0 7 2 6 4 5
101 90 11 5 4 2 3 1 7 6 0
101 90 11 0 1 5 7 4 6 2 3
101 90 11 7 4 5 1 2 0 6 3
101 90 11 1 4 2 7 0 5 6 3
101 90 11 1 4 2 7 5 6 0 3
101 90 11 5 2 6 4 3 7 1 0
101 90 11 3 2 6 4 1 7 0 5
101 90 11 1 2 6 3 7 4 0 5
101 90 11 1 2 5 6 7 3 4 0
101 90 11 1 5 2 7 4 0 6 3
101 90 11 1 2 7 0 3 6 5 4
101 90 11 3 2 5 1 4 7 0 6
101 90 11 1 2 5 0 4 7 3 6
101 90 11 7 2 3 4 1 0 5 6
101 90 11 1 0 3 4 7 2 5 6
101 90 11 2 5 0 4 1 6 3 7
101 90 11 2 1 5 4 3 0 7 6
101 90 11 1 5 0 4 3 2 7 6
101 90 11 1 7 2 4 0 5 6 3
101 90 11 3 0 1 7 4 2 5 6
101 90 11 3 1 7 0 4 2 5 6
101 90 11 1 4 5 3 7 2 0 6
101 90 11 1 2 7 3 0 6 5 4
101 90 11 4 2 3 1 0 6 7 5
101 90 11 7 3 5 0 4 1 6 2
101 90 11 1 0 6 4 3 2 7 5
101 90 11 1 5 7 3 4 0 2 6
101 90 11 1 5 0 3 4 2 7 6
101 90 11 4 3 5 7 2 0 1 6
101 91 10 1 4 6 3 5 7 0 2
101 91 10 4 1 6 3 5 7 2 0
101 91 10 1 6 5 4 2 3 0 7
101 91 10 1 7 2 5 4 6 3 0
101 91 10 3 1 4 5 2 0 6 7
101 91 10 1 0 2 3 4 6 7 5
101 91 10 1 5 0 7 3 2 4 6
101 91 10 1 2 5 0 6 3 7 4
101 91 10 1 2 0 4 6 3 7 5
101 92 9 7 2 4 3 1 6 5 0
101 92 9 4 2 3 6 5 7 1 0
101 92 9 7 1 5 6 2 4 3 0
101 92 9 3 0 5 7 1 4 2 6
101 92 9 3 1 5 2 4 7 6 0
101 92 9 2 0 3 4 1 6 5 7
101 92 9 1 2 5 3 6 4 0 7
101 92 9 5 2 3 4 1 7 6 0
101 92 9 3 4 5 7 2 6 0 1
101 92 9 1 0 2 4 3 6 5 7
101 93 8 1 2 4 7 5 6 3 0
101 93 8 1 2 7 4 3 6 5 0
101 93 8 1 0 5 7 4 2 3 6
101 93 8 1 3 5 4 7 2 6 0
101 93 8 1 3 5 7 0 6 4 2
101 94 7 1 7 5 3 4 2 6 0
101 94 7 5 2 3 4 1 6 0 7
101 94 7 0 3 5 7 2 4 6 1
101 94 7 1 7 5 3 2 6 4 0
101 94 7 2 1 3 4 7 6 5 0
101 95 6 2 1 3 4 5 7 6 0
101 96 5 1 3 5 7 0 4 6 2
102 83 19 6 4 2 0 7 1 5 3
102 84 18 0 5 6 4 7 1 3 2
102 85 17 5 0 4 6 7 1 2 3
102 85 17 5 1 2 6 7 4 0 3
102 85 17 0 2 7 5 3 1 6 4
102 86 16 2 4 6 5 7 1 0 3
102 86 16 7 2 6 0 4 1 5 3
102 86 16 0 4 2 7 3 1 5 6
102 86 16 3 0 2 6 7 1 5 4
102 86 16 4 1 0 3 7 2 6 5
102 86 16 0 2 5 7 3 6 4 1
102 87 15 5 4 2 1 0 7 6 3
102 87 15 2 0 4 7 5 1 6 3
102 87 15 4 0 1 6 5 7 2 3
102 87 15 2 4 0 5 3 1 6 7
102 87 15 0 2 4 7 1 6 5 3
102 87 15 1 6 2 5 7 0 3 4
102 87 15 3 4 2 5 0 7 6 1
102 87 15 3 4 0 5 1 7 6 2
102 87 15 2 6 5 4 7 0 3 1
102 87 15 1 4 5 2 7 6 0 3
102 87 15 4 1 5 6 2 7 0 3
102 87 15 3 2 6 0 4 1 5 7
102 87 15 3 2 6 7 0 1 5 4
102 87 15 4 3 5 2 0 1 6 7
102 87 15 0 4 5 1 3 2 6 7
102 87 15 1 4 5 6 3 2 0 7
102 88 14 7 0 4 3 2 1 6 5
102 88 14 2 0 5 3 7 6 4 1
102 88 14 5 0 2 4 7 1 3 6
102 88 14 5 2 4 0 7 1 3 6
102 88 14 5 0 7 2 4 1 6 3
102 88 14 2 0 7 4 5 1 6 3
102 88 14 2 0 4 1 7 6 5 3
102 88 14 5 1 0 2 7 6 3 4
102 88 14 3 4 0 6 5 1 2 7
102 88 14 7 0 5 4 2 1 3 6
102 88 14 0 2 3 5 4 7 1 6
102 88 14 4 0 1 3 2 6 5 7
102 88 14 3 2 5 0 4 7 6 1
102 88 14 0 5 4 3 2 1 6 7
102 88 14 4 5 7 1 2 0 6 3
102 88 14 4 2 0 1 5 7 3 6
102 88 14 3 7 5 6 2 1 0 4
102 88 14 7 3 5 2 0 1 6 4
102 88 14 0 2 5 7 1 6 4 3
102 88 14 4 2 0 6 5 1 7 3
102 89 13 5 1 2 6 4 7 3 0
102 89 13 2 5 7 6 4 1 3 0
102 89 13 2 0 5 3 4 7 6 1
102 89 13 4 2 5 3 0 7 6 1
102 89 13 4 1 2 7 3 6 0 5
102 89 13 2 1 5 4 7 0 3 6
102 89 13 3 4 5 7 0 1 2 6
102 89 13 3 2 5 6 0 4 1 7
102 89 13 3 0 5 6 4 2 1 7
102 89 13 4 2 5 0 1 3 6 7
102 89 13 4 5 7 0 2 1 3 6
102 89 13 2 0 1 7 3 4 6 5
102 89 13 2 1 7 0 3 4 6 5
102 89 13 2 1 6 7 3 4 0 5
102 89 13 3 4 2 7 1 6 0 5
102 89 13 2 5 0 4 3 7 6 1
102 89 13 3 1 4 5 7 6 0 2
102 89 13 7 0 4 5 1 2 6 3
102 89 13 7 1 4 0 2 6 5 3
102 89 13 7 1 5 0 4 6 3 2
102 89 13 6 1 5 7 4 0 3 2
102 89 13 2 7 6 4 5 0 1 3
102 89 13 5 7 0 4 2 1 6 3
102 89 13 4 0 3 5 1 2 6 7
102 89 13 1 2 7 3 0 4 6 5
102 89 13 4 2 0 3 6 7 5 1
102 89 13 3 2 0 5 1 7 6 4
102 89 13 3 5 6 4 2 0 1 7
102 89 13 4 0 1 3 5 7 2 6
102 89 13 0 5 7 2 1 4 6 3
102 89 13 1 0 7 2 5 4 6 3
102 89 13 2 4 5 7 3 0 6 1
102 89 13 3 1 5 4 7 0 2 6
102 89 13 3 2 5 0 6 7 1 4
102 89 13 3 2 0 4 6 7 1 5
102 89 13 7 2 5 0 1 6 4 3
102 89 13 1 0 4 3 2 6 5 7
102 89 13 0 2 5 4 3 6 7 1
102 90 12 5 7 2 3 4 1 6 0
102 90 12 1 5 6 7 2 0 3 4
102 90 12 7 1 3 4 2 0 6 5
102 90 12 4 1 5 7 3 6 2 0
102 90 12 7 3 4 5 0 1 6 2
102 90 12 3 2 7 4 1 0 6 5
102 90 12 7 4 5 1 3 2 6 0
102 90 12 1 0 4 7 3 2 6 5
102 90 12 4 1 6 5 2 3 7 0
102 90 12 4 1 0 5 2 3 6 7
102 90 12 5 4 2 7 1 6 3 0
102 90 12 2 0 3 5 4 1 6 7
102 90 12 1 2 3 5 4 0 6 7
102 90 12 4 2 3 6 1 0 5 7
102 90 12 3 0 2 4 1 7 6 5
102 90 12 3 2 4 0 1 7 6 5
102 90 12 2 0 1 4 7 6 3 5
102 90 12 2 1 4 0 7 6 3 5
102 90 12 7 4 5 0 2 1 3 6
102 90 12 4 2 1 0 5 7 6 3
102 90 12 4 2 5 3 1 7 0 6
102 90 12 2 5 6 4 3 1 0 7
102 90 12 3 4 7 6 2 1 5 0
102 90 12 3 4 7 5 2 1 0 6
102 90 12 2 1 0 4 3 7 5 6
102 90 12 4 1 3 6 5 7 0 2
102 90 12 7 5 4 3 2 1 0 6
102 90 12 2 1 5 3 0 6 4 7
102 90 12 1 7 5 4 0 6 3 2
102 91 11 1 4 2 5 3 6 0 7
102 91 11 7 2 5 4 3 6 0 1
102 91 11 2 1 3 7 4 6 0 5
102 91 11 3 5 7 4 1 2 6 0
102 91 11 4 1 3 5 2 0 6 7
102 91 11 4 2 3 0 6 7 1 5
102 91 11 4 2 1 3 6 7 0 5
102 91 11 7 1 5 6 4 2 3 0
102 91 11 2 4 5 3 1 6 0 7
102 91 11 1 5 3 4 2 0 6 7
102 91 11 1 5 6 3 7 2 4 0
102 91 11 1 2 7 4 0 6 3 5
102 91 11 2 1 3 4 7 0 5 6
102 91 11 6 2 3 4 7 1 0 5
102 91 11 6 1 5 7 0 2 3 4
102 91 11 6 0 5 7 2 1 3 4
102 91 11 7 2 3 0 1 6 5 4
102 91 11 4 1 6 3 5 0 7 2
102 91 11 1 5 4 0 2 6 3 7
102 91 11 0 3 4 5 2 1 6 7
102 91 11 2 1 5 3 4 7 0 6
102 91 11 3 5 7 0 4 1 6 2
102 91 11 3 5 6 7 4 1 0 2
102 91 11 4 2 3 6 0 5 1 7
102 91 11 1 2 4 5 3 7 0 6
102 91 11 0 1 5 7 3 2 4 6
102 91 11 1 3 5 0 7 2 6 4
102 92 10 4 6 5 7 2 1 3 0
102 92 10 3 1 6 4 5 7 0 2
102 92 10 3 0 2 4 1 6 7 5
102 92 10 3 2 4 0 1 6 7 5
102 92 10 3 2 7 4 1 6 0 5
102 92 10 1 6 0 4 5 2 3 7
102 92 10 2 0 3 4 1 7 6 5
102 92 10 1 5 7 3 4 0 6 2
102 92 10 1 5 4 3 2 7 0 6
102 92 10 3 1 5 0 2 6 7 4
102 92 10 1 3 0 4 2 6 5 7
102 93 9 7 1 2 3 5 6 0 4
102 93 9 2 1 4 3 7 6 5 0
102 93 9 1 2 3 7 0 4 6 5
102 93 9 1 0 3 7 4 2 6 5
102 93 9 4 1 3 7 2 6 5 0
102 93 9 1 7 2 4 3 6 0 5
102 93 9 2 1 6 4 5 3 0 7
102 93 9 3 0 5 7 1 2 4 6
102 93 9 1 3 5 0 4 2 6 7
102 93 9 1 2 3 6 5 7 0 4
102 94 8 1 3 2 4 7 6 0 5
102 94 8 1 2 3 5 4 7 6 0
102 94 8 4 1 3 2 5 6 0 7
102 94 8 2 6 3 4 5 1 0 7
102 94 8 3 1 5 6 2 4 7 0
102 94 8 3 5 0 7 2 4 6 1
102 94 8 2 3 5 7 4 1 0 6
102 95 7 1 4 3 7 2 6 5 0
102 95 7 1 5 3 4 2 7 6 0
102 95 7 1 5 3 7 2 6 0 4
102 95 7 3 1 6 7 2 4 5 0
102 96 6 1 2 3 4 0 5 7 6
102 97 5 1 2 3 4 7 5 6 0
102 99 3 1 2 3 4 5 6 0 7
103 84 19 0 2 5 6 7 1 4 3
103 85 18 5 4 6 0 7 1 2 3
103 85 18 5 4 0 6 7 2 1 3
103 85 18 5 4 6 1 7 2 0 3
103 85 18 6 2 5 1 7 0 3 4
103 86 17 7 0 2 6 4 1 5 3
103 86 17 6 1 2 4 7 0 5 3
103 86 17 7 4 0 3 1 2 6 5
103 87 16 4 6 2 5 1 0 3 7
103 87 16 4 0 7 3 2 1 6 5
103 87 16 7 4 2 1 5 0 6 3
103 87 16 7 2 5 1 3 0 6 4
103 87 16 2 4 5 6 3 1 0 7
103 87 16 0 2 5 7 6 1 3 4
103 87 16 3 2 0 6 4 1 7 5
103 87 16 4 2 6 5 0 3 7 1
103 87 16 4 2 0 5 1 3 7 6
103 87 16 4 1 5 2 0 7 6 3
103 87 16 0 1 5 3 7 6 2 4
103 88 15 4 2 7 6 3 0 1 5
103 88 15 4 1 5 0 3 7 2 6
103 88 15 4 0 2 7 5 1 3 6
103 88 15 7 4 6 3 2 1 0 5
103 88 15 3 2 5 0 7 6 4 1
103 88 15 7 1 2 5 6 0 3 4
103 88 15 5 1 2 7 0 6 3 4
103 88 15 2 6 4 0 7 1 3 5
103 88 15 1 6 4 5 7 0 2 3
103 88 15 4 2 5 1 3 0 6 7
103 88 15 4 0 3 5 2 7 1 6
103 88 15 0 1 5 2 4 6 3 7
103 88 15 4 5 7 3 0 2 6 1
103 88 15 0 5 7 3 1 2 6 4
103 88 15 3 5 4 6 2 1 0 7
103 88 15 7 1 0 4 3 2 6 5
103 88 15 0 4 7 1 2 6 5 3
103 88 15 4 2 6 1 0 7 3 5
103 88 15 0 2 6 1 5 7 3 4
103 88 15 3 7 5 2 0 1 6 4
103 88 15 7 2 0 3 1 4 6 5
103 88 15 3 2 0 7 1 6 4 5
103 89 14 1 2 6 7 5 0 3 4
103 89 14 4 1 2 7 0 3 6 5
103 89 14 4 2 5 3 7 6 0 1
103 89 14 7 4 5 0 1 6 2 3
103 89 14 4 5 7 3 1 0 6 2
103 89 14 5 1 0 2 3 7 6 4
103 89 14 6 2 5 4 7 1 0 3
103 89 14 3 4 2 5 6 7 1 0
103 89 14 3 4 5 6 7 1 2 0
103 89 14 2 7 5 4 3 0 6 1
103 89 14 7 4 6 5 1 2 0 3
103 89 14 7 0 1 4 2 6 5 3
103 89 14 7 2 0 5 1 6 3 4
103 89 14 0 1 6 5 4 2 3 7
103 89 14 1 2 7 6 3 4 0 5
103 89 14 1 2 6 7 3 0 4 5
103 89 14 7 2 5 0 1 3 6 4
103 89 14 7 2 5 0 3 4 1 6
103 89 14 1 5 3 6 7 2 0 4
103 89 14 3 1 0 4 7 2 5 6
103 89 14 7 2 0 3 1 6 4 5
103 89 14 3 5 7 6 2 1 0 4
103 89 14 0 1 5 3 7 4 6 2
103 90 13 2 5 4 6 7 1 3 0
103 90 13 4 1 5 7 6 0 2 3
103 90 13 2 3 4 5 7 1 6 0
103 90 13 1 3 4 5 7 0 6 2
103 90 13 3 2 6 7 0 4 1 5
103 90 13 3 0 6 7 4 2 1 5
103 90 13 7 0 5 1 4 2 6 3
103 90 13 4 2 5 1 6 0 3 7
103 90 13 1 4 7 0 3 2 6 5
103 90 13 1 4 6 7 3 2 0 5
103 90 13 4 2 3 0 6 1 5 7
103 90 13 5 2 6 7 4 1 0 3
103 90 13 1 2 5 0 6 7 3 4
103 90 13 1 2 0 6 7 3 5 4
103 90 13 4 5 2 7 0 1 6 3
103 90 13 5 2 7 0 4 1 6 3
103 90 13 4 2 6 1 0 5 7 3
103 90 13 1 2 6 0 7 3 4 5
103 90 13 2 5 4 0 3 1 6 7
103 90 13 1 0 2 7 3 6 5 4
103 90 13 1 5 6 4 0 2 3 7
103 90 13 2 6 5 4 1 0 3 7
103 90 13 0 1 5 4 3 2 7 6
103 90 13 2 1 5 0 7 6 4 3
103 90 13 1 7 2 0 5 4 6 3
103 90 13 3 4 0 7 1 6 5 2
103 91 12 1 2 5 6 0 4 3 7
103 91 12 1 2 5 6 4 3 0 7
103 91 12 1 0 5 6 4 2 3 7
103 91 12 1 4 2 5 0 3 6 7
103 91 12 1 0 5 4 7 6 2 3
103 91 12 3 1 5 4 7 6 2 0
103 91 12 2 5 6 3 4 1 7 0
103 91 12 0 4 3 5 2 1 6 7
103 91 12 3 2 5 6 7 4 1 0
103 91 12 4 6 3 5 2 1 7 0
103 91 12 3 7 5 4 1 0 6 2
103 91 12 2 7 5 1 4 0 6 3
103 91 12 6 2 3 4 0 1 5 7
103 91 12 7 1 0 5 2 6 3 4
103 91 12 1 6 5 4 0 2 3 7
103 91 12 1 7 0 5 4 6 2 3
103 91 12 1 7 2 4 3 0 5 6
103 91 12 1 2 4 3 0 7 5 6
103 91 12 3 1 0 2 5 7 6 4
103 91 12 1 2 0 5 4 6 7 3
103 91 12 4 7 5 3 2 1 0 6
103 91 12 3 1 0 4 7 6 2 5
103 91 12 4 0 3 6 5 2 1 7
103 91 12 0 2 6 4 1 5 3 7
103 91 12 0 2 5 7 1 3 4 6
103 92 11 1 0 5 4 7 6 3 2
103 92 11 1 4 6 5 2 3 0 7
103 92 11 1 2 3 7 5 0 6 4
103 92 11 7 2 5 4 6 3 1 0
103 92 11 0 3 5 4 2 7 1 6
103 92 11 7 0 5 1 2 4 6 3
103 92 11 4 1 3 5 2 6 0 7
103 92 11 2 1 6 4 3 7 0 5
103 92 11 5 2 3 6 7 1 4 0
103 92 11 5 0 4 7 2 1 6 3
103 92 11 2 1 3 0 7 6 5 4
103 92 11 3 1 2 5 0 4 7 6
103 92 11 3 1 5 0 4 7 2 6
103 92 11 1 6 2 7 0 4 5 3
103 92 11 1 6 2 7 4 5 0 3
103 92 11 3 4 6 5 2 1 7 0
103 92 11 1 6 2 4 0 7 3 5
103 92 11 1 6 2 4 7 3 0 5
103 92 11 3 0 1 4 5 7 6 2
103 92 11 3 1 4 0 5 7 6 2
103 92 11 4 2 7 3 5 1 0 6
103 92 11 5 2 3 7 4 1 0 6
103 92 11 3 7 5 4 1 2 0 6
103 92 11 3 7 5 0 1 2 6 4
103 92 11 3 2 5 4 6 0 7 1
103 92 11 1 0 5 3 6 2 4 7
103 92 11 3 0 1 5 4 2 6 7
103 92 11 3 1 6 5 4 2 0 7
103 92 11 7 2 0 3 5 1 6 4
103 92 11 2 5 3 4 7 1 0 6
103 92 11 1 2 6 4 0 3 5 7
103 92 11 1 5 3 4 0 2 6 7
103 92 11 3 1 5 4 0 6 7 2
103 92 11 1 2 0 7 4 3 5 6
103 93 10 1 2 3 5 0 7 6 4
103 93 10 7 2 3 6 5 1 0 4
103 93 10 7 2 6 3 5 1 4 0
103 93 10 1 2 6 3 5 0 7 4
103 93 10 7 1 2 4 3 6 0 5
103 93 10 1 2 7 5 4 0 6 3
103 93 10 3 1 2 7 0 4 5 6
103 93 10 3 1 2 7 4 5 0 6
103 93 10 4 1 2 3 5 0 6 7
103 93 10 1 5 0 3 2 6 4 7
103 93 10 1 6 5 3 2 0 4 7
103 93 10 1 5 7 0 4 2 3 6
103 93 10 5 1 2 4 0 6 3 7
103 93 10 4 1 0 3 5 6 2 7
103 93 10 3 1 4 7 2 6 0 5
103 93 10 3 2 5 7 0 1 4 6
103 93 10 3 1 5 4 2 0 7 6
103 93 10 3 1 0 5 2 7 6 4
103 93 10 1 4 5 0 2 6 7 3
103 93 10 1 3 0 7 2 6 4 5
103 94 9 7 3 2 4 5 1 6 0
103 94 9 1 3 2 4 0 7 6 5
103 94 9 5 3 4 7 2 1 6 0
103 94 9 0 3 5 7 4 2 6 1
103 94 9 1 4 3 5 2 6 0 7
103 94 9 1 4 2 3 7 6 5 0
103 94 9 1 5 7 0 2 3 6 4
103 94 9 1 5 6 7 2 3 0 4
103 94 9 1 2 6 0 5 3 7 4
103 94 9 1 2 0 4 5 3 7 6
103 95 8 1 3 2 5 0 4 6 7
103 95 8 1 6 5 7 2 3 0 4
103 96 7 3 1 7 5 4 2 6 0
103 96 7 3 5 1 7 4 2 6 0
103 96 7 2 3 5 7 1 4 6 0
103 96 7 1 0 3 4 5 2 7 6
103 98 5 3 5 1 7 2 4 6 0
103 100 3 1 2 3 4 6 5 7 0
103 101 2 1 3 5 7 2 4 6 0