0 0 0 4 2 0 5 7 1 6 3
7 0 7 4 2 5 0 7 1 6 3
8 0 8 4 0 2 5 7 1 6 3
8 0 8 4 2 6 5 7 1 0 3
13 7 6 4 2 5 3 7 1 6 0
15 7 8 0 2 5 4 7 1 6 3
15 7 8 4 2 5 7 0 1 6 3
15 8 7 4 2 6 5 7 1 3 0
16 8 8 0 4 2 5 7 1 6 3
16 8 8 4 1 2 5 7 0 6 3
16 8 8 4 2 6 5 7 0 1 3
17 7 10 4 2 5 6 7 1 0 3
21 13 8 4 2 5 3 7 1 0 6
21 13 8 4 2 5 3 0 1 6 7
21 15 6 4 2 5 7 1 0 6 3
21 15 6 0 2 5 7 4 1 6 3
21 15 6 4 2 5 7 3 1 6 0
22 13 9 0 2 5 3 7 1 6 4
22 15 7 2 0 5 4 7 1 6 3
22 15 7 7 2 5 4 0 1 6 3
22 15 7 4 0 5 7 2 1 6 3
23 13 10 4 2 0 3 7 1 6 5
23 15 8 3 2 5 4 7 1 6 0
23 15 8 1 2 5 4 7 0 6 3
23 15 8 4 2 6 0 7 1 3 5
24 15 9 4 2 6 5 0 1 3 7
24 16 8 7 4 2 5 0 1 6 3
24 16 8 4 1 2 5 0 7 6 3
24 16 8 4 1 2 5 7 6 0 3
24 16 8 4 2 6 5 0 7 1 3
24 17 7 4 2 5 6 7 1 3 0
25 15 10 4 2 0 5 7 1 3 6
25 15 10 0 2 6 5 7 1 3 4
25 16 9 5 4 2 0 7 1 6 3
25 16 9 3 4 2 5 7 1 6 0
25 16 9 1 4 2 5 7 0 6 3
25 16 9 4 0 6 5 7 2 1 3
25 17 8 4 2 5 6 7 0 1 3
25 17 8 4 2 0 6 7 1 5 3
27 21 6 4 0 5 7 1 2 6 3
27 21 6 2 0 5 7 4 1 6 3
27 22 5 0 4 5 7 2 1 6 3
27 22 5 4 1 5 7 2 0 6 3
28 21 7 4 2 5 3 1 0 6 7
28 21 7 0 2 5 3 4 1 6 7
28 21 7 4 2 5 7 1 6 0 3
28 21 7 3 2 5 7 4 1 6 0
28 21 7 1 2 5 7 4 0 6 3
28 21 7 4 2 5 7 3 1 0 6
28 21 7 4 2 5 0 3 1 6 7
28 22 6 4 5 0 7 2 1 6 3
28 23 5 1 2 5 4 7 6 0 3
29 21 8 4 2 5 3 7 0 1 6
29 21 8 4 2 0 3 7 1 5 6
29 21 8 4 0 5 3 2 1 6 7
29 21 8 7 2 5 0 4 1 6 3
29 21 8 0 2 5 7 3 1 6 4
29 22 7 2 0 5 3 7 1 6 4
29 22 7 7 2 5 3 0 1 6 4
29 22 7 2 1 5 4 7 0 6 3
29 22 7 7 2 5 4 1 0 6 3
29 22 7 7 2 5 4 3 1 6 0
29 23 6 1 2 5 4 0 7 6 3
29 23 6 1 0 5 4 7 2 6 3
30 21 9 4 2 0 7 3 1 6 5
30 22 8 3 2 5 0 7 1 6 4
30 22 8 1 2 5 3 7 0 6 4
30 22 8 2 5 0 4 7 1 6 3
30 22 8 7 0 5 4 2 1 6 3
30 23 7 4 2 3 0 7 1 6 5
30 23 7 3 2 5 4 7 1 0 6
31 23 8 4 0 2 3 7 1 6 5
31 23 8 4 2 6 3 7 1 0 5
31 23 8 3 2 5 4 0 1 6 7
31 23 8 4 2 0 6 7 1 3 5
31 23 8 0 2 6 4 7 1 3 5
31 24 7 4 1 2 5 7 6 3 0
31 25 6 1 0 2 5 7 4 6 3
32 23 9 3 2 0 4 7 1 6 5
32 24 8 4 2 6 5 1 0 3 7
32 24 8 0 2 6 5 4 1 3 7
32 24 8 7 4 2 5 1 0 6 3
32 24 8 7 4 2 5 3 1 6 0
32 24 8 0 1 2 5 4 7 6 3
32 24 8 4 1 2 5 3 7 6 0
32 24 8 4 1 0 5 7 6 2 3
32 24 8 0 2 6 5 4 7 1 3
32 24 8 4 2 6 5 3 7 1 0
32 24 8 4 2 5 0 7 1 3 6
32 25 7 4 2 3 5 7 1 0 6
32 25 7 5 4 2 3 7 1 6 0
32 25 7 1 4 2 5 0 7 6 3
32 25 7 1 4 2 5 7 6 0 3
32 28 4 1 2 5 7 0 4 6 3
32 28 4 1 2 5 4 7 6 3 0
33 23 10 4 2 6 7 0 1 3 5
33 24 9 4 2 6 0 5 1 3 7
33 24 9 4 2 6 0 5 7 1 3
33 24 9 4 2 5 6 0 1 3 7
33 25 8 7 2 6 5 0 1 3 4
33 25 8 5 4 0 2 7 1 6 3
33 25 8 3 4 2 0 7 1 6 5
33 25 8 4 2 5 6 0 7 1 3
33 25 8 4 0 5 6 7 2 1 3
33 25 8 4 2 6 0 7 1 5 3
33 27 6 0 4 5 7 1 2 6 3
33 27 6 2 1 5 7 4 0 6 3
33 27 6 2 4 5 7 0 1 6 3
33 27 6 3 4 5 7 2 1 6 0
33 27 6 1 4 5 7 2 0 6 3
33 27 6 4 1 5 7 0 2 6 3
33 27 6 4 1 5 7 2 6 0 3
33 28 5 1 0 5 7 4 2 6 3
33 28 5 1 2 0 4 7 6 5 3
34 24 10 4 0 6 5 2 1 3 7
34 24 10 7 0 2 5 4 1 6 3
34 24 10 7 4 2 0 5 1 6 3
34 24 10 4 0 2 5 1 7 6 3
34 24 10 4 1 2 0 5 7 6 3
34 24 10 4 0 6 5 2 7 1 3
34 24 10 0 2 5 6 7 1 3 4
34 25 9 4 0 2 5 7 1 3 6
34 25 9 2 0 6 5 7 1 3 4
34 25 9 5 2 6 0 7 1 3 4
34 25 9 1 2 6 5 7 0 3 4
34 25 9 5 4 2 7 0 1 6 3
34 25 9 3 4 2 5 7 1 0 6
34 25 9 3 4 2 5 0 1 6 7
34 25 9 0 4 6 5 7 2 1 3
34 25 9 4 6 0 5 7 2 1 3
34 25 9 4 0 2 6 7 1 5 3
34 27 7 4 5 0 7 1 2 6 3
34 27 7 2 5 0 7 4 1 6 3
34 27 7 7 4 5 0 2 1 6 3
34 28 6 4 2 5 7 1 6 3 0
34 28 6 1 2 5 7 4 6 0 3
35 25 10 3 4 0 5 7 1 6 2
35 28 7 4 2 5 3 1 6 0 7
35 28 7 4 0 5 3 1 2 6 7
35 28 7 2 0 5 3 4 1 6 7
35 28 7 4 2 0 7 1 6 5 3
35 28 7 3 2 5 7 4 1 0 6
35 28 7 3 2 5 0 4 1 6 7
35 28 7 3 2 5 7 0 1 6 4
35 28 7 4 2 5 7 3 0 1 6
35 28 7 4 5 7 0 2 1 6 3
35 28 7 4 5 6 7 2 1 0 3
35 29 6 0 4 5 3 2 1 6 7
35 29 6 4 1 5 3 2 0 6 7
35 29 6 7 2 5 3 4 1 6 0
35 29 6 2 0 5 7 3 1 6 4
35 29 6 7 2 5 4 1 6 0 3
35 29 6 1 2 5 4 3 7 6 0
36 25 11 5 4 2 6 7 1 0 3
36 28 8 1 2 5 3 4 0 6 7
36 28 8 4 2 0 7 3 1 5 6
36 28 8 4 2 0 5 3 1 6 7
36 28 8 0 2 5 4 3 1 6 7
36 29 7 4 2 3 0 7 1 5 6
36 29 7 4 5 0 3 2 1 6 7
36 29 7 1 2 5 7 3 0 6 4
36 29 7 2 1 5 3 7 0 6 4
36 29 7 7 2 5 3 1 0 6 4
36 29 7 2 1 5 4 0 7 6 3
36 29 7 2 1 5 4 7 6 0 3
36 29 7 7 0 5 4 1 2 6 3
36 29 7 7 2 5 4 3 1 0 6
36 29 7 7 2 5 0 3 1 6 4
36 29 7 0 2 5 4 1 7 6 3
36 29 7 1 0 5 4 2 7 6 3
36 29 7 0 1 5 4 7 2 6 3
36 29 7 1 5 0 4 7 2 6 3
36 30 6 1 2 5 3 0 7 6 4
36 30 6 1 2 5 3 7 6 0 4
36 30 6 1 0 5 3 7 2 6 4
36 30 6 0 7 5 4 2 1 6 3
36 30 6 7 1 5 4 2 0 6 3
36 30 6 4 2 3 5 7 1 6 0
36 32 4 1 2 5 7 3 4 6 0
36 33 3 1 0 5 7 2 4 6 3
37 28 9 3 2 0 7 4 1 6 5
37 29 8 4 2 5 3 0 7 1 6
37 29 8 4 0 5 3 7 2 1 6
37 29 8 7 2 0 5 4 1 6 3
37 29 8 2 5 0 3 7 1 6 4
37 29 8 7 0 5 3 2 1 6 4
37 29 8 1 2 5 0 4 7 6 3
37 30 7 4 0 2 7 3 1 6 5
37 30 7 7 5 0 4 2 1 6 3
37 30 7 0 2 3 4 7 1 6 5
37 30 7 3 2 5 4 7 0 1 6
37 30 7 3 2 0 4 7 1 5 6
37 31 6 1 2 0 5 7 4 6 3
37 32 5 0 2 5 7 1 4 6 3
38 28 10 4 2 5 6 3 1 0 7
38 29 9 4 0 2 3 7 1 5 6
38 29 9 7 2 0 4 3 1 6 5
38 30 8 4 2 7 0 3 1 6 5
38 30 8 4 2 6 7 3 1 0 5
38 30 8 3 2 0 5 7 1 6 4
38 30 8 2 5 4 0 7 1 6 3
38 30 8 2 5 6 4 7 1 0 3
38 31 7 4 2 6 3 7 1 5 0
38 31 7 3 2 5 4 1 0 6 7
38 31 7 4 2 3 6 7 1 0 5
38 31 7 7 2 6 4 0 1 3 5
38 31 7 0 1 2 5 7 4 6 3
38 32 6 1 4 2 5 7 6 3 0
38 32 6 1 2 5 0 7 6 3 4
38 32 6 1 2 5 4 0 6 3 7
38 33 5 1 4 5 7 0 2 6 3
38 33 5 2 1 5 7 0 4 6 3
38 33 5 1 4 5 7 2 6 0 3
38 33 5 4 1 5 7 2 6 3 0
39 29 10 7 2 5 6 4 1 0 3
39 30 9 4 2 3 7 0 1 6 5
39 31 8 0 4 2 3 7 1 6 5
39 31 8 4 1 2 3 7 0 6 5
39 31 8 4 2 6 3 7 0 1 5
39 31 8 3 0 5 4 2 1 6 7
39 31 8 2 0 6 4 7 1 3 5
39 31 8 5 2 6 4 7 1 3 0
39 31 8 1 2 6 4 7 0 3 5
39 31 8 4 1 2 0 7 6 3 5
39 32 7 3 2 6 4 7 1 0 5
39 32 7 7 0 2 5 1 4 6 3
39 32 7 1 0 2 5 4 7 6 3
39 32 7 4 2 3 5 7 0 1 6
39 32 7 1 4 2 5 3 7 6 0
39 32 7 1 4 0 5 7 6 2 3
39 32 7 1 2 5 0 7 4 6 3
39 32 7 1 2 0 4 7 6 3 5
39 33 6 4 2 6 7 5 1 3 0
39 33 6 4 2 6 3 5 7 1 0
39 33 6 2 4 5 7 1 0 6 3
39 33 6 2 4 5 7 3 1 6 0
39 33 6 3 4 5 7 2 1 0 6
39 33 6 3 4 5 0 2 1 6 7
39 33 6 0 1 5 7 4 2 6 3
39 33 6 4 1 5 7 3 2 6 0
39 33 6 1 5 0 7 4 2 6 3
39 33 6 1 0 2 4 7 6 5 3
39 33 6 1 2 4 0 7 6 5 3
39 34 5 7 4 5 3 2 1 6 0
39 34 5 1 2 5 7 4 6 3 0
40 30 10 3 2 5 6 7 1 0 4
40 31 9 4 0 2 6 7 1 3 5
40 31 9 4 1 2 5 0 6 3 7
40 32 8 3 0 2 4 7 1 6 5
40 32 8 3 2 4 0 7 1 6 5
40 32 8 4 2 6 5 1 3 0 7
40 32 8 7 4 2 5 1 6 0 3
40 32 8 7 4 2 0 3 1 6 5
40 32 8 4 1 2 0 3 7 6 5
40 32 8 4 0 1 5 7 6 2 3
40 32 8 4 1 5 0 7 6 2 3
40 32 8 4 2 6 5 3 7 0 1
40 32 8 4 2 6 0 3 7 1 5
40 32 8 0 2 5 4 7 1 3 6
40 32 8 0 4 2 5 1 7 6 3
40 32 8 0 2 5 4 7 6 3 1
40 33 7 4 2 0 6 5 1 3 7
40 33 7 0 2 6 4 5 1 3 7
40 33 7 4 2 0 6 5 7 1 3
40 33 7 0 2 6 4 5 7 1 3
40 33 7 3 4 5 7 1 2 6 0
40 33 7 2 1 5 7 4 6 0 3
40 33 7 3 4 5 7 0 1 6 2
40 33 7 4 1 0 7 2 6 5 3
40 34 6 1 2 0 7 4 6 5 3
40 35 5 4 2 5 3 1 6 7 0
40 35 5 7 2 5 4 1 6 3 0
40 36 4 0 1 5 7 2 4 6 3
40 36 4 1 5 0 7 2 4 6 3
41 31 10 4 1 0 5 7 6 3 2
41 31 10 0 1 2 5 7 6 3 4
41 32 9 4 0 6 5 1 2 3 7
41 32 9 2 0 6 5 4 1 3 7
41 32 9 5 2 6 0 4 1 3 7
41 32 9 7 2 6 5 4 1 3 0
41 32 9 1 2 6 5 4 0 3 7
41 32 9 7 4 2 5 3 1 0 6
41 32 9 5 1 2 0 4 7 6 3
41 32 9 3 1 2 5 4 7 6 0
41 32 9 4 1 2 5 3 7 0 6
41 32 9 2 0 6 5 4 7 1 3
41 32 9 5 2 6 0 4 7 1 3
41 32 9 3 2 6 5 4 7 1 0
41 32 9 4 2 5 7 0 1 3 6
41 32 9 5 4 2 3 7 1 0 6
41 32 9 5 4 2 3 0 1 6 7
41 32 9 1 4 2 0 5 7 6 3
41 33 8 4 2 6 7 1 0 3 5
41 33 8 0 2 6 7 4 1 3 5
41 33 8 4 2 5 6 1 0 3 7
41 33 8 0 2 5 6 4 1 3 7
41 33 8 7 2 6 5 1 0 3 4
41 33 8 5 0 4 2 7 1 6 3
41 33 8 3 4 0 2 7 1 6 5
41 33 8 0 2 5 6 4 7 1 3
41 33 8 4 2 5 6 3 7 1 0
41 33 8 0 4 5 6 7 2 1 3
41 33 8 0 2 6 4 7 1 5 3
41 33 8 7 4 5 0 1 2 6 3
41 33 8 3 4 0 7 2 1 6 5
41 34 7 7 4 2 3 5 1 6 0
41 34 7 4 1 2 3 5 7 6 0
41 34 7 1 2 6 5 0 7 3 4
41 34 7 1 2 6 5 7 3 0 4
41 34 7 5 4 2 7 1 0 6 3
41 34 7 0 4 2 7 5 1 6 3
41 34 7 5 4 2 7 3 1 6 0
41 34 7 7 4 0 5 2 1 6 3
41 34 7 4 2 5 0 1 6 3 7
41 35 6 3 2 5 7 1 0 6 4
41 35 6 4 5 7 3 2 1 6 0
41 35 6 4 5 6 7 2 1 3 0
41 35 6 2 1 5 7 3 0 6 4
41 35 6 7 2 0 4 1 6 5 3
41 35 6 1 2 5 4 3 7 0 6
41 35 6 1 2 5 0 3 7 6 4
41 36 5 1 2 5 3 0 4 6 7
41 36 5 1 2 5 7 0 3 6 4
41 36 5 1 0 5 7 3 2 6 4
41 36 5 1 7 5 4 2 0 6 3
41 36 5 1 2 5 3 7 6 4 0
41 36 5 1 2 5 7 3 4 0 6
41 36 5 1 2 5 0 3 4 6 7
42 32 10 7 4 0 5 3 1 6 2
42 32 10 0 4 2 5 3 1 6 7
42 32 10 7 1 2 5 4 0 6 3
42 32 10 4 1 0 5 3 7 6 2
42 32 10 0 1 2 5 3 7 6 4
42 32 10 7 2 6 5 4 0 1 3
42 32 10 4 2 0 5 3 7 1 6
42 32 10 0 2 6 5 3 7 1 4
42 32 10 5 4 0 3 7 1 6 2
42 33 9 4 0 6 7 2 1 3 5
42 33 9 4 2 6 3 5 1 0 7
42 33 9 4 2 6 1 5 7 0 3
42 33 9 4 0 5 6 2 1 3 7
42 33 9 7 2 6 0 5 1 3 4
42 33 9 5 4 6 2 7 1 0 3
42 33 9 3 4 2 7 0 1 6 5
42 33 9 4 0 5 6 2 7 1 3
42 33 9 4 5 0 6 7 2 1 3
42 33 9 2 4 5 0 7 1 6 3
42 33 9 4 1 5 0 7 2 6 3
42 34 8 0 4 6 5 2 1 3 7
42 34 8 4 6 0 5 2 1 3 7
42 34 8 4 1 6 5 2 0 3 7
42 34 8 0 7 2 5 4 1 6 3
42 34 8 7 4 0 2 5 1 6 3
42 34 8 4 2 0 5 1 7 6 3
42 34 8 4 7 2 5 1 0 6 3
42 34 8 4 1 0 2 5 7 6 3
42 34 8 0 1 2 4 5 7 6 3
42 34 8 0 4 6 5 2 7 1 3
42 34 8 4 6 0 5 2 7 1 3
42 34 8 4 7 6 5 2 0 1 3
42 34 8 2 0 5 6 7 1 3 4
42 34 8 7 2 5 6 0 1 3 4
42 34 8 5 2 0 6 7 1 3 4
42 34 8 1 0 6 5 7 2 3 4
42 34 8 3 4 2 5 1 0 6 7
42 34 8 4 6 5 0 7 2 1 3
42 34 8 4 5 7 0 1 2 6 3
42 34 8 4 5 6 7 1 2 0 3
42 34 8 2 5 7 0 4 1 6 3
42 34 8 2 5 6 7 4 1 0 3
42 34 8 4 2 5 7 0 6 3 1
42 35 7 3 4 5 0 7 1 6 2
42 35 7 4 2 0 3 1 6 5 7
42 35 7 0 4 5 3 1 2 6 7
42 35 7 2 1 5 3 4 0 6 7
42 35 7 4 2 7 0 1 6 5 3
42 35 7 3 2 5 7 4 0 1 6
42 35 7 3 0 5 7 2 1 6 4
42 35 7 4 2 5 7 0 3 1 6
42 35 7 4 0 5 7 3 2 1 6
42 35 7 4 5 6 7 2 0 1 3
42 35 7 2 4 5 3 0 1 6 7
42 35 7 1 4 5 3 2 0 6 7
42 35 7 4 1 5 3 0 2 6 7
42 35 7 4 1 5 3 2 6 0 7
42 35 7 2 5 0 7 3 1 6 4
42 36 6 1 2 5 3 4 6 0 7
42 36 6 1 0 5 3 4 2 6 7
42 36 6 4 2 3 6 7 1 5 0
42 36 6 1 2 5 7 3 6 0 4
42 36 6 0 1 5 4 2 7 6 3
42 36 6 2 1 5 4 7 6 3 0
42 36 6 1 5 0 4 2 7 6 3
42 36 6 1 2 5 3 4 7 6 0
42 36 6 1 2 0 3 7 6 5 4
42 37 5 2 0 5 7 1 4 6 3
42 38 4 1 4 5 7 2 6 3 0
43 33 10 4 2 5 0 6 1 3 7
43 33 10 7 0 6 5 2 1 3 4
43 33 10 4 2 5 0 6 7 1 3
43 33 10 4 2 6 7 0 1 5 3
43 34 9 6 2 5 0 7 1 3 4
43 34 9 1 2 5 6 7 0 3 4
43 34 9 0 4 2 5 7 1 3 6
43 34 9 4 1 2 5 7 0 3 6
43 34 9 2 6 0 5 7 1 3 4
43 34 9 2 1 6 5 7 0 3 4
43 34 9 5 0 2 7 4 1 6 3
43 34 9 3 4 2 5 7 0 1 6
43 34 9 3 4 0 5 7 1 2 6
43 34 9 7 4 6 5 0 2 1 3
43 34 9 4 6 1 5 7 2 0 3
43 34 9 0 4 2 6 7 1 5 3
43 34 9 4 1 2 6 7 0 5 3
43 34 9 7 4 5 2 0 1 6 3
43 34 9 7 4 5 6 2 1 0 3
43 34 9 4 2 0 7 1 6 3 5
43 34 9 0 2 5 7 1 6 3 4
43 35 8 3 0 4 5 7 1 6 2
43 35 8 4 5 0 3 1 2 6 7
43 35 8 2 5 0 3 4 1 6 7
43 35 8 4 0 2 7 1 6 5 3
43 35 8 3 2 0 7 4 1 5 6
43 35 8 3 2 0 5 4 1 6 7
43 35 8 0 5 7 4 2 1 6 3
43 35 8 7 2 5 3 4 1 0 6
43 35 8 1 2 0 4 3 7 6 5
43 36 7 2 0 5 4 3 1 6 7
43 36 7 0 2 3 4 7 1 5 6
43 36 7 4 5 3 0 2 1 6 7
43 36 7 2 1 5 3 0 7 6 4
43 36 7 7 2 5 3 1 6 0 4
43 36 7 7 0 5 3 1 2 6 4
43 36 7 2 1 5 4 3 7 6 0
43 36 7 2 1 0 4 7 6 5 3
43 36 7 0 7 5 4 1 2 6 3
43 36 7 7 2 5 4 3 0 1 6
43 36 7 7 2 0 4 3 1 5 6
43 36 7 2 0 5 4 1 7 6 3
43 36 7 7 1 5 4 0 2 6 3
43 36 7 1 5 4 0 7 2 6 3
43 36 7 1 5 6 4 7 2 0 3
43 36 7 0 2 5 3 1 7 6 4
43 36 7 1 0 5 3 2 7 6 4
43 36 7 0 1 5 3 7 2 6 4
43 36 7 1 5 0 3 7 2 6 4
43 36 7 2 7 5 4 0 1 6 3
43 36 7 4 7 5 0 2 1 6 3
43 36 7 3 7 5 4 2 1 6 0
43 36 7 7 1 5 4 2 6 0 3
43 36 7 1 2 0 7 3 4 6 5
43 36 7 0 2 5 7 3 4 6 1
43 37 6 0 7 5 3 2 1 6 4
43 37 6 7 1 5 3 2 0 6 4
43 37 6 7 2 3 4 0 1 6 5
43 37 6 3 2 5 7 1 4 6 0
43 38 5 1 4 5 7 3 2 6 0
43 38 5 2 1 5 7 3 4 6 0
43 39 4 1 2 5 3 7 4 6 0
43 39 4 1 2 3 4 7 6 0 5
44 33 11 3 4 2 6 7 1 0 5
44 34 10 7 4 2 6 5 1 0 3
44 34 10 4 1 2 6 5 7 0 3
44 34 10 5 2 6 7 0 1 3 4
44 34 10 5 2 6 3 7 1 0 4
44 34 10 3 0 2 5 4 1 6 7
44 34 10 3 4 2 0 5 1 6 7
44 34 10 5 4 6 0 7 2 1 3
44 34 10 3 4 6 5 7 2 1 0
44 35 9 3 4 6 5 7 1 0 2
44 35 9 0 2 5 4 3 7 6 1
44 36 8 5 4 2 6 7 1 3 0
44 36 8 4 0 2 7 3 1 5 6
44 36 8 4 2 7 0 3 1 5 6
44 36 8 4 0 2 5 3 1 6 7
44 36 8 4 2 6 5 3 1 0 7
44 36 8 1 2 5 4 3 0 6 7
44 36 8 4 5 6 3 2 1 0 7
44 36 8 2 1 5 3 7 6 0 4
44 36 8 7 5 0 4 1 2 6 3
44 36 8 7 2 0 5 3 1 6 4
44 36 8 4 2 5 0 1 7 6 3
44 36 8 3 2 5 4 1 7 6 0
44 36 8 3 1 5 4 7 2 6 0
44 36 8 4 2 3 5 0 1 6 7
44 37 7 3 0 2 7 4 1 6 5
44 37 7 7 5 0 3 2 1 6 4
44 37 7 1 2 0 5 4 7 6 3
44 37 7 0 4 2 7 3 1 6 5
44 37 7 4 1 2 7 3 0 6 5
44 37 7 7 5 4 0 2 1 6 3
44 37 7 2 0 3 4 7 1 6 5
44 37 7 5 2 3 4 7 1 6 0
44 37 7 1 2 3 4 7 0 6 5
44 37 7 3 2 5 4 0 7 1 6
44 37 7 1 2 6 5 7 4 0 3
44 37 7 7 2 5 0 1 4 6 3
44 38 6 4 2 5 6 3 1 7 0
44 38 6 3 2 5 4 1 6 0 7
44 38 6 7 2 6 4 5 1 3 0
44 38 6 1 2 0 5 7 6 3 4
44 38 6 1 2 5 4 6 0 3 7
44 38 6 0 2 5 4 1 6 3 7
44 38 6 1 4 0 7 2 6 5 3
44 39 5 0 3 5 4 2 1 6 7
44 39 5 1 2 4 3 7 6 5 0
45 34 11 2 4 6 5 7 0 1 3
45 35 10 3 2 5 6 4 1 0 7
45 35 10 4 5 7 2 0 1 6 3
45 35 10 4 5 7 6 2 1 0 3
45 35 10 7 2 0 3 4 1 6 5
45 36 9 5 4 2 6 7 0 1 3
45 36 9 5 4 0 6 7 1 2 3
45 36 9 4 2 3 7 0 1 5 6
45 36 9 2 1 5 0 4 7 6 3
45 36 9 0 2 3 5 7 1 6 4
45 37 8 3 2 7 0 4 1 6 5
45 37 8 3 2 6 7 4 1 0 5
45 37 8 0 2 5 3 4 7 1 6
45 37 8 4 2 5 3 6 7 1 0
45 37 8 0 4 5 3 7 2 1 6
45 37 8 7 2 6 5 4 1 0 3
45 37 8 2 5 3 0 7 1 6 4
45 37 8 0 2 5 1 4 7 6 3
45 37 8 7 5 6 4 2 1 0 3
45 37 8 3 0 5 4 7 2 1 6
45 37 8 3 0 2 4 7 1 5 6
45 37 8 3 2 4 0 7 1 5 6
45 38 7 7 2 6 4 3 1 0 5
45 38 7 4 2 7 5 3 1 6 0
45 38 7 4 2 6 7 3 1 5 0
45 38 7 2 5 4 3 7 1 6 0
45 38 7 2 5 6 4 7 1 3 0
45 38 7 3 0 5 4 1 2 6 7
45 38 7 4 2 3 6 7 0 1 5
45 38 7 7 2 6 4 1 0 3 5
45 38 7 7 1 2 5 0 4 6 3
45 38 7 1 4 2 0 7 6 3 5
45 38 7 4 1 5 0 2 6 3 7
45 39 6 4 2 3 7 5 1 6 0
45 39 6 3 1 5 4 2 0 6 7
45 39 6 1 2 6 4 0 7 3 5
45 39 6 1 2 6 4 7 3 0 5
45 39 6 3 2 6 4 7 1 5 0
45 39 6 1 0 2 4 7 6 3 5
45 39 6 1 2 4 0 7 6 3 5
45 39 6 3 4 5 7 2 0 1 6
45 39 6 1 2 5 0 4 6 3 7
45 40 5 3 1 5 7 2 4 6 0
45 40 5 1 5 7 0 2 4 6 3
45 40 5 1 5 6 7 2 4 0 3
46 36 10 7 2 5 6 3 1 0 4
46 37 9 4 0 5 3 2 7 1 6
46 37 9 4 5 0 3 7 2 1 6
46 37 9 2 5 6 3 7 1 0 4
46 37 9 1 2 5 6 4 7 0 3
46 38 8 4 2 5 6 3 0 1 7
46 38 8 4 2 0 6 3 1 5 7
46 38 8 7 0 2 4 3 1 6 5
46 38 8 7 2 4 0 3 1 6 5
46 38 8 0 2 7 4 3 1 6 5
46 38 8 4 2 6 7 3 0 1 5
46 38 8 3 0 2 5 7 1 6 4
46 38 8 3 2 6 5 7 1 0 4
46 38 8 2 5 6 4 7 0 1 3
46 38 8 5 1 2 0 7 4 6 3
46 38 8 3 1 2 5 7 4 6 0
46 38 8 1 4 2 5 0 6 3 7
46 38 8 0 2 5 1 7 6 3 4
46 38 8 1 2 5 7 0 6 3 4
46 38 8 1 0 5 4 2 6 3 7
46 38 8 1 4 5 0 7 2 6 3
46 38 8 2 1 5 0 7 4 6 3
46 38 8 4 1 5 7 0 6 3 2
46 38 8 0 1 5 7 2 6 3 4
46 39 7 7 2 5 6 4 1 3 0
46 39 7 4 2 3 7 1 0 6 5
46 39 7 0 2 3 7 4 1 6 5
46 39 7 3 5 0 4 2 1 6 7
46 39 7 5 2 6 4 7 1 0 3
46 39 7 1 0 6 4 7 2 3 5
46 39 7 3 2 6 4 7 0 1 5
46 39 7 0 7 2 5 1 4 6 3
46 39 7 7 2 0 5 1 4 6 3
46 39 7 1 7 2 5 4 0 6 3
46 39 7 4 2 3 5 0 7 1 6
46 39 7 1 4 2 0 3 7 6 5
46 39 7 1 0 4 5 7 6 2 3
46 39 7 1 4 5 0 7 6 2 3
46 39 7 0 2 5 1 7 4 6 3
46 39 7 4 2 6 7 5 1 0 3
46 39 7 4 2 6 3 5 7 0 1
46 39 7 2 4 5 7 1 6 0 3
46 39 7 2 4 5 7 3 1 0 6
46 39 7 2 4 5 0 3 1 6 7
46 39 7 3 4 0 7 2 1 5 6
46 39 7 3 4 0 5 2 1 6 7
46 39 7 3 1 5 7 4 2 6 0
46 39 7 4 1 5 7 3 2 0 6
46 39 7 4 1 5 0 3 2 6 7
46 39 7 1 5 7 0 4 2 6 3
46 39 7 1 5 6 7 4 2 0 3
46 39 7 0 1 2 4 7 6 5 3
46 39 7 1 6 2 4 7 0 5 3
46 39 7 7 4 5 3 2 1 0 6
46 40 6 4 2 6 5 1 3 7 0
46 40 6 7 2 5 4 0 6 3 1
46 40 6 4 2 3 6 5 1 0 7
46 40 6 2 1 5 7 4 6 3 0
46 40 6 3 4 5 7 1 0 6 2
46 40 6 0 4 5 7 3 1 6 2
46 40 6 1 2 7 0 4 6 5 3
46 40 6 4 2 5 0 1 6 7 3
46 40 6 7 1 5 0 2 4 6 3
46 41 5 1 2 5 4 3 0 7 6
46 41 5 1 2 5 7 4 3 6 0
46 42 4 0 3 5 7 2 1 6 4
46 42 4 1 0 5 3 2 4 6 7
46 42 4 1 2 5 3 4 6 7 0
46 43 3 1 2 3 4 7 6 5 0
47 37 10 4 2 5 0 3 7 1 6
47 38 9 0 4 2 3 7 1 5 6
47 38 9 4 1 2 3 7 0 5 6
47 38 9 0 5 4 2 7 1 6 3
47 38 9 2 5 4 7 0 1 6 3
47 38 9 4 2 6 3 0 1 5 7
47 38 9 1 4 0 5 7 6 3 2
47 38 9 4 1 0 7 2 6 3 5
47 39 8 7 2 5 6 4 0 1 3
47 39 8 7 2 0 6 4 1 5 3
47 39 8 4 0 3 7 2 1 6 5
47 39 8 7 4 2 3 0 1 6 5
47 39 8 4 1 2 3 0 7 6 5
47 39 8 4 1 2 3 7 6 0 5
47 39 8 4 2 6 3 0 7 1 5
47 39 8 2 6 0 4 7 1 3 5
47 39 8 2 1 6 4 7 0 3 5
47 39 8 5 2 6 4 0 1 3 7
47 39 8 4 1 0 2 7 6 3 5
47 39 8 0 1 2 4 7 6 3 5
47 39 8 4 0 3 5 7 2 1 6
47 39 8 1 4 2 5 3 7 0 6
47 39 8 1 2 5 6 7 4 0 3
47 39 8 7 1 5 0 4 2 6 3
47 39 8 0 1 5 7 3 2 6 4
47 39 8 0 2 4 1 7 6 5 3
47 39 8 1 2 4 7 0 6 5 3
47 39 8 1 2 4 5 7 6 0 3
47 39 8 7 4 5 3 0 1 6 2
47 39 8 1 2 0 7 4 6 3 5
47 40 7 3 2 5 6 7 1 4 0
47 40 7 0 3 2 4 7 1 6 5
47 40 7 3 2 4 5 7 1 6 0
47 40 7 7 4 2 5 1 6 3 0
47 40 7 4 1 5 3 7 6 2 0
47 40 7 4 2 6 5 3 0 7 1
47 40 7 7 2 5 4 0 1 3 6
47 40 7 2 0 5 4 7 6 3 1
47 40 7 2 0 6 4 5 1 3 7
47 40 7 1 2 6 4 5 0 3 7
47 40 7 4 2 1 6 5 7 0 3
47 40 7 2 0 6 4 5 7 1 3
47 40 7 5 2 6 4 0 7 1 3
47 40 7 3 2 6 4 5 7 1 0
47 40 7 3 4 5 7 1 2 0 6
47 40 7 3 4 5 0 1 2 6 7
47 40 7 3 4 5 7 0 2 6 1
47 40 7 4 0 1 7 2 6 5 3
47 40 7 1 0 2 7 4 6 5 3
47 40 7 4 2 5 3 0 6 7 1
47 40 7 7 2 5 0 1 6 3 4
47 41 6 1 4 2 3 5 7 6 0
47 41 6 7 4 5 3 1 2 6 0
47 41 6 3 0 4 7 2 1 6 5
47 41 6 1 2 6 5 7 3 4 0
47 41 6 5 0 2 7 1 4 6 3
47 41 6 3 0 5 7 1 2 6 4
47 41 6 2 1 5 7 0 3 6 4
47 41 6 1 2 0 4 3 7 5 6
47 41 6 0 2 5 3 1 4 6 7
47 41 6 0 2 5 7 1 3 6 4
47 41 6 1 0 5 7 2 3 6 4
47 41 6 1 5 0 7 3 2 6 4
47 41 6 1 7 5 4 0 2 6 3
47 41 6 1 7 5 4 2 6 0 3
47 41 6 1 2 5 0 7 6 4 3
47 41 6 1 2 5 7 3 0 4 6
47 41 6 1 2 0 7 3 4 5 6
47 41 6 1 2 0 5 3 4 6 7
47 42 5 4 2 6 3 5 1 7 0
47 42 5 3 1 5 7 2 0 6 4
47 42 5 1 2 5 7 3 6 4 0
47 42 5 1 2 3 0 7 6 5 4
48 38 10 4 2 7 3 0 1 6 5
48 38 10 4 2 7 6 3 1 0 5
48 38 10 0 2 6 3 7 1 5 4
48 38 10 7 0 6 4 2 1 3 5
48 38 10 7 2 6 0 4 1 3 5
48 38 10 0 4 2 5 7 6 3 1
48 39 9 1 4 2 3 7 0 6 5
48 39 9 4 0 6 3 7 2 1 5
48 39 9 5 2 0 4 7 1 3 6
48 39 9 1 4 0 5 3 7 6 2
48 39 9 4 2 0 7 5 1 3 6
48 39 9 0 2 6 7 5 1 3 4
48 39 9 4 2 0 3 5 7 1 6
48 39 9 0 2 6 3 5 7 1 4
48 39 9 2 4 0 7 3 1 6 5
48 39 9 3 4 5 2 0 1 6 7
48 39 9 3 4 5 6 2 1 0 7
48 39 9 4 1 0 7 3 2 6 5
48 39 9 7 4 0 3 2 1 6 5
48 39 9 0 2 5 7 4 6 3 1
48 40 8 3 2 5 6 7 0 1 4
48 40 8 3 2 0 6 7 1 5 4
48 40 8 0 1 2 5 4 6 3 7
48 40 8 3 1 2 4 7 0 6 5
48 40 8 4 2 0 5 1 3 6 7
48 40 8 7 4 0 5 1 6 2 3
48 40 8 7 4 0 2 3 1 6 5
48 40 8 4 1 0 2 3 7 6 5
48 40 8 0 4 1 5 7 6 2 3
48 40 8 0 1 5 4 7 6 2 3
48 40 8 4 2 0 5 3 7 6 1
48 40 8 4 2 0 6 3 7 1 5
48 40 8 0 2 6 4 3 7 1 5
48 40 8 2 0 5 4 7 1 3 6
48 40 8 6 2 5 4 7 1 3 0
48 40 8 1 2 5 4 7 0 3 6
48 40 8 4 2 5 0 7 6 3 1
48 40 8 4 0 2 6 5 1 3 7
48 40 8 4 0 2 6 5 7 1 3
48 40 8 7 2 6 4 5 0 1 3
48 40 8 2 1 0 7 4 6 5 3
48 40 8 3 0 5 7 4 1 6 2
48 40 8 4 1 7 0 2 6 5 3
48 40 8 4 2 0 3 1 6 7 5
48 40 8 0 2 5 3 1 6 7 4
48 40 8 7 2 0 4 1 6 3 5
48 41 7 4 1 3 5 7 6 0 2
48 41 7 1 0 2 5 7 6 3 4
48 41 7 5 2 6 7 4 1 3 0
48 41 7 1 2 6 5 0 4 3 7
48 41 7 1 2 6 5 4 3 0 7
48 41 7 5 1 2 3 4 7 6 0
48 41 7 5 2 6 3 4 7 1 0
48 41 7 4 2 5 7 1 0 3 6
48 41 7 0 2 5 7 4 1 3 6
48 41 7 4 2 5 7 6 1 3 0
48 41 7 1 4 0 2 5 7 6 3
48 41 7 7 2 6 4 0 1 5 3
48 41 7 3 4 7 0 2 1 6 5
48 41 7 3 4 6 7 2 1 0 5
48 41 7 1 2 6 5 4 7 3 0
48 41 7 1 2 0 5 7 3 6 4
48 41 7 4 0 2 7 5 1 6 3
48 41 7 7 0 4 5 2 1 6 3
48 41 7 4 2 0 5 1 6 3 7
48 41 7 3 2 5 7 1 6 0 4
48 41 7 2 1 5 7 3 6 0 4
48 41 7 7 0 2 4 1 6 5 3
48 41 7 7 2 4 0 1 6 5 3
48 41 7 1 2 0 5 3 7 6 4
48 41 7 1 2 5 3 0 6 4 7
48 41 7 0 2 5 1 3 4 6 7
48 42 6 4 2 6 1 5 0 7 3
48 42 6 4 2 6 1 5 7 3 0
48 42 6 2 4 5 3 7 1 6 0
48 42 6 4 1 5 3 7 2 6 0
48 42 6 1 0 2 4 5 7 6 3
48 42 6 3 4 5 2 7 1 6 0
48 42 6 4 2 3 0 1 6 5 7
48 42 6 1 4 5 3 0 2 6 7
48 42 6 2 1 5 3 0 4 6 7
48 42 6 4 2 7 3 1 6 5 0
48 42 6 3 2 5 7 0 4 1 6
48 42 6 3 5 0 7 2 1 6 4
48 42 6 1 4 5 3 2 6 0 7
48 42 6 4 1 5 3 2 6 7 0
48 42 6 1 2 0 3 4 6 5 7
48 42 6 1 2 0 7 3 6 5 4
48 42 6 1 5 4 0 2 7 6 3
48 42 6 2 5 0 7 1 4 6 3
48 42 6 1 4 5 0 2 6 3 7
48 43 5 4 5 3 7 2 1 6 0
48 43 5 1 7 5 3 2 0 6 4
48 43 5 4 7 5 3 2 1 6 0
48 43 5 1 0 2 7 3 4 6 5
48 43 5 2 0 5 7 3 4 6 1
48 43 5 3 2 5 7 0 4 6 1
48 43 5 7 2 3 4 5 1 6 0
48 44 4 3 2 5 4 1 6 7 0
49 38 11 2 5 4 6 7 1 0 3
49 39 10 4 1 2 7 0 6 3 5
49 39 10 0 4 2 5 3 7 6 1
49 40 9 0 4 2 6 7 1 3 5
49 40 9 4 1 2 6 7 0 3 5
49 40 9 4 1 2 5 6 0 3 7
49 40 9 4 1 2 0 5 6 3 7
49 40 9 0 2 4 3 7 1 6 5
49 40 9 3 2 4 7 0 1 6 5
49 40 9 0 1 2 4 3 7 6 5
49 40 9 4 6 1 5 7 0 2 3
49 40 9 4 1 5 7 0 6 2 3
49 40 9 5 4 2 0 1 7 6 3
49 40 9 3 4 2 5 1 7 6 0
49 40 9 6 2 5 4 7 0 3 1
49 40 9 3 4 0 7 1 2 6 5
49 41 8 4 0 1 5 7 6 3 2
49 41 8 4 1 5 0 7 6 3 2
49 41 8 7 1 2 5 0 6 3 4
49 41 8 5 2 0 6 4 1 3 7
49 41 8 1 0 6 5 4 2 3 7
49 41 8 5 1 0 2 4 7 6 3
49 41 8 3 1 2 0 4 7 6 5
49 41 8 4 1 2 5 3 0 7 6
49 41 8 5 2 0 6 4 7 1 3
49 41 8 3 2 6 5 4 7 0 1
49 41 8 3 2 6 0 4 7 1 5
49 41 8 4 0 5 7 2 1 3 6
49 41 8 5 4 2 3 1 0 6 7
49 41 8 0 4 2 3 5 1 6 7
49 41 8 4 2 6 7 1 3 0 5
49 41 8 4 0 6 7 1 2 3 5
49 41 8 2 0 6 7 4 1 3 5
49 41 8 4 2 5 6 1 3 0 7
49 41 8 4 0 5 6 1 2 3 7
49 41 8 2 0 5 6 4 1 3 7
49 41 8 7 2 6 5 1 3 0 4
49 41 8 5 1 4 2 7 0 6 3
49 41 8 3 0 4 2 7 1 6 5
49 41 8 2 0 5 6 4 7 1 3
49 41 8 4 2 5 6 3 7 0 1
49 41 8 7 4 5 6 0 2 1 3
49 41 8 2 0 6 4 7 1 5 3
49 41 8 1 2 6 4 7 0 5 3
49 41 8 7 4 0 5 1 2 6 3
49 41 8 7 4 2 3 5 1 0 6
49 41 8 4 1 2 3 5 7 0 6
49 41 8 0 2 6 5 1 7 3 4
49 41 8 1 2 6 0 5 7 3 4
49 41 8 5 4 2 7 1 6 0 3
49 41 8 3 4 2 7 5 1 6 0
49 41 8 1 4 2 7 5 0 6 3
49 41 8 5 4 2 7 3 1 0 6
49 41 8 5 4 2 0 3 1 6 7
49 41 8 7 4 6 5 2 1 0 3
49 41 8 4 5 7 3 2 1 0 6
49 41 8 4 5 6 0 2 1 3 7
49 41 8 0 2 5 1 3 7 6 4
49 41 8 1 2 5 0 7 3 6 4
49 41 8 1 2 0 3 7 6 4 5
49 41 8 1 2 5 6 3 4 0 7
49 42 7 7 4 5 0 3 1 6 2
49 42 7 4 1 5 0 3 7 6 2
49 42 7 1 0 2 5 3 7 6 4
49 42 7 0 4 6 7 2 1 3 5
49 42 7 4 6 0 7 2 1 3 5
49 42 7 4 1 6 7 2 0 3 5
49 42 7 4 2 6 3 5 0 1 7
49 42 7 4 2 0 3 5 1 6 7
49 42 7 4 2 0 1 5 7 6 3
49 42 7 0 4 5 6 2 1 3 7
49 42 7 4 1 5 6 2 0 3 7
49 42 7 7 2 0 6 5 1 3 4
49 42 7 3 4 2 7 1 0 6 5
49 42 7 0 4 5 6 2 7 1 3
49 42 7 4 7 5 6 2 0 1 3
49 42 7 4 6 5 0 2 1 3 7
49 42 7 4 6 5 0 2 7 1 3
49 42 7 5 2 3 6 7 1 0 4
49 42 7 3 0 2 5 1 4 6 7
49 42 7 4 6 5 3 7 2 1 0
49 42 7 4 5 7 3 1 2 6 0
49 42 7 4 5 6 7 1 2 3 0
49 42 7 2 5 7 3 4 1 6 0
49 42 7 2 5 6 7 4 1 3 0
49 42 7 4 2 5 7 6 0 3 1
49 42 7 0 2 7 4 1 6 5 3
49 42 7 3 0 5 7 4 2 1 6
49 42 7 0 2 5 7 4 3 1 6
49 42 7 4 2 5 7 6 3 1 0
49 42 7 0 4 5 7 3 2 1 6
49 42 7 4 0 6 7 2 5 1 3
49 42 7 2 4 5 3 1 0 6 7
49 42 7 0 1 5 3 4 2 6 7
49 42 7 1 5 0 3 4 2 6 7
49 42 7 4 1 5 0 2 7 6 3
49 42 7 3 1 5 4 2 7 6 0
49 42 7 1 5 6 4 2 7 0 3
49 42 7 1 2 5 3 4 7 0 6
49 42 7 1 0 2 3 7 6 5 4
49 42 7 1 4 5 7 0 6 3 2
49 43 6 7 4 5 6 2 1 3 0
49 43 6 4 2 3 7 1 6 0 5
49 43 6 1 2 6 4 3 7 0 5
49 43 6 7 2 3 4 0 1 5 6
49 43 6 0 1 5 3 2 7 6 4
49 43 6 7 2 5 3 1 6 4 0
49 43 6 1 5 4 3 7 2 6 0
49 43 6 1 5 6 4 7 2 3 0
49 43 6 1 5 0 3 2 7 6 4
49 43 6 3 7 5 0 2 1 6 4
49 43 6 7 1 5 4 2 6 3 0
49 43 6 1 2 7 0 3 4 6 5
49 43 6 1 2 6 7 3 4 0 5
49 43 6 7 2 3 4 1 0 6 5
49 43 6 3 2 5 7 1 4 0 6
49 43 6 3 2 5 0 1 4 6 7
49 43 6 1 4 5 7 3 2 0 6
49 43 6 1 4 5 0 3 2 6 7
49 43 6 2 1 5 7 3 4 0 6
49 43 6 2 1 5 0 3 4 6 7
49 43 6 1 2 5 3 7 4 0 6
49 44 5 1 2 5 4 3 6 0 7
49 44 5 1 2 3 4 0 7 6 5
49 44 5 7 2 5 3 1 4 6 0
49 44 5 1 2 3 5 7 6 0 4
49 45 4 1 5 7 3 2 4 6 0
49 45 4 1 5 6 7 2 4 3 0
50 40 10 4 0 2 5 1 6 3 7
50 40 10 3 2 4 6 7 1 0 5
50 40 10 4 1 5 2 7 6 0 3
50 40 10 4 2 6 1 3 7 0 5
50 41 9 5 1 2 0 7 6 3 4
50 41 9 0 4 6 5 1 2 3 7
50 41 9 4 6 0 5 1 2 3 7
50 41 9 2 6 0 5 4 1 3 7
50 41 9 2 1 6 5 4 0 3 7
50 41 9 7 4 2 5 3 0 1 6
50 41 9 7 4 0 5 3 1 2 6
50 41 9 3 1 2 5 4 7 0 6
50 41 9 3 1 2 5 0 7 6 4
50 41 9 4 1 0 5 3 7 2 6
50 41 9 2 6 0 5 4 7 1 3
50 41 9 2 7 6 5 4 0 1 3
50 41 9 3 2 6 5 0 7 1 4
50 41 9 5 4 2 3 7 0 1 6
50 41 9 5 4 0 3 7 1 2 6
50 41 9 0 4 2 1 5 7 6 3
50 41 9 1 4 2 6 5 7 0 3
50 41 9 1 2 6 7 4 0 3 5
50 41 9 6 2 5 0 4 1 3 7
50 41 9 1 2 5 6 4 0 3 7
50 41 9 7 0 6 5 1 2 3 4
50 41 9 3 4 6 2 7 1 0 5
50 41 9 6 2 5 0 4 7 1 3
50 41 9 3 2 5 6 4 7 1 0
50 41 9 6 4 5 0 7 2 1 3
50 41 9 3 4 5 6 7 2 1 0
50 41 9 7 4 5 1 0 2 6 3
50 41 9 1 0 6 5 2 7 3 4
50 41 9 5 4 0 7 3 1 6 2
50 41 9 4 2 5 1 0 6 3 7
50 41 9 4 5 7 3 0 1 6 2
50 41 9 0 5 7 3 2 1 6 4
50 41 9 4 5 6 7 0 1 3 2
50 41 9 4 5 0 7 2 1 3 6
50 41 9 0 5 6 7 2 1 3 4
50 41 9 1 2 5 6 3 7 0 4
50 41 9 0 2 5 3 7 6 4 1
50 42 8 7 0 4 5 3 1 6 2
50 42 8 7 1 2 5 4 6 0 3
50 42 8 4 0 1 5 3 7 6 2
50 42 8 7 2 6 5 0 4 1 3
50 42 8 4 2 1 5 3 7 0 6
50 42 8 5 0 4 3 7 1 6 2
50 42 8 5 4 3 0 7 1 6 2
50 42 8 4 5 0 6 2 1 3 7
50 42 8 5 4 6 2 7 1 3 0
50 42 8 4 5 0 6 2 7 1 3
50 42 8 2 4 0 5 7 1 6 3
50 42 8 0 4 5 2 7 1 6 3
50 42 8 4 1 0 5 7 2 6 3
50 42 8 4 6 3 5 2 1 0 7
50 42 8 4 1 6 5 2 3 0 7
50 42 8 4 7 2 5 0 1 6 3
50 42 8 7 0 4 2 5 1 6 3
50 42 8 7 4 6 2 5 1 0 3
50 42 8 4 2 6 5 1 7 0 3
50 42 8 4 7 2 5 1 6 0 3
50 42 8 4 0 1 2 5 7 6 3
50 42 8 4 1 6 2 5 7 0 3
50 42 8 5 1 2 4 0 7 6 3
50 42 8 3 1 2 4 5 7 6 0
50 42 8 4 6 1 5 2 7 0 3
50 42 8 4 7 6 5 2 1 0 3
50 42 8 2 1 5 6 7 0 3 4
50 42 8 7 2 5 6 1 0 3 4
50 42 8 1 6 0 5 7 2 3 4
50 42 8 3 4 2 5 1 6 0 7
50 42 8 4 5 6 7 1 0 2 3
50 42 8 2 5 6 7 4 0 1 3
50 42 8 4 0 5 7 2 6 3 1
50 42 8 0 4 5 3 7 1 6 2
50 42 8 4 0 2 3 1 6 5 7
50 42 8 2 1 5 3 4 6 0 7
50 42 8 4 0 5 7 2 3 1 6
50 42 8 4 5 0 7 3 2 1 6
50 42 8 4 5 6 7 0 2 1 3
50 42 8 4 1 0 3 2 6 5 7
50 42 8 2 5 7 0 3 1 6 4
50 42 8 2 5 6 7 3 1 0 4
50 42 8 4 2 3 6 0 1 5 7
50 42 8 2 1 5 0 7 6 3 4
50 42 8 2 1 5 4 0 6 3 7
50 42 8 1 4 0 7 2 6 3 5
50 42 8 0 4 5 7 2 6 3 1
50 43 7 1 2 5 6 0 7 3 4
50 43 7 1 2 5 6 7 3 0 4
50 43 7 1 0 5 6 7 2 3 4
50 43 7 0 5 2 7 4 1 6 3
50 43 7 5 2 0 7 4 1 6 3
50 43 7 5 1 2 7 4 0 6 3
50 43 7 7 4 5 2 1 0 6 3
50 43 7 7 4 5 2 3 1 6 0
50 43 7 7 4 5 6 2 0 1 3
50 43 7 4 2 7 0 1 6 3 5
50 43 7 2 0 5 7 1 6 3 4
50 43 7 0 3 4 5 7 1 6 2
50 43 7 5 0 7 4 2 1 6 3
50 43 7 1 0 2 4 3 7 6 5
50 43 7 1 2 4 0 3 7 6 5
50 43 7 2 1 5 4 3 0 6 7
50 43 7 2 0 3 4 7 1 5 6
50 43 7 6 2 3 4 7 1 5 0
50 43 7 1 2 3 4 7 0 5 6
50 43 7 2 1 5 3 4 7 6 0
50 43 7 7 2 0 3 1 6 5 4
50 43 7 0 7 5 3 1 2 6 4
50 43 7 2 1 5 0 3 7 6 4
50 43 7 2 0 1 4 7 6 5 3
50 43 7 7 2 5 4 0 3 1 6
50 43 7 2 7 5 4 1 0 6 3
50 43 7 7 1 5 4 3 2 6 0
50 43 7 1 5 6 4 7 0 2 3
50 43 7 2 0 5 3 1 7 6 4
50 43 7 7 1 5 3 0 2 6 4
50 43 7 1 5 3 0 7 2 6 4
50 43 7 2 7 5 4 3 1 6 0
50 43 7 4 7 0 5 2 1 6 3
50 43 7 3 7 5 4 2 1 0 6
50 43 7 7 1 0 4 2 6 5 3
50 43 7 7 2 5 0 3 4 6 1
50 43 7 2 7 5 3 0 1 6 4
50 43 7 7 1 5 3 2 6 0 4
50 43 7 0 1 5 7 3 4 6 2
50 44 6 4 2 6 5 3 1 7 0
50 44 6 1 2 5 4 0 3 6 7
50 44 6 1 0 5 4 3 2 6 7
50 44 6 4 2 5 3 1 7 6 0
50 44 6 0 3 2 7 4 1 6 5
50 44 6 7 5 4 3 2 1 6 0
50 44 6 5 2 3 4 7 1 0 6
50 44 6 1 0 3 4 7 2 6 5
50 44 6 1 2 6 5 7 4 3 0
50 44 6 3 2 0 4 1 6 5 7
50 44 6 7 2 6 4 5 1 0 3
50 44 6 1 2 5 4 6 3 0 7
50 44 6 1 0 4 7 2 6 5 3
50 44 6 2 3 5 4 0 1 6 7
50 44 6 4 3 5 0 2 1 6 7
50 44 6 7 3 5 4 2 1 6 0
50 44 6 1 3 5 4 2 0 6 7
50 44 6 1 2 4 3 7 6 0 5
50 45 5 1 2 6 4 5 7 3 0
50 45 5 1 2 6 4 7 3 5 0
50 45 5 1 2 4 5 7 6 3 0
50 45 5 3 0 5 7 2 4 1 6
50 45 5 3 1 5 7 2 4 0 6
50 45 5 3 1 5 0 2 4 6 7
50 46 4 4 2 3 6 5 1 7 0
50 46 4 7 1 5 3 2 4 6 0
50 47 3 1 3 5 7 2 0 6 4
51 40 11 7 4 2 6 3 1 0 5
51 40 11 4 1 2 6 3 7 0 5
51 41 10 5 2 6 3 4 1 0 7
51 41 10 7 2 0 5 4 1 3 6
51 41 10 3 1 0 5 4 7 6 2
51 41 10 5 2 6 1 4 7 0 3
51 41 10 3 2 0 5 4 7 1 6
51 41 10 5 0 2 3 4 1 6 7
51 41 10 0 2 5 6 3 7 1 4
51 41 10 2 4 5 6 7 0 1 3
51 41 10 7 4 5 6 1 2 0 3
51 41 10 7 4 0 3 5 1 6 2
51 41 10 4 1 0 3 5 7 6 2
51 41 10 0 1 2 3 5 7 6 4
51 42 9 7 4 6 5 3 1 0 2
51 42 9 1 4 2 5 3 0 6 7
51 42 9 4 1 6 5 3 7 0 2
51 42 9 5 1 2 0 3 7 6 4
51 42 9 7 0 6 5 4 2 1 3
51 42 9 4 0 2 5 3 7 1 6
51 42 9 2 0 6 5 3 7 1 4
51 42 9 5 2 6 0 3 7 1 4
51 42 9 5 4 6 3 7 1 0 2
51 42 9 7 2 6 3 5 1 0 4
51 42 9 5 4 6 2 7 0 1 3
51 42 9 4 5 6 0 7 2 1 3
51 42 9 4 5 1 6 7 2 0 3
51 42 9 2 4 6 5 0 1 3 7
51 42 9 5 4 6 0 2 1 3 7
51 42 9 7 4 6 5 2 1 3 0
51 42 9 1 4 6 5 2 0 3 7
51 42 9 4 1 6 5 0 2 3 7
51 42 9 5 7 2 0 4 1 6 3
51 42 9 3 7 2 5 4 1 6 0
51 42 9 7 1 2 4 5 0 6 3
51 42 9 2 4 6 5 0 7 1 3
51 42 9 5 4 6 0 2 7 1 3
51 42 9 3 4 6 5 2 7 1 0
51 42 9 4 7 6 5 0 2 1 3
51 42 9 2 5 0 6 7 1 3 4
51 42 9 7 0 5 6 2 1 3 4
51 42 9 5 0 2 6 7 1 3 4
51 42 9 0 1 6 5 7 2 3 4
51 42 9 0 6 5 4 7 2 1 3
51 42 9 4 6 5 7 0 2 1 3
51 42 9 0 5 7 4 1 2 6 3
51 42 9 0 5 7 2 4 1 6 3
51 42 9 4 2 7 1 0 6 5 3
51 42 9 4 2 7 5 1 6 0 3
51 42 9 0 2 3 6 7 1 5 4
51 42 9 2 1 0 4 7 6 3 5
51 42 9 0 1 5 4 7 6 3 2
51 42 9 1 2 0 3 4 7 6 5
51 42 9 0 2 5 3 4 7 6 1
51 43 8 4 2 0 5 6 1 3 7
51 43 8 0 2 5 4 6 1 3 7
51 43 8 0 7 6 5 2 1 3 4
51 43 8 7 6 0 5 2 1 3 4
51 43 8 7 1 6 5 2 0 3 4
51 43 8 4 2 0 5 6 7 1 3
51 43 8 0 2 5 4 6 7 1 3
51 43 8 4 2 6 7 1 0 5 3
51 43 8 0 2 6 7 4 1 5 3
51 43 8 6 2 0 5 7 1 3 4
51 43 8 2 6 5 0 7 1 3 4
51 43 8 2 6 3 5 7 1 0 4
51 43 8 3 0 2 5 7 4 1 6
51 43 8 3 4 5 0 7 1 2 6
51 43 8 7 4 6 5 2 0 1 3
51 43 8 4 6 1 5 7 2 3 0
51 43 8 7 4 0 6 2 1 5 3
51 43 8 4 0 2 7 1 6 3 5
51 43 8 3 1 4 5 7 0 6 2
51 43 8 4 5 3 0 1 2 6 7
51 43 8 2 5 3 0 4 1 6 7
51 43 8 0 4 2 7 1 6 5 3
51 43 8 4 6 2 7 1 0 5 3
51 43 8 3 0 2 7 4 1 5 6
51 43 8 3 2 7 0 4 1 5 6
51 43 8 3 2 6 5 4 1 0 7
51 43 8 2 5 7 4 0 1 6 3
51 43 8 3 5 7 4 2 1 6 0
51 43 8 1 5 7 4 2 0 6 3
51 43 8 7 2 5 3 4 0 1 6
51 43 8 7 2 0 3 4 1 5 6
51 43 8 2 5 0 4 3 1 6 7
51 43 8 0 5 3 4 2 1 6 7
51 43 8 7 5 0 3 1 2 6 4
51 43 8 2 1 5 4 3 7 0 6
51 43 8 2 1 4 0 7 6 5 3
51 43 8 4 7 5 0 1 2 6 3
51 43 8 3 7 5 4 1 2 6 0
51 43 8 7 0 5 4 3 2 1 6
51 43 8 7 0 2 4 3 1 5 6
51 43 8 7 2 4 0 3 1 5 6
51 43 8 2 5 0 4 1 7 6 3
51 43 8 1 5 4 7 0 2 6 3
51 43 8 3 2 5 0 1 7 6 4
51 43 8 3 1 5 0 7 2 6 4
51 43 8 1 5 6 3 7 2 0 4
51 43 8 3 7 5 4 0 1 6 2
51 43 8 4 2 5 7 3 0 6 1
51 43 8 3 2 0 7 1 4 6 5
51 43 8 1 4 0 7 3 2 6 5
51 43 8 0 4 5 7 3 2 6 1
51 43 8 2 1 0 7 3 4 6 5
51 43 8 1 2 0 3 7 4 6 5
51 43 8 0 2 5 3 7 4 6 1
51 44 7 7 4 2 6 5 1 3 0
51 44 7 4 1 2 6 5 0 7 3
51 44 7 4 1 2 6 5 7 3 0
51 44 7 5 2 6 3 7 1 4 0
51 44 7 0 3 2 5 4 1 6 7
51 44 7 2 0 5 4 3 7 6 1
51 44 7 3 2 5 4 0 7 6 1
51 44 7 4 2 7 6 3 1 5 0
51 44 7 4 5 6 3 2 1 7 0
51 44 7 2 1 5 3 7 6 4 0
51 44 7 3 2 5 4 1 7 0 6
51 44 7 4 2 3 5 1 0 6 7
51 44 7 0 2 3 5 4 1 6 7
51 44 7 3 1 2 7 4 0 6 5
51 44 7 7 5 3 0 2 1 6 4
51 44 7 1 2 6 5 4 7 0 3
51 44 7 4 1 2 7 0 3 6 5
51 44 7 0 5 4 7 2 1 6 3
51 44 7 2 3 0 4 7 1 6 5
51 44 7 2 1 3 4 7 0 6 5
51 44 7 5 2 3 0 7 1 6 4
51 44 7 5 2 3 4 0 1 6 7
51 44 7 0 2 5 4 3 7 1 6
51 44 7 3 2 5 4 6 7 1 0
51 44 7 1 2 6 5 7 0 4 3
51 44 7 4 2 5 0 3 1 7 6
51 44 7 1 0 5 4 6 2 3 7
51 44 7 2 0 5 4 1 6 3 7
51 44 7 1 4 7 0 2 6 5 3
51 44 7 1 2 4 3 0 6 5 7
51 45 6 3 2 5 6 4 1 7 0
51 45 6 2 5 3 4 7 1 6 0
51 45 6 7 2 6 4 3 1 5 0
51 45 6 0 3 5 4 1 2 6 7
51 45 6 4 2 3 7 5 1 0 6
51 45 6 4 2 3 0 5 1 6 7
51 45 6 1 2 0 4 7 3 6 5
51 45 6 1 2 0 5 4 6 3 7
51 45 6 3 1 5 7 0 4 6 2
51 45 6 1 5 6 7 2 0 4 3
51 46 5 1 4 5 3 7 2 6 0
51 46 5 2 1 5 3 7 4 6 0
51 46 5 1 0 5 7 2 6 3 4
51 46 5 3 0 5 7 1 4 6 2
51 46 5 1 2 7 3 4 6 5 0
51 46 5 1 2 5 4 0 3 7 6
51 46 5 2 3 5 7 0 1 6 4
51 46 5 4 3 5 7 2 1 6 0
51 46 5 0 1 5 3 2 4 6 7
51 46 5 1 5 0 3 2 4 6 7
51 46 5 1 2 5 0 4 6 7 3
51 46 5 1 2 3 4 0 6 5 7
52 41 11 6 1 2 5 7 0 3 4
52 41 11 5 1 2 6 4 7 0 3
52 42 10 7 1 2 5 3 0 6 4
52 42 10 7 2 6 5 3 0 1 4
52 42 10 2 4 5 6 7 1 0 3
52 42 10 4 1 5 6 7 2 0 3
52 42 10 7 2 5 0 6 1 3 4
52 42 10 4 6 5 1 7 2 0 3
52 42 10 4 5 7 1 0 2 6 3
52 42 10 3 4 5 6 7 1 0 2
52 42 10 4 2 5 0 7 3 1 6
52 43 9 4 0 6 7 2 1 5 3
52 43 9 6 2 5 7 0 1 3 4
52 43 9 7 4 2 5 0 1 3 6
52 43 9 4 1 2 5 0 7 3 6
52 43 9 4 1 2 5 7 3 0 6
52 43 9 2 1 6 5 0 7 3 4
52 43 9 2 1 6 5 7 3 0 4
52 43 9 3 4 2 5 0 7 1 6
52 43 9 3 0 4 5 7 1 2 6
52 43 9 7 4 6 5 3 2 1 0
52 43 9 7 4 2 6 0 1 5 3
52 43 9 4 1 2 6 0 7 5 3
52 43 9 4 1 2 6 7 5 0 3
52 43 9 7 0 5 2 4 1 6 3
52 43 9 6 2 5 7 1 0 3 4
52 43 9 4 5 6 3 1 2 0 7
52 43 9 2 5 6 3 4 1 0 7
52 43 9 0 1 5 4 3 7 6 2
52 43 9 0 5 4 1 7 2 6 3
52 43 9 2 7 5 0 4 1 6 3
52 43 9 4 7 5 2 0 1 6 3
52 43 9 4 7 5 6 2 1 0 3
52 43 9 3 7 0 4 2 1 6 5
52 43 9 7 0 3 4 2 1 6 5
52 43 9 7 2 3 0 4 1 6 5
52 44 8 3 4 2 6 7 1 5 0
52 44 8 7 4 2 6 5 0 1 3
52 44 8 7 4 0 6 5 1 2 3
52 44 8 4 1 0 6 5 7 2 3
52 44 8 5 2 6 7 1 0 3 4
52 44 8 5 2 6 3 7 0 1 4
52 44 8 5 2 0 3 7 1 6 4
52 44 8 3 1 2 5 4 0 6 7
52 44 8 3 4 0 2 5 1 6 7
52 44 8 5 4 6 3 7 2 1 0
52 44 8 3 4 6 5 7 1 2 0
52 44 8 4 2 5 0 3 7 6 1
52 44 8 0 4 2 7 3 1 5 6
52 44 8 4 1 2 7 3 0 5 6
52 44 8 0 2 7 4 3 1 5 6
52 44 8 4 1 2 5 3 0 6 7
52 44 8 4 2 6 5 3 0 1 7
52 44 8 4 5 6 3 2 0 1 7
52 44 8 2 1 0 3 7 6 5 4
52 44 8 7 5 4 0 1 2 6 3
52 44 8 7 5 6 4 1 2 0 3
52 44 8 7 0 2 5 3 1 6 4
52 44 8 7 2 6 5 3 1 0 4
52 44 8 3 1 5 4 7 2 0 6
52 44 8 3 1 5 4 0 2 6 7
52 44 8 7 5 6 3 2 1 0 4
52 44 8 1 4 2 7 3 0 6 5
52 44 8 4 1 2 7 3 6 0 5
52 44 8 7 2 5 1 0 4 6 3
52 44 8 4 2 5 6 0 1 7 3
52 44 8 7 2 0 4 5 1 3 6
52 45 7 4 5 7 6 2 1 3 0
52 45 7 4 2 3 7 1 0 5 6
52 45 7 0 2 3 7 4 1 5 6
52 45 7 4 2 3 7 6 1 5 0
52 45 7 7 2 3 5 0 1 6 4
52 45 7 3 2 7 5 4 1 6 0
52 45 7 3 2 6 7 4 1 5 0
52 45 7 2 0 5 1 4 7 6 3
52 45 7 4 2 5 1 0 7 6 3
52 45 7 7 5 6 4 2 1 3 0
52 45 7 0 3 5 4 7 2 1 6
52 45 7 3 2 4 6 7 1 5 0
52 45 7 7 2 6 4 3 0 1 5
52 45 7 4 2 3 6 0 7 1 5
52 45 7 7 2 6 4 1 3 0 5
52 45 7 7 1 2 5 3 4 6 0
52 45 7 1 4 0 2 7 6 3 5
52 45 7 3 1 5 4 2 6 0 7
52 45 7 0 2 6 4 1 7 3 5
52 45 7 1 6 2 4 7 0 3 5
52 45 7 3 4 5 7 0 2 1 6
52 45 7 3 1 0 7 2 4 6 5
52 45 7 0 5 7 1 2 4 6 3
52 46 6 1 2 5 6 4 0 7 3
52 46 6 1 2 5 6 4 7 3 0
52 46 6 5 1 2 3 7 4 6 0
52 46 6 1 2 5 7 6 0 3 4
52 46 6 1 5 0 4 2 6 3 7
52 46 6 1 6 5 4 2 0 3 7
52 46 6 1 7 2 5 0 4 6 3
52 46 6 1 4 5 3 7 6 2 0
52 46 6 2 0 5 1 7 4 6 3
52 46 6 4 2 6 3 5 0 7 1
52 46 6 2 4 5 7 1 6 3 0
52 46 6 1 5 7 3 4 2 6 0
52 46 6 1 5 6 7 4 2 3 0
52 46 6 4 2 3 6 5 0 1 7
52 46 6 4 0 5 7 3 1 6 2
52 46 6 4 2 0 5 1 6 7 3
52 46 6 0 2 5 4 1 6 7 3
52 46 6 7 1 0 5 2 4 6 3
52 46 6 1 0 5 4 3 2 7 6
52 46 6 1 2 5 7 4 3 0 6
52 46 6 1 2 5 0 4 3 6 7
52 46 6 7 3 5 0 2 1 6 4
52 46 6 1 2 5 3 0 6 7 4
52 47 5 4 3 0 7 2 1 6 5
52 47 5 1 2 5 6 7 4 3 0
52 47 5 1 2 3 7 4 6 0 5
52 47 5 1 2 6 4 5 3 0 7
52 47 5 3 4 5 7 2 0 6 1
52 47 5 0 3 4 7 2 1 6 5
52 47 5 0 3 5 7 1 2 6 4
52 47 5 0 1 5 7 2 3 6 4
52 47 5 1 5 0 7 2 3 6 4
52 47 5 1 7 5 4 2 6 3 0
52 49 3 1 2 5 4 3 6 7 0
53 42 11 4 5 7 6 1 2 0 3
53 42 11 2 5 7 6 4 1 0 3
53 43 10 4 2 5 3 6 1 0 7
53 43 10 4 2 5 1 6 7 0 3
53 43 10 6 2 5 3 7 1 0 4
53 43 10 5 4 2 0 7 1 3 6
53 43 10 6 4 2 5 7 1 3 0
53 43 10 1 4 2 5 7 0 3 6
53 43 10 7 4 6 0 5 2 1 3
53 43 10 6 4 2 0 7 1 5 3
53 43 10 1 4 2 6 7 0 5 3
53 43 10 4 5 3 2 0 1 6 7
53 43 10 4 5 3 6 2 1 0 7
53 43 10 2 1 0 4 3 7 6 5
53 43 10 1 5 4 6 7 2 0 3
53 44 9 3 4 2 6 7 0 1 5
53 44 9 3 4 0 6 7 1 2 5
53 44 9 5 0 6 7 2 1 3 4
53 44 9 5 4 0 6 7 2 1 3
53 44 9 3 4 6 5 7 2 0 1
53 44 9 3 4 6 0 7 2 1 5
53 44 9 3 4 6 5 7 0 1 2
53 44 9 7 2 5 4 3 0 6 1
53 44 9 3 2 0 4 1 7 6 5
53 44 9 4 0 3 5 2 1 6 7
53 44 9 5 2 0 4 7 1 6 3
53 44 9 3 0 5 4 2 7 1 6
53 44 9 7 2 5 6 1 4 0 3
53 44 9 4 2 0 6 3 1 7 5
53 44 9 0 2 5 6 3 1 7 4
53 44 9 6 2 5 4 1 0 3 7
53 44 9 0 2 4 3 7 6 5 1
53 45 8 2 0 6 5 7 4 1 3
53 45 8 3 2 5 6 4 0 1 7
53 45 8 3 2 0 6 4 1 5 7
53 45 8 4 5 7 2 1 0 6 3
53 45 8 4 5 7 2 3 1 6 0
53 45 8 4 5 7 6 2 0 1 3
53 45 8 4 5 0 6 2 1 7 3
53 45 8 7 0 2 3 4 1 6 5
53 45 8 7 2 6 3 4 1 0 5
53 45 8 5 0 2 6 7 4 1 3
53 45 8 2 1 0 5 4 7 6 3
53 45 8 0 1 5 2 4 7 6 3
53 45 8 2 0 3 5 7 1 6 4
53 45 8 1 2 3 5 7 0 6 4
53 45 8 3 2 6 7 4 0 1 5
53 45 8 2 0 5 3 4 7 1 6
53 45 8 4 2 5 3 6 7 0 1
53 45 8 7 4 5 3 0 2 1 6
53 45 8 3 2 5 1 4 7 6 0
53 45 8 7 5 6 4 2 0 1 3
53 45 8 3 5 0 4 7 2 1 6
53 45 8 0 3 2 4 7 1 5 6
53 45 8 3 1 2 4 7 0 5 6
53 45 8 4 2 7 5 3 1 0 6
53 45 8 4 2 6 0 3 1 5 7
53 45 8 3 5 0 4 1 2 6 7
53 45 8 4 0 3 6 7 2 1 5
53 45 8 7 0 6 4 1 2 3 5
53 45 8 4 1 0 5 2 6 3 7
53 45 8 0 1 5 4 2 6 3 7
53 45 8 0 2 3 7 5 1 6 4
53 45 8 3 2 6 0 7 1 5 4
53 45 8 3 2 6 4 0 1 5 7
53 45 8 0 2 4 1 7 6 3 5
53 45 8 1 2 4 7 0 6 3 5
53 45 8 0 2 5 1 4 6 3 7
53 45 8 1 5 7 2 0 4 6 3
53 45 8 1 5 7 6 2 4 0 3
53 46 7 7 2 5 6 3 1 4 0
53 46 7 0 4 5 3 2 7 1 6
53 46 7 4 7 5 3 2 0 1 6
53 46 7 1 2 0 6 4 7 5 3
53 46 7 7 2 4 5 3 1 6 0
53 46 7 3 2 7 4 0 1 6 5
53 46 7 0 3 2 5 7 1 6 4
53 46 7 3 2 6 5 7 1 4 0
53 46 7 5 1 0 2 7 4 6 3
53 46 7 3 1 2 0 7 4 6 5
53 46 7 7 2 5 1 0 6 3 4
53 46 7 1 4 0 5 7 2 6 3
53 46 7 2 1 0 5 7 4 6 3
53 46 7 0 1 5 2 7 4 6 3
53 46 7 4 1 5 7 6 0 3 2
53 46 7 0 1 5 7 4 6 3 2
53 46 7 2 1 5 7 0 6 3 4
53 46 7 4 0 3 7 1 2 6 5
53 46 7 2 0 3 7 4 1 6 5
53 46 7 3 5 4 0 2 1 6 7
53 46 7 5 2 6 4 7 0 1 3
53 46 7 1 6 0 4 7 2 3 5
53 46 7 3 2 6 4 0 7 1 5
53 46 7 1 7 2 5 4 6 0 3
53 46 7 0 2 3 5 4 7 1 6
53 46 7 4 2 3 5 6 7 1 0
53 46 7 1 4 0 2 3 7 6 5
53 46 7 3 2 5 1 7 4 6 0
53 46 7 4 2 6 7 5 0 1 3
53 46 7 4 2 0 7 5 1 6 3
53 46 7 4 2 0 3 5 7 6 1
53 46 7 2 4 5 7 3 0 1 6
53 46 7 3 0 4 7 2 1 5 6
53 46 7 3 0 4 5 2 1 6 7
53 46 7 3 1 5 7 4 2 0 6
53 46 7 3 1 5 0 4 2 6 7
53 46 7 3 1 5 7 0 2 6 4
53 46 7 4 1 5 7 3 0 2 6
53 46 7 1 5 6 7 4 0 2 3
53 46 7 7 1 2 4 0 6 5 3
53 46 7 1 6 2 4 0 7 5 3
53 46 7 1 6 2 4 7 5 0 3
53 46 7 7 4 5 3 2 0 1 6
53 46 7 4 2 6 0 1 3 7 5
53 46 7 7 2 5 4 6 0 3 1
53 46 7 3 4 5 7 1 6 0 2
53 46 7 1 4 5 7 3 0 6 2
53 46 7 1 2 7 4 0 6 5 3
53 46 7 1 2 0 3 4 6 7 5
53 46 7 0 2 3 4 7 6 5 1
53 47 6 1 4 3 5 7 6 0 2
53 47 6 0 4 3 7 2 1 6 5
53 47 6 4 1 3 7 2 0 6 5
53 47 6 7 1 5 3 4 2 6 0
53 47 6 1 2 4 7 3 6 5 0
53 47 6 1 2 0 5 7 6 4 3
53 47 6 1 2 7 0 4 6 3 5
53 47 6 1 2 6 4 0 5 3 7
53 47 6 1 0 6 4 5 2 3 7
53 47 6 4 2 1 6 5 0 7 3
53 47 6 4 2 1 6 5 7 3 0
53 47 6 3 2 6 4 5 7 0 1
53 47 6 0 2 5 3 4 6 7 1
53 47 6 3 1 4 7 2 0 6 5
53 47 6 0 5 2 7 1 4 6 3
53 47 6 5 2 0 7 1 4 6 3
53 47 6 2 1 5 7 4 3 6 0
53 47 6 2 0 5 3 1 4 6 7
53 47 6 2 0 5 7 1 3 6 4
53 47 6 1 7 5 4 3 2 6 0
53 47 6 1 7 0 4 2 6 5 3
53 47 6 1 2 5 7 0 3 4 6
53 47 6 1 0 5 7 3 2 4 6
53 47 6 1 0 2 7 3 4 5 6
53 47 6 1 0 2 5 3 4 6 7
53 47 6 4 2 6 0 5 1 7 3
53 47 6 3 1 5 7 2 6 0 4
53 47 6 1 2 5 0 3 6 4 7
53 48 5 0 3 5 7 4 1 6 2
53 48 5 4 2 3 0 1 6 7 5
53 48 5 7 2 3 4 1 6 0 5
53 48 5 1 2 6 5 4 3 7 0
53 48 5 1 2 0 4 5 7 6 3
53 48 5 4 2 3 7 1 6 5 0
53 48 5 1 4 5 3 2 6 7 0
53 48 5 1 2 3 0 4 6 5 7
53 48 5 1 5 4 3 2 7 6 0
53 48 5 7 2 3 4 5 1 0 6
53 49 4 1 2 3 4 5 7 6 0
53 49 4 1 2 3 5 7 6 4 0
54 44 10 3 4 2 6 5 1 0 7
54 44 10 5 4 6 7 0 2 1 3
54 44 10 3 4 6 5 0 2 1 7
54 44 10 5 4 2 6 0 1 3 7
54 44 10 4 2 7 3 0 1 5 6
54 44 10 4 2 5 6 1 7 0 3
54 44 10 3 1 0 4 7 2 6 5
54 44 10 7 5 4 2 0 1 6 3
54 44 10 7 5 4 6 2 1 0 3
54 44 10 3 2 5 0 4 7 1 6
54 45 9 2 4 6 5 7 1 0 3
54 45 9 5 4 2 6 0 7 1 3
54 45 9 5 0 4 6 7 1 2 3
54 45 9 5 4 6 0 7 1 2 3
54 45 9 4 0 3 7 2 1 5 6
54 45 9 0 2 7 3 4 1 6 5
54 45 9 6 2 5 3 4 7 1 0
54 45 9 3 4 5 0 7 2 1 6
54 45 9 6 4 5 3 7 2 1 0
54 45 9 0 5 3 2 7 1 6 4
54 45 9 2 5 3 7 0 1 6 4
54 45 9 7 2 5 1 4 0 6 3
54 45 9 0 2 4 3 7 1 5 6
54 45 9 4 2 7 5 0 1 6 3
54 45 9 2 5 4 3 7 1 0 6
54 45 9 2 5 4 3 0 1 6 7
54 45 9 2 5 6 0 7 1 3 4
54 45 9 2 5 6 4 0 1 3 7
54 45 9 7 1 2 0 5 4 6 3
54 45 9 0 4 2 1 7 6 3 5
54 45 9 1 4 2 7 0 6 3 5
54 45 9 1 4 2 3 7 6 0 5
54 45 9 1 0 6 4 2 7 3 5
54 45 9 1 2 6 0 4 7 3 5
54 46 8 7 2 5 6 3 0 1 4
54 46 8 7 2 0 6 3 1 5 4
54 46 8 4 5 0 3 2 7 1 6
54 46 8 4 5 3 0 7 2 1 6
54 46 8 2 5 6 3 7 1 4 0
54 46 8 4 2 5 6 0 3 1 7
54 46 8 4 0 5 6 3 2 1 7
54 46 8 0 7 2 4 3 1 6 5
54 46 8 7 1 2 4 3 0 6 5
54 46 8 0 2 4 7 3 1 6 5
54 46 8 2 0 7 4 3 1 6 5
54 46 8 5 2 7 4 3 1 6 0
54 46 8 1 2 7 4 3 0 6 5
54 46 8 4 2 6 7 0 3 1 5
54 46 8 4 0 6 7 3 2 1 5
54 46 8 3 1 2 5 7 0 6 4
54 46 8 3 2 6 5 7 0 1 4
54 46 8 2 5 6 4 0 7 1 3
54 46 8 2 0 6 4 7 5 1 3
54 46 8 5 1 2 7 0 4 6 3
54 46 8 3 1 2 5 7 4 0 6
54 46 8 3 1 2 5 0 4 6 7
54 46 8 1 4 2 5 6 0 3 7
54 46 8 0 4 2 5 1 6 3 7
54 46 8 1 4 2 0 5 6 3 7
54 46 8 2 0 5 1 7 6 3 4
54 46 8 4 2 5 1 7 6 3 0
54 46 8 0 4 5 1 7 2 6 3
54 46 8 7 1 5 0 2 6 3 4
54 46 8 6 1 5 7 2 0 3 4
54 46 8 7 2 5 0 4 1 3 6
54 46 8 5 2 3 7 4 1 6 0
54 46 8 1 2 3 7 4 0 6 5
54 46 8 3 5 6 4 2 1 0 7
54 46 8 0 1 6 4 7 2 3 5
54 46 8 3 0 6 4 7 2 1 5
54 46 8 5 7 2 0 1 4 6 3
54 46 8 3 7 2 5 1 4 6 0
54 46 8 7 2 6 5 1 4 0 3
54 46 8 4 2 3 0 5 7 1 6
54 46 8 0 1 4 5 7 6 2 3
54 46 8 1 6 4 5 7 0 2 3
54 46 8 1 4 5 7 0 6 2 3
54 46 8 2 4 0 7 1 6 5 3
54 46 8 2 4 0 7 3 1 5 6
54 46 8 2 4 0 5 3 1 6 7
54 46 8 0 4 5 2 3 1 6 7
54 46 8 3 4 7 0 2 1 5 6
54 46 8 3 4 6 5 2 1 0 7
54 46 8 4 1 0 7 3 2 5 6
54 46 8 4 1 0 5 3 2 6 7
54 46 8 0 1 5 4 3 2 6 7
54 46 8 3 1 2 4 7 6 5 0
54 46 8 7 4 0 3 2 1 5 6
54 46 8 4 2 6 5 0 3 7 1
54 46 8 2 1 5 0 4 6 3 7
54 46 8 0 2 7 1 4 6 5 3
54 46 8 1 2 7 5 4 6 0 3
54 46 8 4 2 5 1 0 6 7 3
54 46 8 7 1 5 2 0 4 6 3
54 46 8 7 1 5 6 2 4 0 3
54 46 8 1 2 0 7 4 3 6 5
54 46 8 0 2 5 7 4 3 6 1
54 47 7 2 5 4 7 1 0 6 3
54 47 7 2 5 4 7 3 1 6 0
54 47 7 1 0 4 5 7 6 3 2
54 47 7 1 4 5 0 7 6 3 2
54 47 7 4 0 1 7 2 6 3 5
54 47 7 4 1 3 7 2 6 0 5
54 47 7 7 2 5 6 0 4 1 3
54 47 7 4 1 2 3 7 6 5 0
54 47 7 2 6 3 4 7 1 0 5
54 47 7 5 2 6 4 1 0 3 7
54 47 7 4 1 3 2 7 6 0 5
54 47 7 7 1 2 4 0 6 3 5
54 47 7 1 4 2 5 3 0 7 6
54 47 7 1 2 5 6 7 0 4 3
54 47 7 1 2 0 6 7 4 5 3
54 47 7 7 2 4 1 0 6 5 3
54 47 7 1 2 4 7 6 0 5 3
54 47 7 0 2 4 7 1 6 5 3
54 47 7 1 2 4 5 7 0 6 3
54 47 7 7 4 5 3 1 0 6 2
54 47 7 1 0 2 7 4 6 3 5
54 47 7 7 3 2 4 0 1 6 5
54 47 7 7 2 5 4 1 0 3 6
54 47 7 7 2 5 4 6 1 3 0
54 47 7 2 5 0 4 7 6 3 1
54 47 7 2 6 0 4 5 1 3 7
54 47 7 2 1 6 4 5 0 3 7
54 47 7 2 6 0 4 5 7 1 3
54 47 7 2 7 6 4 5 0 1 3
54 47 7 5 2 6 4 3 7 1 0
54 47 7 3 2 6 0 5 7 1 4
54 47 7 3 4 5 7 1 0 2 6
54 47 7 0 4 1 7 2 6 5 3
54 47 7 4 6 1 7 2 0 5 3
54 47 7 1 6 2 7 4 0 5 3
54 47 7 4 2 5 3 6 0 7 1
54 47 7 7 2 0 5 1 6 3 4
54 47 7 1 4 2 3 5 7 0 6
54 47 7 1 2 6 0 7 3 4 5
54 47 7 3 5 0 7 1 2 6 4
54 47 7 1 0 2 4 3 7 5 6
54 47 7 1 2 4 0 3 7 5 6
54 47 7 4 2 5 7 1 3 6 0
54 47 7 1 5 7 0 3 2 6 4
54 47 7 1 5 6 7 3 2 0 4
54 47 7 1 2 7 0 3 4 5 6
54 47 7 1 2 6 5 3 4 0 7
54 47 7 1 2 5 7 0 6 4 3
54 47 7 0 2 3 1 7 6 5 4
54 47 7 1 2 3 7 0 6 5 4
54 48 6 1 0 2 3 7 4 6 5
54 48 6 1 4 5 0 3 7 6 2
54 48 6 3 4 5 6 2 1 7 0
54 48 6 1 0 5 4 7 6 2 3
54 48 6 1 2 5 4 0 7 3 6
54 48 6 1 2 5 4 7 3 0 6
54 48 6 3 1 5 7 4 0 6 2
54 48 6 4 1 3 5 7 6 2 0
54 48 6 3 4 7 5 2 1 6 0
54 48 6 3 4 6 7 2 1 5 0
54 48 6 4 2 3 5 1 6 0 7
54 48 6 3 2 5 7 1 6 4 0
54 48 6 2 1 5 7 3 6 4 0
54 48 6 7 2 4 3 1 6 5 0
54 48 6 2 0 5 1 3 4 6 7
54 48 6 3 2 5 1 0 4 6 7
54 48 6 1 7 2 4 5 0 6 3
54 48 6 0 2 3 4 1 6 5 7
54 48 6 0 2 5 7 3 4 1 6
54 48 6 3 2 5 7 6 4 1 0
54 48 6 1 2 7 0 3 6 5 4
54 48 6 1 7 5 3 0 2 6 4
54 48 6 1 7 5 3 2 6 0 4
54 48 6 0 1 2 7 3 4 6 5
54 48 6 2 5 0 7 3 4 6 1
54 48 6 2 4 5 7 3 0 6 1
54 48 6 3 2 5 7 4 0 6 1
54 48 6 3 0 5 7 2 4 6 1
54 48 6 7 2 3 0 5 1 6 4
54 48 6 3 2 5 0 1 6 7 4
54 48 6 3 2 5 4 0 6 7 1
54 49 5 1 0 2 7 5 4 6 3
54 49 5 1 2 5 4 7 3 6 0
54 49 5 1 2 3 0 7 6 4 5
54 49 5 1 2 5 6 3 4 7 0
54 49 5 4 6 5 7 2 1 3 0
54 49 5 4 1 5 3 2 7 6 0
54 49 5 1 2 6 4 3 0 7 5
54 49 5 1 2 6 4 3 7 5 0
54 49 5 1 2 7 5 3 4 6 0
54 49 5 1 2 6 7 3 4 5 0
54 49 5 1 2 0 4 3 6 5 7
54 50 4 1 0 5 7 3 4 6 2
54 50 4 1 2 5 4 6 3 7 0
54 50 4 0 3 5 7 2 4 1 6
54 50 4 1 3 5 7 0 2 6 4
54 50 4 1 3 5 7 2 6 0 4
55 44 11 5 4 6 1 7 2 0 3
55 44 11 3 4 0 5 7 2 1 6
55 44 11 5 4 0 6 7 1 3 2
55 45 10 4 0 7 2 5 1 6 3
55 45 10 2 1 5 6 4 7 0 3
55 45 10 3 2 7 6 4 1 0 5
55 45 10 4 2 0 3 6 7 1 5
55 45 10 0 2 5 3 6 7 1 4
55 45 10 2 4 5 3 7 0 1 6
55 45 10 2 5 3 6 7 1 0 4
55 45 10 3 2 4 7 0 1 5 6
55 45 10 3 2 4 5 7 1 0 6
55 45 10 0 2 7 5 3 1 6 4
55 45 10 0 2 6 7 3 1 5 4
55 45 10 0 5 4 3 7 1 6 2
55 45 10 2 5 0 4 7 1 3 6
55 45 10 0 5 6 4 7 1 3 2
55 45 10 4 1 5 2 0 6 3 7
55 46 9 4 5 1 3 7 2 0 6
55 46 9 2 5 6 3 7 0 1 4
55 46 9 4 0 2 6 3 1 5 7
55 46 9 3 1 0 5 7 4 6 2
55 46 9 1 0 2 5 4 6 3 7
55 46 9 1 4 5 6 7 2 0 3
55 46 9 2 1 5 6 7 4 0 3
55 46 9 4 0 5 7 1 6 3 2
55 46 9 0 4 2 1 3 7 6 5
55 46 9 1 4 2 3 0 7 6 5
55 46 9 0 4 5 1 7 6 2 3
55 46 9 1 4 5 2 7 6 0 3
55 46 9 4 2 5 1 7 0 6 3
55 46 9 3 1 0 7 4 2 6 5
55 46 9 0 5 7 1 4 2 6 3
55 46 9 1 5 7 4 0 2 6 3
55 46 9 4 1 2 0 7 6 5 3
55 46 9 4 2 0 5 1 3 7 6
55 46 9 0 2 6 5 1 3 7 4
55 46 9 7 0 5 4 2 6 3 1
55 46 9 7 2 5 0 4 6 3 1
55 47 8 4 2 6 3 1 0 5 7
55 47 8 0 2 6 3 4 1 5 7
55 47 8 4 1 7 0 2 6 3 5
55 47 8 7 0 5 6 4 2 1 3
55 47 8 7 2 6 0 4 1 5 3
55 47 8 7 4 2 3 1 0 6 5
55 47 8 0 1 2 3 4 7 6 5
55 47 8 4 1 0 3 7 6 2 5
55 47 8 0 2 6 3 4 7 1 5
55 47 8 2 1 6 4 0 7 3 5
55 47 8 2 1 6 4 7 3 0 5
55 47 8 4 0 1 2 7 6 3 5
55 47 8 5 1 2 4 7 6 3 0
55 47 8 0 4 3 5 7 2 1 6
55 47 8 4 3 0 5 7 2 1 6
55 47 8 1 4 0 5 3 7 2 6
55 47 8 7 1 0 5 4 2 6 3
55 47 8 7 1 5 0 3 2 6 4
55 47 8 2 0 4 1 7 6 5 3
55 47 8 3 2 4 1 7 6 5 0
55 47 8 3 2 5 0 7 1 4 6
55 47 8 4 3 2 0 7 1 6 5
55 47 8 5 3 2 4 7 1 6 0
55 47 8 1 3 2 4 7 0 6 5
55 47 8 7 4 2 0 1 6 3 5
55 47 8 4 1 5 3 7 6 0 2
55 47 8 4 0 6 5 3 2 7 1
55 47 8 2 6 5 4 7 0 3 1
55 47 8 3 2 0 4 5 7 1 6
55 47 8 3 4 0 7 1 2 5 6
55 47 8 3 4 0 5 1 2 6 7
55 47 8 3 0 5 7 4 2 6 1
55 47 8 0 1 2 7 4 6 5 3
55 47 8 4 2 5 0 3 6 7 1
55 47 8 7 4 5 3 1 2 0 6
55 47 8 7 4 5 3 0 2 6 1
55 47 8 1 2 6 5 0 3 4 7
55 47 8 7 2 5 0 1 3 6 4
55 47 8 1 7 5 0 4 2 6 3
55 47 8 0 2 5 1 7 6 4 3
55 47 8 4 2 6 3 0 1 7 5
55 47 8 4 2 0 3 5 1 7 6
55 47 8 0 2 6 3 5 1 7 4
55 47 8 1 2 0 7 3 6 4 5
55 48 7 4 2 7 3 5 1 6 0
55 48 7 1 0 4 5 3 7 6 2
55 48 7 4 2 7 0 5 1 3 6
55 48 7 4 2 1 3 5 7 0 6
55 48 7 2 0 4 7 3 1 6 5
55 48 7 3 4 5 2 1 0 6 7
55 48 7 3 4 5 6 2 0 1 7
55 48 7 4 0 1 7 3 2 6 5
55 48 7 7 0 4 3 2 1 6 5
55 48 7 7 4 3 0 2 1 6 5
55 48 7 2 0 5 7 4 6 3 1
55 48 7 3 1 2 4 7 6 0 5
55 48 7 4 2 5 0 1 3 6 7
55 48 7 7 1 5 4 0 6 2 3
55 48 7 6 2 5 4 7 1 0 3
55 48 7 1 0 5 4 7 2 3 6
55 48 7 4 2 0 5 7 6 3 1
55 48 7 7 2 6 4 0 5 1 3
55 48 7 7 0 6 4 5 2 1 3
55 48 7 3 5 0 7 4 1 6 2
55 48 7 4 1 7 3 2 6 5 0
55 48 7 4 0 2 3 1 6 7 5
55 48 7 4 2 7 3 1 6 0 5
55 48 7 2 0 5 3 1 6 7 4
55 48 7 7 0 2 4 1 6 3 5
55 48 7 7 2 4 0 1 6 3 5
55 48 7 1 2 0 5 4 3 6 7
55 48 7 4 2 5 7 1 3 0 6
55 48 7 4 0 5 7 1 2 3 6
55 48 7 2 0 5 7 4 1 3 6
55 48 7 4 2 5 7 6 1 0 3
55 48 7 1 0 4 2 5 7 6 3
55 48 7 1 4 6 2 5 7 0 3
55 48 7 7 2 6 4 1 0 5 3
55 48 7 3 4 6 7 2 0 1 5
55 48 7 1 0 2 5 7 3 6 4
55 48 7 4 1 2 7 5 0 6 3
55 48 7 0 7 4 5 2 1 6 3
55 48 7 7 1 4 5 2 0 6 3
55 48 7 3 2 0 7 1 6 5 4
55 48 7 0 7 2 4 1 6 5 3
55 48 7 1 2 6 5 3 7 0 4
55 48 7 1 2 5 3 6 0 4 7
55 48 7 0 2 5 3 1 6 4 7
55 48 7 7 2 5 1 3 4 6 0
55 48 7 4 2 6 1 0 5 7 3
55 48 7 4 0 6 1 5 2 7 3
55 48 7 4 2 6 0 5 7 3 1
55 48 7 3 5 7 0 2 1 6 4
55 48 7 3 5 6 7 2 1 0 4
55 48 7 1 4 0 3 2 6 5 7
55 48 7 4 1 5 0 2 6 7 3
55 48 7 1 0 2 3 4 6 5 7
55 48 7 1 0 2 7 3 6 5 4
55 48 7 2 5 7 0 1 4 6 3
55 48 7 2 5 6 7 1 4 0 3
55 48 7 1 4 0 5 2 6 3 7
55 48 7 4 5 3 7 2 1 0 6
55 48 7 4 7 5 3 2 1 0 6
55 48 7 0 2 3 4 5 1 6 7
55 48 7 3 2 0 4 1 6 7 5
55 49 6 4 1 2 7 5 6 3 0
55 49 6 0 4 5 7 2 1 3 6
55 49 6 4 1 5 7 2 0 3 6
55 49 6 4 2 5 6 1 3 7 0
55 49 6 1 2 6 4 0 7 5 3
55 49 6 1 2 6 4 7 5 0 3
55 49 6 1 2 0 6 5 7 3 4
55 49 6 1 4 2 7 0 5 6 3
55 49 6 1 4 2 7 5 6 0 3
55 49 6 4 1 5 2 3 7 6 0
55 49 6 7 2 3 6 5 1 0 4
55 49 6 3 0 2 7 1 4 6 5
55 49 6 4 6 5 3 2 7 1 0
55 49 6 5 2 3 6 7 1 4 0
55 49 6 0 3 2 5 1 4 6 7
55 49 6 0 3 5 7 4 2 1 6
55 49 6 3 1 5 0 2 7 6 4
55 49 6 1 5 6 4 2 0 7 3
55 49 6 1 5 6 4 2 7 3 0
55 49 6 1 2 5 3 4 0 7 6
55 49 6 1 4 5 7 6 0 3 2
55 49 6 7 2 3 4 1 0 5 6
55 49 6 7 2 3 4 6 1 5 0
55 49 6 1 5 3 0 2 7 6 4
55 49 6 1 4 5 7 3 0 2 6
55 49 6 0 2 3 4 1 7 6 5
55 49 6 1 5 7 3 2 4 0 6
55 49 6 1 5 6 0 2 4 3 7
55 50 5 4 3 5 7 2 0 1 6
55 50 5 1 2 3 4 0 7 5 6
55 50 5 1 2 3 4 7 5 0 6
55 50 5 1 5 3 4 7 2 6 0
55 50 5 1 3 5 4 0 2 6 7
55 50 5 1 3 5 4 2 6 0 7
55 50 5 1 0 5 4 2 3 6 7
55 50 5 1 2 6 4 5 7 0 3
55 50 5 4 2 3 0 5 1 7 6
55 51 4 0 3 5 7 1 4 6 2
55 52 3 1 2 6 4 5 3 7 0
56 46 10 7 2 4 3 0 1 6 5
56 46 10 7 2 4 6 3 1 0 5
56 46 10 5 1 2 6 7 4 0 3
56 46 10 6 2 5 1 7 0 3 4
56 46 10 7 2 0 6 4 1 3 5
56 46 10 4 0 3 5 2 7 1 6
56 46 10 1 4 2 6 3 7 0 5
56 46 10 2 4 5 6 3 1 0 7
56 46 10 4 1 5 6 3 2 0 7
56 46 10 1 5 7 6 4 2 0 3
56 46 10 6 1 2 4 7 0 5 3
56 46 10 2 1 0 7 4 6 3 5
56 47 9 7 4 2 3 0 1 5 6
56 47 9 4 1 2 3 0 7 5 6
56 47 9 4 1 2 3 7 5 0 6
56 47 9 3 5 4 2 7 1 6 0
56 47 9 1 5 4 2 7 0 6 3
56 47 9 2 0 4 7 5 1 6 3
56 47 9 7 0 2 6 4 1 5 3
56 47 9 2 6 4 0 7 1 3 5
56 47 9 7 0 5 3 4 1 6 2
56 47 9 3 2 5 6 0 1 4 7
56 47 9 3 2 4 5 0 1 6 7
56 47 9 7 4 2 5 0 6 3 1
56 47 9 4 1 5 3 0 6 2 7
56 47 9 7 0 5 4 2 1 3 6
56 47 9 3 4 5 1 0 2 6 7
56 47 9 3 4 5 0 7 2 6 1
56 47 9 4 0 5 3 2 6 7 1
56 47 9 1 4 0 3 5 7 6 2
56 47 9 1 2 0 5 7 3 4 6
56 47 9 2 1 5 0 7 3 6 4
56 47 9 0 2 5 7 3 6 4 1
56 48 8 4 2 7 3 1 0 6 5
56 48 8 4 2 7 6 3 0 1 5
56 48 8 7 2 6 3 0 1 5 4
56 48 8 0 7 6 4 2 1 3 5
56 48 8 7 6 0 4 2 1 3 5
56 48 8 7 1 6 4 2 0 3 5
56 48 8 4 0 2 5 7 6 3 1
56 48 8 5 0 2 4 7 1 3 6
56 48 8 5 2 4 0 7 1 3 6
56 48 8 1 4 6 5 3 7 0 2
56 48 8 4 0 2 7 5 1 3 6
56 48 8 2 0 6 7 5 1 3 4
56 48 8 1 2 6 7 5 0 3 4
56 48 8 4 0 2 3 5 7 1 6
56 48 8 2 0 6 3 5 7 1 4
56 48 8 5 2 6 3 0 7 1 4
56 48 8 2 4 7 0 3 1 6 5
56 48 8 2 4 6 7 3 1 0 5
56 48 8 3 4 0 6 2 1 5 7
56 48 8 4 1 7 0 3 2 6 5
56 48 8 4 1 6 7 3 2 0 5
56 48 8 7 4 6 3 2 1 0 5
56 48 8 3 2 5 6 0 7 1 4
56 48 8 3 0 5 6 7 2 1 4
56 48 8 3 1 2 4 0 7 6 5
56 48 8 4 0 2 5 1 3 6 7
56 48 8 7 0 4 5 1 6 2 3
56 48 8 7 4 5 0 1 6 2 3
56 48 8 7 0 4 2 3 1 6 5
56 48 8 4 0 1 2 3 7 6 5
56 48 8 7 4 1 5 0 6 2 3
56 48 8 3 1 5 4 7 6 2 0
56 48 8 4 0 2 5 3 7 6 1
56 48 8 4 2 1 6 3 7 0 5
56 48 8 2 0 6 4 3 7 1 5
56 48 8 2 1 5 4 7 0 3 6
56 48 8 6 2 5 4 0 1 3 7
56 48 8 0 4 2 6 5 1 3 7
56 48 8 4 1 2 6 5 0 3 7
56 48 8 0 4 2 6 5 7 1 3
56 48 8 4 7 2 6 5 0 1 3
56 48 8 2 0 1 7 4 6 5 3
56 48 8 2 1 7 0 4 6 5 3
56 48 8 0 1 7 4 2 6 5 3
56 48 8 4 1 3 5 7 0 6 2
56 48 8 1 6 2 5 7 0 3 4
56 48 8 5 2 6 7 4 1 0 3
56 48 8 0 2 6 5 1 4 3 7
56 48 8 1 0 6 5 2 4 3 7
56 48 8 1 2 6 0 5 4 3 7
56 48 8 5 2 6 3 4 7 0 1
56 48 8 6 2 5 7 4 1 3 0
56 48 8 1 2 5 7 4 0 3 6
56 48 8 0 4 7 3 2 1 6 5
56 48 8 2 1 0 7 3 6 5 4
56 48 8 7 6 2 4 1 0 5 3
56 48 8 1 0 5 3 2 6 4 7
56 48 8 2 4 5 3 7 1 0 6
56 48 8 4 1 5 3 7 2 0 6
56 48 8 3 4 5 2 7 1 0 6
56 48 8 4 2 3 1 0 6 5 7
56 48 8 4 2 7 3 0 6 5 1
56 48 8 4 1 5 3 0 6 7 2
56 48 8 0 5 4 1 2 7 6 3
56 48 8 0 4 5 1 2 6 3 7
56 48 8 4 5 3 7 0 1 6 2
56 48 8 0 5 3 7 2 1 6 4
56 48 8 4 7 5 3 0 1 6 2
56 48 8 3 2 5 0 7 4 6 1
56 48 8 7 2 0 4 5 1 6 3
56 49 7 4 1 0 2 5 6 3 7
56 49 7 0 1 2 4 5 6 3 7
56 49 7 3 2 4 7 1 0 6 5
56 49 7 3 2 4 7 5 1 6 0
56 49 7 4 1 5 7 6 0 2 3
56 49 7 0 1 5 7 4 6 2 3
56 49 7 4 1 5 7 3 6 2 0
56 49 7 5 4 2 3 1 7 6 0
56 49 7 6 2 5 4 0 7 3 1
56 49 7 6 2 5 4 7 3 0 1
56 49 7 3 0 4 7 1 2 6 5
56 49 7 4 1 5 2 7 6 3 0
56 49 7 5 2 3 6 4 1 0 7
56 49 7 3 2 6 5 4 0 7 1
56 49 7 5 0 2 3 1 4 6 7
56 49 7 4 2 6 7 1 3 5 0
56 49 7 4 2 0 7 1 3 6 5
56 49 7 7 2 6 5 1 3 4 0
56 49 7 0 3 4 2 7 1 6 5
56 49 7 4 2 5 6 3 0 7 1
56 49 7 1 0 6 4 7 2 5 3
56 49 7 4 1 2 3 5 0 7 6
56 49 7 5 4 2 7 1 6 3 0
56 49 7 2 0 5 1 3 7 6 4
56 49 7 3 2 5 1 0 7 6 4
56 49 7 1 0 2 3 7 6 4 5
56 49 7 1 2 5 6 3 0 4 7
56 49 7 1 2 0 6 3 4 5 7
56 49 7 1 7 2 5 3 0 6 4
56 49 7 4 6 3 7 2 1 0 5
56 49 7 4 1 6 7 2 3 0 5
56 49 7 4 2 1 0 5 7 6 3
56 49 7 4 1 5 6 2 3 0 7
56 49 7 5 2 3 6 7 0 1 4
56 49 7 3 2 0 5 1 4 6 7
56 49 7 4 2 5 7 6 3 0 1
56 49 7 4 0 5 7 6 2 3 1
56 49 7 2 0 7 4 1 6 5 3
56 49 7 3 2 7 4 1 6 5 0
56 49 7 2 0 5 7 4 3 1 6
56 49 7 0 4 6 7 2 5 1 3
56 49 7 4 6 0 7 2 5 1 3
56 49 7 1 5 3 0 4 2 6 7
56 49 7 4 1 0 5 2 7 6 3
56 49 7 3 1 5 4 2 7 0 6
56 49 7 1 2 0 3 4 7 5 6
56 49 7 0 4 5 7 1 6 3 2
56 49 7 7 4 5 0 2 1 3 6
56 49 7 7 2 5 0 1 6 4 3
56 49 7 1 5 6 3 2 7 0 4
56 49 7 3 7 0 5 2 1 6 4
56 49 7 1 2 6 7 3 0 4 5
56 49 7 7 0 3 4 1 2 6 5
56 49 7 3 2 5 7 1 0 4 6
56 49 7 3 2 0 7 1 4 5 6
56 49 7 1 4 0 7 3 2 5 6
56 49 7 1 4 0 5 3 2 6 7
56 49 7 2 1 5 7 3 0 4 6
56 49 7 2 1 0 7 3 4 5 6
56 49 7 2 1 0 5 3 4 6 7
56 49 7 0 1 5 2 3 4 6 7
56 49 7 1 2 5 3 7 0 4 6
56 49 7 1 2 0 3 7 4 5 6
56 49 7 7 2 5 3 1 4 0 6
56 49 7 7 2 5 3 0 4 6 1
56 49 7 1 5 7 3 0 4 6 2
56 49 7 1 5 6 7 0 4 3 2
56 49 7 1 5 0 7 2 4 3 6
56 50 6 1 4 2 6 5 0 7 3
56 50 6 1 4 2 6 5 7 3 0
56 50 6 1 2 6 7 0 4 3 5
56 50 6 1 2 5 6 0 4 3 7
56 50 6 7 4 5 1 2 0 6 3
56 50 6 1 2 5 6 3 0 7 4
56 50 6 1 2 5 6 3 7 4 0
56 50 6 4 6 3 5 2 1 7 0
56 50 6 3 4 2 5 1 6 7 0
56 50 6 4 6 5 7 2 0 3 1
56 50 6 2 1 5 3 4 6 7 0
56 50 6 0 4 5 7 2 3 1 6
56 50 6 1 0 4 7 2 6 3 5
56 50 6 1 4 3 7 2 6 0 5
56 50 6 1 2 5 6 7 3 4 0
56 50 6 7 0 5 2 1 4 6 3
56 50 6 7 0 5 6 2 4 1 3
56 50 6 4 2 7 5 1 6 3 0
56 50 6 1 2 4 5 3 7 6 0
56 50 6 6 2 3 4 7 1 0 5
56 50 6 1 0 3 4 7 2 5 6
56 50 6 7 2 3 0 1 6 5 4
56 50 6 0 2 1 4 7 6 5 3
56 50 6 7 1 5 3 2 6 4 0
56 50 6 4 3 2 7 0 1 6 5
56 50 6 5 2 3 4 7 0 1 6
56 50 6 1 3 0 4 7 2 6 5
56 50 6 1 2 0 4 6 3 5 7
56 50 6 1 6 4 7 2 0 5 3
56 50 6 2 3 5 4 1 0 6 7
56 50 6 2 3 5 4 7 1 6 0
56 50 6 4 3 0 5 2 1 6 7
56 50 6 7 3 5 4 2 1 0 6
56 50 6 3 5 0 7 2 4 1 6
56 50 6 3 1 5 7 2 0 4 6
56 50 6 3 1 0 7 2 4 5 6
56 50 6 3 1 0 5 2 4 6 7
56 50 6 7 1 5 3 2 4 0 6
56 51 5 1 5 4 7 2 0 6 3
56 51 5 1 2 3 5 4 6 0 7
56 51 5 1 6 5 7 2 0 3 4
56 51 5 2 3 5 7 1 0 6 4
56 51 5 2 3 5 7 4 1 6 0
56 51 5 4 3 5 7 2 1 0 6
56 51 5 1 5 3 0 2 4 6 7
56 51 5 1 2 0 5 4 6 7 3
56 51 5 1 2 3 4 6 0 5 7
56 52 4 1 2 5 4 0 6 7 3
56 52 4 1 2 3 7 4 6 5 0
57 47 10 4 2 5 1 3 7 0 6
57 47 10 3 4 2 0 7 1 5 6
57 47 10 6 4 2 3 7 1 5 0
57 47 10 1 4 2 3 7 0 5 6
57 47 10 4 0 6 3 2 1 5 7
57 47 10 4 0 2 3 1 7 6 5
57 47 10 4 0 6 3 2 7 1 5
57 47 10 5 0 6 4 2 1 3 7
57 47 10 6 1 2 4 7 0 3 5
57 47 10 7 1 5 6 4 2 0 3
57 47 10 6 2 4 1 7 0 5 3
57 47 10 3 2 0 6 7 1 4 5
57 47 10 0 2 5 6 7 1 4 3
57 47 10 0 2 4 5 7 1 6 3
57 47 10 7 4 0 5 1 6 3 2
57 47 10 0 1 5 3 7 6 2 4
57 47 10 5 0 6 4 2 7 1 3
57 47 10 3 4 5 6 1 2 0 7
57 47 10 0 4 2 3 5 7 6 1
57 47 10 7 4 0 3 1 2 6 5
57 47 10 0 2 6 5 7 3 4 1
57 48 9 4 0 7 3 2 1 6 5
57 48 9 2 0 6 3 7 1 5 4
57 48 9 1 2 6 3 7 0 5 4
57 48 9 5 4 2 0 7 6 3 1
57 48 9 0 4 6 3 7 2 1 5
57 48 9 4 6 0 3 7 2 1 5
57 48 9 7 2 6 3 5 0 1 4
57 48 9 3 0 5 2 4 1 6 7
57 48 9 6 2 5 7 4 0 3 1
57 48 9 3 0 2 6 7 1 5 4
57 48 9 5 1 2 0 4 6 3 7
57 48 9 7 1 2 5 4 6 3 0
57 48 9 7 4 6 2 3 1 0 5
57 48 9 4 1 6 2 3 7 0 5
57 48 9 5 4 1 0 7 6 2 3
57 48 9 3 4 1 5 7 6 2 0
57 48 9 4 0 2 6 3 7 1 5
57 48 9 6 2 0 4 7 1 3 5
57 48 9 4 2 5 3 7 6 0 1
57 48 9 6 2 5 3 1 0 7 4
57 48 9 5 1 2 3 4 7 0 6
57 48 9 5 1 2 3 0 7 6 4
57 48 9 0 2 5 7 6 1 3 4
57 48 9 1 2 0 5 4 7 3 6
57 48 9 7 2 4 5 1 6 0 3
57 48 9 4 2 5 1 3 0 6 7
57 48 9 4 2 6 1 0 7 3 5
57 48 9 4 2 0 1 5 7 3 6
57 48 9 0 2 6 1 5 7 3 4
57 48 9 0 2 7 3 1 6 5 4
57 48 9 3 2 5 0 7 4 1 6
57 48 9 4 1 0 3 2 6 7 5
57 48 9 0 1 5 3 2 6 7 4
57 48 9 1 5 4 2 0 7 6 3
57 48 9 1 5 4 6 2 7 0 3
57 48 9 1 4 5 2 0 6 3 7
57 48 9 4 7 0 3 2 1 6 5
57 49 8 2 5 4 6 7 1 3 0
57 49 8 4 1 2 7 6 0 3 5
57 49 8 0 1 2 7 4 6 3 5
57 49 8 3 4 2 5 0 7 6 1
57 49 8 2 0 4 3 7 1 6 5
57 49 8 5 4 0 2 1 7 6 3
57 49 8 3 4 2 0 1 7 6 5
57 49 8 6 0 5 4 7 2 3 1
57 49 8 3 4 7 0 1 2 6 5
57 49 8 3 4 6 7 1 2 0 5
57 49 8 0 4 1 5 7 6 3 2
57 49 8 1 6 0 5 4 2 3 7
57 49 8 5 0 1 2 4 7 6 3
57 49 8 3 1 0 2 4 7 6 5
57 49 8 4 1 2 5 0 3 7 6
57 49 8 4 0 2 5 3 1 7 6
57 49 8 5 2 1 6 4 7 0 3
57 49 8 3 2 0 5 4 7 6 1
57 49 8 3 2 0 6 4 7 1 5
57 49 8 5 4 2 3 1 6 0 7
57 49 8 4 0 2 3 5 1 6 7
57 49 8 0 4 6 7 1 2 3 5
57 49 8 4 6 0 7 1 2 3 5
57 49 8 2 6 0 7 4 1 3 5
57 49 8 2 1 6 7 4 0 3 5
57 49 8 4 2 0 6 1 3 5 7
57 49 8 0 4 5 6 1 2 3 7
57 49 8 2 1 5 6 4 0 3 7
57 49 8 7 2 0 5 1 3 6 4
57 49 8 5 1 4 2 0 7 6 3
57 49 8 5 1 4 2 7 6 0 3
57 49 8 3 1 4 2 7 0 6 5
57 49 8 2 7 5 6 4 0 1 3
57 49 8 4 2 0 6 3 7 5 1
57 49 8 7 4 5 6 3 2 1 0
57 49 8 2 6 0 4 7 1 5 3
57 49 8 2 1 6 4 7 0 5 3
57 49 8 7 0 4 5 1 2 6 3
57 49 8 7 4 2 3 5 0 1 6
57 49 8 7 4 0 3 5 1 2 6
57 49 8 4 1 0 3 5 7 2 6
57 49 8 1 2 6 3 5 7 0 4
57 49 8 5 4 0 7 1 6 2 3
57 49 8 3 4 2 7 5 1 0 6
57 49 8 5 4 2 7 3 0 1 6
57 49 8 5 4 0 7 3 1 2 6
57 49 8 5 4 0 2 3 1 6 7
57 49 8 4 5 7 3 2 0 1 6
57 49 8 4 5 0 3 2 1 7 6
57 49 8 4 2 5 1 3 7 6 0
57 49 8 0 2 5 1 7 3 6 4
57 49 8 2 4 6 7 0 1 3 5
57 49 8 5 4 6 7 2 1 3 0
57 49 8 1 4 6 7 2 0 3 5
57 49 8 4 6 7 0 2 1 3 5
57 49 8 4 1 6 7 0 2 3 5
57 49 8 4 2 6 3 0 5 1 7
57 49 8 4 0 6 3 5 2 1 7
57 49 8 4 0 2 1 5 7 6 3
57 49 8 2 4 5 6 0 1 3 7
57 49 8 6 4 5 0 2 1 3 7
57 49 8 1 4 5 6 2 0 3 7
57 49 8 4 1 5 6 0 2 3 7
57 49 8 7 0 2 6 5 1 3 4
57 49 8 3 4 2 7 1 6 0 5
57 49 8 2 4 5 6 0 7 1 3
57 49 8 6 4 5 0 2 7 1 3
57 49 8 3 4 5 6 2 7 1 0
57 49 8 4 7 5 6 0 2 1 3
57 49 8 0 6 5 4 2 1 3 7
57 49 8 0 6 5 4 2 7 1 3
57 49 8 4 6 5 3 7 2 0 1
57 49 8 3 5 0 7 4 2 1 6
57 49 8 6 2 5 7 4 3 1 0
57 49 8 4 2 5 0 6 3 1 7
57 49 8 6 4 5 7 3 2 1 0
57 49 8 2 4 5 3 1 6 0 7
57 49 8 1 5 6 3 4 2 0 7
57 49 8 3 1 5 4 0 7 6 2
57 49 8 0 1 2 3 7 6 5 4
57 49 8 1 6 2 3 7 0 5 4
57 49 8 1 0 5 7 4 6 3 2
57 49 8 7 2 5 3 0 6 4 1
57 49 8 1 5 4 3 7 2 0 6
57 49 8 1 5 4 3 0 2 6 7
57 49 8 1 5 6 0 7 2 3 4
57 49 8 1 5 6 4 0 2 3 7
57 49 8 7 1 5 4 0 6 3 2
57 49 8 0 2 7 1 3 4 6 5
57 49 8 1 2 7 3 0 4 6 5
57 49 8 0 4 5 1 3 2 6 7
57 49 8 1 0 3 4 2 7 6 5
57 49 8 1 2 3 0 4 7 6 5
57 49 8 0 5 7 3 2 4 6 1
57 49 8 0 5 6 7 2 4 3 1
57 50 7 4 1 5 2 7 0 6 3
57 50 7 4 2 6 1 3 0 7 5
57 50 7 4 2 6 1 3 7 5 0
57 50 7 1 4 0 6 5 7 2 3
57 50 7 1 2 6 7 4 3 0 5
57 50 7 1 0 6 7 4 2 3 5
57 50 7 1 2 5 6 4 3 0 7
57 50 7 1 0 5 6 4 2 3 7
57 50 7 7 4 5 1 3 2 6 0
57 50 7 1 6 0 5 2 7 3 4
57 50 7 1 7 6 5 2 0 3 4
57 50 7 5 0 4 7 3 1 6 2
57 50 7 5 0 7 3 2 1 6 4
57 50 7 1 2 0 6 3 7 5 4
57 50 7 4 2 1 5 3 0 7 6
57 50 7 4 2 1 5 3 7 6 0
57 50 7 5 4 3 2 7 1 6 0
57 50 7 4 0 5 2 7 1 6 3
57 50 7 4 1 6 5 2 3 7 0
57 50 7 4 1 0 5 2 3 6 7
57 50 7 7 4 6 2 5 1 3 0
57 50 7 4 2 6 5 1 0 7 3
57 50 7 4 2 6 5 1 7 3 0
57 50 7 4 7 2 5 1 6 3 0
57 50 7 4 1 6 2 5 0 7 3
57 50 7 4 1 6 2 5 7 3 0
57 50 7 3 1 2 4 5 7 0 6
57 50 7 4 6 1 5 2 7 3 0
57 50 7 4 7 6 5 2 1 3 0
57 50 7 1 6 5 0 7 2 3 4
57 50 7 1 6 3 5 7 2 0 4
57 50 7 2 5 6 7 0 4 1 3
57 50 7 4 5 0 7 2 6 3 1
57 50 7 4 0 5 3 7 1 6 2
57 50 7 4 5 0 7 2 3 1 6
57 50 7 4 1 3 0 2 6 5 7
57 50 7 2 5 7 4 3 1 6 0
57 50 7 2 5 6 7 3 1 4 0
57 50 7 4 2 3 6 1 0 5 7
57 50 7 0 2 3 6 4 1 5 7
57 50 7 1 4 7 0 2 6 3 5
57 50 7 2 4 5 7 0 6 3 1
57 50 7 1 2 0 6 7 3 5 4
57 50 7 4 5 2 7 0 1 6 3
57 50 7 0 2 7 4 1 6 3 5
57 50 7 2 6 5 7 1 0 3 4
57 50 7 7 3 4 5 0 1 6 2
57 50 7 5 7 0 4 2 1 6 3
57 50 7 5 1 7 4 2 0 6 3
57 50 7 1 7 2 4 3 0 6 5
57 50 7 2 1 5 4 0 3 6 7
57 50 7 2 1 5 4 3 6 0 7
57 50 7 2 1 3 4 7 0 5 6
57 50 7 6 2 3 0 7 1 5 4
57 50 7 6 2 3 4 0 1 5 7
57 50 7 0 2 5 4 7 3 1 6
57 50 7 7 2 5 4 6 3 1 0
57 50 7 2 7 5 4 1 6 0 3
57 50 7 1 5 6 4 0 7 2 3
57 50 7 1 0 6 4 7 5 2 3
57 50 7 2 7 5 3 1 0 6 4
57 50 7 2 7 5 0 3 1 6 4
57 50 7 4 0 7 5 2 1 6 3
57 50 7 3 7 5 4 2 0 1 6
57 50 7 7 0 1 4 2 6 5 3
57 50 7 7 2 0 5 3 4 6 1
57 50 7 2 7 5 3 4 1 6 0
57 50 7 7 1 5 0 3 4 6 2
57 50 7 4 2 6 0 3 1 7 5
57 50 7 0 2 5 4 1 3 6 7
57 50 7 1 5 0 4 3 2 6 7
57 50 7 5 3 2 7 4 1 6 0
57 50 7 1 3 2 7 4 0 6 5
57 50 7 0 1 3 4 7 2 6 5
57 50 7 1 2 6 0 7 4 3 5
57 50 7 3 0 2 4 1 6 5 7
57 50 7 3 2 4 0 1 6 5 7
57 50 7 0 1 4 7 2 6 5 3
57 50 7 7 3 5 4 0 1 6 2
57 50 7 1 2 4 3 7 0 6 5
57 50 7 1 2 0 4 5 7 3 6
57 50 7 1 2 6 0 7 3 5 4
57 50 7 1 2 6 4 0 3 5 7
57 50 7 1 2 4 5 0 6 3 7
57 50 7 4 2 3 6 0 1 7 5
57 50 7 0 2 3 6 5 1 7 4
57 50 7 7 1 5 3 0 4 6 2
57 51 6 5 2 6 3 4 1 7 0
57 51 6 7 2 6 3 5 1 4 0
57 51 6 7 1 2 4 5 6 0 3
57 51 6 4 6 5 7 2 0 1 3
57 51 6 2 1 3 4 7 6 0 5
57 51 6 1 0 5 4 7 6 3 2
57 51 6 4 5 3 7 1 2 6 0
57 51 6 2 5 3 7 4 1 6 0
57 51 6 3 2 6 5 4 1 7 0
57 51 6 1 5 7 4 2 6 0 3
57 51 6 1 0 7 4 2 5 6 3
57 51 6 4 7 5 3 1 2 6 0
57 51 6 1 5 4 7 3 2 6 0
57 51 6 4 2 5 7 0 3 6 1
57 51 6 4 0 5 7 3 2 6 1
57 51 6 1 0 4 7 3 2 6 5
57 51 6 2 0 1 7 3 4 6 5
57 51 6 1 2 3 0 7 4 6 5
57 51 6 2 0 5 3 7 4 6 1
57 51 6 3 2 5 4 1 0 7 6
57 51 6 3 1 2 7 0 4 6 5
57 51 6 7 5 3 4 2 1 6 0
57 51 6 1 2 6 5 4 0 7 3
57 51 6 5 0 4 7 2 1 6 3
57 51 6 5 2 3 4 1 0 6 7
57 51 6 1 4 7 3 2 6 5 0
57 51 6 4 2 3 7 5 0 1 6
57 51 6 1 0 6 7 2 5 4 3
57 51 6 1 5 0 7 2 6 3 4
57 51 6 3 5 0 7 1 4 6 2
57 51 6 1 2 7 3 4 6 0 5
57 51 6 0 2 5 4 1 3 7 6
57 51 6 4 3 5 7 0 1 6 2
57 51 6 1 5 6 3 2 4 0 7
57 52 5 3 1 5 4 2 6 7 0
57 52 5 3 0 1 7 2 4 6 5
57 52 5 1 5 3 4 2 6 0 7
57 52 5 1 2 0 4 5 3 6 7
57 52 5 1 2 5 0 3 6 7 4
57 53 4 1 2 3 0 4 6 7 5
57 53 4 4 2 3 5 1 6 7 0
57 53 4 7 2 3 4 1 6 5 0
57 53 4 1 2 3 4 5 7 0 6
57 54 3 0 3 5 7 2 4 6 1
57 54 3 1 3 5 7 2 6 4 0
58 48 10 6 1 5 4 7 0 2 3
58 48 10 4 1 7 2 0 6 5 3
58 48 10 4 1 7 5 2 6 0 3
58 48 10 5 2 0 7 4 1 3 6
58 48 10 5 1 0 3 4 7 6 2
58 48 10 5 2 0 3 4 7 1 6
58 48 10 4 2 0 7 6 1 3 5
58 48 10 7 0 6 4 2 1 5 3
58 48 10 3 4 7 2 0 1 6 5
58 48 10 3 4 7 6 2 1 0 5
58 48 10 0 2 6 5 4 7 3 1
58 48 10 2 4 0 3 7 1 6 5
58 48 10 4 1 0 3 7 2 6 5
58 49 9 2 5 4 6 7 0 1 3
58 49 9 2 5 0 6 7 1 4 3
58 49 9 5 4 2 0 3 7 6 1
58 49 9 7 4 2 6 0 1 3 5
58 49 9 4 1 2 6 0 7 3 5
58 49 9 4 1 2 6 7 3 0 5
58 49 9 4 1 2 5 6 3 0 7
58 49 9 4 0 2 5 6 1 3 7
58 49 9 4 1 2 3 5 6 0 7
58 49 9 5 2 4 3 7 1 6 0
58 49 9 5 1 2 4 3 7 6 0
58 49 9 4 6 1 5 0 7 2 3
58 49 9 4 0 5 7 1 6 2 3
58 49 9 3 4 2 5 1 7 0 6
58 49 9 4 6 1 5 7 0 3 2
58 49 9 7 1 2 5 6 0 3 4
58 49 9 7 1 2 0 5 6 3 4
58 49 9 5 0 2 6 4 1 3 7
58 49 9 0 1 6 5 4 2 3 7
58 49 9 5 1 6 2 4 7 0 3
58 49 9 5 0 2 6 4 7 1 3
58 49 9 1 4 2 3 5 0 6 7
58 49 9 4 5 0 6 1 2 3 7
58 49 9 2 5 0 6 4 1 3 7
58 49 9 2 5 0 6 4 7 1 3
58 49 9 7 4 6 5 1 2 0 3
58 49 9 2 0 6 5 1 7 3 4
58 49 9 5 2 6 0 1 7 3 4
58 49 9 3 4 0 7 5 1 6 2
58 49 9 0 5 6 4 2 1 3 7
58 49 9 7 2 5 1 3 0 6 4
58 49 9 4 1 5 3 0 7 6 2
58 49 9 7 4 6 0 2 1 3 5
58 49 9 4 6 5 3 2 1 0 7
58 49 9 4 6 5 1 2 7 0 3
58 49 9 4 6 5 3 0 2 1 7
58 49 9 4 5 7 3 1 2 0 6
58 49 9 4 5 7 3 0 2 6 1
58 49 9 4 5 6 0 1 2 3 7
58 49 9 4 5 6 7 0 2 3 1
58 49 9 2 5 7 3 4 1 0 6
58 49 9 2 5 7 3 0 1 6 4
58 49 9 2 5 6 0 4 1 3 7
58 49 9 2 5 6 7 0 1 3 4
58 49 9 6 2 7 4 1 0 5 3
58 49 9 7 2 5 0 4 3 1 6
58 49 9 0 2 5 7 6 3 1 4
58 49 9 7 4 5 0 3 2 1 6
58 49 9 4 1 5 2 0 7 6 3
58 49 9 4 1 5 6 2 7 0 3
58 49 9 3 1 0 4 2 7 6 5
58 49 9 7 4 5 6 0 1 3 2
58 49 9 7 0 3 4 2 1 5 6
58 49 9 7 2 3 0 4 1 5 6
58 49 9 7 2 0 3 1 6 4 5
58 49 9 1 5 0 4 7 2 3 6
58 49 9 3 7 5 2 0 1 6 4
58 49 9 3 7 5 6 2 1 0 4
58 49 9 7 1 0 4 2 6 3 5
58 49 9 1 2 7 6 3 4 0 5
58 49 9 3 2 5 6 1 4 0 7
58 49 9 1 4 5 6 3 2 0 7
58 49 9 2 1 5 6 3 4 0 7
58 49 9 7 2 0 3 1 4 6 5
58 50 8 3 2 4 6 7 0 1 5
58 50 8 4 1 0 2 7 6 5 3
58 50 8 4 2 0 1 3 7 6 5
58 50 8 5 1 0 2 7 6 3 4
58 50 8 1 4 6 5 0 2 3 7
58 50 8 4 6 5 0 1 2 3 7
58 50 8 4 6 3 5 1 2 0 7
58 50 8 2 6 5 0 4 1 3 7
58 50 8 2 6 3 5 4 1 0 7
58 50 8 2 1 6 5 0 4 3 7
58 50 8 7 0 2 5 3 4 1 6
58 50 8 7 4 5 0 3 1 2 6
58 50 8 3 1 2 5 4 0 7 6
58 50 8 4 1 5 0 3 7 2 6
58 50 8 2 6 5 0 4 7 1 3
58 50 8 2 7 6 5 0 4 1 3
58 50 8 5 0 2 3 7 4 1 6
58 50 8 5 4 3 0 7 1 2 6
58 50 8 5 4 2 1 0 7 6 3
58 50 8 6 2 0 5 4 1 3 7
58 50 8 3 4 6 2 7 1 5 0
58 50 8 6 2 0 5 4 7 1 3
58 50 8 3 2 5 6 4 7 0 1
58 50 8 3 4 5 6 7 2 0 1
58 50 8 0 1 6 5 2 7 3 4
58 50 8 5 4 7 0 3 1 6 2
58 50 8 5 4 6 7 3 1 0 2
58 50 8 4 2 5 1 6 0 3 7
58 50 8 4 5 7 3 1 0 6 2
58 50 8 0 5 7 3 4 1 6 2
58 50 8 1 5 7 3 2 0 6 4
58 50 8 4 5 6 7 1 0 3 2
58 50 8 0 5 6 7 4 1 3 2
58 50 8 4 5 7 0 2 1 3 6
58 50 8 1 5 6 7 2 0 3 4
58 50 8 2 0 5 3 7 6 4 1
58 50 8 3 2 5 0 7 6 4 1
58 50 8 0 7 4 5 3 1 6 2
58 50 8 7 1 4 5 3 0 6 2
58 50 8 7 1 0 5 4 6 2 3
58 50 8 0 4 1 5 3 7 6 2
58 50 8 4 7 1 5 3 0 6 2
58 50 8 0 2 6 5 7 4 1 3
58 50 8 7 2 6 5 3 4 1 0
58 50 8 5 1 4 3 7 0 6 2
58 50 8 4 5 6 0 2 7 1 3
58 50 8 4 5 1 6 2 7 0 3
58 50 8 2 0 4 5 7 1 6 3
58 50 8 1 4 5 2 7 0 6 3
58 50 8 4 0 1 5 7 2 6 3
58 50 8 4 6 3 5 2 0 1 7
58 50 8 4 7 2 5 3 1 6 0
58 50 8 0 7 4 2 5 1 6 3
58 50 8 7 1 4 2 5 0 6 3
58 50 8 7 4 6 2 5 0 1 3
58 50 8 4 7 0 5 1 6 2 3
58 50 8 0 4 1 2 5 7 6 3
58 50 8 4 7 1 2 5 0 6 3
58 50 8 5 1 2 4 7 0 6 3
58 50 8 3 1 2 0 5 7 6 4
58 50 8 4 6 1 5 2 0 7 3
58 50 8 2 1 5 6 0 7 3 4
58 50 8 2 1 5 6 7 3 0 4
58 50 8 7 2 5 6 1 3 0 4
58 50 8 7 0 5 6 1 2 3 4
58 50 8 3 4 0 5 1 6 2 7
58 50 8 4 5 6 7 0 1 2 3
58 50 8 4 0 6 7 1 5 2 3
58 50 8 2 0 6 7 4 5 1 3
58 50 8 1 4 5 3 7 0 6 2
58 50 8 0 4 2 3 1 6 5 7
58 50 8 2 1 0 3 4 6 5 7
58 50 8 4 5 1 7 3 2 0 6
58 50 8 0 5 6 7 4 2 1 3
58 50 8 4 5 6 7 3 2 1 0
58 50 8 4 0 1 3 2 6 5 7
58 50 8 2 5 6 7 3 0 1 4
58 50 8 2 1 0 5 7 6 3 4
58 50 8 2 1 5 4 6 0 3 7
58 50 8 7 4 5 0 2 6 3 1
58 50 8 6 4 5 7 2 0 3 1
58 50 8 0 2 5 6 1 7 3 4
58 50 8 1 0 5 6 2 7 3 4
58 50 8 0 1 5 6 7 2 3 4
58 50 8 1 5 0 6 7 2 3 4
58 50 8 3 5 2 7 4 1 6 0
58 50 8 1 5 2 7 4 0 6 3
58 50 8 5 2 7 0 4 1 6 3
58 50 8 5 1 2 7 4 6 0 3
58 50 8 7 4 5 2 1 6 0 3
58 50 8 7 4 5 2 3 1 0 6
58 50 8 2 5 0 7 1 6 3 4
58 50 8 5 3 4 0 7 1 6 2
58 50 8 2 3 4 5 7 1 6 0
58 50 8 1 3 4 5 7 0 6 2
58 50 8 2 3 0 4 7 1 5 6
58 50 8 2 1 5 3 4 7 0 6
58 50 8 7 0 2 3 1 6 5 4
58 50 8 3 7 5 0 1 2 6 4
58 50 8 2 1 0 5 3 7 6 4
58 50 8 0 1 5 2 3 7 6 4
58 50 8 2 6 1 4 7 0 5 3
58 50 8 7 1 5 4 3 2 0 6
58 50 8 2 5 0 3 1 7 6 4
58 50 8 1 5 3 7 0 2 6 4
58 50 8 2 7 5 4 3 1 0 6
58 50 8 3 7 0 4 2 1 5 6
58 50 8 7 1 4 0 2 6 5 3
58 50 8 7 1 0 3 2 6 5 4
58 50 8 4 1 5 7 3 0 6 2
58 50 8 4 2 6 5 0 1 7 3
58 50 8 4 2 5 3 1 7 0 6
58 50 8 4 2 5 3 0 7 6 1
58 50 8 7 3 2 0 4 1 6 5
58 50 8 7 5 4 3 2 1 0 6
58 50 8 2 3 5 0 4 1 6 7
58 50 8 4 3 5 2 0 1 6 7
58 50 8 4 3 5 6 2 1 0 7
58 50 8 7 3 0 4 2 1 6 5
58 50 8 0 2 6 4 5 7 3 1
58 50 8 1 2 0 4 7 3 5 6
58 50 8 3 1 5 2 0 4 6 7
58 50 8 3 1 5 6 2 4 0 7
58 50 8 4 2 0 6 5 1 7 3
58 50 8 7 1 0 3 2 4 6 5
58 51 7 7 2 3 5 4 1 0 6
58 51 7 3 1 5 0 4 7 6 2
58 51 7 5 2 6 1 4 0 7 3
58 51 7 5 2 6 1 4 7 3 0
58 51 7 2 0 5 6 7 4 1 3
58 51 7 7 4 5 6 1 2 3 0
58 51 7 7 4 3 0 5 1 6 2
58 51 7 4 1 3 0 5 7 6 2
58 51 7 1 0 2 3 5 7 6 4
58 51 7 1 4 2 5 0 3 6 7
58 51 7 1 4 2 5 3 6 0 7
58 51 7 7 2 0 3 5 1 6 4
58 51 7 1 4 6 5 2 3 0 7
58 51 7 5 7 2 3 4 1 6 0
58 51 7 7 0 2 4 5 1 6 3
58 51 7 5 4 6 3 2 7 1 0
58 51 7 0 7 5 6 2 1 3 4
58 51 7 7 1 5 6 2 0 3 4
58 51 7 0 6 5 7 4 2 1 3
58 51 7 4 6 5 7 3 2 1 0
58 51 7 4 2 7 1 3 6 5 0
58 51 7 7 2 3 6 0 1 5 4
58 51 7 2 0 1 4 7 6 3 5
58 51 7 1 0 2 3 4 7 6 5
58 51 7 1 2 6 3 4 7 0 5
58 51 7 2 0 5 3 4 7 6 1
58 51 7 4 2 3 5 6 1 0 7
58 51 7 7 6 5 0 2 1 3 4
58 51 7 6 2 5 4 0 7 1 3
58 51 7 6 2 3 5 7 1 0 4
58 51 7 2 6 5 4 7 1 3 0
58 51 7 2 6 3 5 7 1 4 0
58 51 7 0 3 2 5 7 4 1 6
58 51 7 3 4 5 6 7 1 2 0
58 51 7 7 0 6 5 2 4 1 3
58 51 7 1 4 2 7 0 6 5 3
58 51 7 0 3 2 7 4 1 5 6
58 51 7 3 2 7 6 4 1 5 0
58 51 7 7 2 5 3 0 4 1 6
58 51 7 5 0 3 4 2 1 6 7
58 51 7 2 5 3 4 0 1 6 7
58 51 7 2 1 5 4 3 0 7 6
58 51 7 2 1 4 3 7 6 5 0
58 51 7 7 2 4 6 3 1 5 0
58 51 7 0 5 4 7 1 2 6 3
58 51 7 1 5 6 3 7 2 4 0
58 51 7 3 7 5 4 1 0 6 2
58 51 7 0 7 5 4 3 1 6 2
58 51 7 4 2 5 7 3 6 0 1
58 51 7 3 2 7 0 1 4 6 5
58 51 7 3 2 6 7 1 4 0 5
58 51 7 1 4 7 0 3 2 6 5
58 51 7 1 4 6 7 3 2 0 5
58 51 7 2 1 7 0 3 4 6 5
58 51 7 2 1 6 7 3 4 0 5
58 51 7 1 2 6 3 7 4 0 5
58 51 7 4 0 2 6 5 1 7 3
58 51 7 4 3 2 5 0 1 6 7
58 51 7 2 7 5 4 3 0 6 1
58 51 7 3 2 5 4 7 0 6 1
58 51 7 3 2 0 4 1 7 5 6
58 51 7 0 1 2 7 4 3 6 5
58 51 7 4 1 2 7 5 3 6 0
58 51 7 3 5 4 7 2 1 6 0
58 51 7 2 3 4 0 7 1 6 5
58 51 7 2 1 3 4 0 7 6 5
58 51 7 3 2 5 4 6 7 0 1
58 51 7 1 2 6 5 0 7 4 3
58 51 7 4 2 0 5 3 1 7 6
58 51 7 0 2 5 4 3 1 7 6
58 51 7 1 5 0 4 6 2 3 7
58 51 7 2 5 0 4 1 6 3 7
58 51 7 1 2 4 3 6 0 5 7
58 51 7 0 2 4 3 1 6 5 7
58 51 7 3 2 5 0 4 1 7 6
58 51 7 2 5 3 4 7 1 0 6
58 51 7 4 3 5 0 1 2 6 7
58 51 7 7 3 5 4 1 2 6 0
58 51 7 1 0 2 4 7 3 6 5
58 51 7 1 2 4 0 7 3 6 5
58 51 7 1 5 6 7 0 2 4 3
58 51 7 1 4 5 3 7 2 0 6
58 51 7 2 1 5 3 7 4 0 6
58 51 7 1 2 7 3 0 6 5 4
58 51 7 0 2 5 1 4 6 7 3
58 51 7 1 0 3 4 2 6 5 7
58 52 6 1 0 5 4 3 7 6 2
58 52 6 4 7 5 6 2 1 3 0
58 52 6 7 2 3 5 4 1 6 0
58 52 6 1 4 2 7 0 3 6 5
58 52 6 4 2 3 6 5 7 1 0
58 52 6 7 2 6 4 1 3 5 0
58 52 6 1 4 3 2 7 6 0 5
58 52 6 3 1 7 0 2 4 6 5
58 52 6 3 1 6 7 2 4 0 5
58 52 6 5 0 7 1 2 4 6 3
58 52 6 1 2 5 6 0 4 7 3
58 52 6 1 2 5 7 6 3 0 4
58 52 6 1 0 5 7 6 2 3 4
58 52 6 1 6 5 4 2 3 0 7
58 52 6 1 7 2 5 3 4 6 0
58 52 6 2 0 5 4 1 6 7 3
58 52 6 7 0 1 5 2 4 6 3
58 52 6 1 5 0 4 3 2 7 6
58 52 6 7 3 0 5 2 1 6 4
58 52 6 1 2 5 3 6 0 7 4
58 52 6 4 3 7 0 2 1 6 5
58 52 6 4 3 6 7 2 1 0 5
58 52 6 1 2 5 0 7 4 3 6
58 52 6 3 4 5 7 2 6 0 1
58 52 6 2 3 4 7 0 1 6 5
58 52 6 5 3 4 7 2 1 6 0
58 52 6 1 3 4 7 2 0 6 5
58 52 6 4 3 5 7 1 2 6 0
58 52 6 4 1 5 7 2 3 6 0
58 52 6 1 5 7 0 2 3 6 4
58 52 6 1 5 6 7 2 3 0 4
58 52 6 1 7 5 0 2 6 3 4
58 52 6 1 2 0 4 3 6 7 5
58 53 5 1 2 4 7 5 6 3 0
58 53 5 1 5 7 6 2 4 3 0
58 53 5 1 0 5 2 7 4 6 3
58 53 5 1 4 5 7 0 3 6 2
58 53 5 1 2 7 4 3 6 5 0
58 53 5 7 2 3 4 0 6 5 1
58 53 5 1 4 3 5 7 6 2 0
58 53 5 1 2 7 5 4 6 3 0
58 53 5 3 2 6 4 5 0 7 1
58 53 5 1 5 2 7 0 4 6 3
58 53 5 3 1 5 7 2 6 4 0
58 53 5 0 2 3 4 1 6 7 5
58 53 5 7 2 3 4 5 0 1 6
58 53 5 1 2 3 0 5 7 6 4
58 54 4 1 3 5 7 4 2 6 0
58 55 3 1 3 5 7 0 4 6 2
59 48 11 6 4 2 5 7 0 3 1
59 48 11 6 1 2 5 4 0 3 7
59 48 11 6 4 1 5 7 0 2 3
59 49 10 7 4 2 5 3 0 6 1
59 49 10 6 4 2 0 7 1 3 5
59 49 10 1 4 2 6 7 0 3 5
59 49 10 3 4 0 5 1 7 6 2
59 49 10 7 0 2 5 1 6 3 4
59 49 10 3 2 6 1 4 7 0 5
59 49 10 7 4 5 0 6 2 1 3
59 49 10 7 4 5 6 3 1 0 2
59 49 10 4 1 5 6 3 7 0 2
59 49 10 4 6 5 2 0 1 3 7
59 49 10 4 6 5 2 0 7 1 3
59 49 10 0 6 5 3 7 2 1 4
59 49 10 0 5 7 3 1 2 6 4
59 49 10 4 5 0 7 1 2 3 6
59 49 10 0 5 6 7 1 2 3 4
59 49 10 2 5 0 7 4 1 3 6
59 49 10 4 2 0 7 6 3 1 5
59 49 10 7 4 0 6 2 1 3 5
59 49 10 0 5 4 3 7 2 6 1
59 49 10 0 5 6 4 7 2 3 1
59 50 9 4 6 2 5 1 0 3 7
59 50 9 2 1 6 5 4 3 0 7
59 50 9 7 4 2 5 0 3 1 6
59 50 9 7 0 4 5 3 1 2 6
59 50 9 3 1 0 5 4 7 2 6
59 50 9 4 0 1 5 3 7 2 6
59 50 9 2 6 1 5 4 7 0 3
59 50 9 2 7 6 5 4 1 0 3
59 50 9 5 4 2 3 0 7 1 6
59 50 9 5 0 4 3 7 1 2 6
59 50 9 3 4 2 1 5 7 6 0
59 50 9 0 7 6 5 1 2 3 4
59 50 9 7 6 0 5 1 2 3 4
59 50 9 3 4 6 2 7 0 1 5
59 50 9 6 4 0 5 7 2 1 3
59 50 9 6 4 5 7 0 2 1 3
59 50 9 3 4 5 6 0 2 1 7
59 50 9 7 0 5 1 4 2 6 3
59 50 9 4 0 5 1 2 6 3 7
59 50 9 7 5 6 0 2 1 3 4
59 50 9 7 2 6 0 5 4 1 3
59 50 9 0 4 3 5 7 1 6 2
59 50 9 5 4 3 7 0 1 6 2
59 50 9 5 4 6 0 7 1 3 2
59 50 9 4 1 6 5 7 2 0 3
59 50 9 3 1 0 4 5 7 6 2
59 50 9 4 6 2 3 1 0 5 7
59 50 9 4 5 7 0 3 2 1 6
59 50 9 0 5 7 2 3 1 6 4
59 50 9 4 2 3 0 6 1 5 7
59 50 9 0 1 5 2 7 6 3 4
59 50 9 1 2 5 0 6 7 3 4
59 50 9 7 5 2 0 4 1 6 3
59 50 9 4 2 7 1 0 6 3 5
59 50 9 0 2 4 1 3 7 6 5
59 50 9 1 2 4 3 0 7 6 5
59 50 9 1 2 4 6 3 7 0 5
59 50 9 6 2 0 4 7 1 5 3
59 50 9 0 1 5 3 4 7 6 2
59 50 9 7 0 5 4 2 3 1 6
59 50 9 0 5 3 1 7 2 6 4
59 50 9 1 5 3 6 7 2 0 4
59 50 9 7 2 5 6 3 4 0 1
59 50 9 0 2 6 5 3 1 7 4
59 50 9 7 5 4 3 0 1 6 2
59 50 9 0 5 4 3 2 1 6 7
59 50 9 1 2 0 5 7 4 3 6
59 50 9 0 2 6 4 7 3 5 1
59 50 9 0 2 4 5 7 6 3 1
59 51 8 7 4 2 6 3 1 5 0
59 51 8 4 1 2 6 3 0 7 5
59 51 8 4 1 2 6 3 7 5 0
59 51 8 5 2 6 3 4 0 1 7
59 51 8 5 2 0 3 4 1 6 7
59 51 8 3 0 1 5 4 7 6 2
59 51 8 5 2 0 1 4 7 6 3
59 51 8 3 2 1 5 4 7 0 6
59 51 8 0 5 2 3 4 1 6 7
59 51 8 5 1 2 3 4 0 6 7
59 51 8 2 0 5 6 3 7 1 4
59 51 8 7 4 5 6 1 0 2 3
59 51 8 7 0 4 3 5 1 6 2
59 51 8 7 4 6 3 5 1 0 2
59 51 8 4 0 1 3 5 7 6 2
59 51 8 4 1 6 3 5 7 0 2
59 51 8 7 4 6 5 3 1 2 0
59 51 8 4 1 6 5 3 0 7 2
59 51 8 4 1 6 5 3 7 2 0
59 51 8 5 1 0 2 3 7 6 4
59 51 8 5 2 0 6 3 7 1 4
59 51 8 5 4 6 3 7 1 2 0
59 51 8 5 0 6 2 7 4 1 3
59 51 8 4 5 6 3 7 2 1 0
59 51 8 4 5 1 6 7 2 3 0
59 51 8 5 4 0 6 2 1 3 7
59 51 8 5 7 0 2 4 1 6 3
59 51 8 3 7 2 0 4 1 6 5
59 51 8 7 1 2 4 0 5 6 3
59 51 8 5 4 0 6 2 7 1 3
59 51 8 3 4 6 5 2 7 0 1
59 51 8 3 4 6 0 2 7 1 5
59 51 8 7 5 0 6 2 1 3 4
59 51 8 6 0 5 4 7 2 1 3
59 51 8 7 6 5 4 0 2 1 3
59 51 8 5 0 7 4 1 2 6 3
59 51 8 5 0 7 2 4 1 6 3
59 51 8 4 2 7 1 6 0 5 3
59 51 8 4 2 7 5 1 0 6 3
59 51 8 2 0 3 6 7 1 5 4
59 51 8 1 2 3 6 7 0 5 4
59 51 8 2 1 4 0 7 6 3 5
59 51 8 3 2 5 0 4 7 6 1
59 51 8 2 0 5 4 6 1 3 7
59 51 8 7 6 3 5 2 1 0 4
59 51 8 7 1 6 5 2 3 0 4
59 51 8 4 2 1 5 6 7 0 3
59 51 8 2 0 5 4 6 7 1 3
59 51 8 4 2 6 7 1 5 0 3
59 51 8 4 0 6 7 1 2 5 3
59 51 8 2 0 6 7 4 1 5 3
59 51 8 2 6 3 5 7 0 1 4
59 51 8 3 2 0 5 7 4 1 6
59 51 8 7 0 4 6 2 1 5 3
59 51 8 7 4 6 0 2 1 5 3
59 51 8 0 4 2 7 1 6 3 5
59 51 8 4 6 2 7 1 0 3 5
59 51 8 3 1 4 5 0 7 6 2
59 51 8 3 1 4 5 7 6 0 2
59 51 8 0 5 3 4 1 2 6 7
59 51 8 4 6 2 7 0 1 5 3
59 51 8 4 6 2 7 1 5 0 3
59 51 8 3 1 2 7 4 0 5 6
59 51 8 3 2 6 5 4 0 1 7
59 51 8 2 5 7 4 1 0 6 3
59 51 8 3 5 7 4 2 1 0 6
59 51 8 7 0 5 3 4 2 1 6
59 51 8 2 5 4 0 3 1 6 7
59 51 8 2 5 6 4 3 1 0 7
59 51 8 1 5 3 4 2 0 6 7
59 51 8 7 5 3 0 1 2 6 4
59 51 8 2 1 0 4 3 7 5 6
59 51 8 4 7 0 5 1 2 6 3
59 51 8 3 7 5 4 1 2 0 6
59 51 8 3 7 5 4 0 2 6 1
59 51 8 0 7 5 4 3 2 1 6
59 51 8 7 5 0 4 3 2 1 6
59 51 8 0 7 2 4 3 1 5 6
59 51 8 7 1 2 4 3 0 5 6
59 51 8 2 5 4 0 1 7 6 3
59 51 8 2 5 6 4 1 7 0 3
59 51 8 1 0 4 7 5 2 6 3
59 51 8 3 2 0 5 1 7 6 4
59 51 8 3 1 0 5 7 2 6 4
59 51 8 1 5 6 3 7 0 2 4
59 51 8 7 4 5 0 3 2 6 1
59 51 8 7 4 2 0 5 1 3 6
59 51 8 4 1 2 6 0 5 7 3
59 51 8 4 1 2 0 5 7 3 6
59 51 8 5 2 6 0 7 1 4 3
59 51 8 5 3 2 0 4 1 6 7
59 51 8 7 3 2 5 4 1 6 0
59 51 8 1 3 2 5 4 0 6 7
59 51 8 2 5 0 4 3 7 6 1
59 51 8 3 0 5 4 2 7 6 1
59 51 8 4 5 6 0 2 1 7 3
59 51 8 2 1 5 0 7 6 4 3
59 51 8 4 0 3 5 1 2 6 7
59 51 8 2 0 3 5 4 1 6 7
59 51 8 5 2 3 0 4 1 6 7
59 51 8 1 2 3 5 4 0 6 7
59 51 8 3 1 2 7 4 6 0 5
59 51 8 2 3 6 4 7 1 0 5
59 51 8 2 0 5 4 3 7 1 6
59 51 8 6 2 5 4 3 7 1 0
59 51 8 3 2 5 0 6 7 1 4
59 51 8 1 0 6 5 7 2 4 3
59 51 8 0 1 5 4 6 2 3 7
59 51 8 2 6 5 4 1 0 3 7
59 51 8 1 2 4 0 3 6 5 7
59 51 8 3 2 5 6 0 1 7 4
59 51 8 7 2 6 0 3 1 5 4
59 51 8 3 1 5 0 7 4 6 2
59 51 8 0 1 5 3 7 4 6 2
59 51 8 1 0 5 4 2 3 7 6
59 51 8 1 2 5 0 4 3 7 6
59 51 8 2 3 5 0 7 1 6 4
59 52 7 2 4 5 6 7 1 3 0
59 52 7 4 1 5 6 7 2 3 0
59 52 7 4 6 5 1 7 2 3 0
59 52 7 4 5 7 1 2 0 6 3
59 52 7 4 2 5 6 7 3 1 0
59 52 7 0 4 6 7 2 1 5 3
59 52 7 4 6 0 7 2 1 5 3
59 52 7 4 1 6 7 2 0 5 3
59 52 7 4 1 2 5 7 3 6 0
59 52 7 0 7 5 2 4 1 6 3
59 52 7 7 1 5 2 4 0 6 3
59 52 7 6 2 5 7 1 3 0 4
59 52 7 6 0 5 7 1 2 3 4
59 52 7 4 5 6 3 1 2 7 0
59 52 7 2 5 6 3 4 1 7 0
59 52 7 4 7 5 2 1 0 6 3
59 52 7 4 7 5 2 3 1 6 0
59 52 7 3 0 7 4 2 1 6 5
59 52 7 3 7 4 0 2 1 6 5
59 52 7 0 7 3 4 2 1 6 5
59 52 7 7 1 3 4 2 0 6 5
59 52 7 3 2 7 4 0 1 5 6
59 52 7 2 1 3 0 7 6 5 4
59 52 7 7 5 4 3 1 2 6 0
59 52 7 7 5 6 4 1 2 3 0
59 52 7 7 2 6 5 3 1 4 0
59 52 7 7 5 6 3 2 1 4 0
59 52 7 1 4 2 7 3 6 0 5
59 52 7 4 1 2 7 3 6 5 0
59 52 7 7 0 5 1 2 4 6 3
59 52 7 4 2 5 6 1 0 7 3
59 52 7 0 2 5 6 4 1 7 3
59 52 7 7 0 2 4 5 1 3 6
59 52 7 7 2 4 0 5 1 3 6
59 52 7 4 2 3 7 1 5 0 6
59 52 7 4 2 3 7 6 1 0 5
59 52 7 7 2 3 5 1 0 6 4
59 52 7 2 7 5 1 4 0 6 3
59 52 7 7 3 5 4 0 2 1 6
59 52 7 7 2 6 4 0 3 1 5
59 52 7 0 2 3 6 4 7 1 5
59 52 7 7 2 0 4 1 3 6 5
59 52 7 7 1 2 0 3 4 6 5
59 52 7 1 0 4 2 7 6 3 5
59 52 7 3 1 0 4 2 6 5 7
59 52 7 1 6 2 4 0 7 3 5
59 52 7 1 6 2 4 7 3 0 5
59 52 7 3 4 5 7 6 2 1 0
59 52 7 2 5 7 1 0 4 6 3
59 52 7 3 5 7 1 2 4 6 0
59 52 7 1 0 5 6 4 2 7 3
59 52 7 1 2 5 0 4 7 3 6
59 52 7 1 5 4 0 2 6 3 7
59 52 7 1 6 5 4 0 2 3 7
59 52 7 1 4 5 3 7 6 0 2
59 52 7 2 5 0 1 7 4 6 3
59 52 7 2 4 5 1 7 0 6 3
59 52 7 4 2 6 3 0 5 7 1
59 52 7 4 0 6 3 5 2 7 1
59 52 7 4 2 3 6 0 5 1 7
59 52 7 4 0 3 6 5 2 1 7
59 52 7 4 5 0 7 3 1 6 2
59 52 7 4 0 2 5 1 6 7 3
59 52 7 7 1 6 5 2 4 0 3
59 52 7 0 1 5 4 3 2 7 6
59 52 7 1 2 0 7 4 3 5 6
59 52 7 7 3 4 0 2 1 6 5
59 52 7 7 3 5 0 1 2 6 4
59 52 7 7 1 5 0 2 3 6 4
59 52 7 1 7 5 4 0 6 3 2
59 52 7 0 2 5 4 3 6 7 1
59 53 6 4 2 5 3 6 1 7 0
59 53 6 4 5 3 6 2 1 7 0
59 53 6 7 2 5 4 3 6 0 1
59 53 6 0 3 5 4 2 7 1 6
59 53 6 7 2 5 6 1 4 3 0
59 53 6 1 0 5 2 4 7 6 3
59 53 6 1 2 3 5 0 7 6 4
59 53 6 1 5 7 2 3 4 6 0
59 53 6 1 5 0 6 2 4 7 3
59 53 6 3 2 7 4 5 1 6 0
59 53 6 4 3 0 7 1 2 6 5
59 53 6 2 3 0 7 4 1 6 5
59 53 6 1 6 3 4 7 2 0 5
59 53 6 1 7 2 5 4 6 3 0
59 53 6 4 2 3 0 5 7 6 1
59 53 6 2 0 5 7 3 4 1 6
59 53 6 0 3 4 7 2 1 5 6
59 53 6 0 3 4 5 2 1 6 7
59 53 6 1 5 6 7 0 4 2 3
59 53 6 1 6 2 4 7 5 3 0
59 53 6 7 0 5 3 2 4 1 6
59 53 6 3 4 5 7 1 6 2 0
59 53 6 1 4 5 7 3 6 0 2
59 53 6 1 2 7 4 6 0 5 3
59 53 6 1 0 2 3 4 6 7 5
59 53 6 2 0 3 4 7 6 5 1
59 53 6 1 2 4 7 3 6 0 5
59 53 6 1 2 6 4 7 5 3 0
59 53 6 1 6 0 4 5 2 3 7
59 53 6 3 2 0 4 5 7 6 1
59 53 6 1 7 5 0 3 2 6 4
59 53 6 1 0 7 4 2 6 5 3
59 53 6 1 2 5 7 6 3 4 0
59 53 6 0 2 6 4 5 1 7 3
59 53 6 1 2 0 5 3 6 4 7
59 53 6 1 3 5 7 4 0 6 2
59 53 6 1 2 6 0 4 3 7 5
59 53 6 1 2 4 0 5 7 6 3
59 53 6 1 4 5 0 2 6 7 3
59 53 6 1 2 3 5 0 6 4 7
59 54 5 1 2 7 4 3 6 0 5
59 54 5 1 4 2 7 5 6 3 0
59 54 5 1 2 3 7 0 4 6 5
59 54 5 7 1 5 6 2 4 3 0
59 54 5 1 2 6 5 3 4 7 0
59 54 5 1 4 5 2 3 7 6 0
59 54 5 1 7 2 4 5 6 0 3
59 54 5 1 7 5 3 2 6 4 0
59 54 5 3 5 0 7 2 4 6 1
59 54 5 1 2 0 7 5 4 6 3
59 54 5 1 2 6 4 0 3 7 5
59 54 5 1 5 0 7 3 4 6 2
59 54 5 2 3 5 7 0 4 1 6
59 54 5 6 3 5 7 2 4 1 0
59 54 5 1 3 0 7 2 6 5 4
59 55 4 1 2 3 4 7 5 6 0
59 55 4 1 3 5 4 2 6 7 0
59 55 4 1 2 6 4 5 0 7 3
59 56 3 1 2 3 5 4 6 7 0
59 56 3 1 5 3 7 2 4 6 0
60 49 11 5 4 2 6 1 7 0 3
60 49 11 3 1 2 6 4 7 0 5
60 49 11 5 4 2 6 3 1 0 7
60 49 11 4 5 6 2 0 1 3 7
60 50 10 5 1 2 7 0 6 3 4
60 50 10 5 1 2 3 7 6 0 4
60 50 10 5 4 6 0 1 2 3 7
60 50 10 7 4 6 5 1 2 3 0
60 50 10 3 0 2 5 1 7 6 4
60 50 10 3 0 6 5 2 7 1 4
60 50 10 7 4 2 1 5 0 6 3
60 50 10 6 2 5 3 4 1 0 7
60 50 10 6 2 5 1 4 7 0 3
60 50 10 6 4 5 1 7 2 0 3
60 50 10 4 0 7 3 5 1 6 2
60 50 10 4 5 7 0 3 1 6 2
60 50 10 4 0 6 7 5 1 3 2
60 50 10 6 2 5 3 7 0 4 1
60 50 10 5 4 3 6 7 1 0 2
60 50 10 5 4 6 2 0 1 3 7
60 50 10 4 7 2 0 5 1 6 3
60 50 10 5 0 2 4 1 7 6 3
60 50 10 4 0 6 7 5 2 1 3
60 50 10 4 0 3 6 2 1 5 7
60 50 10 2 1 0 3 4 7 6 5
60 50 10 2 1 5 6 3 7 0 4
60 50 10 7 1 0 4 3 2 6 5
60 50 10 2 7 0 4 3 1 6 5
60 50 10 4 2 0 3 1 7 6 5
60 50 10 0 2 6 5 7 4 3 1
60 51 9 7 4 2 6 3 0 1 5
60 51 9 7 4 0 6 3 1 2 5
60 51 9 4 1 0 6 3 7 2 5
60 51 9 7 0 2 5 4 1 3 6
60 51 9 3 1 6 5 4 7 0 2
60 51 9 3 0 2 5 4 7 1 6
60 51 9 6 2 5 0 3 7 1 4
60 51 9 7 4 0 6 1 2 5 3
60 51 9 7 4 6 5 3 0 1 2
60 51 9 0 7 6 5 4 2 1 3
60 51 9 7 6 0 5 4 2 1 3
60 51 9 0 4 2 5 3 7 1 6
60 51 9 4 7 2 5 3 0 1 6
60 51 9 2 6 0 5 3 7 1 4
60 51 9 2 7 6 5 3 0 1 4
60 51 9 5 4 6 3 7 0 1 2
60 51 9 5 4 6 2 0 7 1 3
60 51 9 0 5 6 4 7 2 1 3
60 51 9 4 5 1 6 7 0 2 3
60 51 9 2 4 6 5 1 0 3 7
60 51 9 2 4 6 5 7 1 3 0
60 51 9 4 1 6 5 7 2 3 0
60 51 9 3 7 2 5 4 1 0 6
60 51 9 3 7 2 5 0 1 6 4
60 51 9 2 4 6 5 3 7 1 0
60 51 9 4 7 6 5 3 2 1 0
60 51 9 0 5 2 6 7 1 3 4
60 51 9 5 1 2 6 7 0 3 4
60 51 9 7 1 6 5 0 2 3 4
60 51 9 3 6 5 4 7 2 1 0
60 51 9 4 0 5 7 6 2 1 3
60 51 9 3 5 7 4 1 2 6 0
60 51 9 3 5 7 2 4 1 6 0
60 51 9 1 5 7 2 4 0 6 3
60 51 9 7 2 5 3 4 0 6 1
60 51 9 2 7 6 5 0 1 3 4
60 51 9 5 7 6 0 2 1 3 4
60 51 9 4 0 2 5 6 7 1 3
60 51 9 7 2 5 4 6 0 1 3
60 51 9 1 2 6 7 4 0 5 3
60 51 9 6 0 2 5 7 1 3 4
60 51 9 0 6 5 2 7 1 3 4
60 51 9 2 6 5 7 0 1 3 4
60 51 9 0 4 5 3 7 1 2 6
60 51 9 3 4 5 7 0 1 2 6
60 51 9 4 6 1 0 7 2 3 5
60 51 9 0 5 3 2 4 1 6 7
60 51 9 7 4 2 0 1 6 5 3
60 51 9 3 4 2 7 1 6 5 0
60 51 9 0 2 7 3 4 1 5 6
60 51 9 2 0 7 4 5 1 6 3
60 51 9 3 5 7 4 0 1 6 2
60 51 9 7 0 2 3 4 1 5 6
60 51 9 7 5 6 3 1 2 0 4
60 51 9 0 1 4 2 7 6 5 3
60 51 9 4 7 5 1 0 2 6 3
60 51 9 0 2 4 7 3 1 5 6
60 51 9 3 0 5 4 7 1 6 2
60 51 9 3 7 5 0 4 1 6 2
60 51 9 4 2 5 3 7 0 6 1
60 51 9 5 2 6 3 0 1 4 7
60 51 9 4 2 7 6 0 1 5 3
60 51 9 4 5 6 3 0 1 7 2
60 51 9 2 1 5 3 0 6 4 7
60 51 9 4 0 2 7 1 3 6 5
60 51 9 5 2 3 7 0 1 6 4
60 51 9 3 2 0 4 6 7 1 5
60 51 9 4 2 5 3 0 1 7 6
60 51 9 0 4 7 1 2 6 5 3
60 51 9 1 4 7 2 0 6 5 3
60 51 9 1 4 7 5 2 6 0 3
60 51 9 1 0 4 3 2 6 5 7
60 51 9 3 2 0 6 4 1 7 5
60 51 9 0 5 3 4 7 1 6 2
60 51 9 0 2 6 4 3 1 5 7
60 51 9 1 4 0 3 7 2 6 5
60 51 9 0 4 5 3 7 2 6 1
60 51 9 2 1 0 3 7 4 6 5
60 51 9 0 2 7 3 4 6 5 1
60 52 8 5 1 2 6 4 0 7 3
60 52 8 5 1 2 6 4 7 3 0
60 52 8 7 1 2 5 0 3 6 4
60 52 8 7 1 2 5 3 6 0 4
60 52 8 7 2 6 5 0 3 1 4
60 52 8 4 1 5 6 7 0 2 3
60 52 8 7 2 0 5 6 1 3 4
60 52 8 4 6 5 1 7 0 2 3
60 52 8 4 5 7 1 3 2 6 0
60 52 8 3 4 5 6 7 0 1 2
60 52 8 4 2 0 5 7 3 1 6
60 52 8 6 0 5 7 2 1 3 4
60 52 8 2 1 6 5 7 3 4 0
60 52 8 2 1 0 5 7 3 6 4
60 52 8 0 3 4 5 7 1 2 6
60 52 8 4 1 2 6 7 5 3 0
60 52 8 7 5 0 2 4 1 6 3
60 52 8 5 0 4 1 7 2 6 3
60 52 8 7 5 4 1 0 2 6 3
60 52 8 2 7 0 5 4 1 6 3
60 52 8 4 7 0 6 2 1 5 3
60 52 8 3 7 6 4 2 1 0 5
60 52 8 7 0 2 6 5 4 1 3
60 52 8 7 0 4 6 5 1 2 3
60 52 8 7 4 6 0 5 1 2 3
60 52 8 4 0 1 6 5 7 2 3
60 52 8 4 1 6 0 5 7 2 3
60 52 8 5 2 6 7 1 3 0 4
60 52 8 5 0 6 7 1 2 3 4
60 52 8 5 0 2 3 7 1 6 4
60 52 8 3 1 2 5 4 6 0 7
60 52 8 3 0 4 2 5 1 6 7
60 52 8 3 4 6 2 5 1 0 7
60 52 8 3 4 2 7 0 1 5 6
60 52 8 4 1 2 7 0 3 5 6
60 52 8 4 1 2 7 3 5 0 6
60 52 8 2 0 7 4 3 1 5 6
60 52 8 6 2 7 4 3 1 5 0
60 52 8 1 2 7 4 3 0 5 6
60 52 8 4 1 2 5 0 3 6 7
60 52 8 4 1 2 5 3 6 0 7
60 52 8 4 2 6 5 0 3 1 7
60 52 8 4 0 6 3 2 5 1 7
60 52 8 2 0 1 3 7 6 5 4
60 52 8 7 5 6 4 1 0 2 3
60 52 8 0 7 2 5 3 1 6 4
60 52 8 3 1 5 4 7 0 2 6
60 52 8 3 1 0 4 7 2 5 6
60 52 8 7 5 6 3 2 0 1 4
60 52 8 4 1 0 7 3 6 2 5
60 52 8 4 0 3 7 1 2 5 6
60 52 8 2 0 3 7 4 1 5 6
60 52 8 6 2 3 7 4 1 5 0
60 52 8 1 2 3 7 4 0 5 6
60 52 8 3 2 7 5 4 1 0 6
60 52 8 3 2 6 0 4 1 5 7
60 52 8 2 5 0 1 4 7 6 3
60 52 8 4 0 5 1 2 7 6 3
60 52 8 4 3 5 0 7 2 1 6
60 52 8 6 3 5 4 7 2 1 0
60 52 8 7 0 6 4 3 2 1 5
60 52 8 7 1 2 5 3 4 0 6
60 52 8 2 0 6 4 1 7 3 5
60 52 8 5 2 6 4 1 7 3 0
60 52 8 5 1 2 3 7 4 0 6
60 52 8 5 1 2 3 0 4 6 7
60 52 8 1 7 2 0 5 4 6 3
60 52 8 1 4 5 3 0 6 2 7
60 52 8 2 4 5 0 1 6 3 7
60 52 8 1 5 7 3 4 2 0 6
60 52 8 1 5 7 3 0 2 6 4
60 52 8 1 5 6 0 4 2 3 7
60 52 8 1 5 6 7 0 2 3 4
60 52 8 6 2 5 4 1 0 7 3
60 52 8 0 2 5 1 4 3 6 7
60 52 8 7 3 5 2 0 1 6 4
60 52 8 7 3 5 6 2 1 0 4
60 52 8 1 0 5 3 2 6 7 4
60 52 8 1 7 0 4 2 6 3 5
60 53 7 4 2 5 1 6 0 7 3
60 53 7 4 2 5 1 6 7 3 0
60 53 7 6 2 5 3 7 1 4 0
60 53 7 1 0 2 5 7 4 3 6
60 53 7 7 4 6 3 5 2 1 0
60 53 7 1 0 2 6 7 4 5 3
60 53 7 1 5 4 6 7 2 3 0
60 53 7 5 6 0 7 2 1 3 4
60 53 7 5 1 6 7 2 0 3 4
60 53 7 7 2 5 4 0 3 6 1
60 53 7 7 0 5 4 3 2 6 1
60 53 7 3 2 6 4 1 7 0 5
60 53 7 0 4 3 5 2 1 6 7
60 53 7 4 1 3 5 2 0 6 7
60 53 7 6 2 5 4 1 3 0 7
60 53 7 7 2 4 3 0 6 5 1
60 53 7 3 2 5 6 0 4 1 7
60 53 7 4 0 5 6 2 1 7 3
60 53 7 7 2 6 3 4 1 5 0
60 53 7 2 3 0 5 7 1 6 4
60 53 7 1 0 3 5 7 2 6 4
60 53 7 3 2 6 7 0 4 1 5
60 53 7 4 1 3 5 2 6 0 7
60 53 7 2 0 3 7 5 1 6 4
60 53 7 1 2 3 7 5 0 6 4
60 53 7 3 2 6 4 1 0 5 7
60 53 7 7 2 4 1 0 6 3 5
60 53 7 1 2 4 7 6 0 3 5
60 53 7 0 2 4 7 1 6 3 5
60 53 7 0 5 7 2 1 4 6 3
60 53 7 1 5 7 6 2 0 4 3
60 53 7 1 2 6 0 4 7 5 3
60 53 7 3 2 7 4 1 0 6 5
60 53 7 7 3 2 5 0 1 6 4
60 53 7 5 0 1 2 7 4 6 3
60 53 7 3 1 0 2 7 4 6 5
60 53 7 7 2 5 1 4 6 3 0
60 53 7 1 0 4 5 7 2 6 3
60 53 7 2 0 1 5 7 4 6 3
60 53 7 3 1 5 2 7 4 6 0
60 53 7 4 1 5 7 6 3 0 2
60 53 7 4 0 5 7 6 1 3 2
60 53 7 2 1 5 7 6 0 3 4
60 53 7 0 4 3 7 1 2 6 5
60 53 7 2 1 3 7 4 0 6 5
60 53 7 1 7 0 5 4 6 2 3
60 53 7 4 2 3 5 6 7 0 1
60 53 7 4 2 3 0 6 7 1 5
60 53 7 1 0 4 2 3 7 6 5
60 53 7 3 2 5 1 7 4 0 6
60 53 7 4 2 7 0 5 1 6 3
60 53 7 2 4 5 7 0 3 1 6
60 53 7 3 1 4 7 2 0 5 6
60 53 7 3 1 4 5 2 0 6 7
60 53 7 3 1 5 7 4 0 2 6
60 53 7 4 1 5 7 0 3 2 6
60 53 7 4 0 5 7 3 1 2 6
60 53 7 1 0 6 7 4 5 2 3
60 53 7 7 1 2 4 3 6 5 0
60 53 7 1 6 2 4 3 7 5 0
60 53 7 1 6 0 4 7 5 2 3
60 53 7 4 2 0 6 1 3 7 5
60 53 7 0 2 6 4 1 3 7 5
60 53 7 7 2 5 4 6 3 0 1
60 53 7 4 2 3 0 7 6 5 1
60 53 7 1 4 3 5 7 0 6 2
60 53 7 2 4 3 7 0 1 6 5
60 53 7 5 4 3 7 2 1 6 0
60 53 7 1 4 3 7 2 0 6 5
60 53 7 4 1 3 7 0 2 6 5
60 53 7 1 0 2 5 7 6 4 3
60 53 7 1 2 7 4 0 6 3 5
60 53 7 0 2 6 4 1 5 3 7
60 53 7 0 1 6 4 5 2 3 7
60 53 7 4 2 1 6 0 5 7 3
60 53 7 4 0 1 6 5 2 7 3
60 53 7 4 2 1 0 5 7 3 6
60 53 7 2 0 5 3 4 6 7 1
60 53 7 3 2 5 0 4 6 7 1
60 53 7 3 1 4 7 0 2 6 5
60 53 7 3 1 4 7 2 6 0 5
60 53 7 3 5 2 7 1 4 6 0
60 53 7 5 2 7 0 1 4 6 3
60 53 7 5 2 6 7 1 4 0 3
60 53 7 2 1 5 7 4 3 0 6
60 53 7 2 1 5 0 4 3 6 7
60 53 7 2 5 0 3 1 4 6 7
60 53 7 2 5 0 7 1 3 6 4
60 53 7 1 7 5 4 3 2 0 6
60 53 7 1 7 4 0 2 6 5 3
60 53 7 0 2 5 7 1 3 4 6
60 53 7 1 0 5 7 2 3 4 6
60 53 7 0 1 5 7 3 2 4 6
60 53 7 1 5 0 7 3 2 4 6
60 53 7 0 1 2 7 3 4 5 6
60 53 7 1 4 2 7 3 0 5 6
60 53 7 0 1 2 5 3 4 6 7
60 53 7 3 1 0 7 2 6 5 4
60 53 7 7 3 5 0 4 1 6 2
60 53 7 4 2 3 1 0 6 7 5
60 53 7 1 2 6 5 0 3 7 4
60 53 7 4 2 3 7 0 6 5 1
60 53 7 1 4 5 3 0 6 7 2
60 53 7 0 2 3 1 4 6 5 7
60 53 7 1 5 4 3 2 7 0 6
60 53 7 0 2 3 4 5 7 6 1
60 54 6 3 4 2 6 5 1 7 0
60 54 6 4 3 0 7 2 1 5 6
60 54 6 7 1 2 3 5 4 6 0
60 54 6 1 4 2 3 7 6 5 0
60 54 6 1 2 7 4 0 3 6 5
60 54 6 0 1 2 7 5 4 6 3
60 54 6 5 1 2 7 3 4 6 0
60 54 6 1 4 0 2 5 6 3 7
60 54 6 6 1 5 7 2 3 0 4
60 54 6 1 0 3 7 4 2 6 5
60 54 6 3 5 6 4 2 1 7 0
60 54 6 5 7 2 3 1 4 6 0
60 54 6 0 2 3 4 5 7 1 6
60 54 6 1 4 5 7 6 0 2 3
60 54 6 1 4 5 7 3 6 2 0
60 54 6 4 2 5 1 3 6 7 0
60 54 6 7 1 5 2 3 4 6 0
60 54 6 1 0 2 7 4 3 6 5
60 54 6 2 0 5 7 4 3 6 1
60 54 6 1 4 5 2 7 6 3 0
60 54 6 4 1 3 7 2 6 5 0
60 54 6 2 6 3 4 7 1 5 0
60 54 6 4 1 3 2 7 6 5 0
60 54 6 7 1 2 4 5 6 3 0
60 54 6 7 0 5 3 1 4 6 2
60 54 6 2 5 3 4 7 6 0 1
60 54 6 2 6 3 4 5 1 0 7
60 54 6 3 0 5 7 1 4 2 6
60 54 6 1 6 2 7 0 4 5 3
60 54 6 7 2 3 5 1 6 0 4
60 54 6 1 4 2 3 5 0 7 6
60 54 6 1 2 4 6 3 7 5 0
60 54 6 1 5 7 4 3 2 6 0
60 54 6 1 5 6 7 3 2 4 0
60 54 6 1 2 7 6 3 4 5 0
60 54 6 1 2 5 7 6 0 4 3
60 54 6 7 2 3 1 0 6 5 4
60 54 6 1 2 3 7 6 0 5 4
60 54 6 0 2 3 7 1 6 5 4
60 54 6 1 5 0 4 7 6 2 3
60 54 6 1 2 5 4 6 7 3 0
60 54 6 2 0 3 4 1 6 5 7
60 54 6 3 2 5 7 6 4 0 1
60 54 6 1 7 5 3 4 2 6 0
60 54 6 2 4 5 7 0 3 6 1
60 54 6 3 2 0 5 1 6 7 4
60 54 6 3 2 5 4 6 0 7 1
60 54 6 1 2 5 0 3 4 7 6
60 54 6 4 6 5 7 2 1 0 3
60 54 6 1 0 6 4 3 2 7 5
60 54 6 1 0 2 4 3 6 5 7
60 54 6 1 2 5 0 6 3 7 4
60 54 6 7 3 5 0 2 4 1 6
60 55 5 0 3 5 7 4 2 6 1
60 55 5 1 2 3 6 5 7 0 4
60 55 5 7 2 3 6 5 1 4 0
60 55 5 0 3 2 7 1 4 6 5
60 55 5 1 3 2 5 0 4 6 7
60 55 5 1 0 5 7 6 4 3 2
60 55 5 1 5 3 4 2 7 6 0
60 55 5 1 0 5 7 3 4 2 6
60 55 5 1 2 3 4 6 7 5 0
60 55 5 1 3 5 4 7 2 6 0
60 55 5 0 2 3 4 5 1 7 6
60 55 5 2 3 5 7 1 4 6 0
60 55 5 1 2 6 0 5 3 7 4
60 56 4 1 0 5 7 2 4 3 6
60 57 3 1 5 3 4 2 6 7 0
60 57 3 1 2 3 4 5 0 7 6
60 57 3 1 3 5 7 2 4 6 0