0 0 0 3 0 4 1 7 2 5 6
14 0 14 3 2 4 1 7 0 5 6
15 0 15 0 3 4 1 7 2 5 6
15 0 15 3 4 0 1 7 2 5 6
26 14 12 3 2 4 1 7 5 0 6
27 14 13 3 2 4 1 0 7 5 6
27 15 12 3 4 5 1 7 2 0 6
28 15 13 7 3 4 1 0 2 5 6
28 15 13 1 3 4 0 7 2 5 6
30 15 15 6 3 4 1 7 2 5 0
30 15 15 3 4 1 0 7 2 5 6
31 15 16 2 3 4 1 7 0 5 6
36 26 10 3 2 4 1 7 5 6 0
37 27 10 3 4 5 1 7 2 6 0
38 27 11 3 2 4 1 6 7 5 0
39 28 11 1 3 4 6 7 2 5 0
39 28 11 1 3 4 7 0 2 5 6
40 26 14 3 2 0 1 7 5 4 6
40 28 12 7 3 4 1 2 0 5 6
40 28 12 1 3 0 4 7 2 5 6
40 28 12 1 3 4 5 7 2 0 6
41 27 14 0 2 4 1 3 7 5 6
41 27 14 3 4 5 1 7 0 2 6
41 28 13 7 3 4 1 6 2 5 0
42 27 15 3 0 4 1 2 7 5 6
42 27 15 3 2 4 0 1 7 5 6
43 28 15 7 3 4 0 1 2 5 6
43 31 12 2 3 4 1 7 5 0 6
44 30 14 3 4 1 7 0 2 5 6
44 31 13 2 3 4 1 0 7 5 6
45 30 15 6 3 4 1 7 2 0 5
45 30 15 6 3 4 1 0 2 5 7
45 30 15 3 4 1 6 7 2 5 0
45 30 15 3 4 1 5 7 2 0 6
46 28 18 7 0 4 1 3 2 5 6
46 30 16 6 3 4 0 7 2 5 1
46 31 15 2 0 4 1 7 3 5 6
47 30 17 6 3 0 1 7 2 5 4
47 39 8 1 3 4 7 2 0 5 6
48 30 18 0 4 1 3 7 2 5 6
48 36 12 3 2 4 1 0 5 6 7
48 39 9 1 3 4 7 6 2 5 0
48 40 8 1 3 4 5 7 2 6 0
49 36 13 3 2 4 0 7 5 6 1
49 37 12 3 4 5 1 0 2 6 7
49 38 11 3 2 4 1 6 7 0 5
49 40 9 1 3 5 4 7 2 0 6
50 37 13 3 4 5 0 7 2 6 1
50 40 10 1 3 0 5 7 2 4 6
51 36 15 3 2 0 1 7 5 6 4
51 38 13 3 2 4 0 6 7 5 1
51 39 12 1 3 4 6 7 2 0 5
51 39 12 0 3 4 7 1 2 5 6
51 40 11 7 3 4 1 2 5 0 6
51 40 11 1 0 3 4 7 2 5 6
52 36 16 0 2 4 1 7 5 6 3
52 39 13 1 3 4 6 0 2 5 7
52 40 12 1 3 4 5 7 0 2 6
53 37 16 0 4 5 1 7 2 6 3
53 38 15 3 2 0 1 6 7 5 4
53 39 14 1 0 4 7 3 2 5 6
53 41 12 1 2 4 0 3 7 5 6
53 41 12 3 0 5 1 7 4 2 6
53 42 11 3 2 4 6 1 7 5 0
53 43 10 2 3 4 1 7 5 6 0
54 37 17 3 4 0 1 7 2 6 5
54 38 16 0 2 4 1 6 7 5 3
54 40 14 3 2 1 0 7 5 4 6
54 40 14 7 0 4 1 2 3 5 6
54 41 13 3 4 5 1 0 7 2 6
54 41 13 7 3 4 1 6 2 0 5
54 42 12 3 2 0 4 1 7 5 6
54 47 7 1 3 4 7 2 5 0 6
55 39 16 1 3 0 6 7 2 5 4
55 40 15 3 0 2 1 7 5 4 6
55 41 14 2 0 4 1 3 7 5 6
55 41 14 6 2 4 1 3 7 5 0
55 42 13 0 3 4 1 2 7 5 6
55 42 13 3 4 0 1 2 7 5 6
55 42 13 3 7 4 1 2 0 5 6
55 44 11 3 4 1 7 2 0 5 6
55 44 11 2 3 4 1 6 7 5 0
56 41 15 7 3 4 0 6 2 5 1
56 42 14 0 2 4 3 1 7 5 6
56 43 13 7 3 0 4 1 2 5 6
56 43 13 7 3 4 6 1 2 5 0
56 43 13 7 3 4 5 1 2 0 6
56 44 12 3 4 1 7 6 2 5 0
56 45 11 3 4 1 5 7 2 6 0
56 49 7 1 3 5 4 7 2 6 0
57 41 16 7 2 4 1 3 0 5 6
57 41 16 7 3 0 1 6 2 5 4
57 41 16 0 3 4 1 6 2 5 7
57 42 15 3 2 4 5 1 7 0 6
57 43 14 2 3 0 1 7 5 4 6
57 44 13 3 0 1 7 4 2 5 6
57 47 10 1 0 4 7 2 3 5 6
58 39 19 0 3 4 6 7 2 5 1
58 45 13 6 3 4 1 2 0 5 7
58 48 10 3 2 4 1 5 0 6 7
58 48 10 1 3 4 7 6 2 0 5
58 48 10 1 3 4 5 0 2 6 7
59 44 15 0 4 1 7 3 2 5 6
59 44 15 2 3 4 0 1 7 5 6
59 45 14 3 4 0 5 7 2 1 6
59 47 12 6 3 5 1 7 2 0 4
59 48 11 1 3 4 0 6 2 5 7
59 49 10 3 4 5 1 2 0 6 7
59 50 9 1 3 5 0 7 2 4 6
59 54 5 1 3 4 7 2 5 6 0
60 45 15 6 3 0 1 7 2 4 5
60 45 15 3 4 1 5 7 0 2 6
60 48 12 0 2 4 1 3 5 6 7
60 48 12 1 3 0 7 6 2 5 4
60 48 12 1 3 4 0 7 2 6 5
60 48 12 1 3 0 5 7 2 6 4
60 49 11 3 2 4 1 6 0 7 5
60 49 11 1 3 5 4 7 0 2 6
60 51 9 7 3 4 1 2 5 6 0
60 51 9 1 2 3 4 7 0 5 6
61 45 16 6 3 4 1 7 0 2 5
61 45 16 6 3 4 0 1 2 5 7
61 45 16 3 4 1 6 7 2 0 5
61 46 15 6 3 4 7 0 2 5 1
61 46 15 0 2 4 1 7 3 5 6
61 48 13 3 2 4 0 1 5 6 7
61 49 12 3 2 0 4 7 5 6 1
61 49 12 3 0 5 1 4 2 6 7
61 50 11 1 0 3 5 7 2 4 6
61 54 7 1 3 0 7 2 5 4 6
62 45 17 3 4 1 6 0 2 5 7
62 46 16 7 4 0 1 3 2 5 6
62 46 16 6 3 0 4 7 2 5 1
62 46 16 6 3 4 5 7 2 0 1
62 46 16 2 4 0 1 7 3 5 6
62 47 15 6 3 1 0 7 2 5 4
62 48 14 3 0 4 1 2 5 6 7
62 49 13 3 4 5 0 1 2 6 7
62 49 13 3 2 0 1 6 7 4 5
62 50 12 3 4 5 7 0 2 6 1
62 51 11 7 3 0 1 2 5 4 6
62 53 9 1 2 4 6 3 7 5 0
63 45 18 6 0 4 1 3 2 5 7
63 46 17 0 7 4 1 3 2 5 6
63 47 16 6 0 3 1 7 2 5 4
63 48 15 7 4 1 3 0 2 5 6
63 49 14 0 2 4 3 7 5 6 1
63 49 14 0 4 5 1 3 2 6 7
63 51 12 3 2 0 4 6 7 5 1
63 51 12 3 0 4 7 1 2 5 6
63 51 12 6 3 4 7 1 2 5 0
63 52 11 1 3 4 5 0 7 2 6
63 53 10 1 2 0 4 3 7 5 6
64 48 16 4 0 1 3 7 2 5 6
64 48 16 0 3 4 7 6 2 5 1
64 48 16 0 3 4 5 7 2 6 1
64 49 15 3 2 4 7 0 5 6 1
64 49 15 3 2 4 6 7 5 0 1
64 50 14 3 4 0 5 7 2 6 1
64 51 13 3 2 1 0 7 5 6 4
64 51 13 3 2 6 1 7 5 0 4
64 51 13 1 3 4 6 7 0 2 5
64 51 13 0 1 3 4 7 2 5 6
64 52 12 1 2 4 0 7 5 6 3
64 52 12 1 3 4 6 2 0 5 7
64 55 9 3 0 1 7 2 4 5 6
65 45 20 3 4 0 6 7 2 5 1
65 48 17 6 4 1 3 7 2 5 0
65 48 17 2 4 1 3 7 0 5 6
65 51 14 3 0 2 1 7 5 6 4
65 51 14 0 2 4 3 6 7 5 1
65 51 14 1 3 0 6 7 2 4 5
65 51 14 2 3 4 7 1 0 5 6
65 52 13 7 2 4 1 0 5 6 3
65 53 12 7 4 5 1 0 2 6 3
65 53 12 1 4 5 0 7 2 6 3
65 53 12 3 2 5 1 6 7 0 4
65 53 12 1 4 0 7 3 2 5 6
65 53 12 1 2 4 3 0 7 5 6
65 53 12 0 3 5 1 7 4 2 6
65 53 12 3 2 4 6 1 7 0 5
65 53 12 2 3 4 1 0 5 6 7
65 54 11 3 2 5 4 1 7 0 6
65 55 10 3 4 5 1 2 7 0 6
65 55 10 3 4 1 7 2 5 0 6
65 56 9 7 3 4 5 1 2 6 0
65 56 9 1 3 5 0 7 2 6 4
65 56 9 1 3 5 4 0 2 6 7
66 45 21 0 4 1 6 7 2 5 3
66 50 16 0 4 5 3 7 2 6 1
66 51 15 3 2 4 5 6 7 0 1
66 52 14 2 0 4 1 7 5 6 3
66 52 14 1 0 4 5 7 3 2 6
66 53 13 3 2 1 0 6 7 5 4
66 53 13 1 2 4 7 3 0 5 6
66 53 13 1 2 4 5 3 7 0 6
66 53 13 3 5 0 1 7 4 2 6
66 53 13 2 3 4 0 7 5 6 1
66 54 12 1 2 4 0 6 7 5 3
66 54 12 3 2 1 6 7 5 4 0
66 55 11 1 3 5 6 7 2 0 4
66 55 11 1 3 4 0 2 7 5 6
66 55 11 2 3 4 1 6 7 0 5
66 56 10 7 3 5 4 1 2 0 6
66 58 8 3 2 4 1 5 6 0 7
66 58 8 1 3 4 5 2 0 6 7
67 50 17 3 4 5 6 7 2 0 1
67 51 16 3 2 4 6 0 7 5 1
67 52 15 0 3 4 6 1 2 5 7
67 52 15 1 0 4 6 3 2 5 7
67 53 14 4 0 5 1 7 2 6 3
67 53 14 3 0 2 1 6 7 5 4
67 53 14 0 1 4 7 3 2 5 6
67 54 13 3 2 1 4 7 5 0 6
67 54 13 3 4 5 1 6 7 2 0
67 54 13 3 0 2 4 1 7 5 6
67 55 12 3 7 4 1 2 5 0 6
67 56 11 7 3 0 5 1 2 4 6
67 57 10 3 1 0 7 4 2 5 6
67 57 10 1 4 0 7 2 3 5 6
67 59 8 3 0 5 1 2 4 6 7
67 59 8 1 3 5 7 0 2 4 6
67 60 7 1 3 5 7 6 2 0 4
67 60 7 1 2 3 4 7 5 0 6
68 52 16 5 2 4 1 7 0 6 3
68 53 15 2 3 0 1 7 5 6 4
68 54 14 2 0 4 1 6 7 5 3
68 54 14 3 2 1 7 0 5 4 6
68 54 14 7 4 0 1 2 3 5 6
68 54 14 3 0 5 1 4 7 2 6
68 54 14 7 3 4 1 6 0 2 5
68 54 14 7 3 0 1 6 2 4 5
68 55 13 1 0 3 6 7 2 5 4
68 55 13 1 3 6 0 7 2 5 4
68 55 13 6 2 4 1 3 7 0 5
68 55 13 6 3 4 1 2 7 5 0
68 55 13 3 4 1 0 2 7 5 6
68 55 13 2 3 4 0 6 7 5 1
68 57 11 7 3 5 1 6 2 0 4
68 57 11 3 2 4 5 1 7 6 0
68 57 11 0 3 1 7 4 2 5 6
68 58 10 1 3 0 7 6 2 4 5
68 59 9 1 3 5 6 7 2 4 0
68 59 9 1 3 4 0 2 5 6 7
68 59 9 1 3 0 7 2 5 6 4
68 60 8 1 2 3 4 0 7 5 6
69 53 16 2 4 5 1 7 0 6 3
69 53 16 3 2 0 6 1 7 5 4
69 53 16 0 3 4 1 7 5 6 2
69 54 15 3 0 4 1 7 2 6 5
69 54 15 3 4 1 0 7 2 6 5
69 54 15 6 2 4 1 0 7 5 3
69 54 15 0 2 1 3 7 5 4 6
69 54 15 0 7 4 1 2 3 5 6
69 54 15 3 4 5 0 1 7 2 6
69 55 14 3 5 2 1 7 0 4 6
69 55 14 3 7 4 1 0 2 5 6
69 56 13 2 0 4 3 1 7 5 6
69 56 13 6 2 4 3 1 7 5 0
69 56 13 7 0 3 4 1 2 5 6
69 56 13 7 3 4 5 1 0 2 6
69 56 13 3 4 1 7 6 2 0 5
69 56 13 3 4 1 5 0 2 6 7
69 56 13 1 3 0 4 7 2 6 5
69 57 12 7 2 4 1 3 5 0 6
69 57 12 3 2 1 7 4 0 5 6
69 57 12 0 1 4 7 2 3 5 6
69 58 11 1 3 4 0 5 2 6 7
69 59 10 6 3 5 1 7 2 4 0
69 59 10 1 3 0 4 6 2 5 7
69 59 10 3 4 5 1 2 6 0 7
69 59 10 1 3 4 7 0 5 6 2
69 61 8 1 0 3 7 2 5 4 6
69 61 8 1 3 7 0 2 5 4 6
69 62 7 3 4 5 7 1 2 6 0
70 53 17 0 2 4 6 1 7 5 3
70 54 16 3 4 6 1 7 2 0 5
70 54 16 7 2 4 1 6 0 5 3
70 54 16 0 4 5 1 3 7 2 6
70 55 15 0 3 2 1 7 5 4 6
70 55 15 2 4 0 1 3 7 5 6
70 55 15 2 7 4 1 3 0 5 6
70 55 15 6 2 4 0 3 7 5 1
70 55 15 2 3 0 1 6 7 5 4
70 56 14 7 3 0 4 6 2 5 1
70 56 14 7 3 4 6 1 2 0 5
70 57 13 3 2 4 5 1 0 7 6
70 57 13 3 2 0 5 1 7 4 6
70 57 13 2 0 3 1 7 5 4 6
70 58 12 6 3 4 1 2 5 0 7
70 58 12 3 0 4 1 5 2 6 7
70 58 12 1 3 4 7 6 0 2 5
70 58 12 0 3 4 5 1 2 6 7
70 59 11 2 3 4 6 1 7 5 0
70 60 10 1 2 4 0 3 5 6 7
70 60 10 3 2 4 1 0 6 7 5
70 60 10 1 3 5 4 0 7 2 6
71 55 16 0 3 4 1 6 7 5 2
71 56 15 7 3 4 5 6 2 0 1
71 56 15 7 2 4 3 1 0 5 6
71 56 15 3 4 1 0 6 2 5 7
71 56 15 0 3 5 4 7 2 6 1
71 57 14 7 2 4 1 0 3 5 6
71 57 14 7 0 3 1 6 2 5 4
71 57 14 7 3 1 0 6 2 5 4
71 57 14 3 0 4 1 6 2 5 7
71 57 14 2 3 4 1 6 0 5 7
71 57 14 2 3 1 0 7 5 4 6
71 59 12 2 3 0 4 1 7 5 6
71 59 12 1 3 4 5 6 2 0 7
71 60 11 1 0 3 7 6 2 5 4
71 60 11 1 3 7 0 6 2 5 4
71 60 11 1 3 4 7 0 2 6 5
71 60 11 1 0 3 5 7 2 6 4
71 60 11 1 3 6 5 7 2 0 4
71 61 10 3 2 0 4 1 5 6 7
71 61 10 3 2 4 7 1 5 6 0
71 61 10 0 3 5 1 4 2 6 7
71 62 9 3 4 5 7 2 0 6 1
71 64 7 1 2 4 3 7 5 6 0
72 55 17 6 2 0 1 3 7 5 4
72 56 16 3 4 0 7 6 2 5 1
72 58 14 1 0 4 5 3 2 6 7
72 59 13 3 4 5 0 7 2 1 6
72 59 13 0 3 5 1 7 2 4 6
72 59 13 0 3 4 7 2 5 6 1
72 60 12 2 0 4 1 3 5 6 7
72 60 12 7 2 4 1 3 5 6 0
72 60 12 7 3 4 0 2 5 6 1
72 61 11 3 5 0 1 4 2 6 7
72 61 11 3 2 5 1 4 0 6 7
72 62 10 1 2 4 6 3 7 0 5
72 63 9 1 2 5 4 3 7 0 6
72 64 8 3 1 0 7 2 4 5 6
72 65 7 1 3 5 4 2 0 6 7
72 66 6 3 2 4 1 5 6 7 0
72 67 5 1 3 5 7 2 0 4 6
72 67 5 1 3 5 7 6 2 4 0
72 67 5 1 2 3 4 7 5 6 0
73 56 17 7 3 4 6 0 2 5 1
73 56 17 7 3 0 6 1 2 5 4
73 56 17 0 4 1 7 6 2 5 3
73 56 17 0 4 1 5 7 2 6 3
73 58 15 6 0 4 1 2 3 5 7
73 59 14 2 3 4 5 1 7 0 6
73 59 14 3 0 4 5 7 2 1 6
73 59 14 6 3 5 1 7 0 2 4
73 60 13 3 0 1 5 7 4 2 6
73 60 13 3 0 4 1 6 2 7 5
73 60 13 1 0 5 4 7 3 2 6
73 60 13 7 3 0 1 2 5 6 4
73 61 12 6 3 4 7 2 0 5 1
73 61 12 0 2 4 3 1 5 6 7
73 61 12 3 2 6 4 7 5 0 1
73 61 12 1 2 3 5 7 0 4 6
73 62 11 3 5 4 1 2 0 6 7
73 62 11 3 0 5 7 4 2 6 1
73 62 11 7 3 1 0 2 5 4 6
73 64 9 3 2 1 4 7 5 6 0
73 64 9 0 3 1 7 2 4 5 6
73 65 8 1 2 4 3 6 7 5 0
73 65 8 3 4 5 1 2 7 6 0
73 65 8 3 4 1 7 2 5 6 0
73 65 8 1 3 5 7 0 2 6 4
74 59 15 4 0 1 7 3 2 5 6
74 59 15 6 4 1 7 3 2 5 0
74 60 14 3 4 1 5 0 7 2 6
74 60 14 5 2 4 1 3 0 6 7
74 60 14 7 3 4 1 0 5 6 2
74 60 14 0 3 4 1 2 5 6 7
74 61 13 1 2 4 0 7 3 5 6
74 61 13 3 2 4 6 1 5 0 7
74 61 13 3 0 2 4 7 5 6 1
74 61 13 0 1 3 5 7 2 4 6
74 62 12 6 3 4 5 7 2 1 0
74 62 12 3 4 0 1 2 5 6 7
74 62 12 3 4 0 5 1 2 6 7
74 62 12 7 0 3 1 2 5 4 6
74 63 11 3 2 5 4 6 7 0 1
74 63 11 1 3 4 5 6 7 2 0
74 63 11 1 0 2 4 3 7 5 6
74 64 10 1 2 0 4 7 5 6 3
74 65 9 1 4 5 3 7 2 6 0
74 65 9 1 4 5 7 3 2 0 6
74 65 9 3 2 5 4 1 7 6 0
74 65 9 1 3 5 0 4 2 6 7
74 66 8 7 3 5 4 1 2 6 0
74 66 8 1 3 4 5 2 6 0 7
74 67 7 3 1 5 7 4 2 0 6
74 67 7 1 4 5 7 2 3 0 6
74 68 6 1 2 3 4 6 7 5 0
75 58 17 3 0 4 6 7 2 5 1
75 58 17 2 3 4 6 7 0 5 1
75 59 16 0 3 4 2 1 7 5 6
75 60 15 6 3 1 0 7 2 4 5
75 61 14 6 3 0 4 1 2 5 7
75 61 14 6 3 4 5 1 2 0 7
75 62 13 7 4 5 1 3 2 0 6
75 62 13 6 3 5 4 7 2 0 1
75 62 13 6 3 1 4 7 2 5 0
75 62 13 3 2 1 0 6 7 4 5
75 62 13 0 4 5 7 3 2 6 1
75 62 13 1 2 4 6 0 7 5 3
75 63 12 7 2 4 3 0 5 6 1
75 63 12 1 4 5 0 3 2 6 7
75 63 12 3 4 0 7 1 2 5 6
75 63 12 6 3 4 7 1 2 0 5
75 63 12 1 3 4 0 5 7 2 6
75 64 11 3 2 4 6 7 5 1 0
75 64 11 1 3 4 6 2 5 0 7
75 65 10 1 4 5 7 0 2 6 3
75 65 10 7 3 5 1 0 4 2 6
75 65 10 1 3 5 0 7 4 2 6
75 65 10 2 3 4 1 5 0 6 7
75 66 9 3 2 1 4 6 7 5 0
75 66 9 1 2 4 5 3 7 6 0
75 67 8 0 3 5 1 2 4 6 7
75 69 6 1 3 4 7 5 2 6 0
75 72 3 1 3 5 7 2 4 0 6
76 59 17 7 4 1 0 3 2 5 6
76 59 17 2 4 1 7 3 0 5 6
76 60 16 6 0 3 1 7 2 4 5
76 60 16 0 3 4 1 7 2 6 5
76 61 15 6 3 4 1 0 7 2 5
76 61 15 6 2 4 1 7 3 5 0
76 62 14 6 3 0 5 7 2 4 1
76 62 14 2 4 5 1 7 3 0 6
76 62 14 6 3 1 7 0 2 5 4
76 62 14 0 4 5 3 1 2 6 7
76 62 14 3 0 2 1 6 7 4 5
76 62 14 1 2 0 6 3 7 5 4
76 63 13 2 0 4 3 7 5 6 1
76 63 13 7 4 5 1 3 2 6 0
76 63 13 3 0 2 4 6 7 5 1
76 63 13 3 2 4 7 1 0 5 6
76 64 12 7 3 4 5 0 2 6 1
76 64 12 3 2 6 1 7 5 4 0
76 64 12 1 3 4 6 0 7 2 5
76 64 12 7 1 3 4 0 2 5 6
76 65 11 2 3 4 7 1 5 0 6
76 65 11 7 4 5 1 2 0 6 3
76 65 11 3 2 5 1 6 7 4 0
76 65 11 1 2 4 3 7 0 5 6
76 65 11 3 2 5 4 1 0 7 6
76 65 11 3 4 5 1 2 0 7 6
76 65 11 3 4 0 7 2 5 1 6
76 65 11 0 3 5 4 1 2 6 7
76 66 10 1 2 0 4 6 7 5 3
76 66 10 1 3 0 4 2 7 5 6
76 66 10 1 3 4 6 2 7 5 0
76 66 10 1 3 4 5 2 7 0 6
76 66 10 3 2 0 1 5 6 4 7
76 66 10 1 0 4 5 2 3 6 7
76 67 9 3 5 0 1 2 4 6 7
76 67 9 0 3 5 7 1 2 4 6
76 67 9 1 3 5 7 6 0 2 4
76 68 8 1 0 3 7 2 5 6 4
76 68 8 1 3 7 0 2 5 6 4
76 68 8 1 3 6 7 2 5 0 4
76 69 7 1 5 3 7 2 0 4 6
76 75 1 1 3 5 7 2 4 6 0