0 0 0 3 0 4 1 7 2 5 6
8 0 8 0 3 4 1 7 2 5 6
8 0 8 3 2 4 1 7 0 5 6
9 0 9 3 4 0 1 7 2 5 6
16 8 8 7 3 4 1 0 2 5 6
16 8 8 1 3 4 0 7 2 5 6
16 8 8 3 2 4 1 0 7 5 6
16 8 8 3 2 4 1 7 5 0 6
17 8 9 6 3 4 1 7 2 5 0
17 9 8 3 4 5 1 7 2 0 6
18 8 10 2 3 4 1 7 0 5 6
18 9 9 3 4 1 0 7 2 5 6
22 16 6 1 3 4 6 7 2 5 0
23 16 7 7 3 4 1 2 0 5 6
23 16 7 1 3 0 4 7 2 5 6
23 16 7 3 2 4 1 7 5 6 0
23 17 6 3 4 5 1 7 2 6 0
24 16 8 7 3 4 1 6 2 5 0
24 16 8 1 3 4 7 0 2 5 6
24 16 8 0 2 4 1 3 7 5 6
24 16 8 3 2 4 1 6 7 5 0
24 16 8 3 2 0 1 7 5 4 6
25 16 9 1 3 4 5 7 2 0 6
25 17 8 6 3 4 1 7 2 0 5
25 17 8 6 3 4 0 7 2 5 1
25 17 8 3 4 5 1 7 0 2 6
26 16 10 7 3 4 0 1 2 5 6
26 16 10 3 0 4 1 2 7 5 6
26 16 10 3 2 4 0 1 7 5 6
26 17 9 6 3 4 1 0 2 5 7
26 18 8 2 3 4 1 0 7 5 6
26 18 8 2 3 4 1 7 5 0 6
26 18 8 3 4 1 6 7 2 5 0
27 16 11 7 0 4 1 3 2 5 6
27 17 10 6 3 0 1 7 2 5 4
27 18 9 2 0 4 1 7 3 5 6
28 18 10 0 4 1 3 7 2 5 6
28 18 10 3 4 1 7 0 2 5 6
29 18 11 3 4 1 5 7 2 0 6
29 22 7 1 3 4 6 7 2 0 5
29 23 6 1 0 3 4 7 2 5 6
29 23 6 1 3 5 4 7 2 0 6
29 24 5 1 3 4 7 2 0 5 6
30 22 8 1 3 4 6 0 2 5 7
30 23 7 7 3 4 1 2 5 0 6
30 23 7 3 4 5 0 7 2 6 1
30 24 6 1 3 4 7 6 2 5 0
30 25 5 1 3 4 5 7 2 6 0
31 22 9 1 3 0 6 7 2 5 4
31 23 8 7 0 4 1 2 3 5 6
31 23 8 3 2 4 0 7 5 6 1
31 23 8 3 4 5 1 0 2 6 7
31 24 7 0 3 4 7 1 2 5 6
32 22 10 0 3 4 6 7 2 5 1
32 23 9 3 2 4 1 0 5 6 7
32 23 9 0 4 5 1 7 2 6 3
32 24 8 7 3 4 1 6 2 0 5
32 24 8 7 3 4 0 6 2 5 1
32 24 8 1 2 4 0 3 7 5 6
32 24 8 3 2 4 1 6 7 0 5
32 24 8 3 2 4 0 6 7 5 1
32 24 8 3 2 1 0 7 5 4 6
32 25 7 1 3 4 5 7 0 2 6
32 25 7 1 3 0 5 7 2 4 6
32 25 7 3 0 5 1 7 4 2 6
32 26 6 2 3 4 1 7 5 6 0
33 23 10 3 2 0 1 7 5 6 4
33 23 10 0 2 4 1 7 5 6 3
33 23 10 3 4 0 1 7 2 6 5
33 24 9 1 0 4 7 3 2 5 6
33 24 9 2 0 4 1 3 7 5 6
33 24 9 6 2 4 1 3 7 5 0
33 24 9 3 0 2 1 7 5 4 6
33 25 8 6 3 4 1 7 0 2 5
33 25 8 6 3 0 1 7 2 4 5
33 25 8 6 3 0 4 7 2 5 1
33 25 8 3 4 5 1 0 7 2 6
33 26 7 7 3 4 6 1 2 5 0
33 26 7 0 3 4 1 2 7 5 6
33 26 7 3 2 0 4 1 7 5 6
33 26 7 3 2 4 6 1 7 5 0
33 26 7 6 3 4 1 2 0 5 7
33 29 4 1 3 5 4 7 2 6 0
34 24 10 7 3 0 1 6 2 5 4
34 24 10 0 3 4 1 6 2 5 7
34 24 10 7 2 4 1 3 0 5 6
34 24 10 3 2 0 1 6 7 5 4
34 24 10 0 2 4 1 6 7 5 3
34 25 9 6 3 4 7 0 2 5 1
34 26 8 7 3 0 4 1 2 5 6
34 26 8 3 4 0 1 2 7 5 6
34 26 8 3 7 4 1 2 0 5 6
34 26 8 2 3 4 1 6 7 5 0
34 26 8 2 3 0 1 7 5 4 6
34 27 7 6 3 5 1 7 2 0 4
34 29 5 1 2 3 4 7 0 5 6
34 29 5 1 3 4 7 2 5 0 6
35 25 10 6 3 4 5 7 2 0 1
35 26 9 0 2 4 3 1 7 5 6
35 26 9 3 4 1 6 7 2 0 5
35 27 8 6 0 3 1 7 2 5 4
35 27 8 6 3 1 0 7 2 5 4
35 27 8 0 2 4 1 7 3 5 6
35 28 7 3 4 1 7 2 0 5 6
35 29 6 1 3 5 4 7 0 2 6
35 29 6 1 0 4 7 2 3 5 6
35 30 5 7 3 4 1 2 5 6 0
36 26 10 7 3 4 5 1 2 0 6
36 26 10 3 2 4 5 1 7 0 6
36 26 10 6 3 4 0 1 2 5 7
36 26 10 2 3 4 0 1 7 5 6
36 26 10 3 4 1 6 0 2 5 7
36 27 9 0 7 4 1 3 2 5 6
36 27 9 7 4 0 1 3 2 5 6
36 27 9 2 4 0 1 7 3 5 6
36 28 8 0 4 1 7 3 2 5 6
36 28 8 3 4 1 7 6 2 5 0
36 29 7 3 4 1 5 7 2 6 0
36 29 7 1 3 4 6 7 0 2 5
36 29 7 1 3 0 6 7 2 4 5
36 29 7 0 1 3 4 7 2 5 6
36 30 6 1 3 4 6 2 0 5 7
36 30 6 1 3 4 7 6 2 0 5
36 30 6 1 3 4 0 7 2 6 5
37 26 11 6 0 4 1 3 2 5 7
37 26 11 3 4 0 6 7 2 5 1
37 26 11 0 4 1 6 7 2 5 3
37 28 9 4 0 1 3 7 2 5 6
37 28 9 7 4 1 3 0 2 5 6
37 30 7 7 3 0 1 2 5 4 6
37 30 7 1 3 4 0 6 2 5 7
37 30 7 1 3 4 5 0 2 6 7
37 31 6 1 3 5 6 7 2 0 4
37 31 6 3 4 5 1 2 0 6 7
37 34 3 1 3 4 7 2 5 6 0
38 28 10 6 4 1 3 7 2 5 0
38 28 10 3 0 1 7 4 2 5 6
38 29 9 3 4 1 5 7 0 2 6
38 29 9 3 4 0 5 7 2 1 6
38 30 8 0 3 4 6 1 2 5 7
38 30 8 3 4 0 5 7 2 6 1
38 30 8 0 4 5 3 7 2 6 1
38 30 8 3 4 5 7 0 2 6 1
38 30 8 1 3 0 7 6 2 5 4
38 30 8 1 3 0 5 7 2 6 4
38 31 7 1 0 3 6 7 2 5 4
38 31 7 1 3 6 0 7 2 5 4
38 31 7 3 2 0 4 7 5 6 1
38 31 7 0 4 5 1 3 2 6 7
38 32 6 1 2 0 4 3 7 5 6
38 32 6 1 2 4 6 3 7 5 0
38 32 6 1 3 5 0 7 2 4 6
38 32 6 0 3 5 1 7 4 2 6
38 33 5 1 3 5 0 7 2 6 4
39 28 11 2 4 1 3 7 0 5 6
39 30 9 0 3 4 7 6 2 5 1
39 30 9 0 3 4 5 7 2 6 1
39 31 8 0 7 4 1 2 3 5 6
39 31 8 7 4 0 1 2 3 5 6
39 31 8 3 0 4 7 1 2 5 6
39 31 8 6 3 4 7 1 2 5 0
39 32 7 3 2 4 1 5 0 6 7
39 32 7 4 0 5 1 7 2 6 3
39 32 7 7 4 5 1 0 2 6 3
39 32 7 1 4 5 0 7 2 6 3
39 32 7 3 2 4 1 6 0 7 5
39 32 7 3 2 0 4 6 7 5 1
39 32 7 3 2 1 6 7 5 4 0
39 32 7 1 3 4 5 0 7 2 6
39 32 7 1 0 3 5 7 2 4 6
39 32 7 2 3 4 0 7 5 6 1
39 33 6 1 3 5 4 0 2 6 7
39 34 5 1 2 3 4 0 7 5 6
39 34 5 1 2 3 4 7 5 0 6
39 34 5 1 3 0 7 2 5 4 6
40 30 10 1 0 4 6 3 2 5 7
40 30 10 3 4 5 6 7 2 0 1
40 31 9 0 2 4 3 7 5 6 1
40 31 9 3 2 4 7 0 5 6 1
40 31 9 3 0 5 1 4 2 6 7
40 31 9 3 4 5 0 1 2 6 7
40 31 9 2 3 4 7 1 0 5 6
40 32 8 7 3 4 6 0 2 5 1
40 32 8 0 2 4 1 3 5 6 7
40 32 8 7 3 4 1 6 0 2 5
40 32 8 7 3 0 1 6 2 4 5
40 32 8 7 3 0 4 6 2 5 1
40 32 8 3 2 0 1 6 7 4 5
40 32 8 1 0 4 5 7 3 2 6
40 32 8 3 5 0 1 7 4 2 6
40 32 8 2 3 4 1 0 5 6 7
40 33 7 1 4 0 7 3 2 5 6
40 33 7 1 2 4 7 3 0 5 6
40 33 7 6 0 3 4 7 2 5 1
40 33 7 6 3 5 4 7 2 0 1
40 33 7 1 3 4 0 2 7 5 6
40 33 7 3 2 5 4 1 7 0 6
40 33 7 6 3 4 1 2 5 0 7
40 34 6 6 3 4 7 2 0 5 1
40 34 6 6 3 5 1 7 2 4 0
41 31 10 3 2 4 6 7 5 0 1
41 32 9 3 0 4 6 7 2 5 1
41 32 9 3 0 4 1 2 5 6 7
41 32 9 2 4 5 1 7 0 6 3
41 32 9 1 2 4 3 0 7 5 6
41 32 9 1 2 4 5 3 7 0 6
41 32 9 0 2 4 3 6 7 5 1
41 32 9 0 2 1 3 7 5 4 6
41 32 9 3 2 1 4 7 5 0 6
41 32 9 2 3 0 1 7 5 6 4
41 32 9 0 3 4 1 7 5 6 2
41 33 8 3 0 2 1 7 5 6 4
41 33 8 3 2 1 0 7 5 6 4
41 33 8 3 2 6 1 7 5 0 4
41 33 8 2 0 4 1 7 5 6 3
41 33 8 7 2 4 1 0 5 6 3
41 33 8 1 2 4 0 7 5 6 3
41 33 8 3 0 4 1 7 2 6 5
41 33 8 3 4 1 0 7 2 6 5
41 33 8 0 1 4 7 3 2 5 6
41 33 8 6 2 4 1 3 7 0 5
41 33 8 6 2 4 0 3 7 5 1
41 33 8 0 3 2 1 7 5 4 6
41 33 8 6 3 4 1 0 7 2 5
41 33 8 6 0 3 1 7 2 4 5
41 33 8 6 3 1 0 7 2 4 5
41 33 8 0 4 5 1 3 7 2 6
41 33 8 3 4 5 1 6 7 2 0
41 33 8 7 3 4 6 1 2 0 5
41 33 8 6 3 4 1 2 7 5 0
41 33 8 3 0 2 4 1 7 5 6
41 33 8 3 2 4 6 1 7 0 5
41 33 8 6 0 4 1 2 3 5 7
41 33 8 1 3 0 4 7 2 6 5
41 33 8 0 3 5 4 7 2 6 1
41 34 7 7 3 5 1 6 2 0 4
41 34 7 7 0 3 4 1 2 5 6
41 34 7 7 3 5 4 1 2 0 6
41 34 7 3 4 5 1 2 7 0 6
41 34 7 6 3 5 1 7 0 2 4
41 35 6 3 0 1 7 2 4 5 6
41 35 6 1 3 5 4 0 7 2 6
41 35 6 1 4 0 7 2 3 5 6
41 35 6 7 3 4 0 2 5 6 1
42 32 10 2 3 4 6 7 0 5 1
42 32 10 3 2 4 0 1 5 6 7
42 32 10 7 3 4 5 6 2 0 1
42 32 10 3 2 4 6 0 7 5 1
42 32 10 3 2 4 5 6 7 0 1
42 32 10 3 2 1 7 0 5 4 6
42 33 9 3 4 6 1 7 2 0 5
42 33 9 2 4 0 1 3 7 5 6
42 33 9 2 7 4 1 3 0 5 6
42 33 9 6 2 4 1 0 7 5 3
42 33 9 3 5 2 1 7 0 4 6
42 33 9 6 0 4 1 7 3 2 5
42 34 8 7 0 3 1 6 2 5 4
42 34 8 7 3 1 0 6 2 5 4
42 34 8 7 2 4 1 0 3 5 6
42 34 8 7 2 4 1 3 5 0 6
42 34 8 3 2 1 0 6 7 5 4
42 34 8 3 2 5 1 6 7 0 4
42 34 8 1 2 4 0 6 7 5 3
42 34 8 3 4 1 0 2 7 5 6
42 34 8 3 7 4 1 2 5 0 6
42 34 8 2 3 4 1 6 7 0 5
42 34 8 2 3 4 0 6 7 5 1
42 34 8 2 0 3 1 7 5 4 6
42 34 8 2 3 1 0 7 5 4 6
42 35 7 6 3 4 5 7 2 1 0
42 35 7 6 2 3 1 7 0 5 4
42 35 7 6 3 1 4 7 2 5 0
42 35 7 3 4 1 7 2 5 0 6
42 35 7 1 0 5 4 7 3 2 6
42 35 7 0 1 4 7 2 3 5 6
42 36 6 7 3 4 5 1 2 6 0
42 36 6 1 3 4 6 2 5 0 7
42 36 6 1 3 4 7 6 0 2 5
42 36 6 1 3 0 7 6 2 4 5
42 37 5 1 3 4 5 2 0 6 7
42 37 5 1 3 5 6 7 2 4 0
42 37 5 3 0 5 1 2 4 6 7
42 37 5 1 3 4 0 2 5 6 7
43 33 10 5 2 4 1 7 0 6 3
43 33 10 6 2 0 1 3 7 5 4
43 33 10 3 0 5 1 4 7 2 6
43 33 10 3 4 5 0 1 7 2 6
43 33 10 7 3 0 6 1 2 5 4
43 33 10 3 2 0 6 1 7 5 4
43 33 10 0 2 4 6 1 7 5 3
43 34 9 3 0 4 1 6 2 5 7
43 34 9 3 0 2 1 6 7 5 4
43 34 9 2 0 4 1 6 7 5 3
43 34 9 3 7 4 1 0 2 5 6
43 35 8 6 3 4 5 7 0 2 1
43 35 8 6 3 0 5 7 2 4 1
43 35 8 0 6 3 1 7 2 5 4
43 35 8 1 2 4 0 7 3 5 6
43 35 8 7 3 4 1 0 5 6 2
43 35 8 7 3 0 1 2 5 6 4
43 35 8 0 3 4 1 2 5 6 7
43 36 7 3 2 4 5 1 0 7 6
43 36 7 3 2 4 5 1 7 6 0
43 36 7 2 3 4 6 1 7 5 0
43 36 7 1 3 4 6 0 7 2 5
43 36 7 1 0 3 6 7 2 4 5
43 36 7 1 3 6 0 7 2 4 5
43 36 7 7 1 3 4 0 2 5 6
43 36 7 1 0 4 6 2 3 5 7
43 36 7 1 3 4 7 0 2 6 5
43 37 6 1 3 5 6 7 0 2 4
43 37 6 1 3 4 7 0 5 6 2
43 37 6 1 3 0 7 2 5 6 4
43 38 5 3 4 5 7 2 0 6 1
43 38 5 1 3 5 7 6 2 0 4
43 39 4 1 3 5 4 2 0 6 7
43 39 4 1 2 3 4 7 5 6 0
44 34 10 2 3 4 1 6 0 5 7
44 34 10 7 2 4 1 6 0 5 3
44 34 10 6 0 4 7 3 2 5 1
44 34 10 2 3 0 1 6 7 5 4
44 34 10 0 3 4 1 6 7 5 2
44 35 9 2 0 4 3 1 7 5 6
44 35 9 6 2 4 3 1 7 5 0
44 35 9 3 4 1 6 7 0 2 5
44 35 9 3 4 0 6 7 2 1 5
44 35 9 0 3 1 6 7 2 5 4
44 35 9 6 3 1 7 0 2 5 4
44 35 9 6 2 4 1 7 3 5 0
44 36 8 7 3 4 5 1 0 2 6
44 36 8 7 3 0 5 1 2 4 6
44 36 8 3 2 0 5 1 7 4 6
44 36 8 6 3 0 4 1 2 5 7
44 36 8 2 3 0 4 1 7 5 6
44 36 8 3 4 1 6 2 0 5 7
44 36 8 7 4 5 1 3 2 0 6
44 36 8 2 4 5 1 7 3 0 6
44 36 8 4 0 1 7 3 2 5 6
44 36 8 3 4 1 7 6 2 0 5
44 36 8 1 0 4 6 7 3 2 5
44 36 8 6 1 3 4 7 2 5 0
44 36 8 0 3 4 1 7 2 6 5
44 37 7 7 3 1 0 2 5 4 6
44 37 7 1 3 0 4 6 2 5 7
44 37 7 0 3 4 5 1 2 6 7
44 37 7 3 4 5 1 2 6 0 7
44 37 7 0 3 4 7 2 5 6 1
44 38 6 0 4 5 7 3 2 6 1
44 38 6 3 4 5 7 1 2 6 0
44 38 6 1 2 3 6 7 0 5 4
44 38 6 1 3 6 4 7 2 5 0
44 38 6 1 2 5 4 3 7 0 6
44 38 6 7 3 5 1 0 4 2 6
44 38 6 1 3 5 0 7 4 2 6
44 38 6 1 3 5 7 0 2 6 4
44 39 5 1 4 5 3 7 2 6 0
44 39 5 1 2 3 4 6 7 5 0
45 35 10 7 2 4 3 1 0 5 6
45 35 10 6 3 1 5 7 2 0 4
45 36 9 0 3 4 2 1 7 5 6
45 36 9 0 4 1 6 3 2 5 7
45 36 9 1 7 4 0 3 2 5 6
45 36 9 7 4 1 0 3 2 5 6
45 36 9 2 4 1 0 7 3 5 6
45 36 9 6 4 1 7 3 2 5 0
45 36 9 3 4 1 0 6 2 5 7
45 36 9 3 4 1 5 0 2 6 7
45 36 9 4 1 3 0 7 2 5 6
45 36 9 2 1 3 4 7 0 5 6
45 37 8 6 2 4 1 3 0 5 7
45 37 8 4 2 1 3 7 0 5 6
45 37 8 7 4 1 3 2 0 5 6
45 37 8 7 0 3 1 2 5 4 6
45 37 8 1 3 4 0 5 2 6 7
45 38 7 0 3 1 7 4 2 5 6
45 38 7 4 0 5 3 7 2 6 1
45 38 7 7 4 5 3 0 2 6 1
45 38 7 1 0 3 7 6 2 5 4
45 38 7 1 3 7 0 6 2 5 4
45 38 7 1 0 3 5 7 2 6 4
45 38 7 1 3 6 5 7 2 0 4
45 38 7 3 2 6 4 7 5 0 1
45 38 7 4 0 5 1 3 2 6 7
45 38 7 1 4 5 0 3 2 6 7
45 38 7 1 0 2 4 3 7 5 6
45 38 7 1 2 4 6 3 7 0 5
45 38 7 1 3 5 7 0 2 4 6
45 38 7 6 3 5 1 7 4 2 0
45 38 7 0 3 5 1 7 2 6 4
45 39 6 3 2 4 1 5 6 0 7
45 39 6 7 4 5 1 2 0 6 3
45 39 6 3 2 4 1 0 6 7 5
45 39 6 1 2 3 5 7 0 4 6
45 39 6 0 3 5 4 1 2 6 7
45 39 6 0 2 3 4 1 7 5 6
45 39 6 1 2 0 4 7 5 3 6
45 39 6 1 0 3 7 2 5 4 6
45 39 6 1 3 7 0 2 5 4 6
45 40 5 1 3 4 6 2 7 5 0
46 36 10 6 3 4 5 1 2 0 7
46 36 10 2 3 4 5 1 7 0 6
46 36 10 6 7 4 1 3 2 5 0
46 36 10 2 4 1 7 3 0 5 6
46 36 10 3 4 0 7 6 2 5 1
46 36 10 0 4 1 7 6 2 5 3
46 36 10 0 4 1 5 7 2 6 3
46 37 9 0 6 4 1 3 2 5 7
46 37 9 6 4 0 1 3 2 5 7
46 37 9 3 4 6 0 7 2 5 1
46 37 9 4 0 1 6 7 2 5 3
46 37 9 7 4 1 6 0 2 5 3
46 37 9 4 1 0 3 7 2 5 6
46 37 9 7 4 1 3 6 2 5 0
46 37 9 1 3 4 5 6 2 0 7
46 37 9 1 0 4 5 3 2 6 7
46 38 8 3 1 0 7 4 2 5 6
46 38 8 3 2 1 7 4 0 5 6
46 38 8 3 0 1 5 7 4 2 6
46 38 8 3 4 5 0 7 2 1 6
46 38 8 3 0 4 5 7 2 6 1
46 38 8 3 0 5 7 4 2 6 1
46 38 8 0 1 3 6 7 2 5 4
46 38 8 1 3 6 7 0 2 5 4
46 38 8 3 0 2 4 7 5 6 1
46 38 8 7 4 5 1 3 2 6 0
46 38 8 1 2 4 6 0 7 5 3
46 38 8 0 3 5 1 7 2 4 6
46 39 7 7 3 4 5 0 2 6 1
46 39 7 7 4 5 1 2 3 0 6
46 39 7 6 3 4 7 1 2 0 5
46 39 7 4 2 5 1 7 0 6 3
46 39 7 1 4 0 5 7 2 6 3
46 39 7 1 4 5 7 0 2 6 3
46 39 7 3 2 5 4 6 7 0 1
46 39 7 1 3 4 5 6 7 2 0
46 39 7 2 3 0 4 7 5 6 1
46 39 7 1 3 5 0 4 2 6 7
46 40 6 0 3 5 1 4 2 6 7
46 40 6 1 4 5 7 3 2 0 6
46 40 6 6 2 3 4 7 0 5 1
46 40 6 6 3 5 4 7 2 1 0
46 40 6 1 3 0 4 2 7 5 6
46 40 6 3 2 5 4 1 0 7 6
46 40 6 3 2 5 4 1 7 6 0
46 40 6 6 3 4 1 2 5 7 0
46 40 6 6 3 4 7 2 5 0 1
46 41 5 7 3 5 4 1 2 6 0
46 41 5 3 4 5 1 2 7 6 0
46 41 5 0 3 1 7 2 4 5 6
46 41 5 1 4 5 7 2 3 0 6
46 42 4 0 3 5 1 2 4 6 7
47 36 11 3 0 1 6 4 2 5 7
47 37 10 6 4 1 0 7 2 5 3
47 38 9 6 4 1 3 7 2 0 5
47 38 9 3 4 1 5 0 7 2 6
47 38 9 3 0 4 5 7 2 1 6
47 38 9 3 0 4 6 1 2 5 7
47 38 9 3 4 6 5 7 2 0 1
47 38 9 2 4 5 3 7 0 6 1
47 38 9 0 3 6 1 7 2 5 4
47 38 9 2 4 5 1 3 0 6 7
47 38 9 1 2 0 6 3 7 5 4
47 38 9 4 3 5 1 7 0 2 6
47 39 8 2 0 1 3 7 4 5 6
47 39 8 3 0 4 7 6 2 5 1
47 39 8 5 3 4 0 7 2 6 1
47 39 8 1 7 4 0 2 3 5 6
47 39 8 7 4 1 0 2 3 5 6
47 39 8 3 4 0 7 1 2 5 6
47 39 8 3 2 4 7 1 0 5 6
47 39 8 3 0 4 1 5 2 6 7
47 39 8 4 5 0 1 7 2 6 3
47 39 8 3 0 4 1 6 2 7 5
47 39 8 3 0 2 4 6 7 5 1
47 39 8 3 2 1 6 7 5 0 4
47 39 8 0 3 4 5 1 7 2 6
47 39 8 0 1 3 5 7 2 4 6
47 39 8 0 3 4 2 7 5 6 1
47 39 8 2 3 4 7 0 5 6 1
47 39 8 1 0 5 4 3 2 6 7
47 39 8 1 0 3 4 2 7 5 6
47 39 8 1 2 3 0 4 7 5 6
47 40 7 1 2 4 6 3 0 5 7
47 40 7 3 4 5 6 7 2 1 0
47 40 7 3 2 4 7 5 0 6 1
47 40 7 0 2 4 7 3 5 6 1
47 40 7 3 2 4 7 1 5 6 0
47 40 7 3 2 5 1 4 0 6 7
47 40 7 2 3 4 7 0 1 5 6
47 40 7 2 3 4 7 1 5 0 6
47 40 7 7 3 4 6 2 0 5 1
47 40 7 7 0 3 4 6 2 5 1
47 40 7 7 3 5 4 6 2 0 1
47 40 7 2 3 4 1 5 0 6 7
47 40 7 1 2 4 7 0 3 5 6
47 40 7 1 2 4 7 3 5 0 6
47 40 7 0 6 3 4 7 2 5 1
47 40 7 6 3 5 4 7 0 2 1
47 40 7 6 3 0 1 2 5 4 7
47 40 7 6 0 4 7 2 3 5 1
47 40 7 6 3 5 0 7 2 4 1
47 41 6 2 0 5 1 7 4 6 3
47 41 6 1 2 4 5 3 0 7 6
47 41 6 1 2 4 5 3 7 6 0
47 41 6 3 2 1 4 7 5 6 0
47 41 6 1 2 0 4 7 5 6 3
47 41 6 1 2 4 3 7 5 6 0
47 41 6 1 0 3 4 7 2 6 5
47 41 6 7 3 5 4 0 2 6 1
47 41 6 7 3 5 1 6 2 4 0
47 41 6 7 2 3 4 1 0 5 6
47 41 6 3 1 0 7 2 4 5 6
47 41 6 1 3 5 4 6 7 2 0
47 41 6 7 3 0 4 2 5 6 1
47 42 5 3 4 1 7 2 5 6 0
47 42 5 1 3 4 6 2 5 7 0
47 42 5 1 3 0 4 2 5 6 7
47 43 4 1 3 4 7 2 0 6 5
47 43 4 3 0 5 7 2 4 6 1
47 43 4 1 3 5 7 6 2 4 0
47 44 3 1 3 5 7 2 0 6 4
48 37 11 2 4 1 6 7 0 5 3
48 37 11 7 0 1 3 4 2 5 6
48 38 10 6 4 1 3 0 2 5 7
48 38 10 2 3 4 6 1 0 5 7
48 38 10 0 2 4 6 3 7 5 1
48 39 9 2 4 1 3 0 7 5 6
48 39 9 2 4 1 3 7 5 0 6
48 39 9 2 3 4 7 6 0 5 1
48 39 9 2 3 4 5 7 0 6 1
48 39 9 2 7 4 1 0 3 5 6
48 39 9 6 7 4 1 2 3 5 0
48 39 9 6 3 0 7 1 2 5 4
48 39 9 7 0 5 1 4 2 6 3
48 39 9 7 4 5 0 1 2 6 3
48 39 9 1 4 5 6 7 2 0 3
48 39 9 3 2 1 6 0 5 4 7
48 39 9 1 3 4 0 5 7 2 6
48 40 8 1 4 0 6 3 2 5 7
48 40 8 3 4 5 6 7 0 2 1
48 40 8 2 0 4 3 7 5 6 1
48 40 8 7 2 4 3 0 5 6 1
48 40 8 3 0 4 7 2 5 6 1
48 40 8 3 5 0 1 4 2 6 7
48 40 8 3 4 0 5 1 2 6 7
48 40 8 0 4 5 3 1 2 6 7
48 40 8 2 0 4 7 1 3 5 6
48 40 8 2 0 4 1 3 5 6 7
48 40 8 1 2 4 0 3 5 6 7
48 40 8 7 3 4 1 0 6 2 5
48 40 8 7 0 3 1 6 2 4 5
48 40 8 7 3 1 0 6 2 4 5
48 40 8 3 2 1 0 6 7 4 5
48 40 8 1 4 0 5 7 3 2 6
48 40 8 3 5 1 0 7 4 2 6
48 40 8 3 5 2 1 7 4 0 6
48 40 8 1 4 7 0 3 2 5 6
48 40 8 1 3 4 5 2 7 0 6
48 40 8 6 3 5 1 0 2 4 7
48 41 7 3 2 4 6 7 5 1 0
48 41 7 3 4 0 1 2 5 6 7
48 41 7 3 5 4 1 2 0 6 7
48 41 7 2 4 5 1 0 7 6 3
48 41 7 1 2 4 3 7 0 5 6
48 41 7 1 2 4 3 6 7 5 0
48 41 7 1 2 0 5 3 7 4 6
48 41 7 3 2 1 4 7 0 5 6
48 41 7 3 2 0 4 7 5 1 6
48 41 7 2 3 1 0 7 5 6 4
48 41 7 1 3 4 0 7 5 6 2
48 41 7 0 3 2 1 7 5 6 4
48 41 7 3 2 6 1 7 5 4 0
48 41 7 7 2 4 1 5 0 6 3
48 41 7 6 2 4 1 3 0 7 5
48 41 7 6 2 0 4 3 7 5 1
48 41 7 6 2 3 1 7 0 4 5
48 41 7 6 3 1 5 7 2 4 0
48 41 7 6 3 4 1 2 7 0 5
48 41 7 6 3 4 0 2 7 5 1
48 41 7 3 2 4 6 1 0 7 5
48 41 7 1 3 6 4 7 2 0 5
48 41 7 3 0 5 4 7 2 6 1
48 41 7 4 3 5 0 7 2 6 1
48 41 7 7 3 5 1 6 0 2 4
48 41 7 0 7 3 4 1 2 5 6
48 41 7 7 3 5 4 1 0 2 6
48 41 7 3 4 5 1 2 0 7 6
48 41 7 6 3 5 1 0 7 2 4
48 41 7 0 3 5 4 1 7 2 6
48 41 7 1 4 7 0 2 3 5 6
48 42 6 3 2 1 4 6 7 5 0
48 42 6 1 2 0 4 6 7 5 3
48 42 6 3 7 4 1 2 5 6 0
48 42 6 1 3 0 6 2 5 4 7
48 42 6 1 3 4 7 0 6 2 5
48 42 6 1 3 4 5 2 6 0 7
48 42 6 1 0 4 5 2 3 6 7
48 42 6 3 5 0 1 2 4 6 7
48 43 5 1 3 4 7 5 2 6 0
48 43 5 1 3 4 7 5 0 6 2
48 43 5 1 0 3 7 2 5 6 4
48 43 5 1 3 7 0 2 5 6 4
48 43 5 1 3 6 7 2 5 0 4
48 43 5 1 3 5 7 6 0 2 4
48 43 5 1 3 5 4 2 6 0 7
48 43 5 1 0 5 4 2 3 6 7
48 44 4 1 3 5 6 7 4 2 0
48 44 4 1 3 5 7 4 2 6 0
49 38 11 6 4 0 3 7 2 5 1
49 39 10 3 2 0 6 7 5 4 1
49 39 10 0 2 1 6 7 5 4 3
49 39 10 1 0 4 5 3 7 2 6
49 39 10 2 3 4 6 7 5 0 1
49 40 9 0 1 4 6 3 2 5 7
49 40 9 7 2 4 1 3 5 6 0
49 40 9 7 0 4 1 6 3 2 5
49 40 9 3 0 2 1 6 7 4 5
49 40 9 0 1 4 5 7 3 2 6
49 40 9 2 3 4 0 1 5 6 7
49 40 9 1 3 4 2 0 7 5 6
49 41 8 3 2 4 6 7 0 5 1
49 41 8 2 4 5 1 7 6 0 3
49 41 8 6 2 4 3 0 7 5 1
49 41 8 7 2 1 3 0 5 4 6
49 41 8 2 0 3 1 7 5 6 4
49 41 8 2 3 6 1 7 5 0 4
49 41 8 3 0 4 1 7 5 6 2
49 41 8 3 5 2 1 7 0 6 4
49 41 8 3 2 6 1 7 0 5 4
49 41 8 2 4 0 1 7 5 6 3
49 41 8 2 5 4 1 7 0 6 3
49 41 8 1 2 4 7 0 5 6 3
49 41 8 3 2 4 1 7 0 6 5
49 41 8 3 1 4 7 0 2 5 6
49 41 8 6 2 0 1 3 7 4 5
49 41 8 7 3 2 1 0 5 4 6
49 41 8 1 3 2 0 7 5 4 6
49 41 8 0 3 4 1 6 7 2 5
49 41 8 6 3 4 1 5 7 2 0
49 41 8 0 6 3 1 7 2 4 5
49 41 8 4 0 5 1 3 7 2 6
49 41 8 1 4 5 0 3 7 2 6
49 41 8 3 4 5 1 6 7 0 2
49 41 8 3 4 5 0 6 7 2 1
49 41 8 7 3 4 6 1 0 2 5
49 41 8 7 3 0 6 1 2 4 5
49 41 8 0 3 2 4 1 7 5 6
49 41 8 3 7 2 4 1 0 5 6
49 41 8 3 2 0 6 1 7 4 5
49 41 8 0 6 4 1 2 3 5 7
49 41 8 6 4 0 1 2 3 5 7
49 41 8 2 3 5 4 7 0 6 1
49 41 8 6 0 5 1 7 3 2 4
49 41 8 1 3 5 0 4 7 2 6
49 42 7 3 2 0 4 1 5 6 7
49 42 7 7 3 4 5 6 2 1 0
49 42 7 3 2 4 5 6 0 7 1
49 42 7 3 2 4 5 6 7 1 0
49 42 7 3 2 1 7 5 0 4 6
49 42 7 7 2 3 1 6 0 5 4
49 42 7 7 3 1 4 6 2 5 0
49 42 7 3 2 5 1 6 0 7 4
49 42 7 3 2 5 1 6 7 4 0
49 42 7 3 4 1 6 2 7 5 0
49 42 7 0 2 3 1 7 5 4 6
49 42 7 2 3 1 6 7 5 4 0
49 42 7 6 2 3 1 0 7 5 4
49 42 7 6 2 3 1 7 5 0 4
49 42 7 3 4 0 7 2 5 1 6
49 42 7 1 5 0 4 7 3 2 6
49 42 7 7 3 4 0 1 2 6 5
49 42 7 1 0 4 7 6 3 2 5
49 42 7 1 0 3 7 6 2 4 5
49 42 7 1 3 7 0 6 2 4 5
49 42 7 1 3 5 6 0 2 4 7
49 43 6 1 2 0 4 7 3 5 6
49 43 6 1 2 4 6 7 3 5 0
49 43 6 7 3 1 0 2 5 6 4
49 43 6 1 2 3 6 7 0 4 5
49 43 6 1 3 6 5 7 2 4 0
49 43 6 0 3 4 7 1 2 6 5
49 43 6 1 3 5 6 0 7 2 4
49 43 6 0 3 4 7 1 5 6 2
49 43 6 3 4 5 7 2 6 0 1
49 43 6 1 2 3 0 7 5 6 4
49 43 6 1 2 3 4 0 5 6 7
49 44 5 1 2 5 4 3 0 7 6
49 44 5 1 2 5 4 3 7 6 0
49 44 5 0 3 5 7 1 2 6 4
49 44 5 1 2 3 4 6 7 0 5
49 45 4 1 4 5 7 3 2 6 0
49 45 4 1 3 5 7 2 0 4 6
49 45 4 3 2 4 1 5 6 7 0
49 46 3 1 4 5 7 2 3 6 0
50 40 10 5 2 4 3 7 0 6 1
50 40 10 3 4 5 6 1 2 0 7
50 40 10 5 2 4 1 3 0 6 7
50 41 9 1 0 4 3 2 7 5 6
50 41 9 2 0 4 3 6 7 5 1
50 41 9 2 0 1 3 7 5 4 6
50 41 9 6 2 1 3 7 5 4 0
50 41 9 5 3 4 1 7 0 6 2
50 41 9 0 2 1 3 7 5 6 4
50 41 9 3 2 1 7 0 5 6 4
50 41 9 7 0 4 1 2 5 6 3
50 41 9 1 2 4 6 7 5 0 3
50 41 9 0 4 1 3 7 2 6 5
50 41 9 3 4 1 7 0 2 6 5
50 41 9 6 1 4 7 3 2 5 0
50 41 9 6 3 2 1 7 5 4 0
50 41 9 0 3 1 6 7 2 4 5
50 41 9 6 3 1 7 0 2 4 5
50 41 9 6 4 5 1 3 7 2 0
50 41 9 6 3 4 1 0 7 5 2
50 41 9 6 3 0 1 2 7 5 4
50 41 9 1 0 5 4 3 7 2 6
50 41 9 7 3 4 2 0 5 6 1
50 41 9 7 3 4 6 2 5 0 1
50 42 8 2 3 4 6 0 7 5 1
50 42 8 7 3 4 5 6 0 2 1
50 42 8 7 3 0 5 6 2 4 1
50 42 8 3 2 0 5 6 7 4 1
50 42 8 0 2 1 7 3 5 4 6
50 42 8 3 2 1 7 6 5 4 0
50 42 8 3 4 6 1 7 2 5 0
50 42 8 2 4 5 1 3 7 0 6
50 42 8 6 2 4 1 7 0 5 3
50 42 8 0 7 3 1 6 2 5 4
50 42 8 0 3 1 7 6 2 5 4
50 42 8 7 2 4 1 6 3 5 0
50 42 8 7 2 0 1 3 5 4 6
50 42 8 3 7 0 1 2 5 4 6
50 42 8 2 3 4 1 6 0 7 5
50 42 8 2 3 0 1 6 7 4 5
50 42 8 2 3 0 4 6 7 5 1
50 42 8 2 5 3 1 7 0 4 6
50 42 8 6 3 4 0 7 2 1 5
50 42 8 6 3 1 4 7 2 0 5
50 42 8 0 1 5 4 7 3 2 6
50 42 8 2 1 4 7 0 3 5 6
50 42 8 6 1 4 7 2 3 5 0
50 42 8 1 3 4 2 0 5 6 7
50 43 7 5 2 4 1 7 6 0 3
50 43 7 0 3 5 1 4 7 2 6
50 43 7 3 4 5 6 1 7 2 0
50 43 7 7 3 5 6 1 2 0 4
50 43 7 7 3 4 1 5 0 6 2
50 43 7 7 0 3 1 2 5 6 4
50 43 7 7 3 6 1 2 5 0 4
50 43 7 3 2 4 5 0 1 7 6
50 43 7 1 3 4 6 5 7 2 0
50 43 7 7 1 3 4 2 0 5 6
50 43 7 7 1 3 4 6 2 5 0
50 43 7 1 4 0 6 2 3 5 7
50 43 7 1 0 5 6 7 3 2 4
50 44 6 6 3 1 7 2 0 5 4
50 44 6 2 4 5 1 7 3 6 0
50 44 6 7 3 1 6 2 5 4 0
50 44 6 1 0 3 4 6 2 5 7
50 44 6 1 3 5 4 6 2 0 7
50 44 6 3 4 5 1 2 6 7 0
50 44 6 4 0 5 7 3 2 6 1
50 44 6 1 2 3 6 0 7 5 4
50 44 6 1 2 3 6 7 5 0 4
50 44 6 7 3 5 1 6 4 2 0
50 44 6 1 3 0 5 7 4 2 6
50 44 6 1 3 5 7 0 4 2 6
50 44 6 1 2 3 0 6 7 5 4
50 45 5 7 0 5 1 2 4 6 3
50 45 5 1 3 7 6 2 5 4 0
50 46 4 1 4 5 7 2 0 6 3
50 46 4 1 3 5 0 2 4 6 7
50 47 3 0 3 5 7 2 4 6 1
51 40 11 7 0 4 6 3 2 5 1
51 41 10 7 2 4 3 6 0 5 1
51 41 10 5 2 1 3 7 0 4 6
51 41 10 7 2 4 0 1 5 6 3
51 41 10 7 1 4 0 3 2 5 6
51 41 10 2 1 4 7 3 0 5 6
51 41 10 6 2 4 5 3 7 0 1
51 41 10 5 3 2 1 7 0 4 6
51 41 10 6 3 4 0 1 7 2 5
51 41 10 7 4 5 1 3 0 2 6
51 41 10 0 4 5 1 6 7 2 3
51 42 9 2 0 4 6 7 3 5 1
51 42 9 0 2 4 3 1 5 6 7
51 42 9 3 0 1 7 2 5 4 6
51 42 9 3 4 6 1 7 0 2 5
51 42 9 2 4 1 0 3 7 5 6
51 42 9 2 7 4 1 3 5 0 6
51 42 9 3 5 2 1 0 7 4 6
51 42 9 0 6 4 1 7 3 2 5
51 42 9 6 4 0 1 7 3 2 5
51 42 9 0 2 1 3 6 7 5 4
51 42 9 1 2 4 5 6 7 0 3
51 42 9 0 4 1 3 2 7 5 6
51 42 9 0 3 4 2 6 7 5 1
51 42 9 0 3 1 2 7 5 4 6
51 42 9 2 3 1 7 0 5 4 6
51 42 9 6 3 4 5 0 2 1 7
51 42 9 6 3 1 4 0 2 5 7
51 42 9 7 1 4 0 2 3 5 6
51 42 9 3 1 4 7 2 0 5 6
51 42 9 7 3 0 5 1 2 6 4
51 42 9 0 3 5 6 7 2 4 1
51 43 8 5 2 4 1 0 7 6 3
51 43 8 5 0 4 1 7 2 6 3
51 43 8 6 2 1 0 3 7 5 4
51 43 8 6 2 5 1 3 7 0 4
51 43 8 3 7 5 1 4 0 2 6
51 43 8 7 0 3 6 1 2 5 4
51 43 8 7 3 6 0 1 2 5 4
51 43 8 3 2 6 0 1 7 5 4
51 43 8 3 2 5 6 1 7 0 4
51 43 8 3 2 4 1 6 0 5 7
51 43 8 0 3 2 1 6 7 5 4
51 43 8 6 3 4 5 0 7 2 1
51 43 8 6 0 3 5 7 2 4 1
51 43 8 7 6 3 1 0 2 5 4
51 43 8 1 6 3 0 7 2 5 4
51 43 8 5 3 4 1 2 0 6 7
51 43 8 3 0 4 5 1 2 7 6
51 43 8 3 2 4 0 1 7 6 5
51 43 8 2 3 4 6 1 7 0 5
51 43 8 0 3 4 6 1 7 2 5
51 43 8 0 1 3 6 7 2 4 5
51 43 8 1 3 6 7 0 2 4 5
51 43 8 0 1 4 6 2 3 5 7
51 43 8 1 0 4 7 3 2 6 5
51 43 8 1 0 4 7 3 5 6 2
51 43 8 0 2 3 4 7 5 6 1
51 44 7 7 2 4 1 0 6 5 3
51 44 7 2 3 5 1 6 7 0 4
51 44 7 6 3 1 7 4 2 5 0
51 44 7 7 3 5 0 1 2 4 6
51 44 7 6 0 3 4 1 2 5 7
51 44 7 6 3 5 4 1 2 0 7
51 44 7 2 0 3 4 1 7 5 6
51 44 7 2 3 5 4 1 7 0 6
51 44 7 3 0 1 6 2 4 5 7
51 44 7 6 1 3 4 7 2 0 5
51 44 7 7 3 4 1 0 2 6 5
51 44 7 0 3 1 7 2 5 4 6
51 44 7 5 3 4 7 2 0 6 1
51 44 7 3 4 5 7 1 2 0 6
51 44 7 7 3 5 1 4 0 2 6
51 44 7 1 3 5 2 7 4 0 6
51 44 7 1 0 5 7 3 2 6 4
51 44 7 1 4 5 3 7 2 0 6
51 44 7 1 4 5 3 0 2 6 7
51 45 6 1 3 0 4 5 2 6 7
51 45 6 7 4 5 3 2 0 6 1
51 45 6 1 2 3 7 6 0 5 4
51 45 6 1 3 7 4 6 2 5 0
51 45 6 1 2 3 5 7 0 6 4
51 45 6 3 2 6 4 7 5 1 0
51 45 6 1 2 4 6 3 0 7 5
51 45 6 0 3 5 7 1 2 4 6
51 45 6 6 3 5 1 7 4 0 2
51 45 6 6 3 5 0 7 4 2 1
51 45 6 7 3 5 1 0 2 6 4
51 45 6 3 2 0 1 5 6 4 7
51 45 6 0 2 4 1 3 6 7 5
51 45 6 1 2 3 5 0 7 4 6
51 45 6 1 2 3 5 7 4 0 6
51 45 6 1 5 3 7 2 0 4 6
51 45 6 1 3 4 6 2 7 0 5
51 46 5 0 3 5 7 4 2 6 1
51 46 5 1 3 6 7 2 0 5 4
51 46 5 7 4 5 1 2 3 6 0
51 46 5 1 3 5 4 2 7 0 6
51 46 5 6 3 4 7 2 5 1 0
51 46 5 1 4 5 7 2 0 3 6
51 46 5 2 3 5 1 0 4 6 7
51 46 5 7 3 5 1 2 4 6 0
51 47 4 1 3 5 7 2 6 0 4
51 47 4 1 0 5 7 2 3 6 4
51 50 1 1 3 5 7 2 4 6 0