0 0 0 5 6 4 3 7 1 0 2
13 0 13 5 6 4 3 7 1 2 0
15 0 15 5 6 4 3 7 0 1 2
16 0 16 5 6 0 3 7 1 4 2
28 13 15 5 6 4 3 0 1 2 7
28 15 13 5 0 4 3 7 6 1 2
29 15 14 5 6 4 3 0 7 1 2
30 13 17 5 6 4 0 7 1 2 3
31 13 18 5 6 0 3 7 1 2 4
31 13 18 0 6 4 3 7 1 2 5
31 16 15 5 6 3 0 7 1 4 2
32 16 16 5 0 6 3 7 1 4 2
41 28 13 0 6 4 3 5 1 2 7
42 28 14 5 6 4 3 1 0 2 7
42 28 14 0 5 4 3 7 6 1 2
42 28 14 5 4 0 3 7 6 1 2
42 29 13 0 6 4 3 5 7 1 2
43 28 15 5 0 4 3 6 1 2 7
43 29 14 5 6 4 3 2 7 1 0
44 29 15 5 0 4 3 6 7 1 2
44 31 13 5 6 3 2 7 1 4 0
45 28 17 5 6 4 0 3 1 2 7
45 31 14 5 6 2 3 7 1 0 4
45 31 14 5 6 3 4 7 1 0 2
46 29 17 5 6 4 0 3 7 1 2
46 30 16 5 6 0 4 7 1 2 3
46 31 15 5 6 3 0 7 1 2 4
46 31 15 7 6 4 3 0 1 2 5
46 31 15 1 6 4 3 7 0 2 5
46 31 15 5 6 3 7 0 1 4 2
47 30 17 5 6 4 7 0 1 2 3
47 31 16 5 0 6 3 7 1 2 4
47 31 16 6 0 4 3 7 1 2 5
47 32 15 5 1 6 3 7 0 4 2
48 30 18 5 6 4 2 7 1 0 3
48 31 17 3 6 4 0 7 1 2 5
48 31 17 0 6 3 5 7 1 4 2
49 30 19 0 6 4 5 7 1 2 3
49 32 17 0 5 6 3 7 1 4 2
53 41 12 1 6 4 3 5 0 2 7
53 42 11 2 6 4 3 5 7 1 0
54 41 13 6 0 4 3 5 1 2 7
54 41 13 7 6 4 3 5 1 2 0
54 42 12 5 0 4 3 1 6 2 7
54 42 12 2 5 4 3 7 6 1 0
55 41 14 3 6 4 0 5 1 2 7
55 42 13 5 6 4 3 1 2 0 7
55 42 13 7 5 4 3 0 6 1 2
55 42 13 5 4 3 0 7 6 1 2
55 42 13 5 4 1 3 7 6 0 2
55 42 13 6 0 4 3 5 7 1 2
55 43 12 5 1 4 3 6 0 2 7
56 42 14 3 6 4 0 5 7 1 2
56 45 11 5 6 3 4 7 1 2 0
56 46 10 5 6 3 7 2 1 4 0
57 42 15 3 5 4 0 7 6 1 2
57 42 15 7 6 4 3 5 0 1 2
57 43 14 0 5 4 3 6 1 2 7
57 43 14 5 4 0 3 6 1 2 7
57 46 11 1 0 4 3 7 6 2 5
58 43 15 5 6 4 3 2 7 0 1
58 43 15 5 6 4 0 2 7 1 3
58 44 14 0 5 4 3 6 7 1 2
58 44 14 5 4 0 3 6 7 1 2
58 44 14 5 7 4 3 6 0 1 2
58 44 14 5 6 3 2 7 1 0 4
58 45 13 5 6 2 3 7 1 4 0
58 45 13 5 6 3 4 7 0 1 2
58 46 12 1 6 4 3 0 7 2 5
58 46 12 1 6 4 3 7 2 0 5
59 44 15 5 6 3 2 0 1 4 7
59 45 14 5 6 0 4 3 1 2 7
59 45 14 5 6 4 7 3 1 2 0
59 46 13 5 6 4 2 3 7 1 0
59 46 13 5 6 3 7 1 0 4 2
60 42 18 6 5 4 3 7 0 1 2
60 43 17 5 6 0 3 2 7 1 4
60 45 15 5 6 2 3 7 0 1 4
60 45 15 5 6 0 4 7 1 3 2
60 46 14 5 6 0 4 3 7 1 2
60 46 14 5 6 2 4 7 1 0 3
60 46 14 0 6 3 7 5 1 4 2
61 43 18 0 6 4 3 2 7 1 5
61 45 16 5 6 4 2 3 1 0 7
61 46 15 7 6 4 3 1 0 2 5
61 46 15 5 0 3 7 6 1 4 2
61 47 14 5 1 6 3 0 7 4 2
61 47 14 5 1 6 3 7 4 0 2
61 53 8 1 0 4 3 5 6 2 7
62 44 18 0 6 3 2 7 1 4 5
62 46 16 5 6 4 1 3 7 0 2
62 46 16 5 0 6 4 7 1 2 3
62 46 16 5 6 3 7 0 1 2 4
62 46 16 7 0 4 3 6 1 2 5
62 47 15 5 6 4 7 1 0 2 3
62 47 15 5 1 6 3 7 0 2 4
62 47 15 6 1 4 3 7 0 2 5
62 48 14 5 6 4 2 7 1 3 0
62 48 14 3 6 4 5 7 1 2 0
62 48 14 7 6 3 5 0 1 4 2
62 53 9 1 6 4 3 5 2 0 7
63 45 18 0 6 4 5 3 1 2 7
63 47 16 0 6 4 7 5 1 2 3
63 48 15 3 6 0 4 7 1 2 5
63 48 15 6 0 3 5 7 1 4 2
63 48 15 2 6 3 5 7 1 4 0
63 48 15 1 6 3 5 7 0 4 2
64 44 20 5 6 0 2 7 1 4 3
64 46 18 0 6 4 5 3 7 1 2
64 46 18 0 6 3 5 7 1 2 4
64 46 18 7 6 4 0 3 1 2 5
64 47 17 5 0 4 7 6 1 2 3
64 47 17 0 5 6 3 7 1 2 4
64 47 17 6 4 0 3 7 1 2 5
64 49 15 7 5 6 3 0 1 4 2
64 49 15 2 5 6 3 7 1 4 0
64 53 11 1 6 4 3 0 5 2 7
64 53 11 2 6 4 3 5 7 0 1
65 48 17 5 6 4 2 7 0 1 3
65 48 17 3 6 4 7 0 1 2 5
65 48 17 3 6 4 2 7 1 0 5
65 49 16 7 6 4 5 0 1 2 3
65 49 16 3 5 6 0 7 1 4 2
65 49 16 1 5 6 3 7 0 4 2
66 49 17 6 0 4 5 7 1 2 3
66 49 17 1 6 4 5 7 0 2 3
66 53 13 2 6 4 0 5 7 1 3
66 54 12 6 1 4 3 5 0 2 7
66 54 12 7 6 4 3 5 1 0 2
66 54 12 2 5 4 3 7 6 0 1
66 54 12 2 5 4 3 0 6 1 7
66 55 11 5 6 4 3 1 2 7 0
66 55 11 5 4 3 2 7 6 1 0
66 55 11 5 1 4 3 0 6 2 7
66 55 11 5 1 4 3 6 2 0 7
67 53 14 2 6 4 3 0 7 1 5
67 53 14 2 6 0 3 5 7 1 4
67 54 13 0 5 4 3 1 6 2 7
67 54 13 5 4 0 3 1 6 2 7
67 55 12 3 6 0 4 5 1 2 7
67 55 12 3 6 4 7 5 1 2 0
67 55 12 7 5 4 3 2 6 1 0
67 55 12 5 4 1 3 7 6 2 0
67 56 11 3 6 4 2 5 7 1 0
67 56 11 5 6 3 7 2 1 0 4
67 58 9 1 6 4 3 5 7 2 0
68 54 14 6 4 0 3 5 1 2 7
68 54 14 2 5 4 0 7 6 1 3
68 55 13 7 0 4 3 5 6 1 2
68 56 12 3 6 0 4 5 7 1 2
69 54 15 7 6 4 0 5 1 2 3
69 54 15 2 5 0 3 7 6 1 4
69 55 14 3 6 4 2 5 1 0 7
69 55 14 7 5 4 3 6 0 1 2
69 55 14 5 4 3 1 7 6 0 2
69 55 14 6 4 0 3 5 7 1 2
69 55 14 6 7 4 3 5 0 1 2
69 56 13 5 6 3 4 0 1 2 7
69 56 13 5 6 3 0 2 1 4 7
69 57 12 3 5 4 2 7 6 1 0
69 57 12 5 4 2 3 6 1 0 7
69 57 12 1 4 0 3 7 6 2 5
69 58 11 5 0 3 4 7 6 1 2
69 58 11 1 6 4 3 7 2 5 0
69 62 7 1 6 4 3 5 2 7 0
70 54 16 7 6 0 3 5 1 2 4
70 55 15 5 6 0 3 1 2 4 7
70 55 15 5 4 3 7 0 6 1 2
70 55 15 5 4 1 3 7 0 6 2
70 56 14 3 6 4 1 5 7 0 2
70 56 14 5 6 0 7 2 1 4 3
70 57 13 3 5 0 4 7 6 1 2
70 57 13 1 5 4 3 6 0 2 7
70 57 13 5 4 3 0 6 1 2 7
70 57 13 0 1 4 3 7 6 2 5
70 58 12 2 5 4 3 6 7 1 0
70 58 12 5 6 3 4 0 7 1 2
70 59 11 5 6 3 7 1 4 0 2
70 61 9 1 4 0 3 5 6 2 7
71 55 16 7 5 4 0 3 6 1 2
71 55 16 0 4 3 5 7 6 1 2
71 56 15 0 6 3 7 2 1 4 5
71 57 14 3 5 4 7 0 6 1 2
71 57 14 7 6 4 3 0 5 1 2
71 57 14 7 5 4 3 6 1 2 0
71 58 13 5 4 3 0 6 7 1 2
71 58 13 5 4 1 3 6 7 0 2
71 58 13 5 7 4 3 0 6 1 2
71 58 13 5 7 4 3 6 1 0 2
71 58 13 1 0 4 3 6 7 2 5
71 59 12 5 6 2 4 3 1 0 7
71 59 12 5 0 3 7 1 6 4 2
71 61 10 0 1 4 3 5 6 2 7
72 55 17 3 6 4 5 0 1 2 7
72 56 16 0 6 3 4 7 1 2 5
72 57 15 3 5 4 1 7 6 0 2
72 57 15 6 5 4 3 0 1 2 7
72 57 15 3 5 4 0 6 1 2 7
72 58 14 1 6 0 3 7 2 4 5
72 59 13 0 6 3 2 5 1 4 7
72 60 12 5 6 2 4 7 1 3 0
73 56 17 3 6 4 5 0 7 1 2
73 58 15 5 6 4 3 2 0 7 1
73 58 15 5 6 0 3 2 7 4 1
73 58 15 5 6 0 4 2 7 1 3
73 58 15 6 5 4 3 0 7 1 2
73 58 15 3 5 4 0 6 7 1 2
73 58 15 5 6 3 2 7 0 1 4
73 58 15 5 6 2 3 0 1 4 7
73 58 15 0 6 4 3 1 7 2 5
73 58 15 1 6 4 0 3 7 2 5
73 59 14 5 6 3 2 1 0 4 7
73 59 14 5 0 6 4 3 1 2 7
73 60 13 5 0 2 3 7 6 1 4
73 60 13 5 6 1 4 3 7 0 2
73 60 13 6 0 3 7 5 1 4 2
73 60 13 2 6 3 7 5 1 4 0
73 60 13 1 6 3 7 5 0 4 2
73 61 12 5 6 4 2 3 1 7 0
73 61 12 5 3 0 7 6 1 4 2
73 61 12 5 1 3 7 6 0 4 2
73 61 12 5 1 6 3 2 7 4 0
73 62 11 7 6 3 5 2 1 4 0
73 62 11 1 6 0 3 5 2 4 7
74 58 16 0 6 4 5 2 7 1 3
74 58 16 5 6 4 1 2 7 0 3
74 59 15 5 0 3 2 6 1 4 7
74 59 15 5 6 4 7 3 1 0 2
74 59 15 5 6 4 2 3 7 0 1
74 60 14 5 6 3 0 2 7 1 4
74 60 14 5 6 1 3 2 7 0 4
74 60 14 5 6 2 3 0 7 1 4
74 60 14 5 0 6 4 3 7 1 2
74 60 14 7 6 3 0 5 1 4 2
74 61 13 7 0 4 3 1 6 2 5
74 61 13 0 5 3 7 6 1 4 2
74 61 13 0 1 6 3 5 7 4 2
74 61 13 5 1 6 3 7 4 2 0
74 61 13 5 1 0 3 7 4 6 2
74 62 12 5 6 3 7 4 1 2 0
74 63 11 1 6 3 5 7 4 0 2
75 58 17 5 6 0 2 7 1 3 4
75 58 17 5 6 2 0 7 1 4 3
75 60 15 6 5 4 3 7 1 0 2
75 60 15 6 0 4 3 7 5 1 2
75 60 15 5 0 6 3 2 7 1 4
75 60 15 5 0 6 4 7 1 3 2
75 60 15 5 6 2 4 7 0 1 3
75 61 14 7 6 4 3 1 2 0 5
75 62 13 5 6 4 1 3 7 2 0
75 62 13 7 1 4 3 6 0 2 5
75 62 13 5 6 4 7 1 2 0 3
75 63 12 1 6 3 5 0 7 4 2
75 63 12 1 0 3 5 7 6 4 2
75 64 11 1 6 4 3 7 5 2 0
75 64 11 2 6 4 3 5 0 7 1
75 66 9 5 1 4 3 6 2 7 0
76 58 18 5 6 4 2 0 7 1 3
76 58 18 0 6 2 3 7 1 4 5
76 60 16 5 6 4 0 7 1 3 2
76 61 15 5 6 4 2 3 0 1 7
76 62 14 5 6 4 1 3 0 7 2
76 62 14 5 6 3 7 1 0 2 4
76 62 14 5 0 4 7 1 6 2 3
76 62 14 5 1 6 3 0 7 2 4
76 62 14 5 1 6 3 7 2 0 4
76 62 14 6 1 4 3 0 7 2 5
76 62 14 6 1 4 3 7 2 0 5
76 62 14 7 6 3 5 1 0 4 2
76 63 13 3 6 2 4 7 1 0 5
76 64 12 7 5 6 3 2 1 4 0
76 64 12 1 0 4 3 6 5 2 7
76 67 9 1 6 4 3 5 7 0 2
77 59 18 5 6 0 7 3 1 2 4
77 59 18 5 6 0 2 3 7 1 4
77 59 18 0 6 4 2 3 7 1 5
77 61 16 6 0 4 3 2 7 1 5
77 61 16 3 6 4 0 2 7 1 5
77 61 16 5 6 0 2 3 1 4 7
77 62 15 7 6 3 2 0 1 4 5
77 62 15 2 6 3 0 7 1 4 5
77 62 15 1 6 3 2 7 0 4 5
77 62 15 5 1 6 4 7 0 2 3
77 62 15 0 6 3 7 5 1 2 4
77 62 15 0 7 4 3 6 1 2 5
77 62 15 7 4 0 3 6 1 2 5
77 62 15 3 6 4 5 7 1 0 2
77 63 14 6 3 0 5 7 1 4 2
77 63 14 6 1 3 5 7 0 4 2
77 63 14 2 6 3 5 7 1 0 4
77 64 13 2 6 0 3 5 7 4 1
77 65 12 1 5 6 3 7 4 0 2
77 66 11 6 1 4 3 5 2 0 7
77 66 11 2 0 4 3 5 6 1 7
77 66 11 5 1 4 3 7 6 2 0
77 67 10 1 5 4 3 0 6 2 7
77 67 10 3 6 2 4 5 1 0 7
77 70 7 1 4 2 3 5 6 0 7
78 61 17 5 0 6 3 1 7 4 2
78 61 17 5 1 6 0 3 7 4 2
78 62 16 6 0 3 2 7 1 4 5
78 62 16 5 6 0 1 3 7 4 2
78 62 16 5 0 3 7 6 1 2 4
78 62 16 5 6 4 2 0 1 3 7
78 62 16 7 0 3 5 6 1 4 2
78 63 15 6 0 4 7 5 1 2 3
78 63 15 1 6 4 7 5 0 2 3
78 63 15 3 0 6 4 7 1 2 5
78 63 15 2 6 3 5 0 1 4 7
78 64 14 5 1 4 7 6 0 2 3
78 64 14 2 5 6 3 7 1 0 4
78 64 14 0 6 4 3 1 5 2 7
78 64 14 1 6 4 0 3 5 2 7
78 65 13 1 5 6 3 0 7 4 2
78 65 13 1 0 6 3 7 5 4 2
78 66 12 2 6 0 4 5 7 1 3
78 66 12 2 5 4 3 6 0 1 7
78 67 11 2 6 3 0 5 7 1 4
78 67 11 2 6 1 3 5 7 0 4
78 67 11 5 4 2 3 1 6 0 7
78 70 8 1 4 3 0 5 6 2 7
79 59 20 0 6 4 7 3 1 2 5
79 61 18 7 6 4 3 2 0 1 5
79 62 17 0 5 6 4 7 1 2 3
79 63 16 1 6 4 5 3 0 2 7
79 64 15 2 6 4 5 3 7 1 0
79 64 15 7 6 3 5 0 1 2 4
79 64 15 7 6 0 4 3 1 2 5
79 64 15 7 6 4 5 3 1 2 0
79 64 15 0 5 4 7 6 1 2 3
79 64 15 5 4 0 7 6 1 2 3
79 64 15 6 4 2 3 7 1 0 5
79 64 15 7 5 6 3 1 0 4 2
79 64 15 2 5 6 3 0 1 4 7
79 65 14 3 6 4 2 7 1 5 0
79 65 14 3 5 6 2 7 1 4 0
79 65 14 3 5 6 7 0 1 4 2
79 66 13 1 6 4 5 7 2 0 3
79 66 13 6 1 4 3 0 5 2 7
79 66 13 5 4 3 2 7 6 0 1
79 66 13 5 4 3 2 0 6 1 7
79 66 13 5 1 0 3 6 2 4 7
79 67 12 2 0 6 3 5 7 1 4
79 67 12 5 4 3 0 1 6 2 7
79 67 12 3 0 6 4 5 1 2 7
79 67 12 5 6 3 7 2 0 1 4
79 67 12 1 6 4 0 5 7 2 3
79 68 11 3 6 1 4 5 7 0 2
79 69 10 3 6 4 2 5 1 7 0
79 69 10 5 4 2 3 6 1 7 0
79 69 10 1 4 2 3 7 6 0 5
80 62 18 3 6 0 5 7 1 2 4
80 63 17 6 0 4 5 3 1 2 7
80 64 16 6 0 3 5 7 1 2 4
80 64 16 4 6 3 5 7 1 2 0
80 64 16 1 6 3 5 7 0 2 4
80 64 16 7 5 6 3 0 1 2 4
80 64 16 4 5 6 3 7 1 2 0
80 64 16 1 5 6 3 7 0 2 4
80 64 16 6 4 3 0 7 1 2 5
80 64 16 7 0 6 3 5 1 4 2
80 64 16 2 5 6 0 7 1 4 3
80 65 15 5 0 4 2 7 6 1 3
80 65 15 3 6 4 7 1 0 2 5
80 66 14 1 6 4 5 0 7 2 3
80 66 14 1 0 4 5 7 6 2 3
80 66 14 2 6 4 1 5 7 0 3
80 66 14 7 6 0 3 5 1 4 2
80 66 14 2 5 4 3 7 0 6 1
80 66 14 2 5 0 3 7 6 4 1
80 66 14 0 5 4 3 2 6 1 7
80 66 14 2 5 4 0 3 6 1 7
80 66 14 5 1 4 0 3 6 2 7
80 67 13 7 5 4 3 1 6 2 0
80 67 13 3 6 4 7 5 1 0 2
80 67 13 7 5 4 3 2 6 0 1
80 67 13 7 5 4 0 2 6 1 3
80 67 13 3 6 4 2 5 7 0 1
80 67 13 5 6 0 7 2 1 3 4
80 67 13 1 6 0 3 5 7 2 4
80 68 12 6 4 2 3 5 1 0 7
80 68 12 0 7 4 3 5 6 1 2
80 68 12 7 4 0 3 5 6 1 2
80 68 12 3 0 6 4 5 7 1 2
80 69 11 5 4 3 1 7 6 2 0
80 69 11 0 6 3 4 5 1 2 7
80 69 11 1 4 3 0 7 6 2 5
80 69 11 1 6 4 0 5 2 7 3
80 70 10 5 4 3 7 2 6 1 0
80 70 10 1 5 4 3 6 2 0 7
80 70 10 5 6 3 7 1 4 2 0
80 71 9 3 5 4 7 2 6 1 0
81 62 19 0 6 4 2 7 1 3 5
81 63 18 2 6 0 5 7 1 4 3
81 64 17 6 0 4 5 3 7 1 2
81 64 17 7 6 4 2 3 1 0 5
81 64 17 3 5 6 0 7 1 2 4
81 64 17 2 5 0 3 7 1 4 6
81 65 16 3 6 4 2 7 0 1 5
81 65 16 7 6 4 5 1 0 2 3
81 65 16 3 5 0 6 7 1 4 2
81 65 16 3 5 6 4 7 1 0 2
81 66 15 5 6 4 0 1 2 7 3
81 66 15 5 6 4 3 0 2 7 1
81 67 14 2 6 4 3 7 0 1 5
81 67 14 2 0 4 3 6 7 1 5
81 67 14 3 5 4 0 1 6 2 7
81 67 14 5 4 1 3 0 6 2 7
81 68 13 6 4 3 0 5 1 2 7
81 68 13 2 5 0 4 7 6 1 3
81 69 12 2 5 3 0 7 6 1 4
81 69 12 2 5 1 3 7 6 0 4
81 69 12 5 6 3 4 1 0 2 7
81 69 12 0 5 3 4 7 6 1 2
81 69 12 5 3 0 4 7 6 1 2
81 69 12 1 6 4 3 0 2 7 5
81 69 12 1 6 0 3 5 2 7 4
81 70 11 3 6 4 1 5 7 2 0
81 70 11 0 6 3 4 5 7 1 2
81 71 10 5 6 2 4 3 1 7 0
81 71 10 7 1 4 3 5 6 2 0
82 64 18 5 0 6 2 7 1 4 3
82 64 18 7 5 6 0 3 1 4 2
82 65 17 3 0 4 7 6 1 2 5
82 65 17 3 6 0 2 7 1 4 5
82 66 16 6 1 4 5 7 0 2 3
82 66 16 0 6 4 2 5 7 1 3
82 66 16 5 6 0 3 1 2 7 4
82 66 16 0 6 4 3 1 2 7 5
82 66 16 0 4 3 2 7 6 1 5
82 67 15 7 5 0 3 2 6 1 4
82 69 13 2 0 5 3 7 6 1 4
82 69 13 3 6 4 2 5 0 1 7
82 69 13 7 5 4 3 6 1 0 2
82 69 13 7 0 4 3 6 5 1 2
82 69 13 6 4 3 0 5 7 1 2
82 69 13 6 4 1 3 5 7 0 2
82 69 13 6 7 4 3 5 1 0 2
82 69 13 5 0 3 4 6 1 2 7
82 69 13 5 4 2 3 6 0 1 7
82 69 13 1 6 4 3 0 2 5 7
82 70 12 7 6 2 3 5 1 0 4
82 70 12 3 6 4 1 5 0 7 2
82 70 12 5 0 6 7 2 1 4 3
82 70 12 5 6 4 7 2 1 0 3
82 70 12 3 5 1 4 7 6 0 2
82 70 12 5 4 3 7 6 1 2 0
82 70 12 7 1 4 3 0 6 2 5
82 70 12 2 5 4 3 6 7 0 1
82 70 12 5 6 3 4 2 7 1 0
82 71 11 5 4 3 2 6 7 1 0
82 71 11 5 3 0 7 1 6 4 2
82 71 11 3 1 4 0 5 6 2 7
82 73 9 1 6 3 7 5 4 0 2
82 77 5 1 4 2 3 5 6 7 0
83 64 19 7 6 4 5 3 0 1 2
83 65 18 7 0 4 5 6 1 2 3
83 66 17 6 4 0 5 7 1 2 3
83 67 16 2 6 4 0 3 7 1 5
83 67 16 3 6 0 7 5 1 2 4
83 67 16 5 4 1 0 7 6 2 3
83 67 16 3 6 4 2 0 7 1 5
83 67 16 3 6 0 2 5 7 1 4
83 67 16 0 6 4 3 5 7 2 1
83 68 15 2 5 4 7 0 6 1 3
83 68 15 2 5 4 1 7 6 0 3
83 69 14 7 6 0 4 5 1 2 3
83 69 14 3 6 0 2 5 1 4 7
83 69 14 5 4 3 1 7 0 6 2
83 69 14 5 6 0 3 2 1 4 7
83 69 14 0 6 3 5 2 1 4 7
83 69 14 5 6 3 4 2 1 0 7
83 69 14 3 5 4 2 7 6 0 1
83 69 14 3 5 4 2 0 6 1 7
83 70 13 7 6 3 0 5 1 2 4
83 70 13 0 4 3 7 5 6 1 2
83 70 13 5 6 7 0 2 1 4 3
83 70 13 3 0 5 4 7 6 1 2
83 70 13 5 0 3 4 6 7 1 2
83 70 13 5 6 0 7 1 4 3 2
83 71 12 7 5 4 2 3 6 1 0
83 71 12 6 0 3 7 2 1 4 5
83 71 12 1 6 3 7 2 0 4 5
83 71 12 5 4 1 3 6 7 2 0
83 71 12 5 7 4 3 6 1 2 0
83 71 12 1 4 0 3 6 7 2 5
83 71 12 1 7 4 3 6 0 2 5
83 71 12 0 5 3 7 1 6 4 2
83 72 11 3 5 4 7 6 1 2 0
83 73 10 1 0 3 7 5 6 4 2
83 73 10 5 1 3 7 6 4 0 2
83 73 10 1 6 3 0 5 2 4 7
84 66 18 2 6 4 5 0 7 1 3
84 66 18 5 4 0 2 7 6 1 3
84 67 17 6 5 4 3 1 0 2 7
84 67 17 5 4 0 3 7 6 2 1
84 67 17 0 4 1 3 7 6 2 5
84 69 15 5 4 0 1 7 6 3 2
84 69 15 6 7 4 3 0 5 1 2
84 69 15 1 6 4 0 7 2 5 3
84 69 15 0 6 4 3 5 2 7 1
84 70 14 7 0 6 3 5 1 2 4
84 70 14 5 6 3 0 1 2 4 7
84 70 14 5 4 3 7 6 0 1 2
84 70 14 5 0 3 7 4 6 1 2
84 70 14 5 4 1 3 0 7 6 2
84 70 14 5 0 1 3 7 4 6 2
84 70 14 3 6 0 1 5 7 4 2
84 70 14 5 4 3 2 6 1 0 7
84 70 14 3 1 4 0 7 6 2 5
84 70 14 2 5 4 0 6 7 1 3
84 70 14 2 5 4 3 0 7 1 6
84 71 13 7 5 0 4 3 6 1 2
84 71 13 2 4 3 5 7 6 1 0
84 71 13 3 5 4 7 6 0 1 2
84 71 13 5 4 1 3 6 0 7 2
84 71 13 5 7 4 3 2 6 1 0
84 71 13 0 1 4 3 6 7 2 5
84 71 13 5 6 2 4 3 0 1 7
84 72 12 3 5 4 1 7 6 2 0
84 72 12 2 6 3 0 5 1 4 7
84 72 12 1 6 3 2 5 0 4 7
84 73 11 1 6 3 7 0 5 4 2
84 73 11 5 1 3 7 0 6 4 2
84 73 11 1 0 6 3 5 2 4 7
84 74 10 1 6 3 5 7 4 2 0
84 75 9 1 6 3 5 2 7 4 0
84 75 9 2 0 4 3 5 6 7 1
85 68 17 0 5 4 2 7 6 1 3
85 69 16 7 6 4 2 5 1 0 3
85 69 16 1 6 0 3 7 2 5 4
85 70 15 5 0 6 3 1 2 4 7
85 70 15 2 5 0 3 6 7 1 4
85 71 14 4 0 3 5 7 6 1 2
85 71 14 7 4 3 5 0 6 1 2
85 71 14 2 6 3 7 0 1 4 5
85 71 14 7 6 4 3 2 5 1 0
85 71 14 5 4 3 1 6 7 0 2
85 72 13 7 6 3 4 0 1 2 5
85 72 13 1 6 3 4 7 0 2 5
85 72 13 3 5 0 4 6 1 2 7
85 72 13 1 6 3 0 7 2 4 5
85 72 13 6 0 3 2 5 1 4 7
85 72 13 7 6 3 2 5 1 4 0
85 73 12 3 6 4 5 2 7 1 0
85 73 12 3 5 4 2 6 7 1 0
85 73 12 1 6 0 4 3 7 2 5
85 73 12 1 6 4 5 3 7 2 0
85 73 12 5 0 3 2 1 6 4 7
85 73 12 5 2 0 3 7 6 1 4
85 73 12 5 6 1 4 3 7 2 0
85 73 12 6 3 0 7 5 1 4 2
85 73 12 6 1 3 7 5 0 4 2
85 73 12 2 6 3 7 5 1 0 4
85 73 12 5 3 4 7 6 1 0 2
85 73 12 7 6 3 5 2 1 0 4
85 74 11 1 0 6 3 5 7 4 2
85 74 11 2 1 6 3 5 7 4 0
85 76 9 1 6 4 3 5 0 7 2
85 77 8 3 6 2 4 5 1 7 0
85 78 7 2 6 3 4 5 7 1 0
86 69 17 5 6 3 0 4 1 2 7
86 69 17 3 5 0 2 7 6 1 4
86 70 16 0 4 3 5 6 1 2 7
86 70 16 5 4 3 6 0 1 2 7
86 71 15 7 5 4 1 3 6 0 2
86 71 15 7 6 3 0 2 1 4 5
86 71 15 0 5 4 7 3 6 1 2
86 71 15 3 0 4 7 5 6 1 2
86 71 15 0 6 4 3 7 5 1 2
86 71 15 5 7 0 3 6 1 4 2
86 72 14 6 0 3 4 7 1 2 5
86 72 14 3 5 4 1 7 0 6 2
86 72 14 3 5 0 1 7 6 4 2
86 72 14 1 0 6 3 7 2 4 5
86 72 14 5 6 2 4 0 1 3 7
86 73 13 5 0 4 3 2 6 7 1
86 73 13 6 5 4 3 2 7 1 0
86 73 13 3 5 0 4 6 7 1 2
86 73 13 5 0 3 2 7 6 1 4
86 73 13 0 6 2 3 5 1 4 7
86 73 13 5 6 3 2 1 4 0 7
86 73 13 5 1 6 4 3 0 2 7
86 73 13 5 6 1 4 3 0 7 2
86 73 13 5 3 7 0 6 1 4 2
86 73 13 5 1 6 3 2 7 0 4
86 73 13 5 1 6 0 2 7 4 3
86 74 12 5 1 3 2 6 0 4 7
86 74 12 5 6 1 3 2 7 4 0
86 74 12 7 6 3 4 5 1 0 2
86 74 12 6 5 3 7 0 1 4 2
86 74 12 2 5 3 7 6 1 4 0
86 74 12 1 5 3 7 6 0 4 2
86 74 12 5 1 3 0 7 4 6 2
86 74 12 5 6 3 7 4 1 0 2
86 75 11 1 3 0 5 7 6 4 2
86 75 11 1 6 4 3 7 5 0 2
86 77 9 6 1 4 3 5 2 7 0
86 77 9 0 2 4 3 5 6 1 7
86 77 9 1 4 2 3 5 0 6 7
86 78 8 1 4 3 7 5 6 2 0
87 70 17 5 6 3 0 4 7 1 2
87 71 16 7 5 4 0 6 1 2 3
87 71 16 7 5 4 3 0 1 2 6
87 71 16 0 4 3 5 6 7 1 2
87 71 16 5 4 3 6 0 7 1 2
87 71 16 5 7 4 0 3 6 1 2
87 72 15 3 6 4 5 1 0 2 7
87 72 15 6 5 4 3 7 1 2 0
87 72 15 3 5 4 2 6 1 0 7
87 73 14 5 6 3 0 2 7 4 1
87 73 14 5 6 1 4 2 7 0 3
87 73 14 5 6 3 2 0 7 1 4
87 73 14 5 6 2 3 1 0 4 7
87 73 14 5 6 4 3 1 7 2 0
87 73 14 1 6 4 2 3 7 0 5
87 73 14 0 5 2 3 7 6 1 4
87 73 14 5 6 4 0 3 1 7 2
87 73 14 5 1 0 3 2 7 4 6
87 74 13 5 6 4 1 2 7 3 0
87 74 13 0 6 2 3 5 7 1 4
87 74 13 1 6 0 5 7 4 3 2
87 75 12 7 1 4 3 6 2 0 5
87 75 12 5 6 4 7 1 2 3 0
87 75 12 1 6 3 0 5 7 4 2
87 75 12 2 6 4 3 0 5 7 1
87 76 11 6 1 4 3 5 7 2 0
87 76 11 1 4 0 3 6 5 2 7
87 76 11 1 6 0 3 5 7 4 2
87 77 10 2 4 0 3 5 6 1 7
87 77 10 1 5 4 3 7 6 2 0
87 78 9 5 4 2 3 1 6 7 0
87 78 9 1 4 3 2 5 6 0 7
88 69 19 0 6 4 3 7 2 5 1
88 71 17 7 6 4 0 3 5 1 2
88 71 17 7 5 0 3 6 1 2 4
88 72 16 4 6 3 0 7 1 2 5
88 72 16 5 6 2 0 7 1 3 4
88 73 15 5 0 6 3 2 7 4 1
88 73 15 5 0 6 4 2 7 1 3
88 73 15 3 5 4 1 6 7 0 2
88 73 15 5 0 2 3 6 1 4 7
88 73 15 6 0 4 3 1 7 2 5
88 73 15 0 5 6 4 3 1 2 7
88 73 15 7 6 0 5 2 1 4 3
88 74 14 6 0 4 5 2 7 1 3
88 74 14 5 6 0 1 2 7 4 3
88 74 14 0 5 3 2 6 1 4 7
88 74 14 5 3 0 2 6 1 4 7
88 74 14 5 6 2 3 4 7 1 0
88 74 14 0 7 4 3 1 6 2 5
88 74 14 7 4 0 3 1 6 2 5
88 74 14 3 1 6 0 5 7 4 2
88 75 13 5 0 2 4 7 6 1 3
88 75 13 7 6 4 3 1 2 5 0
88 75 13 5 6 0 7 1 2 4 3
88 75 13 5 1 4 0 6 2 7 3
88 75 13 5 1 4 3 0 2 7 6
88 76 12 5 0 4 1 3 6 7 2
88 76 12 5 6 3 7 1 2 0 4
88 76 12 7 6 3 5 1 4 0 2
88 76 12 3 6 2 4 7 1 5 0
88 76 12 0 1 4 3 6 5 2 7
88 77 11 1 0 3 2 7 6 4 5
88 77 11 1 5 6 3 7 4 2 0
88 77 11 1 5 0 3 7 4 6 2
88 77 11 2 6 4 3 5 0 1 7
88 77 11 5 1 4 3 7 6 0 2
88 77 11 3 6 2 4 5 0 1 7
88 78 10 1 5 6 3 2 7 4 0
88 78 10 2 6 1 3 5 7 4 0
88 79 9 3 5 6 7 2 1 4 0
88 79 9 1 4 2 3 7 6 5 0
88 80 8 1 5 4 3 6 2 7 0
89 71 18 6 4 3 5 7 0 1 2
89 72 17 3 0 4 5 6 1 2 7
89 72 17 3 5 4 6 0 1 2 7
89 72 17 0 6 2 4 7 1 3 5
89 73 16 3 6 4 5 7 0 1 2
89 73 16 3 6 4 0 1 7 2 5
89 73 16 2 6 0 7 5 1 4 3
89 73 16 5 6 4 2 0 1 7 3
89 74 15 5 6 4 1 2 0 7 3
89 74 15 5 6 0 7 3 1 4 2
89 74 15 5 6 4 2 3 0 7 1
89 74 15 0 6 3 5 2 7 1 4
89 74 15 5 6 3 1 2 7 0 4
89 74 15 5 6 1 3 2 0 7 4
89 74 15 5 0 2 3 6 7 1 4
89 74 15 0 5 6 4 3 7 1 2
89 74 15 5 7 6 4 3 0 1 2
89 74 15 7 5 3 0 6 1 4 2
89 74 15 7 1 6 3 5 0 4 2
89 74 15 5 1 6 0 7 4 2 3
89 74 15 5 1 6 3 0 4 2 7
89 75 14 5 1 6 4 7 0 3 2
89 75 14 5 6 2 4 0 7 1 3
89 75 14 1 0 3 5 6 7 4 2
89 75 14 0 1 3 5 7 6 4 2
89 75 14 1 6 4 0 7 5 2 3
89 75 14 5 1 0 3 6 2 7 4
89 75 14 0 1 4 3 6 2 7 5
89 76 13 5 0 4 2 3 6 1 7
89 76 13 5 0 3 7 1 6 2 4
89 76 13 0 1 6 3 5 7 2 4
89 76 13 5 1 6 3 7 2 4 0
89 76 13 6 1 4 3 7 2 5 0
89 76 13 7 0 3 5 1 6 4 2
89 76 13 7 5 6 3 2 1 0 4
89 76 13 7 5 6 0 2 1 4 3
89 77 12 1 6 3 2 0 7 4 5
89 77 12 1 6 3 2 7 4 0 5
89 77 12 6 1 3 5 7 4 0 2
89 77 12 2 6 3 0 5 7 4 1
89 78 11 1 6 4 7 5 2 0 3
89 78 11 1 6 0 4 3 5 2 7
89 78 11 2 6 1 4 5 7 0 3
89 78 11 2 5 4 3 6 1 0 7
89 78 11 2 0 4 3 6 5 1 7
89 78 11 2 6 1 3 5 0 7 4
89 79 10 3 6 1 4 5 7 2 0
89 80 9 1 6 2 3 5 7 0 4
89 81 8 2 5 3 4 7 6 1 0
90 72 18 6 5 4 0 3 1 2 7
90 73 17 3 0 4 5 6 7 1 2
90 73 17 3 5 4 6 0 7 1 2
90 73 17 5 6 2 0 3 1 4 7
90 73 17 0 6 4 1 3 7 2 5
90 73 17 5 6 0 2 3 1 7 4
90 73 17 0 6 4 2 3 1 7 5
90 73 17 0 1 6 3 2 7 4 5
90 74 16 7 6 4 5 2 0 1 3
90 74 16 5 6 4 7 3 0 1 2
90 74 16 5 1 0 3 7 4 2 6
90 74 16 5 6 0 7 4 1 2 3
90 75 15 0 5 6 3 2 7 1 4
90 75 15 5 7 6 3 2 0 1 4
90 75 15 0 6 3 5 1 7 4 2
90 75 15 1 6 0 3 7 5 2 4
90 76 14 5 6 4 1 0 3 7 2
90 76 14 0 5 4 7 1 6 2 3
90 76 14 5 4 0 7 1 6 2 3
90 76 14 5 1 6 3 4 7 2 0
90 76 14 5 1 0 3 7 2 6 4
90 76 14 3 6 2 4 7 0 1 5
90 76 14 7 5 0 3 2 1 4 6
90 77 13 2 6 3 4 7 1 0 5
90 77 13 7 4 2 3 6 1 0 5
90 77 13 6 3 5 0 7 1 4 2
90 77 13 6 1 3 5 0 7 4 2
90 77 13 2 0 6 3 5 7 4 1
90 77 13 6 1 0 3 5 2 4 7
90 77 13 1 5 4 0 3 6 2 7
90 78 12 1 0 4 7 5 6 2 3
90 78 12 5 1 4 7 6 2 0 3
90 78 12 1 6 4 7 3 5 2 0
90 78 12 2 0 6 4 5 7 1 3
90 78 12 2 6 3 1 5 7 0 4
90 78 12 0 4 3 1 5 6 2 7
90 79 11 0 4 3 2 5 6 1 7
90 79 11 5 4 3 7 1 6 2 0
90 79 11 3 1 6 4 5 0 2 7
90 79 11 5 0 3 7 2 6 1 4
90 79 11 1 6 0 4 5 7 2 3
90 79 11 3 6 1 4 5 0 7 2
90 80 10 2 6 4 1 5 7 3 0
90 80 10 1 6 3 0 5 7 2 4
90 80 10 6 4 2 3 5 1 7 0
90 80 10 2 7 4 3 5 6 1 0
90 80 10 1 6 3 4 5 0 2 7
90 80 10 1 4 3 5 7 6 2 0
90 80 10 1 6 0 4 5 2 7 3
90 80 10 3 5 4 7 2 6 0 1
90 81 9 1 6 3 0 5 2 7 4
90 81 9 7 1 4 3 5 6 0 2
90 82 8 1 6 3 7 5 4 2 0
91 73 18 6 5 4 0 3 7 1 2
91 74 17 5 6 0 2 3 7 4 1
91 74 17 5 6 2 0 3 7 1 4
91 74 17 0 6 3 7 4 1 2 5
91 75 16 5 6 2 7 0 1 4 3
91 75 16 6 5 0 3 7 1 4 2
91 75 16 6 4 0 3 7 5 1 2
91 75 16 0 5 6 4 7 1 3 2
91 75 16 7 6 0 3 1 2 4 5
91 75 16 5 6 4 0 3 7 2 1
91 76 15 7 6 2 3 0 1 4 5
91 76 15 1 6 2 3 7 0 4 5
91 76 15 5 6 4 2 0 3 1 7
91 77 14 5 1 6 4 0 7 2 3
91 77 14 5 1 6 4 7 2 0 3
91 77 14 6 0 3 7 5 1 2 4
91 77 14 4 6 3 7 5 1 2 0
91 77 14 1 6 3 7 5 0 2 4
91 77 14 7 4 3 0 6 1 2 5
91 77 14 6 3 4 5 7 1 0 2
91 77 14 5 1 4 0 7 6 2 3
91 78 13 5 1 6 2 3 7 4 0
91 78 13 5 3 0 7 6 1 2 4
91 78 13 5 1 3 7 6 0 2 4
91 78 13 7 3 0 5 6 1 4 2
91 78 13 7 1 3 5 6 0 4 2
91 78 13 1 6 4 7 0 5 2 3
91 78 13 5 1 4 7 0 6 2 3
91 78 13 1 6 4 2 3 5 0 7
91 78 13 1 6 0 3 7 5 4 2
91 78 13 5 4 2 3 1 0 6 7
91 78 13 1 4 3 5 0 6 2 7
91 79 12 1 0 4 5 3 6 2 7
91 79 12 3 5 6 7 1 0 4 2
91 79 12 1 6 4 5 7 2 3 0
91 79 12 5 1 3 0 6 2 4 7
91 79 12 0 2 6 3 5 7 1 4
91 79 12 0 3 6 4 5 1 2 7
91 79 12 3 6 4 0 5 1 7 2
91 79 12 1 4 2 3 7 0 6 5
91 80 11 2 5 0 4 3 6 1 7
91 80 11 5 1 0 4 3 6 2 7
91 80 11 1 0 6 3 5 7 2 4
91 80 11 7 4 3 0 5 6 1 2
91 80 11 7 4 1 3 5 6 0 2
91 80 11 6 0 3 4 5 1 2 7
91 80 11 7 6 3 4 5 1 2 0
91 80 11 5 4 3 7 2 6 0 1
91 81 10 3 5 4 7 1 6 2 0
91 81 10 5 0 3 4 1 6 2 7
91 81 10 1 0 6 3 5 2 7 4
91 82 9 3 1 0 4 5 6 2 7
91 82 9 1 4 2 0 5 6 7 3
91 83 8 1 6 3 7 2 4 0 5
91 83 8 1 6 3 7 5 2 4 0
92 74 18 0 1 6 3 7 4 2 5
92 75 17 5 0 6 2 7 1 3 4
92 75 17 5 6 4 1 0 7 2 3
92 76 16 6 0 2 3 7 1 4 5
92 76 16 6 1 0 3 7 2 4 5
92 76 16 0 5 6 3 2 1 4 7
92 77 15 5 6 2 7 3 1 0 4
92 77 15 5 6 1 2 3 7 0 4
92 77 15 3 6 0 4 2 7 1 5
92 77 15 7 6 3 2 1 0 4 5
92 77 15 2 6 0 3 7 1 4 5
92 77 15 3 6 0 5 7 1 4 2
92 77 15 2 6 3 5 7 0 1 4
92 77 15 5 1 0 3 7 6 2 4
92 78 14 5 1 6 4 3 7 0 2
92 78 14 0 5 3 7 6 1 2 4
92 78 14 0 6 4 2 5 1 3 7
92 78 14 6 1 4 7 5 0 2 3
92 78 14 3 1 6 4 7 0 2 5
92 78 14 2 6 3 5 1 0 4 7
92 78 14 2 5 0 3 7 1 6 4
92 78 14 6 0 4 3 1 5 2 7
92 78 14 7 6 4 3 1 5 2 0
92 78 14 0 6 3 2 5 7 1 4
92 79 13 1 6 4 5 3 2 0 7
92 79 13 7 6 3 5 4 1 2 0
92 79 13 7 6 2 4 3 1 0 5
92 79 13 7 5 6 3 1 4 0 2
92 79 13 1 6 0 5 7 2 4 3
92 79 13 6 1 4 3 7 5 2 0
92 79 13 5 4 3 2 6 0 1 7
92 79 13 2 7 6 3 5 0 1 4
92 79 13 5 4 3 2 1 6 0 7
92 79 13 5 6 3 7 0 2 1 4
92 79 13 1 6 4 2 5 7 0 3
92 80 12 1 6 3 5 7 2 0 4
92 80 12 1 0 3 5 7 6 2 4
92 80 12 2 6 4 1 5 0 7 3
92 80 12 2 5 4 7 3 6 1 0
92 80 12 5 1 4 7 3 6 2 0
92 80 12 7 5 4 3 1 6 0 2
92 80 12 0 3 6 4 5 7 1 2
92 80 12 1 4 3 2 7 6 0 5
92 80 12 1 5 0 3 6 2 4 7
92 80 12 3 5 4 0 2 6 1 7
92 80 12 3 5 0 7 2 6 1 4
92 81 11 2 5 1 3 7 6 4 0
92 81 11 5 6 3 4 1 2 0 7
92 81 11 7 5 3 4 0 6 1 2
92 81 11 5 3 1 4 7 6 0 2
92 81 11 1 6 7 3 5 2 0 4
92 81 11 6 0 3 4 5 7 1 2
92 82 10 5 1 3 4 6 0 2 7
92 82 10 3 0 4 1 5 6 7 2
92 82 10 3 1 4 7 5 6 2 0
92 82 10 1 4 2 3 0 6 7 5
92 82 10 1 4 0 3 5 6 7 2
92 83 9 1 0 3 7 2 6 4 5
92 83 9 1 5 3 7 0 6 4 2
92 83 9 1 3 0 7 5 6 4 2
92 83 9 5 1 3 7 6 4 2 0
92 83 9 1 6 3 4 5 2 0 7
92 84 8 1 0 3 2 5 6 4 7
92 84 8 1 6 3 7 2 5 4 0
92 84 8 5 1 3 7 2 6 4 0
92 85 7 1 0 4 3 5 6 7 2
92 87 5 1 4 3 2 5 6 7 0
93 75 18 0 6 2 5 7 1 4 3
93 75 18 5 6 0 1 3 7 2 4
93 75 18 0 6 4 3 7 5 2 1
93 76 17 5 0 4 2 6 7 1 3
93 76 17 3 6 2 0 7 1 4 5
93 76 17 5 6 4 7 0 1 3 2
93 76 17 5 0 6 3 1 7 2 4
93 76 17 5 1 6 0 3 7 2 4
93 76 17 6 1 4 0 3 7 2 5
93 77 16 5 0 6 7 3 1 2 4
93 77 16 5 0 6 2 3 7 1 4
93 77 16 6 0 4 2 3 7 1 5
93 77 16 6 4 0 3 2 7 1 5
93 77 16 6 7 4 3 2 0 1 5
93 77 16 3 6 4 1 2 7 0 5
93 77 16 5 0 6 2 3 1 4 7
93 77 16 7 0 3 2 6 1 4 5
93 77 16 6 7 4 3 0 1 2 5
93 77 16 3 7 4 0 6 1 2 5
93 78 15 5 6 0 3 1 7 4 2
93 78 15 5 1 0 6 3 7 4 2
93 78 15 6 1 3 2 7 0 4 5
93 78 15 5 6 4 2 1 0 3 7
93 78 15 0 7 3 5 6 1 4 2
93 78 15 6 4 0 7 5 1 2 3
93 78 15 0 3 6 4 7 1 2 5
93 78 15 2 0 3 5 6 1 4 7
93 78 15 2 5 6 3 7 0 1 4
93 78 15 3 6 4 0 1 5 2 7
93 78 15 0 1 6 3 7 5 4 2
93 79 14 7 0 4 3 2 6 1 5
93 79 14 1 6 4 5 0 3 2 7
93 79 14 6 5 4 7 0 1 2 3
93 79 14 1 5 4 7 6 0 2 3
93 79 14 5 4 2 7 6 1 0 3
93 79 14 6 4 2 3 7 1 5 0
93 79 14 2 5 6 3 1 0 4 7
93 79 14 2 0 6 3 5 1 4 7
93 79 14 5 0 1 3 6 2 4 7
93 79 14 5 4 3 1 0 6 2 7
93 79 14 5 4 2 0 6 1 7 3
93 79 14 5 4 2 3 0 1 7 6
93 80 13 1 6 3 5 0 7 2 4
93 80 13 1 5 6 3 0 7 2 4
93 80 13 1 5 6 3 7 2 0 4
93 80 13 1 0 6 3 7 5 2 4
93 80 13 3 6 4 7 1 2 0 5
93 80 13 2 5 4 3 0 7 6 1
93 80 13 2 0 4 3 7 5 6 1
93 80 13 2 5 3 0 7 6 4 1
93 80 13 5 0 4 3 2 6 1 7
93 80 13 2 5 4 1 3 6 0 7
93 80 13 5 1 4 2 3 6 0 7
93 80 13 3 6 0 7 5 1 4 2
93 80 13 7 5 4 3 2 0 6 1
93 80 13 7 5 0 3 2 6 4 1
93 80 13 7 5 0 4 2 6 1 3
93 80 13 0 5 4 7 2 6 1 3
93 80 13 3 6 4 2 5 0 7 1
93 80 13 5 0 6 7 2 1 3 4
93 80 13 6 4 2 3 5 0 1 7
93 80 13 3 7 4 0 5 6 1 2
93 80 13 3 7 6 4 5 0 1 2
93 80 13 4 6 3 0 5 1 2 7
93 80 13 5 4 3 0 2 6 1 7
93 81 12 2 0 4 3 7 6 1 5
93 81 12 0 2 4 3 6 7 1 5
93 81 12 3 5 0 4 1 6 2 7
93 81 12 0 4 1 3 5 6 2 7
93 81 12 6 4 3 7 5 1 2 0
93 81 12 2 5 1 4 7 6 0 3
93 81 12 1 6 4 3 2 0 7 5
93 81 12 1 0 4 3 6 2 7 5
93 81 12 7 1 4 0 5 6 2 3
93 82 11 3 0 4 2 5 6 1 7
93 82 11 6 4 3 2 5 7 1 0
93 82 11 7 6 2 3 5 1 4 0
93 82 11 5 1 6 7 2 0 4 3
93 82 11 5 6 4 7 2 1 3 0
93 82 11 3 5 1 4 7 6 2 0
93 82 11 5 3 4 7 1 6 0 2
93 82 11 3 1 4 2 5 6 0 7
93 82 11 1 6 0 7 5 4 3 2
93 83 10 5 6 3 4 2 1 7 0
93 83 10 1 4 2 3 6 7 0 5
93 84 9 1 6 3 2 5 4 0 7
93 84 9 1 2 6 3 5 0 4 7
93 84 9 0 2 4 3 5 6 7 1
94 77 17 5 6 7 0 3 1 2 4
94 77 17 2 6 0 5 7 1 3 4
94 78 16 0 5 6 3 1 7 4 2
94 78 16 5 7 6 3 1 0 4 2
94 78 16 5 0 6 1 3 7 4 2
94 78 16 5 6 1 0 3 7 4 2
94 78 16 5 0 4 2 6 1 3 7
94 78 16 0 6 4 1 3 5 2 7
94 78 16 1 5 6 0 3 7 4 2
94 78 16 2 6 3 5 0 7 1 4
94 79 15 7 6 4 3 0 2 1 5
94 79 15 7 6 4 3 2 1 0 5
94 79 15 3 5 6 4 7 1 2 0
94 79 15 2 6 4 5 3 7 0 1
94 79 15 7 6 3 5 1 0 2 4
94 79 15 7 0 6 4 3 1 2 5
94 79 15 7 0 6 3 1 5 4 2
94 79 15 0 5 6 7 3 1 4 2
94 79 15 3 0 6 7 5 1 4 2
94 79 15 5 4 3 2 7 0 6 1
94 79 15 5 0 3 2 4 6 1 7
94 79 15 0 4 3 5 1 6 2 7
94 79 15 3 6 4 2 0 1 7 5
94 79 15 3 6 0 2 5 1 7 4
94 79 15 5 4 0 3 6 1 7 2
94 79 15 0 4 2 3 6 1 7 5
94 80 14 7 5 6 3 4 1 2 0
94 80 14 6 4 3 5 7 1 2 0
94 80 14 3 0 4 7 1 6 2 5
94 80 14 1 4 0 5 7 6 2 3
94 80 14 2 6 0 1 5 7 4 3
94 80 14 2 0 5 3 7 6 4 1
94 80 14 3 6 4 7 5 0 1 2
94 80 14 7 5 4 1 2 6 0 3
94 80 14 5 6 7 0 2 1 3 4
94 80 14 5 4 3 0 7 6 2 1
94 80 14 1 4 3 7 0 6 2 5
94 80 14 5 4 0 7 2 6 1 3
94 80 14 5 6 3 0 1 4 2 7
94 80 14 5 6 3 7 0 4 2 1
94 81 13 2 5 4 3 7 1 0 6
94 81 13 2 6 4 3 7 1 0 5
94 81 13 2 4 0 3 6 7 1 5
94 81 13 2 7 4 3 6 0 1 5
94 81 13 2 0 5 4 7 6 1 3
94 81 13 2 5 3 1 7 6 0 4
94 81 13 5 3 4 0 7 6 1 2
94 81 13 4 6 3 0 5 7 1 2
94 81 13 7 6 3 4 5 0 1 2
94 81 13 7 1 0 3 5 6 2 4
94 82 12 7 0 5 3 2 6 1 4
94 82 12 7 5 3 0 2 6 1 4
94 82 12 7 5 1 3 2 6 0 4
94 82 12 6 4 1 3 5 7 2 0
94 82 12 6 7 4 3 5 1 2 0
94 82 12 0 5 3 4 6 1 2 7
94 82 12 5 3 0 4 6 1 2 7
94 82 12 5 4 2 3 0 6 1 7
94 82 12 0 5 6 7 2 1 4 3
94 82 12 2 5 4 3 6 0 7 1
94 82 12 5 3 7 0 1 6 4 2
94 83 11 2 5 4 1 7 6 3 0
94 83 11 2 4 3 7 5 6 1 0
94 83 11 5 6 7 3 2 1 4 0
94 83 11 6 3 0 7 2 1 4 5
94 83 11 6 1 3 7 2 0 4 5
94 83 11 1 6 3 7 0 2 4 5
94 83 11 1 4 3 0 6 7 2 5
94 83 11 1 7 4 3 0 6 2 5
94 83 11 1 7 4 3 6 2 0 5
94 83 11 2 5 3 7 1 6 4 0
94 84 10 5 6 3 7 1 2 4 0
94 84 10 5 4 3 2 6 1 7 0
94 84 10 2 6 3 4 5 1 0 7
94 84 10 1 6 3 5 2 7 0 4
94 84 10 2 4 0 3 5 6 7 1
94 85 9 1 0 3 4 7 6 2 5
94 85 9 2 6 3 4 5 7 0 1
94 86 8 1 5 3 7 6 4 0 2
95 76 19 0 6 4 5 7 1 3 2
95 77 18 7 6 4 2 3 0 1 5
95 78 17 0 1 6 5 3 7 4 2
95 78 17 6 3 0 2 7 1 4 5
95 78 17 5 6 4 0 2 1 3 7
95 79 16 7 5 6 4 0 1 2 3
95 79 16 1 5 6 4 7 0 2 3
95 79 16 7 6 4 5 3 1 0 2
95 79 16 5 4 7 0 6 1 2 3
95 79 16 6 4 2 3 7 0 1 5
95 79 16 3 6 4 0 7 1 5 2
95 79 16 3 6 4 2 0 1 5 7
95 79 16 3 5 6 2 7 1 0 4
95 79 16 3 5 6 2 0 1 4 7
95 79 16 6 1 4 0 3 5 2 7
95 79 16 5 4 0 2 7 6 3 1
95 79 16 0 6 4 1 5 7 2 3
95 79 16 0 6 4 2 5 1 7 3
95 80 15 3 6 5 0 7 1 2 4
95 80 15 3 6 2 5 7 1 0 4
95 80 15 6 3 0 5 7 1 2 4
95 80 15 6 1 3 5 7 0 2 4
95 80 15 4 6 3 5 7 1 0 2
95 80 15 4 5 6 3 7 1 0 2
95 80 15 0 7 6 3 5 1 4 2
95 80 15 2 5 6 7 0 1 4 3
95 80 15 0 5 4 2 3 6 1 7
95 80 15 0 1 4 5 3 6 2 7
95 80 15 7 5 4 0 1 6 2 3
95 80 15 7 5 4 3 0 6 2 1
95 80 15 3 6 0 2 5 7 4 1
95 80 15 0 4 3 1 7 6 2 5
95 80 15 0 6 4 1 5 2 7 3
95 80 15 1 6 4 5 0 2 7 3
95 80 15 0 4 3 7 2 6 1 5
95 80 15 5 6 0 7 1 4 2 3
95 81 14 7 6 4 2 3 1 5 0
95 81 14 2 0 5 3 7 1 4 6
95 81 14 2 5 3 0 7 1 4 6
95 81 14 3 0 4 2 7 6 1 5
95 81 14 7 6 4 5 1 2 0 3
95 81 14 3 5 0 4 7 1 6 2
95 81 14 5 6 0 4 1 2 7 3
95 81 14 3 5 4 2 1 6 0 7
95 81 14 5 4 1 3 6 0 2 7
95 81 14 0 4 3 6 5 1 2 7
95 81 14 6 4 3 2 5 1 0 7
95 81 14 2 5 3 7 0 6 1 4
95 81 14 2 5 1 3 7 0 6 4
95 81 14 4 5 3 0 7 6 1 2
95 81 14 1 6 4 0 3 2 7 5
95 81 14 3 6 4 0 5 7 2 1
95 81 14 5 6 2 0 3 1 7 4
95 81 14 5 6 2 4 0 1 7 3
95 82 13 5 6 3 0 1 2 7 4
95 82 13 4 0 3 2 7 6 1 5
95 82 13 7 4 3 2 0 6 1 5
95 82 13 2 4 3 0 7 6 1 5
95 82 13 0 2 5 3 7 6 1 4
95 82 13 6 4 1 3 5 0 7 2
95 82 13 5 0 2 3 6 4 1 7
95 82 13 1 6 4 3 2 0 5 7
95 82 13 1 0 4 3 6 2 5 7
95 82 13 7 6 2 3 5 0 1 4
95 82 13 3 6 4 1 0 5 7 2
95 82 13 5 6 4 7 2 0 1 3
95 82 13 5 4 3 7 6 1 0 2
95 82 13 5 6 3 4 2 7 0 1
95 82 13 5 4 3 2 6 7 0 1
95 82 13 0 4 2 3 5 6 7 1
95 83 12 7 6 2 4 5 1 0 3
95 83 12 6 0 3 5 2 1 4 7
95 83 12 1 6 3 5 2 0 4 7
95 83 12 4 0 3 7 5 6 1 2
95 83 12 0 5 3 4 6 7 1 2
95 83 12 5 3 0 4 6 7 1 2
95 83 12 5 7 3 4 6 0 1 2
95 83 12 3 5 4 7 6 1 0 2
95 83 12 0 1 3 7 5 6 4 2
95 83 12 5 1 0 7 6 4 3 2
95 84 11 5 3 0 7 4 6 1 2
95 84 11 5 0 2 4 3 6 1 7
95 84 11 1 6 3 2 0 5 4 7
95 85 10 1 6 3 4 0 7 2 5
95 85 10 1 6 3 4 7 2 0 5
95 85 10 1 6 3 5 7 2 4 0
95 85 10 1 6 2 4 3 7 0 5
95 85 10 6 1 3 7 5 4 0 2
95 85 10 2 1 6 3 5 7 0 4
95 85 10 1 6 4 3 0 5 7 2
95 86 9 6 5 3 7 2 1 4 0
95 86 9 7 2 4 3 5 6 1 0
95 86 9 1 0 2 3 5 4 6 7
95 86 9 1 4 3 7 5 6 0 2
95 87 8 1 6 3 2 5 7 4 0
95 90 5 1 6 3 4 5 2 7 0
96 79 17 6 0 4 7 3 1 2 5
96 79 17 1 6 4 7 3 0 2 5
96 79 17 7 0 3 5 6 1 2 4
96 79 17 2 5 6 0 3 1 4 7
96 79 17 3 5 0 2 7 1 4 6
96 80 16 3 0 6 5 7 1 2 4
96 80 16 6 1 4 5 3 0 2 7
96 80 16 4 6 3 5 0 1 2 7
96 80 16 7 5 6 3 1 0 2 4
96 80 16 4 5 6 3 0 1 2 7
96 80 16 2 5 6 4 7 1 0 3
96 80 16 1 0 4 5 6 7 2 3
96 80 16 0 1 4 5 7 6 2 3
96 80 16 6 5 4 3 2 0 1 7
96 80 16 7 5 0 3 1 6 2 4
96 80 16 0 6 3 7 1 4 2 5
96 81 15 2 6 5 0 7 1 4 3
96 81 15 3 5 6 7 0 1 2 4
96 81 15 7 0 4 5 1 6 2 3
96 81 15 3 0 5 6 7 1 4 2
96 81 15 3 5 4 6 7 1 0 2
96 81 15 3 5 6 4 7 0 1 2
96 81 15 5 0 4 3 6 2 7 1
96 81 15 3 5 4 1 0 6 2 7
96 81 15 0 5 3 2 7 6 1 4
96 81 15 5 6 0 4 3 1 7 2
96 81 15 0 6 2 4 3 1 7 5
96 82 14 3 1 4 7 6 0 2 5
96 82 14 6 1 4 5 7 2 0 3
96 82 14 5 0 6 3 1 2 7 4
96 82 14 5 6 7 3 1 2 0 4
96 82 14 6 0 4 3 1 2 7 5
96 82 14 2 6 4 3 1 0 7 5
96 82 14 3 6 4 2 0 5 1 7
96 82 14 0 7 4 3 6 5 1 2
96 82 14 7 4 0 3 6 5 1 2
96 82 14 0 4 3 6 5 7 1 2
96 82 14 6 4 3 1 5 7 0 2
96 82 14 3 5 1 4 7 0 6 2
96 82 14 5 4 3 7 0 1 2 6
96 82 14 2 5 0 3 6 7 4 1
96 83 13 2 6 0 4 3 7 1 5
96 83 13 3 6 2 7 5 1 0 4
96 83 13 3 6 2 0 5 7 1 4
96 83 13 3 6 1 2 5 7 0 4
96 83 13 3 6 2 0 5 1 4 7
96 83 13 5 4 3 1 0 7 6 2
96 83 13 5 0 3 1 7 4 6 2
96 83 13 5 6 3 4 2 0 1 7
96 83 13 0 3 5 4 7 6 1 2
96 83 13 5 0 6 7 1 4 3 2
96 83 13 3 5 4 7 0 1 2 6
96 83 13 1 6 3 5 0 2 4 7
96 84 12 5 0 3 7 6 4 1 2
96 84 12 0 5 3 7 4 6 1 2
96 84 12 5 4 1 3 2 7 6 0
96 84 12 3 1 0 4 7 6 2 5
96 84 12 3 1 4 5 7 6 2 0
96 84 12 7 5 1 4 3 6 0 2
96 84 12 5 4 1 3 0 6 7 2
96 84 12 5 1 4 3 6 7 2 0
96 84 12 2 6 0 3 5 1 4 7
96 84 12 1 6 3 5 0 4 2 7
96 84 12 1 6 3 0 2 7 4 5
96 85 11 7 4 3 5 2 6 1 0
96 85 11 5 4 3 1 6 7 2 0
96 85 11 3 5 2 4 6 1 0 7
96 85 11 5 2 3 0 7 6 1 4
96 85 11 5 2 1 3 7 6 0 4
96 85 11 5 3 4 7 6 1 2 0
96 86 10 1 3 5 0 7 6 4 2
96 86 10 5 2 4 3 0 6 1 7
96 86 10 3 2 4 0 5 6 1 7
96 86 10 1 4 2 3 0 5 6 7
96 87 9 1 6 3 4 5 7 0 2
96 87 9 1 4 2 3 6 5 0 7
96 87 9 2 4 3 0 5 6 1 7
96 87 9 2 4 1 3 5 6 0 7
96 87 9 1 4 3 2 5 0 6 7
96 90 6 1 6 3 4 5 7 2 0
96 90 6 1 0 3 4 5 6 2 7
97 79 18 2 6 0 5 3 7 1 4
97 80 17 6 4 0 5 3 1 2 7
97 80 17 0 4 3 6 7 1 2 5
97 80 17 6 4 3 7 0 1 2 5
97 80 17 6 4 3 2 7 1 0 5
97 80 17 2 5 0 6 7 1 4 3
97 80 17 0 6 4 5 1 7 2 3
97 80 17 7 5 4 2 0 6 1 3
97 81 16 7 6 4 2 0 1 3 5
97 81 16 2 6 4 0 7 1 3 5
97 81 16 1 6 4 2 7 0 3 5
97 81 16 2 0 6 5 7 1 4 3
97 81 16 2 6 4 5 7 1 0 3
97 81 16 5 0 1 3 4 6 2 7
97 81 16 5 4 1 0 3 6 2 7
97 81 16 6 5 3 4 7 0 1 2
97 81 16 3 6 4 1 0 7 2 5
97 81 16 3 6 0 1 5 7 2 4
97 82 15 7 5 6 2 3 1 4 0
97 82 15 0 3 4 7 6 1 2 5
97 82 15 3 4 0 7 6 1 2 5
97 82 15 6 1 4 5 0 7 2 3
97 82 15 6 0 4 2 5 7 1 3
97 82 15 3 6 4 0 1 2 7 5
97 82 15 2 6 5 3 7 0 1 4
97 82 15 7 5 0 3 6 1 4 2
97 82 15 6 7 0 3 5 1 4 2
97 82 15 0 6 4 3 1 2 5 7
97 82 15 1 6 4 0 3 2 5 7
97 82 15 7 1 4 0 3 6 2 5
97 82 15 5 4 3 2 0 7 1 6
97 82 15 3 1 4 5 0 6 2 7
97 83 14 3 0 6 7 5 1 2 4
97 83 14 3 0 6 2 5 7 1 4
97 83 14 6 0 4 3 5 7 2 1
97 83 14 2 5 4 7 6 0 1 3
97 83 14 7 0 6 4 5 1 2 3
97 83 14 3 0 6 2 5 1 4 7
97 83 14 5 0 6 3 2 1 4 7
97 83 14 5 6 4 3 2 1 0 7
97 83 14 3 5 4 2 6 0 1 7
97 83 14 7 6 3 2 5 1 0 4
97 83 14 0 6 7 5 2 1 4 3
97 83 14 5 6 7 0 1 4 3 2
97 83 14 7 5 4 2 3 6 0 1
97 83 14 7 5 3 0 1 6 4 2
97 83 14 6 5 3 7 1 0 4 2
97 83 14 0 6 3 1 5 2 4 7
97 84 13 5 4 2 3 7 6 0 1
97 84 13 6 0 4 3 5 2 7 1
97 84 13 7 1 6 3 5 0 2 4
97 84 13 5 6 3 7 4 0 1 2
97 84 13 0 4 1 3 5 7 6 2
97 84 13 2 5 0 4 6 7 1 3
97 84 13 2 0 4 3 5 7 1 6
97 84 13 7 0 5 4 3 6 1 2
97 84 13 2 4 3 5 7 6 0 1
97 84 13 2 4 3 5 0 6 1 7
97 84 13 5 0 1 3 6 4 7 2
97 84 13 5 6 2 4 0 3 1 7
97 84 13 1 0 3 7 6 5 4 2
97 84 13 0 1 6 3 5 2 4 7
97 84 13 1 6 3 0 7 4 2 5
97 84 13 1 6 0 5 2 7 4 3
97 85 12 7 6 4 2 5 1 3 0
97 85 12 1 6 5 3 7 2 0 4
97 85 12 2 5 3 0 6 7 1 4
97 85 12 2 5 1 3 6 7 0 4
97 85 12 5 4 3 1 6 0 7 2
97 85 12 6 1 3 2 5 0 4 7
97 85 12 1 0 6 4 3 7 2 5
97 85 12 6 3 4 7 5 1 0 2
97 85 12 6 1 3 7 0 5 4 2
97 85 12 1 7 6 3 5 0 4 2
97 85 12 3 6 2 0 5 1 7 4
97 85 12 2 6 3 4 0 7 1 5
97 86 11 5 6 3 2 1 4 7 0
97 86 11 5 0 1 4 3 6 7 2
97 86 11 5 1 3 2 0 6 4 7
97 86 11 5 1 3 2 6 4 0 7
97 86 11 5 1 3 2 7 4 6 0
97 86 11 5 1 3 7 0 4 6 2
97 86 11 1 3 4 5 7 6 0 2
97 87 10 2 6 4 3 1 5 7 0
97 87 10 1 4 3 0 6 5 2 7
97 87 10 1 5 4 3 7 6 0 2
97 87 10 1 4 0 2 5 6 3 7
97 88 9 3 0 2 4 5 6 1 7
97 89 8 1 6 2 3 5 7 4 0
97 91 6 1 6 3 7 2 4 5 0
98 79 19 4 5 6 0 7 1 2 3
98 79 19 7 6 0 5 3 1 2 4
98 79 19 3 6 0 2 7 1 5 4
98 80 18 4 5 0 3 7 1 2 6
98 80 18 5 4 0 1 7 6 2 3
98 81 17 6 0 4 2 7 1 3 5
98 81 17 6 4 0 5 3 7 1 2
98 81 17 6 7 4 5 3 0 1 2
98 81 17 7 6 0 2 3 1 4 5
98 81 17 3 5 0 6 7 1 2 4
98 81 17 0 6 4 5 1 2 7 3
98 81 17 5 6 4 1 0 2 7 3
98 81 17 5 6 4 0 3 2 7 1
98 81 17 6 4 3 5 0 1 2 7
98 82 16 7 5 6 4 3 1 0 2
98 82 16 0 6 3 4 2 7 1 5
98 82 16 0 4 3 2 6 7 1 5
98 83 15 7 0 4 5 3 6 1 2
98 83 15 7 1 4 5 6 0 2 3
98 83 15 2 6 4 1 3 7 0 5
98 83 15 3 6 7 0 5 1 2 4
98 83 15 5 6 4 3 0 7 2 1
98 83 15 2 0 4 7 5 6 1 3
98 83 15 2 5 4 1 7 0 6 3
98 83 15 2 5 0 1 7 6 4 3
98 83 15 5 6 0 4 2 1 3 7
98 83 15 5 6 7 4 2 1 0 3
98 83 15 3 6 5 4 7 0 1 2
98 83 15 3 5 0 7 6 1 2 4
98 84 14 6 5 4 3 1 2 0 7
98 84 14 5 0 4 3 7 6 2 1
98 84 14 4 0 1 3 7 6 2 5
98 84 14 7 4 1 3 0 6 2 5
98 84 14 5 0 4 1 7 6 3 2
98 84 14 6 7 4 3 2 5 1 0
98 84 14 1 6 0 4 7 2 5 3
98 84 14 1 6 4 7 0 2 5 3
98 84 14 3 6 4 0 5 2 7 1
98 84 14 0 5 1 3 7 4 6 2
98 84 14 3 0 6 1 5 7 4 2
98 84 14 3 6 1 0 5 7 4 2
98 84 14 3 1 4 2 7 6 0 5
98 84 14 2 5 4 3 7 0 1 6
98 84 14 0 5 4 3 2 7 1 6
98 84 14 3 0 4 7 6 5 1 2
98 84 14 5 7 4 3 2 6 0 1
98 84 14 5 7 4 0 2 6 1 3
98 84 14 3 1 4 0 6 7 2 5
98 84 14 0 6 3 7 1 5 4 2
98 84 14 1 6 3 0 7 5 4 2
98 84 14 5 1 3 0 7 6 4 2
98 85 13 1 6 3 0 7 2 5 4
98 85 13 5 2 6 3 1 0 4 7
98 85 13 2 0 5 3 6 7 1 4
98 85 13 7 6 3 4 1 0 2 5
98 85 13 3 0 5 4 6 1 2 7
98 85 13 3 6 4 5 2 7 0 1
98 85 13 1 6 4 5 3 7 0 2
98 85 13 0 5 3 2 1 6 4 7
98 85 13 5 3 0 2 1 6 4 7
98 85 13 6 3 7 0 5 1 4 2
98 85 13 2 6 3 7 5 0 1 4
98 85 13 5 3 4 7 6 0 1 2
98 85 13 7 6 3 5 2 0 1 4
98 85 13 2 1 6 0 5 7 4 3
98 85 13 2 1 0 3 5 7 4 6
98 85 13 3 6 2 4 0 1 7 5
98 85 13 3 6 0 4 5 1 7 2
98 86 12 7 5 4 1 3 6 2 0
98 86 12 1 2 6 3 7 0 4 5
98 86 12 0 6 2 4 5 1 3 7
98 86 12 3 5 1 4 6 7 0 2
98 86 12 1 6 2 3 5 0 4 7
98 86 12 5 1 6 4 3 2 0 7
98 86 12 5 3 7 2 6 1 4 0
98 86 12 5 1 0 3 2 7 6 4
98 86 12 2 5 3 7 6 1 0 4
98 86 12 2 5 3 0 6 1 4 7
98 86 12 2 5 3 7 0 1 4 6
98 87 11 3 5 4 2 6 1 7 0
98 87 11 5 6 3 1 2 7 4 0
98 87 11 1 6 4 2 3 7 5 0
98 87 11 5 1 3 0 2 7 4 6
98 87 11 7 1 4 3 6 2 5 0
98 87 11 6 1 4 3 5 7 0 2
98 88 10 1 0 5 3 7 4 6 2
98 88 10 1 5 3 0 7 4 6 2
98 88 10 2 6 4 3 5 1 0 7
98 88 10 3 5 6 7 2 1 0 4
98 89 9 2 6 3 1 5 7 4 0
98 89 9 1 6 2 4 3 5 0 7
98 89 9 2 6 1 4 5 7 3 0
98 89 9 2 5 4 3 6 1 7 0
98 89 9 2 0 1 3 5 6 7 4
98 89 9 1 6 2 3 5 0 7 4
98 91 7 3 1 2 4 5 6 0 7
98 92 6 1 5 3 7 2 6 4 0
98 93 5 1 2 4 3 5 6 7 0
99 79 20 0 6 4 2 7 1 5 3
99 79 20 0 5 6 2 7 1 4 3
99 80 19 7 5 6 0 3 1 2 4
99 82 17 5 1 6 2 7 0 4 3
99 82 17 7 5 0 6 3 1 4 2
99 82 17 3 0 6 2 7 1 4 5
99 82 17 7 6 4 2 5 0 1 3
99 82 17 6 4 3 5 0 7 1 2
99 83 16 7 6 4 5 0 3 1 2
99 83 16 7 4 0 5 6 1 2 3
99 83 16 6 4 5 0 7 1 2 3
99 83 16 6 4 2 5 7 1 0 3
99 83 16 5 4 1 7 0 6 2 3
99 83 16 3 0 4 2 6 7 1 5
99 83 16 7 6 4 3 5 0 2 1
99 83 16 3 5 4 2 7 0 6 1
99 83 16 3 5 0 2 7 6 4 1
99 83 16 6 4 3 7 5 0 1 2
99 83 16 5 4 1 0 6 7 2 3
99 83 16 5 4 1 3 0 7 2 6
99 83 16 5 7 4 0 6 1 2 3
99 83 16 5 7 4 3 0 1 2 6
99 84 15 5 4 2 0 7 6 1 3
99 84 15 5 4 1 2 7 6 0 3
99 84 15 5 4 1 0 7 6 3 2
99 84 15 0 7 6 3 5 1 2 4
99 84 15 0 6 3 5 1 2 4 7
99 84 15 5 4 0 2 6 1 3 7
99 84 15 3 1 4 7 0 6 2 5
99 84 15 2 5 4 1 6 7 0 3
99 84 15 3 5 4 0 7 6 2 1
99 84 15 1 6 0 5 7 4 2 3
99 85 14 1 0 6 3 7 2 5 4
99 85 14 2 6 3 7 1 0 4 5
99 85 14 7 0 3 4 6 1 2 5
99 85 14 6 3 0 2 5 1 4 7
99 85 14 3 5 4 2 6 7 0 1
99 85 14 7 6 0 5 2 1 3 4
99 85 14 2 1 6 3 0 7 4 5
99 85 14 0 6 2 4 5 1 7 3
99 86 13 0 3 4 7 5 6 1 2
99 86 13 3 4 0 7 5 6 1 2
99 86 13 2 6 4 3 7 5 1 0
99 86 13 6 1 3 4 7 0 2 5
99 86 13 3 5 4 1 0 7 6 2
99 86 13 3 0 5 1 7 6 4 2
99 86 13 5 6 2 4 1 0 3 7
99 86 13 3 0 5 4 6 7 1 2
99 86 13 6 0 2 3 5 1 4 7
99 86 13 5 1 6 4 0 3 2 7
99 86 13 5 6 1 4 0 3 7 2
99 86 13 7 6 0 4 5 1 3 2
99 86 13 0 1 3 5 7 4 6 2
99 86 13 1 6 4 3 7 0 5 2
99 86 13 6 1 4 0 5 2 7 3
99 86 13 0 1 4 3 5 2 7 6
99 86 13 6 2 4 3 5 0 1 7
99 87 12 5 7 4 2 3 6 1 0
99 87 12 5 0 2 3 1 6 4 7
99 87 12 1 6 4 2 3 0 7 5
99 87 12 5 1 4 3 2 7 0 6
99 87 12 4 6 2 3 5 7 1 0
99 87 12 1 6 5 0 7 4 3 2
99 88 11 3 1 6 2 5 7 4 0
99 88 11 7 6 3 5 1 4 2 0
99 88 11 1 5 6 3 2 7 0 4
99 88 11 1 5 6 0 2 7 4 3
99 88 11 3 5 0 7 2 1 4 6
99 88 11 1 4 2 3 0 6 5 7
99 89 10 1 6 4 7 5 2 3 0
99 89 10 2 5 3 4 7 6 0 1
99 89 10 2 5 3 4 0 6 1 7
99 90 9 1 6 2 4 5 7 0 3
99 90 9 3 0 1 4 5 6 7 2
99 90 9 1 6 3 4 0 5 2 7
99 91 8 1 2 6 3 5 0 7 4
99 92 7 1 4 3 0 5 6 7 2
100 80 20 4 6 0 5 7 1 2 3
100 82 18 6 4 3 2 7 0 1 5
100 82 18 0 4 3 7 6 1 2 5
100 82 18 5 4 0 2 6 7 1 3
100 83 17 0 7 4 5 6 1 2 3
100 83 17 7 5 0 2 3 6 1 4
100 83 17 5 4 0 3 6 7 2 1
100 83 17 0 4 1 3 6 7 2 5
100 83 17 5 7 0 3 6 1 2 4
100 84 16 3 4 1 0 7 6 2 5
100 84 16 5 6 3 1 0 2 4 7
100 84 16 5 0 1 3 4 7 6 2
100 84 16 2 5 4 0 3 7 1 6
100 84 16 5 7 0 3 2 6 1 4
100 84 16 0 6 3 5 2 7 4 1
100 85 15 0 5 6 3 1 2 4 7
100 85 15 4 3 0 5 7 6 1 2
100 85 15 7 4 3 5 6 0 1 2
100 85 15 7 0 3 5 4 6 1 2
100 85 15 7 6 4 3 2 5 0 1
100 85 15 7 6 4 0 2 5 1 3
100 85 15 5 4 0 1 6 7 3 2
100 85 15 3 6 0 5 2 7 1 4
100 85 15 2 6 0 7 5 1 3 4
100 86 14 3 5 2 0 7 6 1 4
100 86 14 3 5 1 2 7 6 0 4
100 86 14 4 0 3 5 6 1 2 7
100 86 14 1 4 3 5 6 0 2 7
100 86 14 5 4 3 6 1 0 2 7
100 86 14 5 4 3 6 7 1 2 0
100 86 14 5 7 3 0 6 1 4 2
100 86 14 3 0 4 1 7 5 6 2
100 86 14 3 5 1 0 7 6 4 2
100 86 14 5 0 2 4 6 1 3 7
100 86 14 0 5 4 3 2 6 7 1
100 86 14 5 4 0 3 2 6 7 1
100 86 14 6 5 4 3 2 7 0 1
100 86 14 6 5 4 0 2 7 1 3
100 86 14 5 3 0 2 7 6 1 4
100 86 14 0 3 7 5 6 1 4 2
100 86 14 5 3 7 4 6 1 0 2
100 86 14 5 1 6 3 2 0 7 4
100 86 14 5 1 0 6 2 7 4 3
100 86 14 0 1 6 5 2 7 4 3
100 86 14 5 6 1 0 2 7 4 3
100 86 14 5 6 0 7 4 1 3 2
100 86 14 6 1 4 3 0 2 7 5
100 86 14 6 1 0 3 5 2 7 4
100 86 14 1 4 0 7 5 6 2 3
100 87 13 5 6 3 2 4 7 1 0
100 87 13 2 4 3 5 6 7 1 0
100 87 13 5 7 0 4 3 6 1 2
100 87 13 3 6 4 5 1 2 0 7
100 87 13 5 6 1 4 2 7 3 0
100 87 13 5 6 2 3 1 4 0 7
100 87 13 5 6 4 3 1 7 0 2
100 87 13 7 5 2 3 0 6 1 4
100 87 13 4 5 2 3 7 6 1 0
100 87 13 5 0 1 3 2 7 4 6
100 87 13 6 0 2 3 5 7 1 4
100 87 13 1 0 6 5 7 4 3 2
100 87 13 2 0 4 3 6 5 7 1
100 87 13 1 5 4 0 7 6 2 3
100 87 13 5 4 2 0 1 6 7 3
100 87 13 5 4 2 3 0 6 7 1
100 88 12 3 5 4 1 6 7 2 0
100 88 12 5 2 0 3 6 1 4 7
100 88 12 5 1 2 3 6 0 4 7
100 88 12 7 6 5 0 2 1 4 3
100 88 12 5 3 4 2 6 1 0 7
100 88 12 7 4 2 3 1 6 0 5
100 88 12 3 1 6 4 5 7 0 2
100 88 12 5 2 0 4 7 6 1 3
100 88 12 5 1 0 4 6 2 7 3
100 88 12 7 1 4 3 6 5 2 0
100 88 12 1 3 0 2 7 6 4 5
100 88 12 2 6 4 3 0 5 1 7
100 88 12 3 6 2 4 0 5 1 7
100 88 12 1 5 0 3 2 7 4 6
100 88 12 3 5 6 0 2 1 4 7
100 88 12 1 5 4 0 6 2 7 3
100 88 12 1 5 4 3 0 2 7 6
100 89 11 1 3 0 5 6 7 4 2
100 89 11 5 1 3 0 6 2 7 4
100 89 11 1 6 3 2 7 4 5 0
100 89 11 6 1 3 5 7 4 2 0
100 89 11 1 6 0 7 5 2 4 3
100 89 11 1 0 6 4 3 5 2 7
100 89 11 2 6 1 4 5 0 7 3
100 89 11 0 2 4 3 6 5 1 7
100 90 10 2 6 3 4 7 1 5 0
100 90 10 6 1 3 5 2 7 4 0
100 90 10 1 5 0 4 3 6 2 7
100 90 10 1 5 4 7 3 6 2 0
100 90 10 2 6 3 1 5 0 7 4
100 90 10 4 0 3 1 5 6 2 7
100 90 10 4 0 3 2 5 6 1 7
100 90 10 3 1 6 4 5 2 0 7
100 90 10 5 3 0 7 2 6 1 4
100 90 10 2 7 4 3 5 6 0 1
100 90 10 1 0 6 4 5 2 7 3
100 90 10 3 5 4 7 2 0 6 1
100 90 10 3 5 0 7 2 6 4 1
100 90 10 1 6 3 0 5 4 2 7
100 91 9 1 6 4 2 3 5 7 0
100 91 9 5 1 3 7 6 2 4 0
100 91 9 5 1 2 4 3 6 0 7
100 91 9 7 4 3 2 5 6 1 0
100 92 8 1 3 0 7 2 6 4 5
100 93 7 3 1 4 2 5 6 7 0
100 93 7 1 6 3 2 5 4 7 0
100 94 6 2 6 3 4 5 1 7 0
101 83 18 0 4 1 5 7 6 2 3
101 83 18 5 6 7 2 0 1 4 3
101 84 17 2 6 4 5 7 0 1 3
101 84 17 2 0 4 5 6 7 1 3
101 84 17 5 4 1 0 3 7 6 2
101 84 17 0 5 4 2 6 7 1 3
101 84 17 2 5 4 6 0 7 1 3
101 84 17 0 7 4 3 2 6 1 5
101 84 17 3 5 0 1 7 6 2 4
101 85 16 7 6 0 2 5 1 4 3
101 85 16 4 6 3 5 7 0 1 2
101 85 16 2 0 3 7 6 1 4 5
101 85 16 3 5 4 2 0 7 1 6
101 85 16 5 6 1 0 3 7 2 4
101 85 16 5 6 1 4 0 7 2 3
101 86 15 3 0 5 2 7 6 1 4
101 86 15 7 4 3 5 6 1 2 0
101 86 15 7 5 4 1 3 0 6 2
101 86 15 7 5 0 1 3 6 4 2
101 86 15 7 6 0 3 2 1 4 5
101 86 15 7 6 3 4 2 1 0 5
101 86 15 5 0 4 7 3 6 1 2
101 86 15 5 0 7 3 6 1 4 2
101 86 15 6 3 0 4 7 1 2 5
101 86 15 5 1 6 4 2 7 0 3
101 86 15 2 5 0 7 6 1 4 3
101 86 15 5 1 3 6 7 4 0 2
101 87 14 4 0 3 5 6 7 1 2
101 87 14 5 4 3 6 2 7 1 0
101 87 14 3 0 4 5 1 6 2 7
101 87 14 1 6 0 2 3 7 4 5
101 87 14 7 1 0 3 6 2 4 5
101 87 14 0 6 3 1 5 7 4 2
101 87 14 6 1 4 0 5 7 2 3
101 87 14 0 1 4 3 5 7 2 6
101 87 14 1 5 0 3 7 6 2 4
101 87 14 5 4 0 3 1 6 7 2
101 87 14 0 4 2 3 1 6 7 5
101 88 13 7 6 4 2 3 5 1 0
101 88 13 7 5 2 3 6 1 0 4
101 88 13 3 5 4 1 6 0 7 2
101 88 13 7 0 6 5 2 1 4 3
101 88 13 7 6 4 5 2 1 0 3
101 88 13 1 5 3 2 6 0 4 7
101 88 13 5 3 2 0 6 1 4 7
101 88 13 5 7 4 3 1 6 2 0
101 88 13 7 4 3 0 1 6 2 5
101 88 13 3 1 0 6 5 7 4 2
101 88 13 5 0 6 7 1 2 4 3
101 88 13 5 1 4 3 2 0 7 6
101 88 13 0 5 4 1 3 6 7 2
101 88 13 5 4 0 1 3 6 7 2
101 88 13 3 1 4 0 6 5 2 7
101 88 13 0 1 3 2 7 6 4 5
101 88 13 1 5 6 0 7 4 2 3
101 88 13 1 5 6 3 0 4 2 7
101 88 13 5 1 4 3 7 0 6 2
101 88 13 5 1 0 3 7 6 4 2
101 88 13 1 4 2 0 7 6 5 3
101 88 13 1 5 0 3 6 2 7 4
101 89 12 5 2 0 3 6 7 1 4
101 89 12 7 5 3 2 6 1 4 0
101 89 12 7 1 6 3 5 4 0 2
101 89 12 5 6 2 4 3 7 1 0
101 89 12 1 7 3 5 6 0 4 2
101 89 12 7 1 3 5 0 6 4 2
101 89 12 2 1 3 5 7 6 4 0
101 89 12 2 1 4 3 6 0 7 5
101 89 12 5 3 0 7 1 6 2 4
101 89 12 4 1 6 3 5 7 2 0
101 89 12 7 3 0 5 1 6 4 2
101 89 12 7 5 0 3 2 1 6 4
101 89 12 2 4 0 3 6 5 1 7
101 89 12 2 6 1 3 0 5 7 4
101 90 11 1 6 2 3 7 5 0 4
101 90 11 1 5 4 7 0 6 2 3
101 90 11 7 0 5 3 2 1 4 6
101 90 11 7 5 3 0 2 1 4 6
101 90 11 5 1 4 7 6 2 3 0
101 90 11 7 4 3 1 5 6 2 0
101 90 11 0 5 3 7 2 6 1 4
101 90 11 1 0 6 4 5 7 2 3
101 90 11 1 6 3 2 5 7 0 4
101 90 11 1 4 3 5 7 6 0 2
101 90 11 1 6 7 4 5 2 0 3
101 90 11 7 1 4 3 5 0 6 2
101 90 11 7 1 0 3 5 6 4 2
101 91 10 1 6 3 7 5 2 0 4
101 91 10 1 0 3 7 5 6 2 4
101 91 10 3 5 6 7 1 4 0 2
101 91 10 2 5 1 4 3 6 0 7
101 91 10 7 4 1 3 5 6 2 0
101 91 10 6 1 3 4 5 0 2 7
101 91 10 3 0 1 4 5 6 2 7
101 91 10 1 4 0 2 5 6 7 3
101 91 10 1 6 0 7 2 4 3 5
101 92 9 5 4 3 2 1 6 7 0
101 92 9 1 6 4 2 5 7 3 0
101 92 9 1 4 3 2 7 6 5 0
101 92 9 3 0 5 7 2 6 1 4
101 92 9 3 5 1 7 2 6 0 4
101 92 9 5 6 3 4 1 2 7 0
101 92 9 5 1 3 4 0 6 2 7
101 92 9 5 1 3 4 6 2 0 7
101 92 9 1 4 7 3 5 6 0 2
101 92 9 1 3 4 7 5 6 0 2
101 92 9 1 3 0 2 5 6 4 7
101 92 9 1 6 3 7 2 5 0 4
101 92 9 5 1 3 7 2 6 0 4
101 92 9 0 1 4 3 5 6 7 2
101 93 8 1 2 4 3 6 0 7 5
101 93 8 1 2 6 3 5 4 0 7
101 94 7 1 5 3 7 6 4 2 0
102 84 18 6 7 4 0 3 5 1 2
102 84 18 2 4 0 5 7 6 1 3
102 84 18 0 5 4 1 7 6 2 3
102 84 18 0 6 3 5 7 4 2 1
102 85 17 7 6 0 3 2 5 1 4
102 85 17 0 6 4 3 2 5 1 7
102 85 17 0 6 3 1 7 2 4 5
102 85 17 3 5 0 2 6 7 1 4
102 85 17 1 6 0 5 3 7 2 4
102 85 17 5 6 0 4 3 7 2 1
102 85 17 0 6 1 4 3 7 2 5
102 86 16 5 6 0 3 4 1 2 7
102 86 16 0 6 3 5 4 1 2 7
102 86 16 5 6 3 2 4 1 0 7
102 86 16 3 6 4 0 7 5 1 2
102 86 16 0 1 6 3 7 2 4 5
102 86 16 6 5 0 3 2 7 1 4
102 86 16 5 6 0 2 1 4 3 7
102 86 16 5 3 7 6 0 1 4 2
102 86 16 5 6 1 3 0 7 4 2
102 86 16 0 4 3 7 5 6 2 1
102 87 15 7 5 0 4 6 1 2 3
102 87 15 7 5 4 3 1 0 2 6
102 87 15 7 0 4 3 5 1 2 6
102 87 15 5 4 3 6 7 0 1 2
102 87 15 5 7 4 1 3 6 0 2
102 87 15 3 5 0 2 6 1 4 7
102 87 15 5 6 1 4 2 0 7 3
102 87 15 5 0 3 2 6 7 1 4
102 87 15 5 6 4 3 0 1 7 2
102 87 15 5 6 4 0 1 2 3 7
102 87 15 0 6 4 3 2 5 7 1
102 87 15 2 6 4 0 3 5 7 1
102 87 15 6 1 0 3 5 7 2 4
102 88 14 7 6 0 4 3 5 1 2
102 88 14 7 5 3 0 6 1 2 4
102 88 14 3 5 0 1 6 7 4 2
102 88 14 0 5 2 3 6 1 4 7
102 88 14 3 5 6 4 0 1 2 7
102 88 14 1 5 6 4 3 0 2 7
102 88 14 6 4 0 5 2 7 1 3
102 88 14 6 7 4 5 2 0 1 3
102 88 14 5 0 6 1 2 7 4 3
102 88 14 0 5 2 4 7 6 1 3
102 88 14 5 6 7 0 1 2 4 3
102 88 14 5 6 0 7 1 2 3 4
102 88 14 7 6 0 5 1 4 3 2
102 88 14 3 6 2 4 0 1 5 7
102 88 14 1 5 0 3 7 4 2 6
102 88 14 2 6 1 0 5 7 4 3
102 88 14 1 4 0 3 7 6 5 2
102 89 13 3 6 4 5 1 7 2 0
102 89 13 5 0 4 2 3 6 7 1
102 89 13 6 0 3 5 2 7 1 4
102 89 13 5 0 1 3 2 6 7 4
102 89 13 2 5 6 4 3 7 1 0
102 89 13 7 5 3 4 6 1 0 2
102 89 13 0 1 6 3 5 4 2 7
102 89 13 5 1 6 4 0 7 3 2
102 89 13 5 1 6 4 7 3 0 2
102 89 13 0 6 2 4 5 7 1 3
102 89 13 1 6 0 4 7 5 2 3
102 89 13 5 0 1 3 6 2 7 4
102 89 13 5 1 7 3 6 2 0 4
102 89 13 3 1 4 0 6 2 7 5
102 89 13 0 5 3 7 1 6 2 4
102 89 13 1 0 3 2 6 7 4 5
102 89 13 2 5 0 3 6 1 4 7
102 90 12 1 6 3 0 7 5 2 4
102 90 12 3 0 2 4 7 6 1 5
102 90 12 7 5 4 3 2 1 0 6
102 90 12 2 6 3 4 7 0 1 5
102 90 12 7 4 2 3 6 1 5 0
102 90 12 6 3 5 2 7 1 4 0
102 90 12 6 3 5 7 0 1 4 2
102 90 12 6 1 3 0 5 2 4 7
102 90 12 1 5 4 2 3 6 0 7
102 90 12 5 1 0 7 6 2 4 3
102 90 12 0 2 6 4 5 7 1 3
102 90 12 5 4 3 7 1 6 0 2
102 90 12 3 1 6 4 0 5 2 7
102 90 12 3 6 1 4 0 5 7 2
102 90 12 2 7 4 0 5 6 1 3
102 90 12 1 6 3 7 0 4 2 5
102 91 11 1 0 2 3 7 6 4 5
102 91 11 5 1 3 7 6 2 0 4
102 91 11 7 1 3 5 6 4 0 2
102 91 11 4 2 6 3 5 7 1 0
102 91 11 1 3 6 4 5 0 2 7
102 91 11 1 4 2 3 0 7 6 5
102 91 11 2 0 5 4 3 6 1 7
102 91 11 5 4 3 7 2 0 6 1
102 91 11 3 5 4 7 1 6 0 2
102 91 11 0 5 3 4 1 6 2 7
102 91 11 5 3 0 4 1 6 2 7
102 92 10 2 0 4 1 5 6 7 3
102 92 10 2 3 6 4 5 7 1 0
102 92 10 5 3 1 4 7 6 2 0
102 92 10 1 6 7 3 5 2 4 0
102 92 10 0 3 4 1 5 6 7 2
102 92 10 1 4 2 3 6 0 7 5
102 92 10 1 3 7 0 5 6 4 2
102 92 10 1 6 0 4 5 2 3 7
102 92 10 0 1 3 2 5 6 4 7
102 92 10 1 4 3 2 0 6 7 5
102 93 9 2 5 4 1 3 6 7 0
102 93 9 5 1 4 2 3 6 7 0
102 93 9 5 1 6 7 2 4 0 3
102 93 9 1 4 2 3 6 7 5 0
102 94 8 1 7 4 3 5 6 2 0
103 84 19 6 4 1 3 7 0 2 5
103 84 19 0 6 4 1 7 2 5 3
103 85 18 7 6 3 0 4 1 2 5
103 86 17 5 0 3 6 4 1 2 7
103 86 17 6 5 4 7 3 0 1 2
103 86 17 6 5 3 0 7 1 4 2
103 87 16 5 6 0 3 4 7 1 2
103 87 16 0 6 3 5 4 7 1 2
103 87 16 5 6 3 1 4 7 0 2
103 87 16 0 5 4 3 7 1 2 6
103 87 16 5 6 4 0 1 7 2 3
103 87 16 5 6 4 0 2 7 3 1
103 87 16 5 6 4 1 0 7 3 2
103 87 16 5 6 4 7 0 2 3 1
103 88 15 7 0 5 3 6 1 2 4
103 88 15 0 5 6 3 2 7 4 1
103 88 15 5 7 6 3 2 0 4 1
103 88 15 0 5 6 4 2 7 1 3
103 88 15 5 7 6 4 2 0 1 3
103 88 15 7 5 6 4 3 1 2 0
103 88 15 6 5 3 2 0 1 4 7
103 88 15 5 6 2 3 4 7 0 1
103 88 15 3 7 4 0 1 6 2 5
103 88 15 3 1 6 5 0 7 4 2
103 88 15 5 0 4 3 1 2 7 6
103 88 15 5 1 4 0 3 2 7 6
103 88 15 2 6 1 3 0 7 4 5
103 89 14 6 0 3 5 7 4 1 2
103 89 14 3 1 4 5 6 0 2 7
103 89 14 7 6 2 4 0 1 3 5
103 89 14 1 6 2 4 7 0 3 5
103 89 14 3 6 0 4 1 7 2 5
103 89 14 2 0 6 7 5 1 4 3
103 89 14 2 6 4 7 5 1 0 3
103 89 14 5 0 4 1 2 6 7 3
103 89 14 4 6 3 5 2 7 1 0
103 89 14 5 6 3 1 2 0 7 4
103 89 14 5 6 1 3 0 2 7 4
103 89 14 0 5 2 3 6 7 1 4
103 89 14 5 7 2 3 6 0 1 4
103 89 14 3 5 6 4 0 7 1 2
103 89 14 5 7 6 4 3 1 0 2
103 89 14 7 1 6 3 0 5 4 2
103 89 14 5 1 6 7 0 4 2 3
103 89 14 0 1 3 5 6 7 4 2
103 89 14 5 4 0 2 3 6 1 7
103 89 14 3 1 6 0 5 7 2 4
103 89 14 0 7 3 5 1 6 4 2
103 89 14 7 5 6 3 2 0 1 4
103 89 14 7 5 0 6 2 1 4 3
103 89 14 6 1 0 5 7 4 3 2
103 89 14 3 6 1 0 5 7 2 4
103 90 13 6 5 4 7 3 1 2 0
103 90 13 3 5 4 6 2 7 1 0
103 90 13 5 6 2 7 3 1 4 0
103 90 13 1 0 6 3 2 7 4 5
103 90 13 7 0 4 5 2 6 1 3
103 90 13 5 1 3 0 7 4 2 6
103 90 13 5 1 2 3 7 4 0 6
103 90 13 5 6 2 7 4 1 0 3
103 90 13 0 6 4 1 5 3 7 2
103 90 13 5 4 2 7 1 6 0 3
103 90 13 5 1 3 0 7 2 6 4
103 90 13 3 6 2 4 0 7 1 5
103 90 13 0 2 6 3 5 7 4 1
103 90 13 1 6 4 7 3 5 0 2
103 90 13 2 7 6 4 5 0 1 3
103 90 13 2 6 0 1 5 7 3 4
103 90 13 2 6 4 0 5 7 3 1
103 90 13 2 7 4 3 0 6 1 5
103 90 13 2 7 0 3 5 6 1 4
103 90 13 0 6 3 1 5 2 7 4
103 90 13 1 6 0 7 5 4 2 3
103 91 12 1 6 2 3 0 7 4 5
103 91 12 1 6 2 3 7 4 0 5
103 91 12 5 1 6 4 3 7 2 0
103 91 12 5 1 6 4 7 2 3 0
103 91 12 1 6 3 7 0 5 2 4
103 91 12 5 3 2 7 6 1 0 4
103 91 12 5 1 3 7 0 6 2 4
103 91 12 7 3 5 0 6 1 4 2
103 91 12 7 3 6 4 5 1 2 0
103 91 12 1 0 2 3 7 4 6 5
103 91 12 5 0 1 4 3 6 2 7
103 91 12 1 7 6 3 5 0 2 4
103 91 12 7 4 3 1 5 6 0 2
103 91 12 6 3 0 4 5 1 2 7
103 91 12 0 1 6 3 5 2 7 4
103 92 11 5 1 2 3 7 6 0 4
103 92 11 1 6 4 5 3 2 7 0
103 92 11 5 6 3 7 4 2 1 0
103 92 11 1 6 4 2 5 0 7 3
103 92 11 1 0 5 3 6 2 4 7
103 92 11 1 5 3 0 6 2 4 7
103 92 11 3 5 7 0 2 6 1 4
103 92 11 7 5 3 4 2 6 1 0
103 92 11 7 0 3 4 5 6 1 2
103 92 11 3 4 0 1 5 6 7 2
103 92 11 3 1 4 7 5 6 0 2
103 92 11 0 1 3 7 2 6 4 5
103 92 11 5 1 3 7 0 4 2 6
103 92 11 1 6 3 0 2 5 4 7
103 92 11 5 1 3 0 2 6 4 7
103 93 10 1 5 4 7 6 2 0 3
103 93 10 2 5 3 1 7 6 4 0
103 93 10 3 7 4 2 5 6 1 0
103 93 10 3 5 2 4 1 6 0 7
103 93 10 2 5 1 4 7 6 3 0
103 93 10 1 0 4 3 2 6 7 5
103 93 10 5 3 4 7 1 6 2 0
103 93 10 1 2 6 3 0 5 4 7
103 93 10 5 2 4 3 0 6 7 1
103 93 10 3 2 4 0 5 6 7 1
103 94 9 7 1 2 3 5 6 0 4
103 94 9 6 1 3 7 2 4 0 5
103 94 9 2 6 3 4 5 0 1 7
103 94 9 2 4 3 0 5 6 7 1
103 94 9 2 6 3 4 5 0 7 1
103 95 8 1 6 3 5 2 4 0 7
103 95 8 1 2 0 3 5 4 6 7
103 96 7 5 2 3 4 7 6 1 0
103 96 7 1 6 3 4 5 0 7 2
103 96 7 1 4 2 3 6 5 7 0
103 96 7 2 4 1 3 5 6 7 0
103 96 7 1 3 0 4 5 6 2 7
103 97 6 5 1 3 7 2 4 6 0
103 98 5 3 1 2 4 5 6 7 0
103 98 5 1 2 4 3 5 6 0 7
104 86 18 5 6 2 0 4 1 3 7
104 86 18 5 1 6 2 0 7 4 3
104 86 18 0 6 1 3 2 7 4 5
104 87 17 7 5 4 2 6 1 0 3
104 87 17 5 0 3 6 4 7 1 2
104 87 17 0 7 4 5 3 6 1 2
104 87 17 6 5 4 0 7 1 2 3
104 87 17 5 6 3 2 0 7 4 1
104 87 17 5 6 0 3 1 7 2 4
104 87 17 0 6 4 5 3 1 7 2
104 87 17 5 6 0 1 2 7 3 4
104 87 17 0 5 4 3 7 6 2 1
104 88 16 7 6 4 3 0 2 5 1
104 88 16 7 6 4 1 3 5 0 2
104 88 16 4 6 0 3 7 1 2 5
104 88 16 4 6 3 2 7 1 0 5
104 88 16 6 4 0 3 1 7 2 5
104 88 16 6 7 4 3 1 0 2 5
104 88 16 5 6 2 0 4 7 1 3
104 88 16 7 6 4 0 1 2 5 3
104 88 16 0 1 4 5 6 2 7 3
104 88 16 5 1 4 6 0 2 7 3
104 88 16 3 6 2 0 7 1 5 4
104 88 16 0 6 1 3 5 7 4 2
104 88 16 0 5 4 3 6 2 7 1
104 89 15 6 4 3 5 7 1 0 2
104 89 15 0 3 4 5 6 1 2 7
104 89 15 3 4 0 5 6 1 2 7
104 89 15 3 5 4 6 1 0 2 7
104 89 15 3 5 4 6 7 1 2 0
104 89 15 3 0 4 6 5 1 2 7
104 89 15 6 0 2 4 7 1 3 5
104 89 15 3 0 4 5 7 6 1 2
104 89 15 2 6 7 0 5 1 4 3
104 89 15 5 6 4 2 1 0 7 3
104 89 15 5 0 6 7 3 1 4 2
104 89 15 5 6 4 2 0 3 7 1
104 89 15 5 7 6 4 0 3 1 2
104 89 15 5 1 6 3 4 0 2 7
104 89 15 5 0 2 4 6 7 1 3
104 89 15 1 6 4 2 7 5 0 3
104 89 15 5 1 6 0 7 2 4 3
104 89 15 5 1 6 3 0 2 4 7
104 89 15 6 1 4 3 0 2 5 7
104 89 15 7 5 6 4 2 1 0 3
104 89 15 0 6 3 2 1 7 4 5
104 89 15 1 6 0 2 7 4 3 5
104 89 15 0 6 3 2 5 7 4 1
104 89 15 3 6 1 4 0 7 2 5
104 89 15 3 6 0 4 5 7 2 1
104 90 14 2 6 4 0 3 1 7 5
104 90 14 3 1 6 0 2 7 4 5
104 90 14 5 0 6 7 4 1 2 3
104 90 14 2 5 6 3 0 7 1 4
104 90 14 3 5 6 0 2 7 1 4
104 90 14 5 7 6 3 2 1 0 4
104 90 14 6 0 3 5 1 7 4 2
104 90 14 2 6 3 5 1 7 4 0
104 90 14 5 6 4 1 2 3 7 0
104 90 14 5 1 6 3 4 7 0 2
104 90 14 2 6 0 4 7 1 3 5
104 90 14 7 4 2 3 6 0 1 5
104 90 14 6 1 3 0 5 7 4 2
104 90 14 2 7 6 3 5 0 4 1
104 90 14 6 0 1 3 5 2 4 7
104 90 14 0 1 4 7 5 6 2 3
104 90 14 0 6 3 1 5 7 2 4
104 90 14 6 4 2 0 5 1 7 3
104 90 14 0 4 2 3 5 1 7 6
104 90 14 1 6 3 5 0 2 7 4
104 91 13 0 1 6 4 5 7 2 3
104 91 13 6 3 0 7 5 1 2 4
104 91 13 6 1 3 7 5 0 2 4
104 91 13 4 6 3 7 5 1 0 2
104 91 13 6 3 4 5 7 1 2 0
104 91 13 5 1 0 4 7 6 2 3
104 91 13 7 3 4 5 6 1 0 2
104 91 13 1 6 4 2 3 0 5 7
104 91 13 1 6 0 2 3 5 4 7
104 91 13 5 4 2 3 0 1 6 7
104 91 13 5 0 2 3 1 4 6 7
104 91 13 1 0 3 5 4 6 2 7
104 91 13 1 4 0 5 3 6 2 7
104 91 13 3 0 6 7 1 5 4 2
104 91 13 5 2 6 3 0 7 1 4
104 91 13 3 2 6 0 5 7 1 4
104 91 13 5 3 6 4 0 1 2 7
104 91 13 0 6 4 3 5 1 7 2
104 91 13 7 4 1 3 5 0 6 2
104 91 13 5 4 0 7 2 6 3 1
104 91 13 0 4 2 1 5 6 7 3
104 91 13 1 4 2 7 5 6 0 3
104 92 12 5 1 3 0 7 6 2 4
104 92 12 5 1 6 4 3 0 7 2
104 92 12 5 1 0 4 3 7 6 2
104 92 12 6 1 4 7 5 2 0 3
104 92 12 2 6 3 5 1 4 0 7
104 92 12 2 0 3 5 1 6 4 7
104 92 12 4 6 3 2 5 7 1 0
104 92 12 7 6 2 4 3 1 5 0
104 92 12 7 5 6 3 1 4 2 0
104 92 12 7 5 0 3 1 4 6 2
104 92 12 1 6 5 0 7 2 4 3
104 92 12 2 7 6 3 5 1 0 4
104 92 12 1 3 0 5 7 6 2 4
104 92 12 1 4 3 2 7 0 6 5
104 92 12 3 5 0 4 2 6 1 7
104 92 12 7 5 3 4 6 0 1 2
104 92 12 1 6 7 3 5 0 2 4
104 92 12 6 3 0 4 5 7 1 2
104 92 12 6 7 3 4 5 0 1 2
104 92 12 1 0 2 3 4 6 7 5
104 92 12 1 4 2 0 3 6 7 5
104 92 12 5 1 3 0 6 4 2 7
104 92 12 1 6 0 7 2 5 4 3
104 92 12 5 1 0 7 2 6 4 3
104 93 11 2 1 6 3 5 0 4 7
104 93 11 1 6 3 5 4 7 2 0
104 93 11 1 5 6 3 7 2 4 0
104 93 11 3 6 4 7 1 2 5 0
104 93 11 2 5 4 3 1 7 6 0
104 93 11 3 0 4 2 5 6 7 1
104 93 11 3 7 0 4 5 6 1 2
104 93 11 5 2 4 3 6 7 1 0
104 93 11 4 0 1 3 5 6 2 7
104 93 11 1 4 0 3 6 2 7 5
104 93 11 7 1 0 4 5 6 2 3
104 93 11 0 3 4 2 5 6 1 7
104 93 11 5 3 4 7 1 0 6 2
104 93 11 3 1 4 2 5 0 6 7
104 93 11 3 1 0 2 5 6 4 7
104 93 11 1 0 6 7 5 4 3 2
104 94 10 7 1 3 0 5 6 2 4
104 94 10 7 5 1 3 2 6 4 0
104 94 10 5 3 2 4 6 1 0 7
104 94 10 1 4 3 5 6 7 2 0
104 94 10 1 7 4 3 6 2 5 0
104 94 10 1 3 0 4 7 6 2 5
104 94 10 1 5 0 7 6 4 3 2
104 95 9 1 2 4 3 6 0 5 7
104 95 9 1 0 3 5 2 6 4 7
104 95 9 1 6 3 4 7 2 5 0
104 95 9 1 6 2 4 3 7 5 0
104 95 9 6 1 3 7 5 4 2 0
104 95 9 7 2 4 3 5 6 0 1
104 96 8 3 2 0 4 5 6 1 7
104 96 8 0 1 3 4 5 6 2 7
105 85 20 6 5 4 2 7 0 1 3
105 85 20 0 6 4 5 3 7 2 1
105 87 18 7 5 4 0 3 1 2 6
105 87 18 6 5 2 3 7 0 1 4
105 87 18 0 6 4 7 1 2 3 5
105 88 17 6 0 4 3 7 2 5 1
105 88 17 2 6 4 3 7 0 5 1
105 88 17 5 6 2 7 0 1 3 4
105 88 17 4 5 6 0 3 1 2 7
105 88 17 3 6 0 4 7 1 5 2
105 88 17 0 4 2 3 7 6 5 1
105 89 16 0 5 4 6 3 1 2 7
105 89 16 3 6 4 2 1 7 0 5
105 89 16 5 0 4 2 6 1 7 3
105 89 16 5 6 7 0 3 1 4 2
105 89 16 5 1 0 6 7 4 2 3
105 89 16 0 1 6 5 7 4 2 3
105 89 16 5 1 0 3 7 2 4 6
105 89 16 6 1 4 0 7 2 5 3
105 89 16 0 6 1 4 5 7 2 3
105 90 15 6 5 0 4 3 1 2 7
105 90 15 0 3 4 5 6 7 1 2
105 90 15 3 4 0 5 6 7 1 2
105 90 15 3 7 4 5 6 0 1 2
105 90 15 3 0 4 6 5 7 1 2
105 90 15 5 0 6 2 3 1 7 4
105 90 15 6 0 4 2 3 1 7 5
105 90 15 7 6 4 5 0 2 1 3
105 90 15 5 6 4 7 0 3 1 2
105 90 15 5 0 1 3 7 4 2 6
105 90 15 5 6 7 0 4 1 2 3
105 90 15 4 5 6 3 2 7 1 0
105 90 15 5 6 3 0 1 7 4 2
105 90 15 5 0 4 1 6 3 7 2
105 90 15 5 4 7 0 1 6 2 3
105 90 15 5 1 6 0 4 7 2 3
105 90 15 5 0 1 3 7 2 6 4
105 90 15 6 3 5 4 7 1 0 2
105 90 15 0 5 4 1 3 6 2 7
105 90 15 6 4 3 1 5 0 2 7
105 90 15 6 4 3 2 5 0 1 7
105 90 15 5 4 3 7 0 6 2 1
105 90 15 2 6 4 1 0 7 3 5
105 90 15 6 4 2 3 0 1 7 5
105 90 15 6 4 0 3 5 1 7 2
105 91 14 6 5 4 2 3 7 1 0
105 91 14 6 0 3 7 4 1 2 5
105 91 14 1 6 3 7 4 0 2 5
105 91 14 5 6 2 7 1 0 4 3
105 91 14 2 5 6 4 7 1 3 0
105 91 14 0 6 4 2 5 3 1 7
105 91 14 5 1 0 4 7 2 6 3
105 91 14 5 1 6 2 3 7 0 4
105 91 14 5 3 7 0 6 1 2 4
105 91 14 1 6 4 0 7 2 3 5
105 91 14 1 6 4 5 0 2 3 7
105 91 14 0 1 3 5 6 2 4 7
105 91 14 7 2 6 3 5 0 1 4
105 91 14 4 3 6 0 5 1 2 7
105 91 14 3 5 4 7 0 6 2 1
105 91 14 3 5 0 7 1 6 2 4
105 91 14 1 4 2 5 0 6 7 3
105 92 13 1 5 6 3 2 0 4 7
105 92 13 7 0 3 2 1 6 4 5
105 92 13 2 0 3 5 7 6 1 4
105 92 13 6 5 3 7 0 1 2 4
105 92 13 1 5 3 7 6 0 2 4
105 92 13 2 6 4 0 5 1 3 7
105 92 13 1 6 4 2 5 0 3 7
105 92 13 3 1 6 4 0 7 2 5
105 92 13 3 1 6 4 7 2 0 5
105 92 13 2 5 3 0 7 1 6 4
105 92 13 7 6 4 3 1 5 0 2
105 92 13 6 0 3 2 5 7 1 4
105 92 13 1 6 0 5 3 2 4 7
105 92 13 7 6 3 5 4 1 0 2
105 92 13 1 0 6 5 7 2 4 3
105 92 13 6 1 4 3 7 5 0 2
105 92 13 5 0 3 2 6 4 1 7
105 92 13 5 4 3 2 1 0 6 7
105 92 13 1 6 0 2 5 7 4 3
105 92 13 2 6 4 1 0 5 7 3
105 92 13 5 1 4 7 3 6 0 2
105 92 13 5 3 6 4 0 7 1 2
105 92 13 1 4 0 2 7 6 3 5
105 92 13 3 5 4 1 2 6 0 7
105 92 13 2 5 1 3 0 6 4 7
105 92 13 5 3 1 4 7 0 6 2
105 92 13 1 5 3 0 7 6 4 2
105 92 13 0 4 3 2 5 6 7 1
105 93 12 3 6 4 1 2 7 5 0
105 93 12 2 1 3 5 6 0 4 7
105 93 12 3 6 4 7 1 5 2 0
105 93 12 0 2 6 3 5 1 4 7
105 93 12 5 2 1 3 6 0 4 7
105 93 12 1 5 6 3 4 7 2 0
105 93 12 1 5 0 3 7 2 6 4
105 93 12 7 0 5 3 2 6 4 1
105 93 12 7 5 3 0 2 6 4 1
105 93 12 7 0 5 4 2 6 1 3
105 93 12 7 5 1 4 2 6 0 3
105 93 12 5 0 4 7 2 6 1 3
105 93 12 5 1 6 7 2 0 3 4
105 93 12 3 7 6 4 5 1 0 2
105 93 12 0 2 4 3 7 6 1 5
105 93 12 3 0 5 4 1 6 2 7
105 93 12 1 6 4 3 2 7 0 5
105 93 12 3 4 0 2 5 6 1 7
105 93 12 5 1 6 7 0 2 4 3
105 93 12 1 6 7 0 5 4 3 2
105 93 12 5 6 3 4 0 1 7 2
105 93 12 1 6 0 2 5 4 3 7
105 94 11 7 5 4 1 2 6 3 0
105 94 11 5 4 1 7 2 6 0 3
105 94 11 2 5 4 3 7 1 6 0
105 94 11 5 3 4 2 7 6 1 0
105 94 11 1 5 3 4 6 0 2 7
105 94 11 0 4 2 3 5 6 1 7
105 94 11 1 5 6 7 2 0 4 3
105 94 11 2 5 4 3 0 6 7 1
105 94 11 5 3 7 2 1 6 4 0
105 94 11 2 4 3 7 5 6 0 1
105 94 11 6 3 4 7 2 1 0 5
105 94 11 2 5 3 7 1 6 0 4
105 94 11 2 5 3 0 1 6 4 7
105 94 11 2 6 0 4 5 1 3 7
105 94 11 1 6 3 5 2 0 7 4
105 94 11 2 4 7 3 5 6 0 1
105 94 11 0 1 3 4 7 6 2 5
105 95 10 3 5 4 2 1 6 7 0
105 95 10 6 4 3 2 5 1 7 0
105 95 10 2 5 3 7 4 6 1 0
105 95 10 4 0 2 3 5 6 7 1
105 95 10 7 6 2 4 5 1 3 0
105 95 10 2 5 3 4 6 7 1 0
105 95 10 2 1 3 7 5 6 4 0
105 95 10 5 3 1 7 4 6 0 2
105 95 10 5 2 0 4 3 6 1 7
105 95 10 1 6 2 4 3 0 7 5
105 95 10 2 1 6 3 5 0 7 4
105 95 10 2 1 0 3 5 7 6 4
105 95 10 1 6 4 3 2 5 7 0
105 95 10 6 5 3 7 2 1 0 4
105 95 10 1 4 3 7 5 0 6 2
105 95 10 1 6 3 4 0 2 7 5
105 96 9 3 6 2 4 5 7 1 0
105 96 9 3 5 2 4 6 1 7 0
105 96 9 1 3 5 2 7 6 4 0
105 96 9 1 3 5 7 0 6 4 2
105 96 9 3 2 4 7 5 6 1 0
105 96 9 1 0 3 2 5 4 6 7
105 98 7 1 6 2 4 3 5 7 0
105 98 7 1 0 2 3 5 6 7 4
105 98 7 1 5 3 7 2 6 0 4
105 98 7 1 2 4 0 5 6 7 3
106 87 19 7 5 4 6 0 1 2 3
106 87 19 6 5 0 3 7 1 2 4
106 87 19 0 6 4 1 2 7 3 5
106 88 18 3 6 4 0 7 2 5 1
106 88 18 0 6 4 7 3 5 1 2
106 88 18 4 6 3 7 0 1 2 5
106 88 18 0 6 2 3 4 7 1 5
106 88 18 7 6 0 3 1 2 5 4
106 88 18 0 6 2 4 7 1 5 3
106 89 17 4 6 2 0 7 1 3 5
106 89 17 5 6 4 0 2 1 7 3
106 89 17 4 5 6 0 3 7 1 2
106 89 17 7 5 6 4 3 0 1 2
106 89 17 7 5 3 6 0 1 4 2
106 89 17 5 1 6 2 7 4 0 3
106 89 17 5 0 6 3 1 4 2 7
106 89 17 5 1 6 0 3 4 2 7
106 89 17 0 1 4 3 7 2 5 6
106 89 17 2 6 3 5 0 7 4 1
106 90 16 3 5 4 6 7 0 1 2
106 90 16 0 5 4 6 3 7 1 2
106 90 16 6 0 4 1 3 7 2 5
106 90 16 5 6 7 2 3 1 0 4
106 90 16 7 1 6 3 2 0 4 5
106 90 16 5 7 6 3 0 2 1 4
106 90 16 5 6 4 0 1 3 7 2
106 90 16 6 5 4 7 1 0 2 3
106 90 16 5 1 0 3 4 7 2 6
106 90 16 0 3 5 6 7 1 4 2
106 90 16 1 6 0 7 3 5 2 4
106 90 16 0 6 4 1 5 7 3 2
106 90 16 0 6 3 7 5 4 2 1
106 91 15 6 5 0 4 3 7 1 2
106 91 15 0 6 2 7 5 1 4 3
106 91 15 6 0 5 3 7 1 4 2
106 91 15 6 4 3 0 7 5 1 2
106 91 15 6 4 1 3 7 5 0 2
106 91 15 7 5 6 4 0 1 3 2
106 91 15 1 5 6 4 7 0 3 2
106 91 15 7 6 3 0 1 2 4 5
106 91 15 7 6 2 3 1 0 4 5
106 91 15 5 6 4 2 7 3 1 0
106 91 15 7 4 3 2 6 1 0 5
106 91 15 6 3 4 5 7 0 1 2
106 91 15 5 1 4 2 7 6 0 3
106 91 15 1 0 4 7 6 5 2 3
106 91 15 5 1 3 6 0 2 4 7
106 92 14 1 0 6 3 7 4 2 5
106 92 14 5 6 1 2 3 7 4 0
106 92 14 3 6 1 4 2 7 0 5
106 92 14 7 6 3 2 1 4 0 5
106 92 14 3 6 5 0 7 1 4 2
106 92 14 5 0 1 3 7 6 2 4
106 92 14 4 5 3 7 6 1 2 0
106 92 14 6 0 4 2 5 1 3 7
106 92 14 6 1 4 7 0 5 2 3
106 92 14 2 0 5 3 7 1 6 4
106 92 14 7 6 2 4 3 0 1 5
106 92 14 2 7 6 3 0 5 1 4
106 92 14 5 4 0 2 1 6 3 7
106 92 14 0 6 3 7 5 2 1 4
106 92 14 1 6 0 5 7 2 3 4
106 92 14 0 1 3 5 7 6 2 4
106 92 14 2 5 4 7 3 6 0 1
106 92 14 7 5 4 3 1 0 6 2
106 92 14 7 5 0 3 1 6 4 2
106 92 14 4 3 6 0 5 7 1 2
106 92 14 7 3 6 4 5 0 1 2
106 92 14 5 6 0 4 1 2 3 7
106 92 14 3 1 0 7 5 6 2 4
106 92 14 5 1 0 7 6 4 2 3
106 93 13 3 6 2 5 7 1 4 0
106 93 13 7 1 3 2 6 0 4 5
106 93 13 3 7 4 5 6 1 2 0
106 93 13 5 1 4 6 3 7 0 2
106 93 13 5 0 4 2 1 6 3 7
106 93 13 0 2 3 5 6 1 4 7
106 93 13 2 3 0 5 6 1 4 7
106 93 13 3 6 0 4 1 5 2 7
106 93 13 2 1 6 3 7 5 4 0
106 93 13 1 6 4 0 5 3 2 7
106 93 13 5 4 2 7 6 1 3 0
106 93 13 2 5 6 3 1 4 0 7
106 93 13 2 0 6 3 1 5 4 7
106 93 13 5 4 3 1 6 0 2 7
106 93 13 5 4 2 3 1 0 7 6
106 93 13 3 6 0 7 1 2 4 5
106 93 13 2 0 4 3 5 7 6 1
106 93 13 0 2 4 3 7 5 6 1
106 93 13 2 5 4 1 3 0 6 7
106 93 13 2 5 0 1 3 6 4 7
106 93 13 5 1 4 2 3 0 6 7
106 93 13 5 1 0 2 3 6 4 7
106 93 13 0 5 6 7 2 1 3 4
106 93 13 6 0 2 3 5 4 1 7
106 93 13 3 7 4 1 5 6 0 2
106 93 13 4 6 0 3 5 1 2 7
106 93 13 4 6 3 2 5 1 0 7
106 93 13 2 4 0 3 7 6 1 5
106 93 13 6 2 4 3 0 7 1 5
106 93 13 3 2 4 0 6 7 1 5
106 93 13 3 4 1 0 5 6 2 7
106 93 13 6 4 3 7 5 1 0 2
106 93 13 7 1 4 2 5 6 0 3
106 93 13 6 4 3 2 5 7 0 1
106 93 13 3 5 1 4 0 6 2 7
106 93 13 6 2 4 3 5 0 7 1
106 94 12 1 5 6 2 3 7 4 0
106 94 12 7 6 4 3 5 2 1 0
106 94 12 3 1 6 7 5 0 4 2
106 94 12 5 0 4 3 6 1 7 2
106 94 12 5 4 3 0 6 1 7 2
106 94 12 4 0 2 3 6 1 7 5
106 94 12 7 5 4 1 2 0 6 3
106 94 12 7 5 0 1 2 6 4 3
106 94 12 5 6 7 4 2 1 3 0
106 94 12 2 6 4 3 7 1 5 0
106 94 12 2 4 3 0 6 7 1 5
106 94 12 2 4 1 3 6 7 0 5
106 94 12 2 7 4 3 6 1 0 5
106 94 12 7 6 3 4 0 5 1 2
106 94 12 7 0 1 3 5 6 2 4
106 94 12 7 5 1 3 2 0 6 4
106 94 12 7 5 3 4 6 1 2 0
106 94 12 5 4 2 3 7 6 1 0
106 94 12 6 3 7 0 2 1 4 5
106 94 12 6 1 3 7 0 2 4 5
106 94 12 1 4 3 2 6 7 0 5
106 94 12 1 6 0 5 2 7 3 4
106 94 12 2 6 0 4 5 7 3 1
106 95 11 4 5 3 2 7 6 1 0
106 95 11 1 6 0 4 3 2 7 5
106 95 11 1 6 4 3 2 5 0 7
106 95 11 1 0 4 3 2 6 5 7
106 95 11 7 0 2 3 5 6 1 4
106 95 11 6 3 0 5 2 1 4 7
106 95 11 6 1 3 5 2 0 4 7
106 95 11 5 3 1 4 6 7 0 2
106 95 11 5 7 3 4 0 6 1 2
106 95 11 5 7 3 4 6 1 0 2
106 95 11 7 1 3 0 5 6 4 2
106 95 11 1 6 3 2 7 5 4 0
106 95 11 1 0 3 4 6 7 2 5
106 95 11 1 0 4 3 6 5 7 2
106 95 11 7 2 4 0 5 6 1 3
106 95 11 0 1 2 3 5 4 6 7
106 96 10 2 0 4 3 1 6 7 5
106 96 10 3 1 2 4 7 6 0 5
106 96 10 5 2 1 3 7 6 4 0
106 96 10 5 2 4 3 7 6 1 0
106 96 10 3 2 4 1 5 6 0 7
106 96 10 1 4 2 3 7 5 6 0
106 96 10 1 6 0 4 5 7 3 2
106 96 10 2 4 3 1 5 6 0 7
106 96 10 1 4 3 2 0 5 6 7
106 97 9 6 1 3 7 2 5 4 0
106 97 9 5 1 3 2 6 4 7 0
106 97 9 1 0 4 2 5 6 3 7
106 97 9 1 4 2 0 5 6 3 7
106 97 9 0 3 2 4 5 6 1 7
106 98 8 1 0 2 3 5 6 4 7
106 98 8 2 6 4 3 5 1 7 0
106 98 8 2 1 0 3 5 6 7 4
106 98 8 1 2 4 3 0 6 7 5
106 98 8 1 2 0 3 5 6 7 4
106 99 7 1 6 2 4 5 7 3 0
107 88 19 0 6 2 5 7 1 3 4
107 88 19 0 5 6 3 7 4 2 1
107 89 18 0 6 4 1 7 5 2 3
107 89 18 6 1 0 3 7 2 5 4
107 89 18 7 5 6 2 0 1 4 3
107 90 17 6 5 4 2 3 1 0 7
107 90 17 0 4 3 7 1 6 2 5
107 91 16 5 6 2 0 3 7 4 1
107 91 16 5 6 2 1 3 7 0 4
107 91 16 5 0 2 7 6 1 4 3
107 91 16 7 0 6 3 1 2 4 5
107 91 16 7 0 2 3 6 1 4 5
107 91 16 5 0 4 2 6 3 1 7
107 91 16 0 6 4 7 1 5 2 3
107 91 16 0 6 3 7 5 2 4 1
107 92 15 7 1 6 3 0 4 2 5
107 92 15 6 2 0 3 7 1 4 5
107 92 15 6 1 2 3 7 0 4 5
107 92 15 6 1 3 0 7 2 4 5
107 92 15 5 6 1 2 3 0 7 4
107 92 15 3 0 6 4 2 7 1 5
107 92 15 2 0 6 3 7 1 4 5
107 92 15 3 0 6 5 7 1 4 2
107 92 15 6 4 0 3 1 5 2 7
107 92 15 7 6 3 2 5 0 1 4
107 92 15 5 0 3 7 6 2 1 4
107 92 15 2 5 1 0 7 6 4 3
107 92 15 7 5 3 0 4 6 1 2
107 92 15 0 1 3 7 6 4 2 5
107 92 15 0 6 3 7 2 5 4 1
107 93 14 6 1 0 4 3 7 2 5
107 93 14 6 1 4 5 3 7 2 0
107 93 14 3 6 0 1 2 7 4 5
107 93 14 3 7 0 4 6 1 2 5
107 93 14 6 1 3 2 0 7 4 5
107 93 14 6 1 3 2 7 4 0 5
107 93 14 5 6 4 2 1 3 0 7
107 93 14 6 7 3 5 0 1 4 2
107 93 14 2 7 3 5 6 1 4 0
107 93 14 6 4 2 7 5 1 0 3
107 93 14 7 3 6 4 0 1 2 5
107 93 14 5 3 6 4 7 1 2 0
107 93 14 1 3 6 4 7 0 2 5
107 93 14 2 0 6 3 7 5 1 4
107 93 14 1 6 4 5 7 3 2 0
107 93 14 1 0 3 5 6 7 2 4
107 93 14 0 5 4 3 2 7 6 1
107 93 14 2 4 0 3 7 5 6 1
107 93 14 2 5 3 7 0 6 4 1
107 93 14 5 4 0 3 2 6 1 7
107 93 14 3 6 7 0 5 1 4 2
107 93 14 7 5 4 3 0 2 6 1
107 93 14 7 0 4 3 2 5 6 1
107 93 14 6 5 4 7 2 0 1 3
107 93 14 3 6 4 2 0 5 7 1
107 93 14 6 4 2 3 0 5 1 7
107 93 14 3 7 6 4 0 5 1 2
107 93 14 0 4 3 5 2 6 1 7
107 93 14 5 4 3 1 2 6 0 7
107 93 14 7 2 4 3 6 0 1 5
107 93 14 2 5 1 4 7 0 6 3
107 93 14 5 6 3 0 2 1 7 4
107 94 13 5 6 7 4 3 1 2 0
107 94 13 5 1 4 2 6 0 3 7
107 94 13 1 5 6 4 3 7 0 2
107 94 13 2 6 3 5 4 7 1 0
107 94 13 7 6 4 3 2 1 5 0
107 94 13 7 6 3 5 1 2 0 4
107 94 13 0 3 6 7 5 1 4 2
107 94 13 4 0 3 5 1 6 2 7
107 94 13 3 0 6 2 5 1 7 4
107 94 13 1 4 5 0 7 6 2 3
107 94 13 1 4 2 5 7 6 0 3
107 94 13 1 4 3 7 6 0 2 5
107 94 13 1 0 3 7 4 6 2 5
107 94 13 5 4 7 0 2 6 1 3
107 94 13 0 2 5 4 7 6 1 3
107 94 13 2 5 3 1 7 0 6 4
107 94 13 4 6 0 3 5 7 1 2
107 94 13 4 6 3 1 5 7 0 2
107 94 13 0 7 5 3 2 6 1 4
107 94 13 7 6 5 3 2 0 1 4
107 94 13 7 5 3 1 2 6 0 4
107 94 13 6 5 3 4 0 1 2 7
107 94 13 5 3 4 0 6 1 2 7
107 94 13 0 3 7 5 1 6 4 2
107 94 13 5 3 7 4 1 6 0 2
107 94 13 2 5 4 1 0 6 3 7
107 94 13 5 6 7 3 2 1 0 4
107 94 13 1 0 3 7 6 2 4 5
107 94 13 1 7 0 3 6 2 4 5
107 95 12 3 6 4 1 5 2 7 0
107 95 12 1 6 4 5 2 0 7 3
107 95 12 5 6 2 7 1 4 0 3
107 95 12 2 5 3 6 7 1 4 0
107 95 12 4 0 3 6 5 1 2 7
107 95 12 1 4 3 6 5 0 2 7
107 95 12 7 2 5 3 0 6 1 4
107 95 12 4 2 5 3 7 6 1 0
107 95 12 5 2 0 3 6 4 1 7
107 95 12 1 4 0 3 6 2 5 7
107 95 12 3 4 2 0 5 6 7 1
107 95 12 3 5 0 7 6 1 4 2
107 95 12 5 3 7 0 4 6 1 2
107 95 12 0 5 2 4 3 6 1 7
107 95 12 1 0 3 2 6 5 4 7
107 95 12 6 1 0 7 5 4 3 2
107 95 12 6 5 3 0 2 1 4 7
107 95 12 0 5 3 7 2 1 4 6
107 95 12 7 2 4 3 0 6 1 5
107 95 12 7 2 0 3 5 6 1 4
107 95 12 1 4 0 7 5 6 3 2
107 96 11 3 5 6 7 4 1 2 0
107 96 11 5 2 4 3 6 0 7 1
107 96 11 2 4 3 6 5 7 1 0
107 96 11 6 4 3 1 5 7 2 0
107 96 11 3 6 2 7 5 1 4 0
107 96 11 5 4 3 1 2 7 6 0
107 96 11 5 0 3 4 2 6 1 7
107 96 11 2 3 5 4 7 6 1 0
107 96 11 5 3 0 7 6 4 1 2
107 96 11 7 5 1 4 3 6 2 0
107 96 11 0 4 1 3 5 6 7 2
107 96 11 5 1 4 3 6 7 0 2
107 96 11 1 3 5 4 7 6 0 2
107 96 11 5 2 4 3 6 0 1 7
107 96 11 1 4 2 3 6 0 5 7
107 96 11 2 4 1 3 5 0 6 7
107 97 10 6 5 3 7 1 4 0 2
107 97 10 1 3 0 7 6 5 4 2
107 97 10 1 6 5 0 2 7 4 3
107 97 10 1 6 5 3 7 2 4 0
107 97 10 5 1 0 4 3 6 7 2
107 97 10 5 1 3 7 4 0 6 2
107 97 10 0 1 3 7 5 4 6 2
107 97 10 1 3 4 5 7 6 2 0
107 97 10 1 4 3 7 6 5 2 0
107 97 10 1 6 3 0 2 4 5 7
107 98 9 2 1 4 3 5 7 0 6
107 98 9 1 6 2 3 5 4 0 7
107 98 9 1 5 3 2 7 4 6 0
107 98 9 1 5 3 7 0 4 6 2
107 98 9 3 5 0 7 2 1 6 4
107 98 9 0 2 1 3 5 6 7 4
107 98 9 3 1 2 4 5 0 6 7
107 98 9 1 5 3 0 2 6 4 7
107 99 8 3 0 5 7 2 1 4 6
107 99 8 3 1 0 4 5 6 7 2
107 99 8 1 2 6 3 5 7 0 4
107 100 7 5 1 3 4 6 2 7 0
107 100 7 5 1 2 4 3 6 7 0
107 101 6 1 2 6 3 5 4 7 0
108 90 18 0 6 2 5 3 1 4 7
108 90 18 7 6 4 1 3 0 2 5
108 90 18 0 1 6 3 4 7 2 5
108 90 18 0 4 3 5 7 6 2 1
108 91 17 6 5 4 1 3 7 0 2
108 91 17 5 0 6 2 3 7 4 1
108 91 17 5 6 4 0 2 3 1 7
108 91 17 5 0 6 4 1 7 2 3
108 91 17 7 4 3 6 0 1 2 5
108 91 17 5 1 0 2 3 7 4 6
108 91 17 3 6 4 5 0 1 7 2
108 92 16 3 1 6 0 7 4 2 5
108 92 16 5 1 6 2 7 0 3 4
108 92 16 5 6 2 7 3 0 1 4
108 92 16 7 6 4 0 1 5 2 3
108 92 16 7 6 4 3 0 5 2 1
108 92 16 6 1 4 0 7 5 2 3
108 92 16 0 1 4 3 7 5 2 6
108 92 16 2 5 0 7 3 6 1 4
108 92 16 5 1 0 7 3 6 2 4
108 93 15 7 6 2 5 0 1 4 3
108 93 15 5 6 4 7 1 0 3 2
108 93 15 5 1 0 6 3 7 2 4
108 93 15 5 1 6 7 3 0 2 4
108 93 15 6 4 3 0 2 7 1 5
108 93 15 6 4 1 3 2 7 0 5
108 93 15 6 7 4 3 2 1 0 5
108 93 15 3 6 4 1 2 0 7 5
108 93 15 5 1 6 2 3 0 4 7
108 93 15 0 7 3 2 6 1 4 5
108 93 15 7 3 0 2 6 1 4 5
108 93 15 3 6 4 2 1 5 0 7
108 93 15 7 4 0 3 2 6 1 5
108 93 15 1 0 4 5 6 3 2 7
108 93 15 5 4 2 7 6 0 1 3
108 93 15 0 5 1 3 6 2 4 7
108 93 15 5 0 3 1 4 6 2 7
108 93 15 5 4 0 2 6 1 7 3
108 93 15 0 1 6 3 7 5 2 4
108 93 15 5 6 4 3 2 0 1 7
108 93 15 0 4 3 2 5 7 1 6
108 93 15 7 6 2 0 5 1 4 3
108 93 15 3 5 1 0 7 6 2 4
108 93 15 0 6 3 4 2 1 7 5
108 94 14 2 5 6 3 1 7 4 0
108 94 14 5 7 6 3 1 4 0 2
108 94 14 3 6 4 1 0 5 2 7
108 94 14 1 5 0 6 3 7 4 2
108 94 14 7 0 3 5 1 6 2 4
108 94 14 7 1 6 4 3 0 2 5
108 94 14 2 5 6 7 3 1 4 0
108 94 14 1 5 6 7 3 0 4 2
108 94 14 5 4 3 2 0 7 6 1
108 94 14 0 5 3 2 4 6 1 7
108 94 14 5 3 0 2 4 6 1 7
108 94 14 7 4 3 5 1 6 2 0
108 94 14 3 6 4 2 1 0 7 5
108 94 14 3 6 7 2 5 1 0 4
108 94 14 5 4 7 3 6 1 0 2
108 94 14 3 4 2 0 6 1 7 5
108 94 14 7 5 6 3 4 1 0 2
108 94 14 0 3 4 7 1 6 2 5
108 94 14 3 4 0 7 1 6 2 5
108 94 14 2 0 6 1 5 7 4 3
108 94 14 0 2 5 3 7 6 4 1
108 94 14 3 6 4 7 0 5 1 2
108 94 14 5 6 3 7 4 0 2 1
108 94 14 2 5 0 1 7 6 3 4
108 94 14 5 3 4 7 0 6 1 2
108 94 14 5 3 4 1 7 6 0 2
108 94 14 4 5 3 0 6 1 2 7
108 94 14 5 3 7 1 0 6 4 2
108 94 14 2 5 4 0 7 6 3 1
108 94 14 2 4 3 7 0 6 1 5
108 94 14 0 6 3 7 1 2 4 5
108 94 14 1 4 3 6 0 7 2 5
108 94 14 1 7 4 0 3 6 2 5
108 94 14 2 5 0 7 1 6 4 3
108 94 14 5 6 3 7 0 2 4 1
108 94 14 5 4 3 2 0 1 7 6
108 95 13 1 5 6 4 0 7 2 3
108 95 13 1 5 6 4 7 2 0 3
108 95 13 1 0 6 4 7 5 2 3
108 95 13 5 4 7 3 6 1 2 0
108 95 13 6 1 0 4 3 5 2 7
108 95 13 6 1 4 7 3 5 2 0
108 95 13 2 6 4 0 5 1 7 3
108 95 13 3 6 5 4 7 1 2 0
108 95 13 6 1 3 5 7 2 0 4
108 95 13 2 7 6 3 5 1 4 0
108 95 13 2 5 6 7 1 0 4 3
108 95 13 4 0 3 1 7 6 2 5
108 95 13 7 4 3 1 0 6 2 5
108 95 13 4 0 3 7 2 6 1 5
108 95 13 5 0 6 7 1 4 2 3
108 95 13 2 1 5 3 7 0 4 6
108 95 13 2 5 3 4 7 1 0 6
108 95 13 7 6 4 5 1 2 3 0
108 95 13 3 0 5 4 7 1 6 2
108 95 13 5 4 1 3 6 2 0 7
108 95 13 7 4 3 6 5 1 2 0
108 95 13 2 5 3 7 6 0 1 4
108 95 13 2 0 3 7 5 6 1 4
108 95 13 2 5 1 3 0 7 6 4
108 95 13 2 0 1 3 7 5 6 4
108 95 13 5 6 2 4 1 0 7 3
108 95 13 2 4 3 1 7 6 0 5
108 95 13 6 0 1 3 5 4 7 2
108 95 13 0 1 4 3 6 2 5 7
108 95 13 3 6 4 1 2 5 7 0
108 95 13 5 6 3 4 2 0 7 1
108 95 13 5 4 3 2 6 0 7 1
108 95 13 7 6 2 4 5 0 1 3
108 95 13 4 3 0 7 5 6 1 2
108 95 13 6 5 3 4 0 7 1 2
108 95 13 5 3 4 0 6 7 1 2
108 95 13 5 0 1 7 6 4 3 2
108 95 13 5 1 7 0 6 4 3 2
108 95 13 0 6 3 4 1 7 2 5
108 95 13 1 6 0 4 7 2 3 5
108 95 13 0 6 4 3 1 5 7 2
108 95 13 1 6 4 0 3 5 7 2
108 95 13 6 5 0 7 2 1 4 3
108 95 13 0 6 3 4 5 2 7 1
108 96 12 7 5 2 3 1 6 0 4
108 96 12 3 1 4 7 6 2 0 5
108 96 12 5 2 6 3 1 0 7 4
108 96 12 5 6 7 3 1 2 4 0
108 96 12 6 2 4 3 1 0 7 5
108 96 12 2 6 4 3 0 1 7 5
108 96 12 2 6 4 3 1 7 0 5
108 96 12 2 7 4 3 6 5 1 0
108 96 12 4 0 3 6 5 7 1 2
108 96 12 6 4 3 1 5 0 7 2
108 96 12 2 6 1 4 3 7 0 5
108 96 12 3 6 1 2 5 7 4 0
108 96 12 0 4 3 1 5 7 6 2
108 96 12 5 3 0 1 7 4 6 2
108 96 12 5 6 3 4 0 2 1 7
108 96 12 7 3 5 4 0 6 1 2
108 96 12 3 5 4 7 1 0 2 6
108 96 12 0 5 3 7 6 4 1 2
108 96 12 5 4 1 3 2 6 7 0
108 96 12 1 6 3 5 4 0 2 7
108 96 12 1 6 3 4 2 7 0 5
108 96 12 7 4 3 5 2 6 0 1
108 96 12 3 5 2 4 6 0 1 7
108 96 12 5 2 3 1 7 6 0 4
108 97 11 1 6 4 7 3 2 5 0
108 97 11 3 6 7 5 2 1 4 0
108 97 11 7 5 3 2 1 6 4 0
108 97 11 2 4 1 3 5 7 6 0
108 97 11 0 2 4 3 5 7 1 6
108 97 11 1 0 6 5 2 7 4 3
108 97 11 1 6 4 5 2 7 0 3
108 97 11 2 5 1 3 6 7 4 0
108 97 11 5 4 3 1 0 6 7 2
108 97 11 6 1 3 2 5 4 0 7
108 97 11 6 3 4 7 5 1 2 0
108 97 11 1 7 6 3 5 4 0 2
108 97 11 5 1 3 2 7 6 4 0
108 97 11 1 3 4 5 7 0 6 2
108 97 11 2 6 4 3 1 5 0 7
108 97 11 1 4 3 2 6 5 0 7
108 97 11 1 6 3 7 0 4 5 2
108 97 11 1 6 0 7 2 4 5 3
108 98 10 1 5 3 2 0 6 4 7
108 98 10 2 1 3 0 5 7 4 6
108 98 10 5 1 6 4 3 2 7 0
108 98 10 1 6 2 3 0 5 7 4
108 98 10 1 5 0 7 2 6 4 3
108 99 9 1 0 4 3 5 2 7 6
108 99 9 3 5 4 7 2 1 0 6
108 99 9 2 0 3 4 5 6 1 7
108 99 9 1 6 2 4 5 0 7 3
108 99 9 0 3 1 4 5 6 7 2
108 99 9 1 6 3 4 7 5 2 0
108 99 9 1 2 6 3 0 5 7 4
108 100 8 1 5 2 4 3 6 0 7
108 100 8 2 0 3 1 5 6 7 4
108 100 8 3 1 6 4 5 2 7 0
108 100 8 1 2 6 4 5 0 7 3
108 100 8 1 3 4 7 2 6 0 5
108 101 7 3 5 1 7 2 6 4 0
108 101 7 1 3 4 2 5 6 0 7
108 101 7 2 1 4 3 5 6 7 0
108 103 5 1 0 3 4 5 6 7 2
108 103 5 1 3 2 4 5 6 0 7
109 91 18 0 6 2 5 3 7 1 4
109 91 18 4 5 6 0 7 1 3 2
109 91 18 7 6 2 0 3 1 4 5
109 91 18 4 6 0 7 5 1 2 3
109 91 18 0 1 6 2 3 7 4 5
109 92 17 4 1 6 3 7 0 2 5
109 92 17 5 6 4 1 7 0 2 3
109 92 17 5 0 4 1 6 7 2 3
109 92 17 6 0 1 3 7 2 4 5
109 92 17 7 6 0 3 1 5 2 4
109 92 17 7 6 0 5 4 1 2 3
109 92 17 6 1 0 3 7 5 2 4
109 92 17 5 6 3 0 7 2 1 4
109 92 17 0 1 4 7 3 6 2 5
109 92 17 0 5 1 3 7 6 4 2
109 93 16 6 0 2 5 7 1 4 3
109 93 16 1 6 2 5 7 0 4 3
109 93 16 5 0 6 1 3 7 2 4
109 93 16 6 0 4 3 7 5 2 1
109 93 16 5 7 4 2 6 0 1 3
109 93 16 3 6 2 7 0 1 4 5
109 93 16 0 6 4 7 5 1 3 2
109 93 16 0 5 6 3 1 7 2 4
109 93 16 5 7 6 3 1 0 2 4
109 93 16 0 1 4 6 3 7 2 5
109 93 16 6 1 4 2 3 7 0 5
109 93 16 0 5 6 7 3 1 2 4
109 93 16 6 7 4 3 0 2 1 5
109 93 16 3 7 4 2 6 1 0 5
109 93 16 5 0 1 6 3 7 4 2
109 93 16 6 4 7 0 5 1 2 3
109 93 16 3 1 6 0 7 5 4 2
109 93 16 6 4 2 3 0 1 5 7
109 93 16 5 0 2 3 4 1 7 6
109 93 16 5 4 2 0 3 1 7 6
109 93 16 0 6 3 5 1 7 2 4
109 93 16 1 5 6 0 3 7 2 4
109 93 16 2 5 4 0 3 7 6 1
109 93 16 0 5 3 2 7 6 4 1
109 93 16 3 7 4 5 0 6 1 2
109 93 16 6 4 1 3 5 0 2 7
109 93 16 0 4 3 7 5 1 2 6
109 93 16 7 1 4 5 0 6 2 3
109 93 16 6 4 3 2 0 7 1 5
109 93 16 3 5 0 4 7 6 2 1
109 94 15 3 5 6 0 1 7 4 2
109 94 15 0 5 4 2 6 1 3 7
109 94 15 6 0 4 1 3 5 2 7
109 94 15 7 6 4 1 3 5 2 0
109 94 15 2 0 3 5 6 7 1 4
109 94 15 2 6 4 5 3 0 7 1
109 94 15 7 6 0 3 1 5 4 2
109 94 15 5 0 3 2 7 4 6 1
109 94 15 5 6 3 2 4 0 1 7
109 94 15 3 0 4 2 6 1 7 5
109 94 15 7 5 6 0 4 1 2 3
109 94 15 0 6 7 5 2 1 3 4
109 94 15 5 6 0 3 1 4 2 7
109 94 15 0 6 3 5 1 4 2 7
109 94 15 5 0 3 7 6 4 2 1
109 94 15 2 6 5 4 7 0 1 3
109 94 15 7 5 3 2 0 6 1 4
109 94 15 5 0 2 3 4 6 1 7
109 94 15 5 4 2 0 3 6 1 7
109 94 15 0 4 3 1 6 7 2 5
109 94 15 0 4 3 2 6 1 7 5
109 95 14 7 0 4 2 3 6 1 5
109 95 14 1 0 6 5 3 7 4 2
109 95 14 6 0 4 2 5 1 7 3
109 95 14 3 6 5 7 0 1 2 4
109 95 14 6 3 5 0 7 1 2 4
109 95 14 6 3 2 5 7 1 0 4
109 95 14 6 1 3 5 0 7 2 4
109 95 14 7 1 4 5 3 6 2 0
109 95 14 7 5 0 4 1 6 2 3
109 95 14 7 0 4 3 5 6 2 1
109 95 14 3 6 2 0 5 7 4 1
109 95 14 6 0 4 1 5 2 7 3
109 95 14 5 6 7 0 1 4 2 3
109 95 14 0 3 4 2 7 6 1 5
109 95 14 7 6 0 5 1 2 4 3
109 95 14 3 5 4 0 7 1 6 2
109 95 14 5 0 6 4 1 2 7 3
109 95 14 5 6 7 4 1 2 0 3
109 95 14 3 5 4 2 1 0 6 7
109 95 14 3 5 0 2 1 6 4 7
109 95 14 5 0 1 3 6 4 2 7
109 95 14 4 5 0 3 7 6 1 2
109 95 14 4 5 3 1 7 6 0 2
109 95 14 5 0 2 4 6 1 7 3
109 95 14 4 3 0 2 7 6 1 5
109 95 14 7 4 3 2 6 0 1 5
109 95 14 3 2 5 0 7 6 1 4
109 95 14 6 4 1 3 0 5 7 2
109 95 14 0 5 2 3 6 4 1 7
109 95 14 7 6 2 3 0 5 1 4
109 95 14 0 6 4 1 3 5 7 2
109 95 14 3 0 4 1 6 5 7 2
109 95 14 5 6 4 7 0 2 1 3
109 95 14 4 6 3 7 5 0 1 2
109 95 14 4 5 3 0 6 7 1 2
109 95 14 0 6 3 2 1 5 4 7
109 96 13 1 6 4 7 3 2 0 5
109 96 13 1 0 4 7 3 6 2 5
109 96 13 6 5 4 3 2 1 0 7
109 96 13 7 5 3 0 1 6 2 4
109 96 13 6 0 3 7 1 4 2 5
109 96 13 2 6 5 3 7 1 4 0
109 96 13 3 5 6 7 1 0 2 4
109 96 13 3 0 4 1 5 6 2 7
109 96 13 5 0 6 4 3 1 7 2
109 96 13 6 0 2 4 3 1 7 5
109 96 13 6 1 4 5 7 2 3 0
109 96 13 7 4 3 0 6 5 1 2
109 96 13 7 4 1 3 6 5 0 2
109 96 13 3 5 1 4 0 7 6 2
109 96 13 3 0 1 4 7 5 6 2
109 96 13 5 4 3 7 1 0 2 6
109 96 13 2 5 3 0 6 7 4 1
109 96 13 2 0 6 4 3 7 1 5
109 96 13 3 6 1 2 5 0 7 4
109 96 13 0 5 3 1 7 4 6 2
109 96 13 0 5 6 7 1 4 3 2
109 96 13 1 0 3 5 6 2 4 7
109 96 13 4 5 3 7 0 6 1 2
109 96 13 5 4 1 3 2 7 0 6
109 96 13 5 4 1 0 2 7 6 3
109 96 13 3 0 1 4 7 6 2 5
109 96 13 3 1 4 5 7 6 0 2
109 96 13 1 0 3 5 6 4 2 7
109 96 13 1 6 0 3 2 7 4 5
109 96 13 5 2 1 3 7 0 6 4
109 96 13 5 3 4 7 0 1 2 6
109 96 13 5 2 4 0 3 6 1 7
109 96 13 0 4 2 3 1 5 6 7
109 96 13 1 0 2 3 4 5 6 7
109 96 13 1 4 2 0 3 5 6 7
109 97 12 1 0 4 2 7 6 3 5
109 97 12 3 6 2 1 5 7 0 4
109 97 12 3 6 4 5 1 2 7 0
109 97 12 1 6 0 4 3 2 5 7
109 97 12 7 1 0 4 3 6 2 5
109 97 12 5 6 4 3 2 1 7 0
109 97 12 6 0 7 5 2 1 4 3
109 97 12 1 6 7 5 2 0 4 3
109 97 12 7 5 3 4 1 6 0 2
109 97 12 7 1 6 3 5 2 0 4
109 97 12 5 6 3 7 0 4 1 2
109 97 12 4 0 1 3 5 7 6 2
109 97 12 2 5 1 4 6 7 0 3
109 97 12 2 4 0 3 5 7 1 6
109 97 12 2 7 4 3 5 0 1 6
109 97 12 5 1 0 3 6 4 7 2
109 97 12 0 6 2 4 5 3 1 7
109 97 12 2 5 1 3 6 0 7 4
109 97 12 5 0 3 1 6 4 7 2
109 97 12 2 0 3 4 6 7 1 5
109 97 12 0 5 1 4 3 6 7 2
109 97 12 5 0 3 7 1 4 6 2
109 97 12 1 5 4 3 7 0 6 2
109 97 12 1 5 0 3 7 6 4 2
109 97 12 1 6 2 0 5 7 4 3
109 98 11 3 6 7 4 5 1 2 0
109 98 11 1 6 4 7 2 0 5 3
109 98 11 3 1 4 2 7 6 5 0
109 98 11 1 6 3 4 7 5 0 2
109 98 11 5 1 3 4 7 6 0 2
109 98 11 7 0 3 4 1 6 2 5
109 98 11 5 3 4 2 1 6 0 7
109 98 11 3 0 6 4 5 1 7 2
109 98 11 1 2 6 3 0 7 4 5
109 98 11 1 2 6 3 7 4 0 5
109 98 11 1 6 2 4 5 0 3 7
109 98 11 3 5 1 4 6 7 2 0
109 98 11 1 6 2 3 0 5 4 7
109 98 11 5 1 3 0 2 7 6 4
109 98 11 2 5 3 4 6 1 0 7
109 98 11 2 5 3 7 1 0 4 6
109 98 11 5 1 3 6 2 7 4 0
109 98 11 6 1 4 3 5 0 7 2
109 98 11 3 5 6 7 2 0 1 4
109 98 11 1 6 2 4 3 0 5 7
109 99 10 3 5 4 1 2 7 6 0
109 99 10 1 0 3 5 7 4 6 2
109 99 10 7 1 3 5 0 4 6 2
109 99 10 6 2 4 3 5 1 0 7
109 99 10 1 0 4 2 3 6 7 5
109 99 10 5 1 4 3 2 7 6 0
109 99 10 1 5 0 3 2 7 6 4
109 99 10 3 5 7 0 2 1 4 6
109 99 10 2 5 3 4 6 0 1 7
109 99 10 1 0 3 4 6 5 2 7
109 100 9 3 1 6 4 5 7 2 0
109 100 9 1 0 5 3 2 7 4 6
109 100 9 1 5 3 0 2 7 4 6
109 100 9 2 0 1 4 5 6 7 3
109 100 9 5 3 1 7 2 6 0 4
109 100 9 3 0 5 7 2 6 4 1
109 100 9 1 3 7 0 2 6 4 5
109 100 9 3 1 4 0 5 6 7 2
109 100 9 1 6 3 0 5 4 7 2
109 101 8 2 5 1 4 3 6 7 0
109 101 8 1 4 7 3 5 6 2 0
109 101 8 1 3 4 7 5 6 2 0
109 101 8 1 3 2 0 5 6 4 7
109 101 8 1 2 4 3 6 7 0 5
109 102 7 6 3 5 7 2 1 4 0
109 103 6 3 2 4 1 5 6 7 0
109 103 6 2 4 3 1 5 6 7 0
109 105 4 1 3 5 7 2 6 4 0
110 90 20 0 6 4 7 3 5 2 1
110 92 18 0 5 6 2 7 1 3 4
110 93 17 3 6 4 0 7 5 2 1
110 93 17 5 0 4 7 6 1 3 2
110 93 17 0 5 6 2 3 7 1 4
110 93 17 5 7 6 2 3 0 1 4
110 93 17 6 4 0 2 3 7 1 5
110 93 17 6 7 4 2 3 0 1 5
110 93 17 0 5 6 2 3 1 4 7
110 93 17 4 3 6 0 7 1 2 5
110 93 17 0 6 4 5 1 3 2 7
110 93 17 0 4 2 5 6 1 7 3
110 93 17 5 4 2 6 0 1 7 3
110 93 17 0 6 4 7 2 1 3 5
110 93 17 0 5 1 4 7 6 2 3
110 93 17 5 6 0 4 2 1 7 3
110 94 16 2 6 5 0 7 1 3 4
110 94 16 5 7 6 3 0 1 4 2
110 94 16 0 6 4 3 7 2 1 5
110 94 16 7 0 4 3 6 2 1 5
110 94 16 0 7 6 4 3 1 2 5
110 94 16 0 7 6 3 1 5 4 2
110 94 16 7 5 0 3 4 1 2 6
110 94 16 2 6 5 3 7 0 4 1
110 94 16 5 6 3 1 0 4 2 7
110 94 16 0 3 4 5 7 6 1 2
110 94 16 6 4 1 0 5 7 2 3
110 94 16 0 4 1 3 5 7 2 6
110 94 16 6 7 4 0 5 1 2 3
110 94 16 0 7 4 3 5 1 2 6
110 94 16 2 4 0 7 5 6 1 3
110 94 16 5 6 7 3 0 1 4 2
110 95 15 2 1 6 5 3 7 4 0
110 95 15 6 3 4 2 7 1 0 5
110 95 15 6 4 2 3 0 7 1 5
110 95 15 3 6 4 2 1 0 5 7
110 95 15 3 5 0 2 7 1 6 4
110 95 15 3 5 6 2 1 0 4 7
110 95 15 0 1 4 6 3 5 2 7
110 95 15 6 1 4 2 3 5 0 7
110 95 15 5 0 4 2 7 6 3 1
110 95 15 5 4 2 0 7 6 3 1
110 95 15 6 0 4 1 5 7 2 3
110 95 15 4 5 0 3 7 1 6 2
110 95 15 7 5 4 3 6 0 2 1
110 95 15 3 0 6 2 5 7 4 1
110 95 15 1 0 4 5 6 2 7 3
110 95 15 7 4 3 0 2 6 1 5
110 95 15 6 4 3 7 2 0 1 5
110 95 15 0 2 5 3 7 1 4 6
110 95 15 3 4 0 2 7 6 1 5
110 95 15 6 4 0 2 5 1 3 7
110 95 15 5 6 2 3 0 1 7 4
110 95 15 5 6 3 1 0 2 7 4
110 95 15 4 6 3 2 7 0 1 5
110 95 15 3 6 4 0 1 5 7 2
110 95 15 5 4 0 7 6 1 3 2
110 95 15 6 4 2 3 5 0 7 1
110 95 15 1 6 3 0 4 7 2 5
110 96 14 1 6 4 7 0 3 2 5
110 96 14 7 3 0 5 6 1 2 4
110 96 14 7 1 3 5 6 0 2 4
110 96 14 2 5 6 4 3 1 0 7
110 96 14 3 0 5 2 7 1 4 6
110 96 14 3 5 2 0 7 1 4 6
110 96 14 6 1 4 5 3 2 0 7
110 96 14 7 5 6 3 1 2 0 4
110 96 14 2 5 0 4 7 1 6 3
110 96 14 1 4 0 5 6 7 2 3
110 96 14 1 7 4 5 6 0 2 3
110 96 14 7 0 5 3 1 6 2 4
110 96 14 2 6 5 7 0 1 4 3
110 96 14 3 1 5 6 7 0 4 2
110 96 14 3 0 6 4 7 5 1 2
110 96 14 5 4 0 3 6 2 7 1
110 96 14 3 5 4 1 6 0 2 7
110 96 14 5 6 7 4 3 1 0 2
110 96 14 6 1 0 5 7 2 4 3
110 96 14 3 6 4 2 7 5 1 0
110 96 14 5 0 3 7 4 1 2 6
110 96 14 2 0 5 3 6 7 4 1
110 96 14 3 6 2 7 5 0 1 4
110 96 14 6 5 3 7 4 0 1 2
110 96 14 7 5 1 4 3 0 6 2
110 96 14 5 1 4 0 6 7 2 3
110 96 14 5 1 4 3 0 7 2 6
110 96 14 5 4 3 0 6 7 2 1
110 96 14 0 2 3 5 7 6 1 4
110 96 14 5 2 3 7 0 6 1 4
110 96 14 0 3 5 1 7 6 4 2
110 96 14 3 2 4 5 0 6 1 7
110 96 14 0 6 3 4 5 7 2 1
110 97 13 1 6 4 2 0 7 3 5
110 97 13 1 6 4 2 7 3 0 5
110 97 13 5 1 0 3 4 6 2 7
110 97 13 5 4 1 7 3 6 2 0
110 97 13 6 5 3 4 7 1 0 2
110 97 13 6 0 3 4 7 5 1 2
110 97 13 3 6 0 4 1 2 7 5
110 97 13 3 1 6 7 5 0 2 4
110 97 13 2 5 4 7 6 1 0 3
110 97 13 7 1 6 4 5 0 2 3
110 97 13 3 1 6 2 5 0 4 7
110 97 13 5 1 6 3 2 0 4 7
110 97 13 3 0 4 2 6 5 1 7
110 97 13 5 6 7 2 1 4 3 0
110 97 13 6 0 3 7 1 5 4 2
110 97 13 6 0 3 1 5 2 4 7
110 97 13 7 6 3 1 5 2 4 0
110 97 13 2 6 3 1 5 0 4 7
110 97 13 2 0 5 4 6 7 1 3
110 97 13 2 4 3 5 6 0 1 7
110 97 13 5 6 2 4 7 3 1 0
110 97 13 0 1 3 7 6 5 4 2
110 97 13 7 1 6 3 5 2 4 0
110 97 13 2 5 3 1 6 7 0 4
110 97 13 6 1 3 2 0 5 4 7
110 97 13 1 7 6 4 3 0 2 5
110 97 13 6 3 4 7 5 0 1 2
110 97 13 1 7 6 3 0 5 4 2
110 97 13 0 6 2 3 5 1 7 4
110 97 13 5 6 3 0 1 4 7 2
110 97 13 5 1 3 2 7 4 0 6
110 97 13 5 1 3 2 0 4 6 7
110 97 13 2 6 4 0 1 5 7 3
110 97 13 1 4 3 6 0 5 2 7
110 98 12 5 6 4 1 3 2 7 0
110 98 12 2 6 4 1 3 7 5 0
110 98 12 3 0 5 7 6 1 2 4
110 98 12 3 5 2 7 6 1 0 4
110 98 12 6 5 4 3 1 2 7 0
110 98 12 1 6 5 4 7 2 0 3
110 98 12 3 6 0 4 5 2 7 1
110 98 12 7 5 1 3 0 4 6 2
110 98 12 3 1 0 4 6 7 2 5
110 98 12 3 1 4 5 6 7 2 0
110 98 12 5 2 6 3 1 4 0 7
110 98 12 7 6 3 4 1 2 0 5
110 98 12 3 1 5 4 6 0 2 7
110 98 12 5 3 2 0 1 6 4 7
110 98 12 6 3 7 2 5 1 4 0
110 98 12 7 0 3 5 2 6 1 4
110 98 12 2 1 6 4 5 7 0 3
110 98 12 2 0 1 3 5 7 4 6
110 98 12 3 6 2 4 1 0 7 5
110 98 12 3 6 7 4 5 1 0 2
110 98 12 6 0 2 4 5 1 3 7
110 98 12 3 5 1 4 6 0 7 2
110 98 12 5 1 0 4 3 2 6 7
110 98 12 0 1 3 5 2 7 4 6
110 98 12 0 1 5 3 7 4 6 2
110 98 12 1 4 5 3 7 0 6 2
110 99 11 2 5 4 1 6 7 3 0
110 99 11 7 1 3 4 6 0 2 5
110 99 11 2 3 4 7 5 6 1 0
110 99 11 5 0 2 4 1 6 3 7
110 99 11 2 1 3 5 7 4 6 0
110 99 11 1 0 4 3 7 6 5 2
110 99 11 2 1 4 3 5 0 7 6
110 99 11 5 2 0 3 1 6 4 7
110 99 11 1 6 5 2 7 4 3 0
110 99 11 1 6 5 7 0 4 3 2
110 99 11 1 6 4 0 5 2 3 7
110 99 11 0 4 3 1 5 6 7 2
110 100 10 3 5 2 4 7 6 1 0
110 100 10 1 5 4 3 2 6 7 0
110 100 10 5 2 4 3 6 1 0 7
110 100 10 7 6 5 3 2 1 4 0
110 100 10 5 3 4 2 6 1 7 0
110 100 10 3 1 6 4 5 0 7 2
110 100 10 3 1 0 4 5 7 6 2
110 100 10 1 3 4 2 7 6 0 5
110 100 10 1 5 4 3 2 7 0 6
110 100 10 1 3 5 0 6 7 4 2
110 100 10 1 0 5 4 3 6 2 7
110 100 10 3 1 0 4 5 2 6 7
110 100 10 2 6 3 0 5 1 7 4
110 101 9 7 1 3 5 2 6 4 0
110 101 9 2 1 4 3 0 6 7 5
110 101 9 1 6 3 2 5 0 7 4
110 101 9 1 6 7 4 5 2 3 0
110 101 9 3 5 6 7 1 4 2 0
110 101 9 3 5 0 7 1 4 6 2
110 101 9 6 1 3 4 5 2 0 7
110 101 9 1 0 4 2 5 6 7 3
110 101 9 0 3 5 7 2 6 1 4
110 101 9 3 5 1 7 2 0 6 4
110 101 9 5 1 3 4 7 6 2 0
110 101 9 1 3 4 7 5 0 6 2
110 101 9 5 1 3 7 2 0 6 4
110 101 9 1 5 3 7 0 4 2 6
110 102 8 1 5 4 2 3 6 7 0
110 102 8 1 3 6 4 5 2 0 7
110 102 8 1 4 2 3 5 7 6 0
110 102 8 1 5 3 4 0 6 2 7
110 102 8 1 3 4 0 5 6 7 2
110 102 8 2 3 4 1 5 6 7 0
110 102 8 1 3 7 2 5 6 4 0
110 102 8 5 1 6 7 2 4 3 0
110 102 8 5 1 0 7 2 4 6 3
110 102 8 1 7 4 3 5 6 0 2
110 103 7 1 5 3 7 6 2 4 0
110 103 7 6 1 3 7 2 4 5 0
110 103 7 2 0 3 4 5 6 7 1
110 103 7 1 6 3 5 2 4 7 0
110 103 7 1 2 3 0 5 4 6 7
110 103 7 5 1 3 7 2 4 0 6
110 103 7 1 2 4 3 5 0 6 7
110 103 7 1 2 0 3 5 6 4 7
110 104 6 7 1 3 4 5 6 2 0
111 91 20 0 6 4 5 7 2 3 1
111 93 18 5 6 4 3 7 0 2 1
111 93 18 0 1 6 5 3 7 2 4
111 93 18 3 7 4 6 0 1 2 5
111 93 18 6 4 2 0 7 1 5 3
111 93 18 0 4 2 3 7 1 5 6
111 93 18 6 4 0 2 5 7 1 3
111 94 17 2 0 6 5 7 1 3 4
111 94 17 0 5 6 1 3 7 4 2
111 94 17 5 7 6 1 3 0 4 2
111 94 17 5 6 4 1 3 0 2 7
111 94 17 3 5 0 4 7 1 2 6
111 94 17 2 6 0 5 3 7 4 1
111 94 17 6 4 3 5 1 0 2 7
111 94 17 3 6 4 0 2 1 7 5
111 94 17 4 6 3 5 0 7 1 2
111 94 17 6 4 1 3 0 7 2 5
111 94 17 6 4 0 3 5 7 2 1
111 94 17 6 7 0 3 5 1 2 4
111 94 17 0 5 4 1 7 6 3 2
111 94 17 0 6 7 3 2 1 4 5
111 95 16 7 6 4 5 0 1 3 2
111 95 16 2 6 4 5 7 1 3 0
111 95 16 7 6 4 2 0 3 1 5
111 95 16 6 3 2 0 7 1 4 5
111 95 16 0 6 4 5 2 1 3 7
111 95 16 7 5 6 4 1 0 2 3
111 95 16 7 6 0 5 3 1 4 2
111 95 16 6 0 2 3 7 4 1 5
111 95 16 3 6 4 7 0 1 5 2
111 95 16 0 6 4 2 3 1 5 7
111 95 16 3 0 4 2 6 1 5 7
111 95 16 3 6 4 0 2 1 5 7
111 95 16 3 6 2 5 7 0 1 4
111 95 16 4 5 6 3 7 0 1 2
111 95 16 3 7 6 0 5 1 4 2
111 95 16 7 5 4 2 1 6 0 3
111 95 16 7 6 4 0 3 1 5 2
111 95 16 0 6 4 1 3 2 7 5
111 95 16 0 6 3 5 1 2 7 4
111 95 16 7 0 3 2 4 6 1 5
111 95 16 5 6 0 4 2 7 3 1
111 95 16 5 4 0 2 6 7 3 1
111 96 15 2 5 0 6 3 1 4 7
111 96 15 3 5 4 2 7 1 0 6
111 96 15 3 1 6 5 7 0 2 4
111 96 15 6 1 4 5 0 3 2 7
111 96 15 4 6 3 5 1 0 2 7
111 96 15 7 0 6 3 1 5 2 4
111 96 15 4 5 6 3 1 0 2 7
111 96 15 4 0 6 3 5 1 2 7
111 96 15 2 5 6 4 7 0 1 3
111 96 15 6 5 4 3 0 2 1 7
111 96 15 6 0 4 3 2 5 1 7
111 96 15 7 4 0 5 1 6 2 3
111 96 15 4 6 2 0 3 1 7 5
111 96 15 0 5 6 3 1 2 7 4
111 96 15 6 4 0 3 1 2 7 5
111 96 15 0 6 4 2 3 5 1 7
111 96 15 3 7 4 0 6 5 1 2
111 96 15 7 4 3 6 5 0 1 2
111 96 15 6 4 0 1 5 7 3 2
111 96 15 5 0 3 1 4 7 6 2
111 96 15 5 4 3 0 1 7 6 2
111 96 15 4 3 5 0 7 6 1 2
111 96 15 5 4 6 7 1 0 3 2
111 96 15 0 5 4 7 3 1 2 6
111 96 15 3 0 4 7 5 1 2 6
111 96 15 5 0 1 3 4 6 7 2
111 96 15 5 4 1 0 3 6 7 2
111 96 15 5 1 0 3 6 7 2 4
111 96 15 7 4 0 5 2 6 1 3
111 96 15 5 4 3 1 0 7 2 6
111 97 14 6 4 3 2 7 1 5 0
111 97 14 5 4 0 1 3 6 2 7
111 97 14 3 0 6 1 5 7 2 4
111 97 14 6 3 4 7 0 1 2 5
111 97 14 1 3 4 7 6 0 2 5
111 97 14 3 4 2 7 6 1 0 5
111 97 14 2 6 5 3 0 7 1 4
111 97 14 2 6 5 3 7 1 0 4
111 97 14 7 0 5 3 6 1 4 2
111 97 14 6 7 3 0 5 1 4 2
111 97 14 7 1 4 2 3 6 0 5
111 97 14 0 3 6 7 5 1 2 4
111 97 14 0 3 6 2 5 7 1 4
111 97 14 0 3 6 2 5 1 4 7
111 97 14 2 6 7 5 0 1 4 3
111 97 14 6 4 0 3 5 2 7 1
111 97 14 7 1 6 3 0 5 2 4
111 97 14 3 4 1 0 5 7 6 2
111 97 14 0 7 5 4 3 6 1 2
111 97 14 0 5 1 3 6 4 7 2
111 97 14 5 0 2 4 6 3 1 7
111 97 14 3 1 6 0 5 2 4 7
111 97 14 1 6 0 3 7 4 2 5
111 97 14 7 6 4 0 5 1 3 2
111 97 14 1 6 5 3 7 0 2 4
111 97 14 0 1 6 4 3 7 2 5
111 97 14 5 1 0 2 6 4 3 7
111 97 14 2 6 0 3 1 5 7 4
111 97 14 0 4 3 1 6 5 2 7
111 97 14 0 6 3 7 2 4 5 1
111 98 13 4 0 3 2 6 7 1 5
111 98 13 7 1 4 5 6 2 0 3
111 98 13 2 6 4 1 3 0 7 5
111 98 13 0 2 4 7 5 6 1 3
111 98 13 4 1 0 3 7 6 2 5
111 98 13 3 5 1 0 7 4 6 2
111 98 13 2 5 1 3 7 4 6 0
111 98 13 2 0 4 3 7 5 1 6
111 98 13 3 5 4 0 2 7 1 6
111 98 13 2 6 3 7 1 5 4 0
111 98 13 1 6 3 7 0 2 5 4
111 98 13 5 2 6 3 0 1 4 7
111 98 13 0 2 5 3 6 7 1 4
111 98 13 0 3 5 4 6 1 2 7
111 98 13 3 6 0 5 2 7 4 1
111 98 13 1 6 4 5 3 0 7 2
111 98 13 2 1 0 6 5 7 4 3
111 98 13 3 0 2 4 6 1 7 5
111 98 13 5 0 1 3 2 7 6 4
111 98 13 3 5 4 0 6 1 7 2
111 98 13 1 6 4 0 3 7 5 2
111 98 13 5 1 3 4 2 7 0 6
111 98 13 6 1 0 3 5 7 4 2
111 98 13 2 6 1 0 5 7 3 4
111 98 13 2 5 4 0 6 1 7 3
111 98 13 2 5 4 3 0 1 7 6
111 98 13 0 5 3 7 2 6 4 1
111 99 12 6 4 3 5 2 7 1 0
111 99 12 6 0 3 7 5 4 1 2
111 99 12 1 6 5 0 7 4 2 3
111 99 12 1 6 2 5 7 4 0 3
111 99 12 1 2 6 3 7 0 5 4
111 99 12 2 6 3 7 1 4 0 5
111 99 12 6 3 4 2 5 1 0 7
111 99 12 6 0 2 4 5 1 7 3
111 99 12 7 3 4 0 5 6 1 2
111 99 12 3 4 1 7 5 6 0 2
111 99 12 6 1 3 4 0 7 2 5
111 99 12 6 1 3 4 7 2 0 5
111 99 12 5 6 2 4 1 3 0 7
111 99 12 6 2 0 3 5 1 4 7
111 99 12 6 1 2 3 5 0 4 7
111 99 12 0 1 6 4 5 3 2 7
111 99 12 0 6 1 4 5 3 7 2
111 99 12 1 6 4 3 0 7 5 2
111 99 12 6 1 0 4 5 2 7 3
111 99 12 3 1 4 0 5 2 7 6
111 99 12 6 2 4 3 0 5 1 7
111 99 12 1 6 4 2 0 3 7 5
111 99 12 4 6 2 3 5 7 0 1
111 99 12 3 1 6 2 5 7 0 4
111 99 12 1 5 6 3 2 0 7 4
111 99 12 1 5 0 6 2 7 4 3
111 99 12 2 5 3 4 7 0 6 1
111 99 12 0 5 3 4 2 6 1 7
111 99 12 0 6 3 4 1 5 2 7
111 99 12 1 4 3 5 0 6 7 2
111 100 11 1 4 3 5 6 2 0 7
111 100 11 5 2 0 4 6 1 3 7
111 100 11 5 1 2 4 6 0 3 7
111 100 11 5 3 7 4 6 1 2 0
111 100 11 5 3 0 4 6 1 7 2
111 100 11 3 1 6 5 2 7 4 0
111 100 11 6 1 3 0 5 2 7 4
111 100 11 5 6 2 3 1 4 7 0
111 100 11 0 2 4 3 6 5 7 1
111 100 11 5 2 3 0 6 1 4 7
111 100 11 5 1 2 3 0 6 4 7
111 100 11 5 1 2 3 6 4 0 7
111 100 11 7 4 2 3 1 6 5 0
111 100 11 5 2 1 4 7 6 0 3
111 100 11 7 1 4 3 6 5 0 2
111 100 11 1 3 2 0 7 6 4 5
111 100 11 1 5 0 4 6 2 7 3
111 100 11 1 5 4 3 2 0 7 6
111 100 11 1 3 4 5 6 7 0 2
111 100 11 1 0 6 7 5 2 4 3
111 100 11 7 2 4 3 6 5 1 0
111 100 11 6 1 3 5 2 7 0 4
111 100 11 1 5 4 7 3 6 0 2
111 100 11 2 6 3 1 0 5 7 4
111 100 11 4 3 0 1 5 6 2 7
111 100 11 4 3 0 2 5 6 1 7
111 100 11 5 3 7 0 2 6 1 4
111 100 11 3 5 4 7 0 2 6 1
111 100 11 3 0 4 7 2 5 6 1
111 100 11 3 5 7 0 2 6 4 1
111 100 11 1 6 0 3 5 4 2 7
111 100 11 5 1 3 7 0 2 4 6
111 100 11 5 1 2 4 3 0 6 7
111 100 11 7 4 3 2 5 6 0 1
111 100 11 2 6 3 4 0 1 7 5
111 101 10 1 0 4 3 5 7 2 6
111 101 10 1 5 2 3 7 6 0 4
111 101 10 1 5 3 2 6 4 0 7
111 101 10 5 3 2 7 6 1 4 0
111 101 10 1 5 3 0 6 2 7 4
111 101 10 1 7 3 5 6 4 0 2
111 101 10 2 1 4 3 6 7 0 5
111 101 10 1 6 2 3 7 5 4 0
111 101 10 7 1 5 3 2 0 4 6
111 101 10 1 3 0 7 5 6 2 4
111 101 10 0 3 1 4 5 6 2 7
111 101 10 1 0 6 7 2 4 3 5
111 101 10 3 6 5 7 2 0 1 4
111 101 10 1 6 3 7 2 0 5 4
111 101 10 5 1 4 3 0 6 7 2
111 102 9 6 1 3 7 5 2 4 0
111 102 9 5 0 3 7 2 4 6 1
111 102 9 5 3 2 4 1 6 0 7
111 102 9 1 3 7 4 5 6 0 2
111 102 9 2 1 3 0 5 6 4 7
111 103 8 3 5 2 4 1 6 7 0
111 103 8 5 2 4 3 1 6 7 0
111 103 8 3 2 0 4 5 6 7 1
111 103 8 7 1 2 3 5 6 4 0
111 103 8 1 6 3 4 0 5 7 2
111 103 8 1 3 4 0 5 6 2 7
111 104 7 1 2 4 3 6 5 0 7
111 104 7 3 2 1 4 5 6 0 7
111 105 6 1 2 0 4 5 6 7 3
111 106 5 1 2 3 0 5 6 7 4
111 107 4 1 5 3 7 2 4 6 0
111 108 3 1 3 2 4 5 6 7 0
112 93 19 6 7 4 0 3 1 2 5
112 93 19 6 4 0 3 7 1 5 2
112 94 18 0 6 7 5 3 1 2 4
112 94 18 5 6 7 3 0 1 2 4
112 94 18 0 6 1 5 3 7 4 2
112 94 18 7 6 4 0 3 2 1 5
112 94 18 0 5 6 3 4 1 2 7
112 94 18 0 4 3 5 7 1 2 6
112 94 18 5 6 3 0 7 4 2 1
112 95 17 6 0 4 5 7 1 3 2
112 95 17 1 6 4 5 7 0 3 2
112 95 17 7 1 6 5 3 0 4 2
112 95 17 0 4 7 5 6 1 2 3
112 95 17 0 6 4 3 7 1 5 2
112 95 17 3 5 6 2 7 0 1 4
112 95 17 7 6 4 1 5 0 2 3
112 95 17 3 6 5 2 7 1 0 4
112 95 17 7 5 4 1 0 6 2 3
112 95 17 7 5 4 0 3 6 2 1
112 95 17 0 5 3 2 7 1 4 6
112 95 17 0 6 2 5 3 1 7 4
112 95 17 6 2 5 3 7 0 1 4
112 96 16 6 1 4 7 3 0 2 5
112 96 16 0 7 3 5 6 1 2 4
112 96 16 0 3 6 5 7 1 2 4
112 96 16 0 1 4 5 6 7 2 3
112 96 16 7 6 3 0 1 4 2 5
112 96 16 2 6 5 4 7 1 0 3
112 96 16 0 7 4 5 1 6 2 3
112 96 16 5 6 7 3 1 0 2 4
112 96 16 3 6 4 0 2 5 1 7
112 96 16 3 6 2 5 0 1 4 7
112 96 16 6 3 5 4 7 0 1 2
112 96 16 5 4 0 3 2 7 6 1
112 96 16 3 1 0 5 7 6 2 4
112 96 16 0 6 3 1 2 7 4 5
112 97 15 2 6 5 0 3 7 1 4
112 97 15 2 6 1 5 3 7 0 4
112 97 15 4 0 3 6 7 1 2 5
112 97 15 1 4 3 6 7 0 2 5
112 97 15 6 4 3 7 1 0 2 5
112 97 15 2 5 4 6 7 1 0 3
112 97 15 7 0 4 2 5 6 1 3
112 97 15 2 1 6 5 7 0 4 3
112 97 15 0 5 1 3 4 6 2 7
112 97 15 5 4 1 2 3 6 0 7
112 97 15 7 3 4 0 6 1 2 5
112 97 15 6 0 7 3 5 1 4 2
112 97 15 6 0 4 3 1 2 5 7
112 97 15 2 6 4 3 1 0 5 7
112 97 15 5 4 3 2 7 0 1 6
112 97 15 5 4 3 0 2 7 1 6
112 97 15 3 7 6 2 5 0 1 4
112 97 15 6 7 4 3 5 0 2 1
112 97 15 2 0 4 7 6 5 1 3
112 97 15 0 7 6 4 5 1 2 3
112 97 15 7 6 0 2 5 1 3 4
112 97 15 0 6 7 5 1 4 3 2
112 97 15 5 6 7 3 1 4 0 2
112 97 15 7 5 3 1 0 6 4 2
112 97 15 5 4 2 3 7 0 6 1
112 97 15 7 6 5 4 3 0 1 2
112 97 15 2 4 3 5 7 0 6 1
112 97 15 2 0 3 5 4 6 1 7
112 97 15 0 5 3 2 6 7 1 4
112 97 15 2 5 3 6 0 7 1 4
112 97 15 5 6 3 2 0 4 7 1
112 98 14 4 5 2 3 7 1 0 6
112 98 14 5 4 2 1 7 6 0 3
112 98 14 5 6 0 4 3 2 7 1
112 98 14 7 5 0 4 3 1 6 2
112 98 14 6 0 3 4 2 7 1 5
112 98 14 2 5 4 1 0 7 6 3
112 98 14 2 0 4 1 7 5 6 3
112 98 14 2 0 5 1 7 6 4 3
112 98 14 5 6 7 4 2 0 1 3
112 98 14 3 6 5 4 0 7 1 2
112 98 14 3 6 5 4 7 1 0 2
112 98 14 3 5 7 0 6 1 2 4
112 98 14 6 5 0 3 1 2 4 7
112 98 14 1 0 6 4 7 2 5 3
112 98 14 1 0 4 7 6 2 5 3
112 98 14 0 3 6 1 5 7 4 2
112 98 14 3 1 4 2 7 0 6 5
112 98 14 3 1 0 2 7 6 4 5
112 98 14 5 0 4 3 2 7 1 6
112 98 14 0 3 4 7 6 5 1 2
112 98 14 3 4 0 7 6 5 1 2
112 98 14 5 7 4 3 2 0 6 1
112 98 14 5 7 0 3 2 6 4 1
112 98 14 5 7 0 4 2 6 1 3
112 98 14 3 1 4 2 6 7 0 5
112 98 14 2 7 5 3 6 0 1 4
112 98 14 3 6 4 5 2 0 7 1
112 98 14 1 6 0 5 3 7 4 2
112 98 14 6 3 7 5 0 1 4 2
112 98 14 6 3 7 4 5 1 0 2
112 98 14 2 6 3 7 0 5 1 4
112 98 14 7 6 3 5 0 2 1 4
112 98 14 4 6 2 0 5 1 3 7
112 98 14 5 3 7 2 6 1 0 4
112 98 14 5 3 7 2 0 1 4 6
112 98 14 2 5 0 7 6 1 3 4
112 98 14 2 0 3 7 5 1 4 6
112 98 14 1 5 3 6 7 4 0 2
112 98 14 2 6 3 1 0 7 4 5
112 98 14 2 6 1 4 0 7 3 5
112 98 14 2 5 0 3 6 1 7 4
112 99 13 7 6 4 5 2 3 1 0
112 99 13 7 6 4 3 5 2 0 1
112 99 13 5 4 1 2 7 6 3 0
112 99 13 6 0 3 5 1 2 4 7
112 99 13 7 6 3 5 1 2 4 0
112 99 13 2 5 4 1 6 0 7 3
112 99 13 1 0 6 5 7 4 2 3
112 99 13 2 0 3 7 1 6 4 5
112 99 13 0 7 3 4 6 1 2 5
112 99 13 7 3 0 4 6 1 2 5
112 99 13 6 3 2 0 5 1 4 7
112 99 13 7 6 5 0 2 1 3 4
112 99 13 3 4 7 0 5 6 1 2
112 99 13 2 6 4 3 7 5 0 1
112 99 13 0 3 5 4 6 7 1 2
112 99 13 5 1 6 4 7 3 2 0
112 99 13 5 6 1 4 2 3 7 0
112 99 13 7 0 6 4 5 1 3 2
112 99 13 6 0 4 3 5 2 1 7
112 99 13 0 5 2 3 1 6 4 7
112 99 13 1 6 5 3 7 4 0 2
112 99 13 1 5 6 4 2 7 0 3
112 99 13 0 4 2 3 1 6 5 7
112 99 13 1 0 2 3 4 6 5 7
112 99 13 1 4 2 0 3 6 5 7
112 99 13 2 5 0 4 7 6 3 1
112 100 12 2 5 4 6 3 7 1 0
112 100 12 1 5 6 3 0 2 4 7
112 100 12 7 3 0 5 4 6 1 2
112 100 12 3 6 5 0 2 7 1 4
112 100 12 3 6 1 5 2 7 0 4
112 100 12 5 7 3 2 6 1 4 0
112 100 12 2 3 7 5 6 1 4 0
112 100 12 1 3 7 5 6 0 4 2
112 100 12 1 4 7 0 5 6 2 3
112 100 12 5 7 1 4 3 6 0 2
112 100 12 6 2 0 3 5 7 1 4
112 100 12 2 4 0 3 6 5 7 1
112 100 12 1 5 0 4 7 6 2 3
112 100 12 0 6 5 7 2 1 4 3
112 100 12 3 6 2 4 7 5 1 0
112 100 12 1 6 7 0 5 2 4 3
112 100 12 2 6 1 4 0 5 7 3
112 100 12 3 2 4 0 6 5 1 7
112 100 12 2 6 3 4 0 1 5 7
112 100 12 4 6 3 1 5 0 2 7
112 100 12 4 6 3 2 5 0 1 7
112 100 12 2 7 4 3 5 0 6 1
112 100 12 2 7 0 3 5 6 4 1
112 100 12 0 1 6 4 5 2 7 3
112 100 12 3 1 4 2 0 6 7 5
112 100 12 3 1 0 2 5 6 7 4
112 100 12 1 6 3 2 0 4 7 5
112 100 12 0 6 3 4 5 1 7 2
112 101 11 1 5 3 0 7 6 2 4
112 101 11 5 0 4 3 1 6 7 2
112 101 11 5 4 3 0 1 6 7 2
112 101 11 4 0 2 3 1 6 7 5
112 101 11 3 1 4 6 5 7 0 2
112 101 11 1 5 4 0 3 6 7 2
112 101 11 3 1 0 4 6 5 2 7
112 101 11 3 1 4 7 6 5 2 0
112 101 11 1 0 5 3 6 2 7 4
112 101 11 1 5 7 3 6 2 0 4
112 101 11 5 2 3 0 6 7 1 4
112 101 11 5 2 1 3 6 7 0 4
112 101 11 7 1 6 3 5 4 2 0
112 101 11 1 7 3 5 0 6 4 2
112 101 11 2 1 3 5 7 6 0 4
112 101 11 2 1 3 0 7 6 4 5
112 101 11 2 0 4 3 6 1 7 5
112 101 11 5 3 2 7 1 6 0 4
112 101 11 4 1 6 3 5 7 0 2
112 101 11 7 3 5 0 1 6 4 2
112 101 11 7 0 5 3 2 1 6 4
112 101 11 7 5 3 0 2 1 6 4
112 101 11 2 4 3 0 6 5 1 7
112 101 11 2 4 1 3 6 5 0 7
112 101 11 7 5 3 6 2 1 4 0
112 101 11 4 5 3 7 2 6 1 0
112 101 11 6 1 3 4 0 5 2 7
112 101 11 1 4 7 2 5 6 0 3
112 101 11 1 6 7 0 2 4 3 5
112 101 11 1 6 4 0 5 7 3 2
112 101 11 1 4 3 0 7 6 5 2
112 101 11 1 4 3 2 0 6 5 7
112 101 11 1 4 7 3 5 0 6 2
112 101 11 1 6 0 7 2 5 3 4
112 101 11 5 1 0 7 2 6 3 4
112 101 11 1 5 3 0 6 4 2 7
112 102 10 2 6 4 1 3 5 7 0
112 102 10 1 5 3 7 0 6 2 4
112 102 10 7 5 4 3 2 1 6 0
112 102 10 2 0 3 4 7 6 1 5
112 102 10 6 3 5 7 1 0 4 2
112 102 10 3 2 6 4 5 7 1 0
112 102 10 1 2 0 3 7 6 4 5
112 102 10 7 1 3 5 6 4 2 0
112 102 10 1 3 6 4 0 5 2 7
112 102 10 1 0 6 4 5 3 2 7
112 102 10 0 2 4 1 5 6 7 3
112 102 10 2 3 6 4 5 7 0 1
112 102 10 1 0 2 3 6 4 7 5
112 102 10 1 0 6 4 5 2 3 7
112 102 10 7 1 3 2 5 6 4 0
112 102 10 1 4 3 2 6 0 7 5
112 103 9 5 1 3 4 7 2 6 0
112 103 9 1 2 6 3 5 7 4 0
112 103 9 3 5 7 4 2 6 1 0
112 103 9 1 5 4 7 6 2 3 0
112 103 9 5 2 3 4 7 6 0 1
112 103 9 5 2 3 4 0 6 1 7
112 103 9 5 1 3 0 2 4 6 7
112 103 9 3 1 2 0 5 6 7 4
112 104 8 5 3 2 4 6 1 7 0
112 104 8 1 3 2 4 7 6 0 5
112 104 8 1 2 4 3 0 6 5 7
112 104 8 1 3 0 5 2 6 4 7
112 105 7 1 5 6 7 2 4 0 3
112 105 7 1 5 3 7 2 0 6 4
112 111 1 1 2 3 4 5 6 7 0