0 0 0 1 6 3 4 0 7 5 2
10 0 10 1 6 3 4 2 7 5 0
11 0 11 1 6 3 4 7 0 5 2
11 0 11 1 0 3 4 6 7 5 2
13 0 13 0 6 3 4 1 7 5 2
15 0 15 1 6 3 0 4 7 5 2
20 10 10 1 6 3 4 2 7 0 5
20 11 9 1 6 3 4 7 5 0 2
20 11 9 1 0 3 4 7 6 5 2
21 11 10 1 3 0 4 6 7 5 2
21 11 10 1 7 3 4 6 0 5 2
22 10 12 1 6 3 0 2 7 5 4
22 11 11 0 1 3 4 6 7 5 2
24 13 11 2 6 3 4 1 7 5 0
25 10 15 1 6 0 4 2 7 5 3
26 13 13 6 0 3 4 1 7 5 2
26 15 11 1 6 3 2 4 7 5 0
27 10 17 0 6 3 4 2 7 5 1
28 13 15 4 6 3 0 1 7 5 2
28 13 15 7 6 3 4 1 0 5 2
28 15 13 1 6 3 5 4 7 0 2
28 20 8 1 6 3 4 7 5 2 0
29 15 14 1 6 0 3 4 7 5 2
29 21 8 1 7 3 4 6 5 0 2
30 20 10 1 6 3 4 2 0 7 5
30 20 10 1 3 0 4 7 6 5 2
30 21 9 1 3 5 4 6 7 0 2
30 21 9 1 7 3 4 0 6 5 2
31 20 11 0 1 3 4 7 6 5 2
31 22 9 2 1 3 4 6 7 5 0
32 15 17 0 6 3 1 4 7 5 2
32 20 12 1 6 0 4 7 5 3 2
32 21 11 1 3 4 0 6 7 5 2
33 20 13 1 6 0 4 2 7 3 5
34 22 12 1 6 3 5 2 7 0 4
34 22 12 6 1 3 4 0 7 5 2
34 24 10 2 6 3 4 1 7 0 5
35 22 13 1 6 0 3 2 7 5 4
35 22 13 4 1 3 0 6 7 5 2
35 22 13 7 1 3 4 6 0 5 2
35 25 10 1 6 5 4 2 7 0 3
36 22 14 1 6 3 2 0 7 5 4
36 29 7 1 7 3 4 6 5 2 0
37 24 13 2 6 3 0 1 7 5 4
37 24 13 2 6 3 4 0 7 5 1
38 22 16 0 6 3 1 2 7 5 4
38 25 13 1 0 6 4 2 7 5 3
38 25 13 1 6 4 0 2 7 5 3
38 26 12 1 6 3 2 4 7 0 5
38 28 10 1 6 3 5 4 7 2 0
38 28 10 1 6 3 4 0 5 2 7
38 30 8 1 0 3 4 2 6 7 5
38 30 8 1 3 5 4 6 7 2 0
39 28 11 7 6 3 4 1 5 0 2
39 28 11 7 0 3 4 1 6 5 2
39 30 9 1 6 3 4 0 2 7 5
39 30 9 1 3 5 4 7 6 0 2
39 30 9 1 3 5 4 6 0 7 2
39 30 9 1 7 3 4 2 6 5 0
39 31 8 2 1 3 4 6 7 0 5
40 24 16 2 6 0 4 1 7 5 3
40 26 14 6 3 0 4 1 7 5 2
40 26 14 6 7 3 4 1 0 5 2
40 28 12 4 6 3 2 1 7 5 0
40 28 12 1 6 3 5 4 0 7 2
40 28 12 1 6 3 0 7 5 2 4
40 29 11 1 6 5 3 4 7 0 2
40 29 11 1 7 0 4 6 5 3 2
40 31 9 2 1 3 4 7 6 5 0
41 28 13 7 6 3 4 0 1 5 2
41 28 13 1 6 0 5 4 7 3 2
41 30 11 1 3 4 0 7 6 5 2
41 31 10 7 1 3 4 0 6 5 2
41 32 9 1 3 4 2 6 7 5 0
42 27 15 6 0 3 4 2 7 5 1
42 30 12 0 7 3 4 1 6 5 2
42 31 11 2 1 3 0 6 7 5 4
42 31 11 2 1 3 4 0 7 5 6
42 34 8 1 6 3 5 2 7 4 0
43 26 17 1 6 0 2 4 7 5 3
43 28 15 4 6 0 3 1 7 5 2
43 28 15 1 6 0 4 7 5 2 3
43 29 14 1 0 6 3 4 7 5 2
44 27 17 4 6 3 0 2 7 5 1
44 27 17 7 6 3 4 2 0 5 1
44 28 16 4 6 3 1 0 7 5 2
44 28 16 4 6 3 5 1 7 0 2
44 28 16 0 6 3 4 7 5 2 1
44 30 14 1 7 3 0 4 6 5 2
44 31 13 4 1 3 0 7 6 5 2
44 32 12 1 0 6 4 7 5 3 2
44 34 10 2 6 3 4 1 0 7 5
44 35 9 7 1 3 4 6 5 0 2
44 35 9 1 6 5 4 2 7 3 0
45 26 19 0 6 3 2 4 7 5 1
45 31 14 2 1 0 4 6 7 5 3
45 32 13 1 6 4 0 7 5 3 2
45 32 13 1 3 4 5 6 7 0 2
45 34 11 1 6 3 5 2 0 7 4
45 35 10 1 6 5 3 2 7 0 4
45 35 10 4 1 3 2 6 7 5 0
45 39 6 1 6 3 4 5 2 7 0
46 31 15 6 1 3 4 7 0 5 2
46 32 14 2 6 3 1 4 7 5 0
46 32 14 1 3 4 6 0 7 5 2
46 33 13 1 0 6 4 2 7 3 5
46 34 12 1 6 0 5 2 7 3 4
46 34 12 6 1 3 4 2 7 5 0
46 35 11 1 6 5 4 2 0 7 3
46 38 8 1 6 3 4 5 0 2 7
47 32 15 6 0 3 1 4 7 5 2
47 32 15 0 3 4 1 6 7 5 2
47 33 14 1 6 4 0 2 7 3 5
47 34 13 2 6 0 4 1 7 3 5
47 35 12 7 0 3 4 6 1 5 2
47 36 11 1 7 3 0 6 5 2 4
47 36 11 1 7 3 4 0 5 2 6
47 38 9 1 3 0 4 2 6 7 5
47 39 8 1 3 5 4 7 6 2 0
47 39 8 1 3 5 4 0 6 7 2
47 39 8 2 1 3 4 6 0 7 5
48 35 13 1 0 6 3 2 7 5 4
48 35 13 4 1 0 3 6 7 5 2
48 38 10 1 0 3 4 6 5 2 7
48 38 10 0 1 3 4 2 6 7 5
48 39 9 1 7 3 4 2 6 0 5
48 40 8 2 1 3 4 7 6 0 5
49 32 17 7 6 3 1 4 0 5 2
49 35 14 4 1 3 5 6 7 0 2
49 36 13 1 6 3 2 7 0 5 4
49 36 13 1 0 3 2 6 7 5 4
49 38 11 1 6 4 3 2 7 5 0
49 38 11 1 3 5 0 6 7 2 4
49 38 11 1 3 5 4 0 7 2 6
49 39 10 7 6 3 4 1 5 2 0
49 39 10 1 0 3 4 6 2 7 5
49 39 10 1 3 5 4 7 0 6 2
49 39 10 1 0 5 4 6 3 7 2
49 40 9 2 1 3 4 0 6 5 7
50 34 16 6 1 3 0 4 7 5 2
50 35 15 4 1 3 6 0 7 5 2
50 36 14 1 7 0 4 6 5 2 3
50 37 13 2 6 3 4 7 0 5 1
50 37 13 2 0 3 4 6 7 5 1
50 38 12 1 6 3 2 4 0 7 5
50 38 12 0 6 3 4 1 5 2 7
50 38 12 1 3 0 4 6 7 2 5
50 39 11 1 7 3 0 2 6 5 4
50 39 11 2 1 0 4 6 7 3 5
50 40 10 1 6 5 3 4 7 2 0
50 41 9 1 3 4 2 7 6 5 0
51 36 15 0 6 3 2 1 7 5 4
51 36 15 0 7 3 4 6 5 2 1
51 37 14 2 6 0 3 1 7 5 4
51 38 13 2 6 3 1 0 7 5 4
51 38 13 1 7 6 4 2 0 5 3
51 38 13 1 6 4 5 2 7 0 3
51 38 13 1 6 3 0 4 7 2 5
51 39 12 7 3 0 4 1 6 5 2
51 39 12 0 6 3 4 1 2 7 5
51 40 11 1 6 3 5 0 4 7 2
51 40 11 1 0 3 5 4 6 7 2
51 40 11 1 0 7 4 6 5 3 2
51 40 11 2 1 3 0 7 6 5 4
51 41 10 7 1 3 4 2 6 5 0
51 41 10 1 3 4 2 6 7 0 5
52 37 15 2 6 3 5 1 7 0 4
52 38 14 6 0 3 1 2 7 5 4
52 38 14 1 6 3 5 0 7 2 4
52 38 14 1 6 3 0 4 5 2 7
52 40 12 6 3 5 4 1 7 0 2
52 40 12 6 7 3 4 1 5 0 2
52 40 12 1 6 5 3 4 0 7 2
52 40 12 1 7 4 0 6 5 3 2
52 42 10 2 7 3 4 1 6 5 0
52 44 8 2 0 3 4 1 6 7 5
52 44 8 7 1 3 4 6 5 2 0
52 45 7 1 6 3 4 5 2 0 7
52 46 6 1 0 3 4 5 6 2 7
53 38 15 4 6 3 1 2 7 5 0
53 38 15 0 1 6 4 2 7 5 3
53 38 15 1 6 0 2 4 7 3 5
53 38 15 1 6 0 5 4 7 2 3
53 39 14 7 6 0 4 1 5 3 2
53 39 14 1 6 3 0 4 2 7 5
53 39 14 1 7 0 4 2 6 5 3
53 40 13 2 6 5 4 1 7 0 3
53 40 13 4 6 3 2 1 7 0 5
53 40 13 1 6 0 3 7 5 2 4
53 40 13 1 6 3 2 7 5 0 4
53 41 12 1 6 5 0 4 7 3 2
53 41 12 1 3 4 7 0 6 5 2
53 42 11 2 1 3 4 7 0 5 6
53 45 8 1 6 5 3 2 7 4 0
54 37 17 2 6 3 0 4 7 5 1
54 38 16 7 6 3 1 2 0 5 4
54 38 16 1 6 4 2 0 7 5 3
54 38 16 0 3 5 4 6 7 2 1
54 40 14 2 0 6 4 1 7 5 3
54 40 14 6 7 3 4 0 1 5 2
54 40 14 1 6 3 7 0 5 2 4
54 40 14 2 1 0 4 7 6 5 3
54 41 13 7 6 3 4 2 1 5 0
54 41 13 1 0 6 5 4 7 3 2
54 41 13 1 3 4 5 7 6 0 2
54 41 13 1 3 4 2 0 7 5 6
54 42 12 2 1 0 3 6 7 5 4
54 42 12 1 6 3 0 2 7 4 5
54 43 11 1 6 2 4 7 5 0 3
54 44 10 1 7 3 2 4 6 5 0
54 44 10 4 1 3 2 7 6 5 0
54 44 10 2 6 3 4 0 1 7 5
54 45 9 1 6 3 0 5 2 7 4
54 47 7 1 3 5 4 2 6 7 0
54 47 7 2 1 3 4 0 6 7 5
55 38 17 0 6 4 1 2 7 5 3
55 39 16 0 7 3 4 2 6 5 1
55 40 15 2 6 4 0 1 7 5 3
55 40 15 6 3 4 0 1 7 5 2
55 41 14 0 6 3 4 7 1 5 2
55 41 14 1 3 0 2 6 7 5 4
55 42 13 2 1 3 5 6 7 0 4
55 42 13 0 1 3 4 2 7 5 6
55 42 13 2 0 3 4 1 7 5 6
55 42 13 1 6 3 5 0 7 4 2
55 42 13 1 6 0 5 2 7 4 3
55 43 12 1 6 5 2 4 7 0 3
55 44 11 1 6 5 0 2 7 3 4
55 45 10 1 3 4 5 6 7 2 0
55 45 10 1 0 3 5 2 6 7 4
55 49 6 1 2 3 4 6 0 7 5
56 38 18 0 6 3 5 4 7 2 1
56 40 16 4 6 3 2 0 7 5 1
56 40 16 0 6 3 1 7 5 2 4
56 41 15 0 3 4 1 7 6 5 2
56 41 15 7 1 3 0 4 6 5 2
56 42 14 6 3 0 4 2 7 5 1
56 42 14 4 7 3 0 1 6 5 2
56 42 14 0 1 3 2 6 7 5 4
56 42 14 2 1 3 6 0 7 5 4
56 43 13 1 0 6 4 7 5 2 3
56 44 12 1 7 3 5 4 6 0 2
56 44 12 7 1 0 4 6 5 3 2
56 45 11 2 1 5 4 6 7 0 3
56 45 11 1 6 4 2 7 5 3 0
56 45 11 1 3 4 5 6 0 7 2
56 45 11 1 3 0 5 6 7 4 2
56 45 11 1 6 5 3 2 0 7 4
56 45 11 4 1 3 2 6 7 0 5
56 46 10 1 0 5 4 2 6 7 3
56 47 9 1 7 3 4 5 0 2 6
56 47 9 1 3 7 4 2 6 0 5
56 47 9 2 0 3 4 6 1 7 5
57 42 15 6 7 3 4 2 0 5 1
57 42 15 2 1 3 0 4 7 5 6
57 43 14 1 6 2 0 4 7 5 3
57 43 14 4 6 5 3 1 7 0 2
57 43 14 1 6 4 0 7 5 2 3
57 43 14 1 7 6 3 4 0 5 2
57 44 13 7 6 3 4 2 5 0 1
57 44 13 7 0 3 4 2 6 5 1
57 44 13 4 6 3 5 1 7 2 0
57 44 13 7 6 3 4 0 5 2 1
57 44 13 1 7 0 3 4 6 5 2
57 44 13 4 1 0 3 7 6 5 2
57 44 13 1 5 6 4 7 0 3 2
57 44 13 1 6 5 4 0 7 3 2
57 45 12 1 6 3 5 0 2 7 4
57 45 12 1 6 0 4 5 2 7 3
57 46 11 6 1 3 4 7 5 0 2
57 46 11 1 3 4 6 2 7 5 0
57 47 10 1 6 4 5 2 7 3 0
57 47 10 1 3 4 0 2 6 7 5
57 47 10 1 3 5 4 0 6 2 7
57 48 9 1 3 0 4 6 5 2 7
57 48 9 1 5 3 4 6 0 2 7
57 48 9 5 1 3 4 2 6 7 0
58 41 17 7 6 3 0 4 1 5 2
58 41 17 0 3 4 2 6 7 5 1
58 42 16 0 6 3 5 2 7 4 1
58 43 15 1 0 6 2 4 7 5 3
58 43 15 4 0 6 3 1 7 5 2
58 44 14 7 6 3 4 0 2 5 1
58 44 14 4 6 3 5 1 0 7 2
58 44 14 6 0 3 4 7 5 2 1
58 44 14 4 1 3 5 7 6 0 2
58 44 14 0 1 6 4 7 5 3 2
58 45 13 2 0 1 4 6 7 5 3
58 45 13 2 1 4 0 6 7 5 3
58 45 13 1 6 4 3 7 5 0 2
58 45 13 0 6 3 4 5 2 7 1
58 46 12 1 0 6 5 2 7 3 4
58 46 12 6 1 3 4 2 7 0 5
58 46 12 1 6 5 4 0 2 7 3
58 47 11 1 3 5 0 7 6 2 4
58 47 11 0 3 5 4 1 6 7 2
58 47 11 1 0 5 4 3 6 7 2
58 47 11 1 3 5 0 4 6 7 2
58 48 10 0 1 3 4 6 5 2 7
58 48 10 2 1 3 4 7 0 6 5
58 49 9 1 3 0 4 6 2 7 5
58 49 9 1 3 5 4 0 7 6 2
58 49 9 2 1 3 4 6 0 5 7
58 50 8 1 3 2 4 6 7 0 5
58 54 4 2 1 3 4 5 6 7 0
59 40 19 4 6 0 2 1 7 5 3
59 43 16 0 1 6 3 4 7 5 2
59 44 15 4 6 3 1 7 0 5 2
59 44 15 4 0 3 1 6 7 5 2
59 44 15 4 1 3 7 0 6 5 2
59 45 14 4 1 3 2 0 7 5 6
59 46 13 2 6 3 1 4 7 0 5
59 46 13 1 3 4 6 7 0 5 2
59 46 13 6 1 3 0 2 7 5 4
59 47 12 2 3 4 1 6 7 5 0
59 47 12 1 7 0 3 6 5 2 4
59 47 12 1 7 3 2 6 5 0 4
59 47 12 1 0 3 4 7 5 2 6
59 47 12 1 3 0 4 7 6 2 5
59 48 11 1 7 3 4 2 0 6 5
59 48 11 2 1 0 4 7 6 3 5
59 49 10 0 1 3 4 6 2 7 5
59 49 10 1 5 0 4 6 3 7 2
59 50 9 1 0 3 4 6 7 2 5
59 51 8 1 6 3 5 2 4 7 0
59 52 7 1 3 0 4 5 6 2 7
60 44 16 4 6 3 5 2 7 0 1
60 44 16 4 6 3 0 7 5 2 1
60 44 16 5 6 3 4 7 0 2 1
60 44 16 0 7 3 1 4 6 5 2
60 45 15 1 6 4 7 0 5 3 2
60 46 14 6 0 3 4 7 1 5 2
60 46 14 1 7 6 4 2 0 3 5
60 47 13 2 0 6 4 1 7 3 5
60 47 13 0 7 3 4 6 1 5 2
60 47 13 7 3 0 4 6 1 5 2
60 47 13 0 7 3 4 1 5 2 6
60 48 12 4 1 5 3 6 7 0 2
60 48 12 4 1 3 0 2 6 7 5
60 48 12 1 7 0 4 2 6 3 5
60 49 11 4 1 3 5 6 7 2 0
60 49 11 1 0 3 2 7 6 5 4
60 49 11 1 3 5 4 7 0 2 6
60 49 11 1 3 5 0 4 7 2 6
60 49 11 0 1 3 4 2 6 5 7
60 49 11 2 0 3 4 1 6 5 7
60 50 10 1 7 2 4 6 5 0 3
60 50 10 1 0 3 2 4 6 7 5
60 50 10 1 3 4 2 7 6 0 5
60 52 8 0 2 3 4 1 6 7 5
60 52 8 0 1 3 4 5 6 2 7
60 53 7 1 3 4 7 2 6 5 0
60 55 5 1 2 3 4 0 6 7 5
61 44 17 4 6 0 3 2 7 5 1
61 44 17 4 6 0 5 1 7 3 2
61 44 17 0 6 5 4 2 7 3 1
61 46 15 0 3 4 6 1 7 5 2
61 46 15 1 0 4 6 3 7 5 2
61 46 15 0 1 6 4 2 7 3 5
61 47 14 6 3 0 1 4 7 5 2
61 47 14 3 0 4 1 6 7 5 2
61 47 14 1 6 4 3 2 7 0 5
61 47 14 2 6 4 0 1 7 3 5
61 47 14 1 7 3 6 0 5 2 4
61 47 14 1 7 3 0 4 5 2 6
61 48 13 1 7 6 3 2 0 5 4
61 49 12 4 1 3 5 6 0 7 2
61 49 12 1 7 3 2 6 0 5 4
61 49 12 1 3 0 5 6 7 2 4
61 49 12 1 0 5 4 7 3 6 2
61 49 12 0 1 5 4 6 3 7 2
61 50 11 2 6 3 4 7 5 0 1
61 50 11 2 0 3 4 7 6 5 1
61 50 11 0 2 3 4 6 7 5 1
61 50 11 1 6 3 2 0 4 7 5
61 50 11 1 3 4 0 6 7 2 5
61 50 11 1 7 3 5 2 6 0 4
61 50 11 1 3 4 2 0 6 5 7
61 51 10 1 3 0 5 4 6 7 2
61 51 10 7 1 3 4 2 6 0 5
61 51 10 1 3 4 2 6 0 7 5
61 52 9 1 6 3 7 4 5 2 0
61 52 9 2 7 3 4 1 6 0 5
61 52 9 2 3 0 4 1 6 7 5
61 54 7 2 6 3 4 5 1 7 0
61 54 7 1 3 5 4 2 6 0 7
61 55 6 1 2 3 4 6 7 0 5
62 45 17 6 0 3 2 4 7 5 1
62 45 17 0 6 4 1 7 5 3 2
62 45 17 4 1 0 2 6 7 5 3
62 46 16 6 1 0 4 2 7 5 3
62 47 15 6 7 3 1 4 0 5 2
62 47 15 6 3 4 1 0 7 5 2
62 47 15 1 6 4 2 0 7 3 5
62 47 15 0 7 3 1 6 5 2 4
62 48 14 4 0 1 3 6 7 5 2
62 48 14 6 1 3 4 2 0 7 5
62 49 13 1 6 4 3 0 7 5 2
62 49 13 1 3 5 2 6 7 0 4
62 49 13 0 3 5 4 1 7 2 6
62 49 13 2 1 3 0 4 6 5 7
62 50 12 1 0 7 4 6 5 2 3
62 50 12 2 3 0 4 6 7 5 1
62 50 12 2 7 3 4 6 0 5 1
62 50 12 6 0 3 4 1 5 2 7
62 50 12 1 7 0 3 2 6 5 4
62 50 12 2 0 1 4 6 7 3 5
62 50 12 2 1 4 0 6 7 3 5
62 50 12 1 6 5 0 4 7 2 3
62 51 11 7 3 5 4 1 6 0 2
62 51 11 5 6 3 4 1 2 7 0
62 51 11 1 6 3 0 5 4 7 2
62 52 10 1 7 4 2 6 5 3 0
62 52 10 1 6 0 4 5 2 3 7
62 53 9 1 6 3 5 4 2 7 0
62 53 9 1 7 5 4 2 6 0 3
62 53 9 2 1 3 4 7 5 0 6
62 54 8 1 3 5 0 2 6 7 4
62 60 2 1 2 3 4 5 6 7 0