0 0 0 1 6 3 4 0 7 5 2
6 0 6 1 6 3 4 7 0 5 2
6 0 6 1 6 3 4 2 7 5 0
7 0 7 0 6 3 4 1 7 5 2
8 0 8 1 0 3 4 6 7 5 2
9 0 9 1 6 3 0 4 7 5 2
11 6 5 1 0 3 4 7 6 5 2
12 6 6 1 6 3 4 7 5 0 2
12 6 6 1 6 3 4 2 7 0 5
13 6 7 1 6 3 0 2 7 5 4
14 7 7 6 0 3 4 1 7 5 2
14 8 6 1 7 3 4 6 0 5 2
15 6 9 1 6 0 4 2 7 5 3
15 6 9 0 6 3 4 2 7 5 1
15 7 8 2 6 3 4 1 7 5 0
15 8 7 0 1 3 4 6 7 5 2
15 8 7 1 3 0 4 6 7 5 2
15 9 6 1 6 3 2 4 7 5 0
16 7 9 4 6 3 0 1 7 5 2
16 7 9 7 6 3 4 1 0 5 2
17 9 8 1 6 0 3 4 7 5 2
17 11 6 0 1 3 4 7 6 5 2
17 11 6 1 3 0 4 7 6 5 2
17 12 5 1 6 3 4 7 5 2 0
17 12 5 1 6 3 4 2 0 7 5
18 9 9 0 6 3 1 4 7 5 2
18 9 9 1 6 3 5 4 7 0 2
19 12 7 1 6 0 4 7 5 3 2
19 12 7 1 6 0 4 2 7 3 5
19 14 5 1 7 3 4 0 6 5 2
20 13 7 1 6 0 3 2 7 5 4
20 14 6 1 7 3 4 6 5 0 2
21 14 7 6 7 3 4 1 0 5 2
21 15 6 1 6 5 4 2 7 0 3
21 15 6 1 3 5 4 6 7 0 2
21 17 4 1 0 3 4 2 6 7 5
22 13 9 0 6 3 1 2 7 5 4
22 13 9 1 6 3 2 0 7 5 4
22 13 9 1 6 3 5 2 7 0 4
22 14 8 6 3 0 4 1 7 5 2
22 15 7 1 0 6 4 2 7 5 3
22 15 7 1 6 4 0 2 7 5 3
22 15 7 6 0 3 4 2 7 5 1
22 15 7 2 6 3 4 0 7 5 1
22 15 7 2 6 3 4 1 7 0 5
22 15 7 6 1 3 4 0 7 5 2
22 15 7 1 3 4 0 6 7 5 2
22 15 7 1 6 3 2 4 7 0 5
22 16 6 7 0 3 4 1 6 5 2
22 17 5 1 6 3 4 0 2 7 5
23 15 8 2 6 3 0 1 7 5 4
23 15 8 2 1 3 4 6 7 5 0
23 16 7 4 6 3 2 1 7 5 0
23 16 7 7 6 3 4 0 1 5 2
23 16 7 7 6 3 4 1 5 0 2
23 17 6 7 1 3 4 0 6 5 2
23 17 6 1 3 5 4 7 6 0 2
24 15 9 4 6 3 0 2 7 5 1
24 15 9 7 6 3 4 2 0 5 1
24 15 9 4 1 3 0 6 7 5 2
24 15 9 7 1 3 4 6 0 5 2
24 17 7 1 6 5 3 4 7 0 2
24 17 7 2 1 3 4 7 6 5 0
24 17 7 1 3 4 0 7 6 5 2
24 17 7 1 6 3 0 7 5 2 4
24 17 7 1 6 3 4 0 5 2 7
24 18 6 1 6 3 5 4 0 7 2
24 18 6 1 6 3 5 4 7 2 0
24 19 5 1 7 3 4 2 6 5 0
25 15 10 2 6 0 4 1 7 5 3
25 15 10 1 6 0 2 4 7 5 3
25 15 10 0 6 3 2 4 7 5 1
25 16 9 4 6 0 3 1 7 5 2
25 17 8 1 0 6 3 4 7 5 2
25 17 8 4 1 3 0 7 6 5 2
25 19 6 0 7 3 4 1 6 5 2
25 20 5 1 7 3 4 6 5 2 0
26 16 10 4 6 3 1 0 7 5 2
26 16 10 4 6 3 5 1 7 0 2
26 17 9 6 1 3 4 7 0 5 2
26 17 9 1 6 0 4 7 5 2 3
26 17 9 0 6 3 4 7 5 2 1
26 18 8 6 0 3 1 4 7 5 2
26 18 8 1 6 0 5 4 7 3 2
26 19 7 1 0 6 4 7 5 3 2
26 19 7 1 0 6 4 2 7 3 5
26 19 7 1 6 4 0 2 7 3 5
26 20 6 1 6 5 3 2 7 0 4
26 21 5 1 6 5 4 2 7 3 0
26 21 5 1 3 5 4 6 7 2 0
26 21 5 0 1 3 4 2 6 7 5
26 21 5 1 3 0 4 2 6 7 5
26 22 4 1 6 3 4 5 2 7 0
27 18 9 2 6 3 1 4 7 5 0
27 19 8 1 6 4 0 7 5 3 2
27 19 8 1 7 3 0 4 6 5 2
27 20 7 1 0 6 3 2 7 5 4
27 20 7 1 7 0 4 6 5 3 2
27 21 6 1 6 5 4 2 0 7 3
27 21 6 1 3 5 4 6 0 7 2
28 18 10 7 6 3 1 4 0 5 2
28 21 7 6 7 3 4 0 1 5 2
28 21 7 6 7 3 4 1 5 0 2
28 22 6 1 6 3 5 2 0 7 4
28 22 6 1 6 3 5 2 7 4 0
28 22 6 1 6 4 3 2 7 5 0
28 22 6 2 6 3 4 1 0 7 5
28 22 6 1 3 4 2 6 7 5 0
28 22 6 1 6 3 2 4 0 7 5
28 22 6 0 6 3 4 1 2 7 5
28 23 5 1 3 5 4 7 0 6 2
28 23 5 1 3 5 4 7 6 2 0
29 22 7 1 6 3 2 7 0 5 4
29 22 7 1 6 0 5 2 7 3 4
29 22 7 6 3 5 4 1 7 0 2
29 22 7 1 7 6 4 2 0 5 3
29 22 7 6 3 0 4 2 7 5 1
29 22 7 6 7 3 4 2 0 5 1
29 22 7 2 6 3 4 7 0 5 1
29 22 7 6 1 3 4 2 7 5 0
29 22 7 7 3 0 4 1 6 5 2
29 22 7 1 0 3 4 6 2 7 5
29 23 6 7 6 3 4 1 5 2 0
29 23 6 7 1 3 4 2 6 5 0
29 24 5 1 6 3 4 5 0 2 7
29 24 5 1 0 3 5 4 6 7 2
29 24 5 1 7 3 4 2 6 0 5
30 22 8 6 0 3 1 2 7 5 4
30 22 8 2 6 3 1 0 7 5 4
30 22 8 0 6 3 2 1 7 5 4
30 22 8 6 3 4 0 1 7 5 2
30 22 8 0 1 6 4 2 7 5 3
30 22 8 2 6 0 4 1 7 3 5
30 22 8 1 6 0 2 4 7 3 5
30 22 8 1 6 3 0 4 2 7 5
30 23 7 2 1 3 4 6 7 0 5
30 23 7 0 6 3 4 7 1 5 2
30 23 7 7 6 3 4 2 1 5 0
30 24 6 7 0 3 4 2 6 5 1
30 24 6 1 6 5 3 4 7 2 0
30 24 6 2 1 3 4 7 6 0 5
30 24 6 1 3 4 2 7 6 5 0
30 24 6 1 6 3 5 0 4 7 2
30 24 6 1 7 3 0 2 6 5 4
31 22 9 4 6 3 1 2 7 5 0
31 22 9 1 0 3 2 6 7 5 4
31 22 9 0 6 4 1 2 7 5 3
31 22 9 1 6 4 5 2 7 0 3
31 22 9 2 0 3 4 6 7 5 1
31 22 9 0 3 4 1 6 7 5 2
31 22 9 1 3 4 6 0 7 5 2
31 22 9 1 3 4 5 6 7 0 2
31 23 8 2 1 3 0 6 7 5 4
31 23 8 2 1 3 4 0 7 5 6
31 23 8 4 6 3 2 1 7 0 5
31 23 8 7 6 0 4 1 5 3 2
31 24 7 7 6 3 4 0 2 5 1
31 24 7 7 6 3 4 2 5 0 1
31 24 7 4 1 3 2 6 7 5 0
31 24 7 7 1 3 4 6 5 0 2
31 24 7 7 0 3 4 6 1 5 2
31 24 7 1 6 5 3 4 0 7 2
31 24 7 2 1 3 0 7 6 5 4
31 24 7 2 1 3 4 0 6 5 7
31 24 7 0 6 3 4 1 5 2 7
31 24 7 1 6 3 0 4 7 2 5
31 25 6 4 1 3 2 7 6 5 0
31 26 5 1 6 5 3 2 7 4 0
31 26 5 2 1 3 4 0 6 7 5
31 26 5 1 6 3 4 5 2 0 7
31 26 5 1 6 3 0 5 2 7 4
32 22 10 7 6 3 1 2 0 5 4
32 22 10 1 6 4 2 0 7 5 3
32 22 10 2 6 3 0 4 7 5 1
32 22 10 6 1 3 0 4 7 5 2
32 23 9 2 6 0 3 1 7 5 4
32 23 9 4 6 3 2 0 7 5 1
32 23 9 7 1 3 0 4 6 5 2
32 24 8 4 6 0 3 2 7 5 1
32 24 8 1 3 4 7 0 6 5 2
32 24 8 1 6 0 3 7 5 2 4
32 24 8 1 0 3 4 6 5 2 7
32 24 8 1 6 3 5 0 7 2 4
32 24 8 1 7 0 4 2 6 5 3
32 24 8 0 7 3 4 2 6 5 1
32 25 7 1 6 5 2 4 7 0 3
32 25 7 2 7 3 4 1 6 5 0
32 25 7 1 7 3 0 6 5 2 4
32 25 7 1 7 3 4 0 5 2 6
32 26 6 1 6 4 5 2 7 3 0
32 26 6 1 6 5 3 2 0 7 4
32 26 6 1 6 5 0 2 7 3 4
32 26 6 1 3 5 0 6 7 2 4
32 26 6 5 1 3 4 2 6 7 0
32 26 6 1 3 4 0 2 6 7 5
32 26 6 1 3 7 4 2 6 0 5
32 27 5 1 7 3 2 4 6 5 0
32 27 5 1 0 5 4 2 6 7 3
32 27 5 1 3 5 4 0 6 7 2
33 23 10 2 6 3 5 1 7 0 4
33 23 10 2 1 0 4 6 7 5 3
33 23 10 7 6 3 0 4 1 5 2
33 24 9 4 1 0 3 6 7 5 2
33 24 9 2 1 0 4 7 6 5 3
33 24 9 0 3 4 1 7 6 5 2
33 24 9 1 3 4 5 7 6 0 2
33 24 9 0 6 3 1 7 5 2 4
33 24 9 1 6 3 7 0 5 2 4
33 24 9 1 6 3 2 7 5 0 4
33 24 9 1 6 3 0 4 5 2 7
33 25 8 2 0 6 4 1 7 5 3
33 25 8 2 6 5 4 1 7 0 3
33 25 8 1 0 6 2 4 7 5 3
33 25 8 1 6 2 0 4 7 5 3
33 25 8 6 0 3 2 4 7 5 1
33 25 8 4 6 5 3 1 7 0 2
33 25 8 1 7 6 3 4 0 5 2
33 25 8 4 1 0 3 7 6 5 2
33 25 8 4 7 3 0 1 6 5 2
33 26 7 4 6 3 5 1 0 7 2
33 26 7 4 6 3 5 1 7 2 0
33 26 7 6 1 3 4 7 5 0 2
33 26 7 6 0 3 4 7 1 5 2
33 26 7 1 0 6 4 7 5 2 3
33 26 7 1 6 2 4 7 5 0 3
33 26 7 6 0 3 4 7 5 2 1
33 26 7 7 6 3 4 0 5 2 1
33 26 7 1 6 5 0 4 7 3 2
33 26 7 1 5 6 4 7 0 3 2
33 26 7 1 7 6 4 2 0 3 5
33 26 7 1 3 5 4 0 7 2 6
33 26 7 4 1 3 0 2 6 7 5
33 26 7 1 6 0 4 5 2 7 3
33 26 7 0 6 3 4 5 2 7 1
33 27 6 1 6 5 4 0 2 7 3
33 27 6 1 0 5 4 6 3 7 2
33 28 5 1 0 3 5 2 6 7 4
33 28 5 2 0 3 4 1 6 7 5
33 28 5 1 0 3 2 4 6 7 5
33 28 5 1 3 5 4 0 7 6 2
33 29 4 1 2 3 4 6 0 7 5
33 29 4 1 0 3 4 5 6 2 7
34 23 11 4 6 0 2 1 7 5 3
34 24 10 4 6 3 5 2 7 0 1
34 24 10 4 1 3 6 0 7 5 2
34 24 10 4 1 3 5 6 7 0 2
34 24 10 1 6 0 5 4 7 2 3
34 24 10 0 6 3 5 4 7 2 1
34 25 9 2 6 4 0 1 7 5 3
34 25 9 4 0 6 3 1 7 5 2
34 25 9 0 1 6 3 4 7 5 2
34 25 9 4 1 3 7 0 6 5 2
34 25 9 4 1 3 5 7 6 0 2
34 25 9 1 7 0 4 6 5 2 3
34 25 9 0 7 3 4 6 5 2 1
34 26 8 4 6 3 1 7 0 5 2
34 26 8 1 6 4 0 7 5 2 3
34 26 8 6 3 0 1 4 7 5 2
34 26 8 6 7 3 1 4 0 5 2
34 26 8 1 0 6 5 4 7 3 2
34 26 8 0 1 6 4 7 5 3 2
34 26 8 0 1 6 4 2 7 3 5
34 26 8 1 6 5 4 0 7 3 2
34 26 8 6 1 3 4 2 0 7 5
34 27 7 1 6 4 2 7 5 3 0
34 27 7 1 7 0 3 4 6 5 2
34 27 7 1 7 6 3 2 0 5 4
34 27 7 1 0 7 4 6 5 3 2
34 28 6 6 7 3 4 1 5 2 0
34 28 6 1 6 3 5 0 2 7 4
34 28 6 2 6 3 4 0 1 7 5
34 28 6 1 6 3 2 0 4 7 5
34 28 6 6 0 3 4 1 2 7 5
34 28 6 1 0 5 4 7 3 6 2
34 28 6 1 3 5 0 7 6 2 4
35 25 10 7 6 3 2 4 0 5 1
35 26 9 4 6 0 5 1 7 3 2
35 26 9 4 6 3 0 7 5 2 1
35 26 9 5 6 3 4 7 0 2 1
35 26 9 0 6 4 1 2 7 3 5
35 26 9 1 6 4 3 2 7 0 5
35 26 9 0 6 5 4 2 7 3 1
35 26 9 1 3 0 4 6 7 2 5
35 26 9 0 3 5 4 6 7 2 1
35 27 8 2 6 3 1 4 7 0 5
35 27 8 0 7 3 1 4 6 5 2
35 27 8 1 7 3 5 4 6 0 2
35 27 8 0 1 6 3 2 7 5 4
35 27 8 1 7 4 0 6 5 3 2
35 28 7 7 0 3 1 4 6 5 2
35 28 7 0 7 3 4 6 1 5 2
35 28 7 6 7 3 4 2 1 5 0
35 28 7 1 6 3 0 2 7 4 5
35 28 7 1 3 4 2 6 7 0 5
35 28 7 5 6 3 4 1 2 7 0
35 28 7 1 3 5 4 0 6 2 7
35 29 6 1 0 3 2 7 6 5 4
35 29 6 6 3 5 4 1 7 2 0
35 29 6 6 3 5 4 2 7 0 1
35 29 6 2 0 3 4 7 6 5 1
35 29 6 0 1 3 4 6 2 7 5
35 29 6 1 3 0 4 6 2 7 5
35 29 6 7 1 3 4 2 6 0 5
35 29 6 0 1 3 5 4 6 7 2
35 29 6 1 3 0 5 4 6 7 2
35 29 6 1 7 3 4 2 0 6 5
35 29 6 1 7 0 4 2 6 3 5
35 30 5 1 6 3 5 4 2 7 0
35 31 4 2 1 3 4 5 6 7 0
36 26 10 4 0 3 1 6 7 5 2
36 26 10 1 6 4 2 0 7 3 5
36 27 9 1 6 4 7 0 5 3 2
36 28 8 7 6 3 1 0 4 5 2
36 28 8 7 6 3 1 4 5 0 2
36 28 8 6 7 0 4 1 5 3 2
36 28 8 1 6 3 5 0 7 4 2
36 28 8 1 3 4 2 0 7 5 6
36 28 8 4 6 3 0 1 2 7 5
36 28 8 1 3 0 4 7 6 2 5
36 29 7 1 0 6 5 2 7 3 4
36 29 7 6 3 5 4 1 0 7 2
36 29 7 1 7 6 4 0 2 5 3
36 29 7 1 7 6 4 2 5 0 3
36 29 7 6 3 4 0 2 7 5 1
36 29 7 6 7 3 4 0 2 5 1
36 29 7 6 7 3 4 2 5 0 1
36 29 7 2 6 3 4 7 5 0 1
36 29 7 6 1 3 4 2 7 0 5
36 29 7 7 3 5 4 1 6 0 2
36 29 7 7 1 3 0 2 6 5 4
36 30 6 2 1 3 4 6 0 7 5
36 30 6 1 6 3 5 2 4 7 0
36 33 3 1 2 3 4 0 6 7 5
37 27 10 0 6 4 1 7 5 3 2
37 27 10 1 6 4 3 7 5 0 2
37 28 9 1 6 0 5 2 7 4 3
37 28 9 1 6 4 3 0 7 5 2
37 28 9 1 3 0 2 6 7 5 4
37 28 9 0 3 5 4 7 6 2 1
37 29 8 6 1 3 0 2 7 5 4
37 29 8 7 3 4 0 1 6 5 2
37 29 8 7 6 3 0 1 5 2 4
37 29 8 0 1 3 4 2 6 5 7
37 30 7 6 3 0 1 2 7 5 4
37 30 7 6 3 4 2 1 7 5 0
37 30 7 1 6 0 3 4 2 7 5
37 30 7 7 6 3 4 2 1 0 5
37 30 7 7 3 0 4 2 6 5 1
37 30 7 1 6 5 0 4 7 2 3
37 30 7 2 1 3 4 7 0 6 5
37 30 7 2 1 0 4 7 6 3 5
37 30 7 1 3 4 2 7 6 0 5
37 30 7 0 6 3 5 1 4 7 2
37 30 7 1 6 3 0 5 4 7 2
37 30 7 1 7 0 3 2 6 5 4
37 31 6 0 2 3 4 6 7 5 1
37 31 6 1 3 4 6 2 7 5 0
37 31 6 1 3 4 5 6 7 2 0
37 31 6 7 6 3 4 2 5 1 0
37 31 6 7 1 3 4 6 5 2 0
37 31 6 1 6 5 3 0 4 7 2
37 31 6 1 0 5 3 4 6 7 2
37 31 6 1 6 5 0 2 7 4 3
37 31 6 1 6 0 4 5 2 3 7
37 31 6 1 6 0 3 5 2 7 4
37 32 5 1 3 4 7 2 6 5 0
37 32 5 1 7 3 4 5 0 2 6
37 32 5 1 3 4 5 2 6 7 0
37 32 5 1 3 7 4 2 0 6 5
37 32 5 1 3 7 4 2 6 5 0
37 32 5 1 5 0 4 2 6 7 3
37 32 5 1 3 5 4 2 6 7 0
37 33 4 0 2 3 4 1 6 7 5
37 33 4 1 3 5 4 2 7 6 0
38 27 11 2 6 0 1 4 7 5 3
38 28 10 6 7 3 0 4 1 5 2
38 28 10 0 6 3 5 2 7 4 1
38 28 10 0 6 4 3 2 7 5 1
38 28 10 0 3 4 2 6 7 5 1
38 29 9 0 1 3 4 2 7 5 6
38 29 9 7 1 0 4 2 6 5 3
38 30 8 6 7 3 1 2 0 5 4
38 30 8 2 6 3 1 7 0 5 4
38 30 8 6 0 3 2 1 7 5 4
38 30 8 2 1 6 4 0 7 5 3
38 30 8 2 0 6 4 1 7 3 5
38 30 8 1 0 6 2 4 7 3 5
38 30 8 1 6 2 0 4 7 3 5
38 30 8 0 6 3 1 4 2 7 5
38 30 8 2 1 0 4 6 7 3 5
38 30 8 2 6 3 4 7 1 5 0
38 30 8 7 6 3 0 2 1 5 4
38 30 8 1 6 5 3 0 7 2 4
38 30 8 1 3 4 2 0 6 5 7
38 30 8 1 0 3 5 6 4 7 2
38 30 8 0 7 3 1 2 6 5 4
38 30 8 1 7 3 2 0 6 5 4
38 30 8 1 7 3 5 2 6 0 4
38 31 7 1 7 3 2 6 0 5 4
38 31 7 1 6 4 5 2 0 7 3
38 31 7 2 7 3 4 6 0 5 1
38 31 7 1 3 4 6 7 0 5 2
38 31 7 1 3 4 5 6 0 7 2
38 31 7 1 3 0 5 6 7 4 2
38 31 7 2 1 3 4 7 0 5 6
38 31 7 4 6 3 2 1 0 7 5
38 31 7 0 6 3 4 7 2 5 1
38 31 7 7 6 3 4 1 2 5 0
38 31 7 2 1 3 4 6 0 5 7
38 31 7 6 0 3 4 1 5 2 7
38 31 7 4 1 3 2 7 6 0 5
38 31 7 0 6 3 1 5 2 7 4
38 32 6 7 1 3 2 4 6 5 0
38 32 6 1 3 4 7 6 0 5 2
38 32 6 1 5 3 4 6 0 2 7
38 32 6 1 0 7 4 2 6 5 3
38 32 6 1 7 5 4 2 6 0 3
38 32 6 2 7 3 4 0 6 5 1
38 32 6 1 6 5 2 4 7 3 0
38 32 6 2 7 3 4 1 6 0 5
38 32 6 1 0 5 3 2 6 7 4
38 32 6 5 1 3 4 2 6 0 7
38 32 6 5 1 3 0 2 6 7 4
38 32 6 5 1 3 4 0 6 7 2
38 32 6 1 7 3 2 4 6 0 5
38 32 6 0 1 5 4 2 6 7 3
38 32 6 0 3 5 4 1 6 7 2
38 33 5 4 1 3 5 2 6 7 0
38 33 5 1 0 6 4 5 2 7 3
38 33 5 6 0 3 4 5 2 7 1
38 33 5 1 2 3 4 6 7 0 5
38 33 5 0 1 3 4 5 6 2 7
38 33 5 1 3 0 4 5 6 2 7
38 36 2 1 2 3 4 5 6 7 0