0 0 0 7 6 5 1 3 0 4 2
7 0 7 7 6 5 1 3 4 0 2
8 0 8 7 6 5 1 0 3 4 2
8 0 8 7 0 5 1 3 6 4 2
13 7 6 7 6 5 1 3 4 2 0
15 7 8 7 6 0 1 3 4 5 2
15 8 7 7 6 5 1 2 3 4 0
16 8 8 0 6 5 1 7 3 4 2
16 8 8 0 7 5 1 3 6 4 2
16 8 8 7 5 0 1 3 6 4 2
18 8 10 7 0 5 1 6 3 4 2
18 8 10 7 6 5 0 1 3 4 2
20 13 7 7 6 5 0 3 4 2 1
21 13 8 7 6 5 1 0 4 2 3
22 13 9 0 6 5 1 3 4 2 7
22 15 7 7 6 5 1 2 3 0 4
22 15 7 7 6 5 0 2 3 4 1
23 13 10 7 6 0 1 3 4 2 5
23 15 8 7 0 6 1 3 4 5 2
23 15 8 7 6 1 0 3 4 5 2
24 15 9 0 6 5 1 2 3 4 7
24 16 8 6 0 5 1 7 3 4 2
24 16 8 1 6 5 0 7 3 4 2
24 16 8 3 7 5 1 0 6 4 2
24 16 8 1 7 5 0 3 6 4 2
24 16 8 7 5 1 0 3 6 4 2
24 16 8 7 5 4 1 3 6 0 2
25 15 10 7 6 0 1 2 3 4 5
25 16 9 2 6 5 1 7 3 4 0
25 16 9 2 7 5 1 3 6 4 0
25 18 7 7 3 5 1 6 0 4 2
25 18 7 7 6 5 2 1 3 4 0
26 16 10 3 6 5 1 7 0 4 2
26 16 10 6 7 5 1 3 0 4 2
26 18 8 0 7 5 1 6 3 4 2
26 18 8 0 6 5 7 1 3 4 2
27 18 9 7 5 0 1 6 3 4 2
27 18 9 7 6 0 5 1 3 4 2
27 20 7 0 6 5 7 3 4 2 1
28 18 10 7 6 5 4 1 3 0 2
28 20 8 7 6 0 5 3 4 2 1
28 21 7 0 6 5 1 7 4 2 3
29 20 9 7 6 5 3 0 4 2 1
29 20 9 7 6 5 2 3 4 0 1
29 21 8 7 6 5 1 4 0 2 3
29 22 7 6 0 5 1 3 4 2 7
29 22 7 3 6 5 1 0 4 2 7
29 22 7 1 6 5 0 3 4 2 7
29 22 7 7 6 5 1 2 0 3 4
29 22 7 0 6 5 7 2 3 4 1
30 21 9 7 0 5 1 6 4 2 3
30 21 9 7 6 5 0 1 4 2 3
30 22 8 7 6 0 1 2 3 5 4
30 22 8 7 6 0 5 2 3 4 1
30 23 7 7 6 1 2 3 4 5 0
30 24 6 1 6 5 2 7 3 4 0
30 24 6 1 7 5 2 3 6 4 0
31 22 9 7 6 5 4 2 3 0 1
31 23 8 7 0 6 1 3 4 2 5
31 23 8 7 6 1 0 3 4 2 5
31 23 8 7 6 2 1 3 4 0 5
31 23 8 0 7 6 1 3 4 5 2
31 23 8 0 6 1 7 3 4 5 2
31 24 7 6 0 5 1 2 3 4 7
31 24 7 1 6 5 0 2 3 4 7
31 24 7 6 3 5 1 7 0 4 2
31 24 7 3 7 5 1 2 6 4 0
31 24 7 1 7 0 5 3 6 4 2
31 24 7 7 5 1 2 3 6 4 0
31 24 7 7 5 4 1 3 6 2 0
31 25 6 7 3 5 1 6 4 0 2
32 22 10 4 6 5 1 3 0 2 7
32 22 10 7 6 5 2 0 3 4 1
32 23 9 7 4 6 1 3 0 5 2
32 24 8 2 6 5 1 0 3 4 7
32 24 8 1 6 0 5 7 3 4 2
32 24 8 1 6 5 7 0 3 4 2
32 24 8 3 7 5 1 6 0 4 2
32 24 8 1 7 5 4 3 6 0 2
32 24 8 7 5 4 1 3 0 6 2
32 25 7 7 3 5 1 0 6 4 2
33 23 10 7 6 1 3 0 4 5 2
33 23 10 7 6 1 5 3 4 0 2
33 24 9 3 6 5 1 2 0 4 7
33 24 9 6 5 0 1 7 3 4 2
33 24 9 1 6 5 4 7 3 0 2
33 24 9 1 7 5 3 0 6 4 2
33 24 9 0 5 1 7 3 6 4 2
33 24 9 7 5 1 4 3 6 0 2
33 25 8 7 0 6 1 2 3 4 5
33 25 8 7 6 1 0 2 3 4 5
33 25 8 7 6 4 1 2 3 0 5
33 25 8 2 6 5 1 7 3 0 4
33 25 8 2 6 5 0 7 3 4 1
33 25 8 2 7 5 1 3 6 0 4
33 25 8 2 7 5 0 3 6 4 1
33 25 8 7 6 5 2 1 3 0 4
33 26 7 3 6 5 1 7 4 0 2
33 26 7 6 7 5 1 3 4 0 2
33 26 7 6 0 5 7 1 3 4 2
33 27 6 6 0 5 7 3 4 2 1
33 27 6 3 6 5 7 0 4 2 1
33 27 6 1 6 5 7 3 4 2 0
34 24 10 3 0 5 1 7 6 4 2
34 24 10 3 7 5 0 1 6 4 2
34 24 10 7 5 1 3 0 6 4 2
34 25 9 2 7 5 1 0 6 4 3
34 26 8 3 6 5 1 0 7 4 2
34 26 8 6 7 5 1 0 3 4 2
34 26 8 6 0 5 1 3 7 4 2
34 26 8 1 7 5 0 6 3 4 2
34 26 8 2 6 5 7 1 3 4 0
35 25 10 2 7 0 1 3 6 4 5
35 25 10 0 6 5 2 1 3 4 7
35 26 9 2 7 5 1 6 3 4 0
35 26 9 3 6 5 7 1 0 4 2
35 28 7 7 6 5 4 1 3 2 0
35 28 7 6 0 5 1 7 4 2 3
35 28 7 1 6 5 0 7 4 2 3
35 29 6 7 6 5 2 3 4 1 0
35 29 6 6 0 5 7 2 3 4 1
35 29 6 1 6 5 7 2 3 4 0
36 25 11 2 6 0 1 7 3 4 5
36 25 11 7 6 0 2 1 3 4 5
36 27 9 7 5 1 0 6 3 4 2
36 27 9 7 5 4 1 6 3 0 2
36 27 9 7 0 6 5 1 3 4 2
36 27 9 7 6 4 5 1 3 0 2
36 27 9 4 6 5 7 3 0 2 1
36 28 8 7 6 5 4 1 0 3 2
36 28 8 7 6 0 4 1 3 5 2
36 28 8 7 0 6 5 3 4 2 1
36 28 8 7 6 2 5 3 4 0 1
36 28 8 3 6 5 1 7 4 2 0
36 29 7 0 6 5 3 7 4 2 1
36 29 7 7 6 5 3 1 4 2 0
36 29 7 1 6 0 5 3 4 2 7
36 29 7 7 0 5 1 2 6 3 4
36 29 7 2 6 5 7 0 3 4 1
36 31 5 7 3 5 1 6 4 2 0
37 29 8 7 6 5 3 4 0 2 1
37 29 8 7 6 5 2 3 0 4 1
37 29 8 7 6 0 2 3 4 5 1
37 29 8 7 6 5 1 4 2 0 3
37 29 8 7 0 5 1 4 6 2 3
37 29 8 6 5 0 1 3 4 2 7
37 29 8 6 4 5 1 3 0 2 7
37 29 8 3 6 5 1 4 0 2 7
37 29 8 1 6 5 3 0 4 2 7
37 29 8 1 6 5 2 3 4 0 7
37 29 8 7 6 5 1 0 2 3 4
37 29 8 3 6 5 7 2 0 4 1
37 30 7 0 7 5 1 6 4 2 3
37 30 7 0 6 5 7 1 4 2 3
37 30 7 1 6 5 2 7 3 0 4
37 30 7 1 7 5 2 3 6 0 4
37 31 6 7 6 5 4 2 3 1 0
37 31 6 6 3 5 1 2 0 4 7
37 31 6 6 3 5 1 7 4 0 2
37 32 5 1 7 5 4 3 6 2 0
38 28 10 4 6 5 1 7 0 2 3
38 29 9 7 0 5 3 6 4 2 1
38 29 9 3 0 5 1 6 4 2 7
38 29 9 3 6 5 0 1 4 2 7
38 30 8 7 5 0 1 6 4 2 3
38 30 8 7 4 5 1 6 0 2 3
38 30 8 7 6 0 5 1 4 2 3
38 30 8 7 0 6 1 2 3 5 4
38 30 8 7 6 1 0 2 3 5 4
38 30 8 7 0 6 5 2 3 4 1
38 30 8 7 6 4 5 2 3 0 1
38 30 8 7 6 1 2 3 4 0 5
38 30 8 1 6 5 2 0 3 4 7
38 30 8 1 7 5 2 0 6 4 3
38 31 7 7 6 5 4 2 0 3 1
38 31 7 7 6 1 5 3 4 2 0
38 31 7 7 6 2 1 3 4 5 0
38 31 7 6 0 1 7 3 4 5 2
38 31 7 3 6 1 7 0 4 5 2
38 31 7 1 6 0 5 2 3 4 7
38 31 7 6 3 5 1 0 7 4 2
38 31 7 3 7 5 1 2 6 0 4
38 31 7 3 7 5 0 2 6 4 1
38 31 7 1 0 7 5 3 6 4 2
38 31 7 1 7 4 5 3 6 0 2
38 31 7 7 3 0 1 6 4 5 2
38 32 6 1 6 5 7 3 0 4 2
38 32 6 1 7 5 4 3 0 6 2
38 32 6 1 7 0 4 3 6 5 2
38 32 6 7 3 5 1 2 6 4 0
38 33 5 1 6 5 7 3 4 0 2
39 30 9 7 6 5 2 1 4 0 3
39 30 9 7 6 1 2 0 4 5 3
39 30 9 1 7 0 2 3 6 4 5
39 31 8 7 6 0 4 2 3 5 1
39 31 8 0 7 6 1 3 4 2 5
39 31 8 0 6 1 7 3 4 2 5
39 31 8 3 7 6 1 0 4 5 2
39 31 8 1 7 6 0 3 4 5 2
39 31 8 2 6 1 7 3 4 5 0
39 31 8 6 5 0 1 2 3 4 7
39 31 8 1 6 5 4 2 3 0 7
39 31 8 7 5 1 2 3 6 0 4
39 31 8 7 5 4 0 3 6 2 1
39 32 7 3 7 5 1 6 4 0 2
39 32 7 0 3 5 1 7 6 4 2
39 33 6 3 6 5 1 2 4 0 7
39 33 6 1 6 5 4 7 3 2 0
39 33 6 1 7 5 3 2 6 4 0
39 33 6 7 5 1 4 3 6 2 0
39 33 6 6 7 5 1 3 4 2 0
39 33 6 6 3 5 7 1 0 4 2
39 33 6 3 6 5 7 1 4 2 0
39 33 6 1 6 5 7 0 4 2 3
40 30 10 0 6 1 2 3 4 5 7
40 30 10 1 6 0 2 7 3 4 5
40 30 10 0 6 5 2 7 3 4 1
40 30 10 0 7 5 2 3 6 4 1
40 31 9 7 4 6 1 3 0 2 5
40 31 9 7 6 2 1 3 0 4 5
40 31 9 2 7 6 1 3 4 5 0
40 31 9 0 7 5 1 2 6 4 3
40 31 9 7 5 1 2 0 6 4 3
40 31 9 7 5 4 1 0 6 2 3
40 32 8 4 6 5 1 0 3 2 7
40 32 8 4 6 5 1 3 2 0 7
40 32 8 4 0 5 1 3 6 2 7
40 32 8 2 6 5 1 3 0 4 7
40 32 8 1 0 6 5 7 3 4 2
40 32 8 1 6 4 5 7 3 0 2
40 32 8 1 0 5 7 6 3 4 2
40 32 8 3 0 5 1 6 7 4 2
40 32 8 7 5 4 1 0 3 6 2
40 32 8 7 0 4 1 3 5 6 2
40 33 7 7 6 1 3 2 4 5 0
40 33 7 3 0 5 1 2 6 4 7
40 33 7 1 6 5 4 7 0 3 2
40 33 7 1 6 0 4 7 3 5 2
40 33 7 1 7 5 3 6 0 4 2
40 33 7 7 5 0 4 3 6 1 2
40 33 7 7 3 6 1 2 0 4 5
40 33 7 7 6 1 5 2 3 4 0
40 33 7 7 6 4 1 2 3 5 0
40 33 7 2 7 5 1 3 0 6 4
40 33 7 6 5 0 7 3 4 2 1
40 33 7 6 4 5 7 3 0 2 1
40 33 7 3 6 5 7 4 0 2 1
40 34 6 1 7 5 2 6 3 4 0
40 35 5 1 6 5 3 7 4 2 0
40 35 5 6 3 5 7 2 0 4 1
40 35 5 1 6 5 7 2 3 0 4
41 31 10 7 6 1 3 0 4 2 5
41 31 10 4 6 1 7 3 0 5 2
41 31 10 3 7 0 1 2 6 4 5
41 31 10 7 5 0 2 3 6 4 1
41 31 10 0 5 1 2 3 6 4 7
41 31 10 7 5 0 1 3 6 2 4
41 31 10 0 5 4 1 3 6 2 7
41 32 9 7 4 6 1 0 3 5 2
41 32 9 7 4 6 1 3 5 0 2
41 32 9 7 3 5 0 1 6 4 2
41 33 8 0 6 1 3 7 4 5 2
41 33 8 7 6 0 5 3 4 1 2
41 33 8 3 6 5 1 0 2 4 7
41 33 8 0 7 5 3 1 6 4 2
41 33 8 5 0 1 7 3 6 4 2
41 33 8 3 5 1 7 0 6 4 2
41 33 8 7 5 1 4 3 0 6 2
41 33 8 0 7 6 1 2 3 4 5
41 33 8 0 6 1 7 2 3 4 5
41 33 8 7 6 4 1 2 0 3 5
41 33 8 2 6 5 1 7 0 3 4
41 33 8 2 7 0 1 3 6 5 4
41 33 8 2 7 0 5 3 6 4 1
41 33 8 7 6 5 2 1 0 3 4
41 33 8 3 6 0 1 7 4 5 2
41 33 8 6 7 0 1 3 4 5 2
41 33 8 6 5 0 7 1 3 4 2
41 33 8 3 0 5 7 6 4 2 1
41 33 8 1 6 0 7 3 4 2 5
41 34 7 3 7 5 2 1 6 4 0
41 34 7 3 6 5 1 2 7 4 0
41 34 7 6 7 5 1 2 3 4 0
41 34 7 2 6 5 7 1 3 0 4
41 35 6 3 6 5 7 1 4 0 2
42 31 11 4 7 6 1 3 0 5 2
42 32 10 7 0 5 2 6 3 4 1
42 32 10 2 0 5 1 6 3 4 7
42 32 10 2 6 5 0 1 3 4 7
42 33 9 7 6 1 3 4 0 5 2
42 33 9 7 6 1 5 3 0 4 2
42 33 9 6 5 1 0 7 3 4 2
42 33 9 6 5 4 1 7 3 0 2
42 33 9 1 0 5 3 7 6 4 2
42 33 9 2 5 1 7 3 6 4 0
42 33 9 2 6 0 1 7 3 5 4
42 33 9 2 6 0 5 7 3 4 1
42 33 9 2 7 5 4 3 6 0 1
42 33 9 7 6 0 2 1 3 5 4
42 33 9 3 6 5 0 7 4 2 1
42 34 8 3 5 0 1 7 6 4 2
42 34 8 3 7 0 5 1 6 4 2
42 34 8 0 5 1 3 7 6 4 2
42 34 8 7 5 1 3 2 6 4 0
42 34 8 2 7 5 1 6 0 4 3
42 34 8 0 6 5 1 3 7 4 2
42 34 8 1 7 0 5 6 3 4 2
42 35 7 3 6 5 7 0 1 4 2
42 35 7 3 0 5 7 1 6 4 2
42 35 7 1 6 0 5 7 4 2 3
42 35 7 7 6 5 0 3 4 1 2
42 35 7 6 5 0 7 2 3 4 1
42 36 6 7 3 5 0 6 4 2 1
42 37 5 1 6 5 2 3 4 7 0
42 37 5 3 6 5 7 2 4 0 1
42 37 5 6 3 5 1 2 4 0 7
42 37 5 6 3 5 1 7 4 2 0
43 33 10 7 0 1 3 6 4 5 2
43 33 10 6 5 1 7 3 0 4 2
43 33 10 7 6 1 4 2 3 0 5
43 33 10 2 6 5 4 7 3 0 1
43 33 10 2 7 5 3 0 6 4 1
43 34 9 3 7 5 4 1 6 0 2
43 34 9 7 5 1 3 6 0 4 2
43 34 9 7 0 1 3 5 6 4 2
43 34 9 6 5 0 1 3 7 4 2
43 34 9 1 7 5 6 0 3 4 2
43 34 9 1 7 5 4 6 3 0 2
43 35 8 2 0 7 1 3 6 4 5
43 35 8 2 7 1 0 3 6 4 5
43 35 8 2 7 4 1 3 6 0 5
43 35 8 6 0 5 2 1 3 4 7
43 35 8 2 7 5 1 6 3 0 4
43 35 8 2 7 5 0 6 3 4 1
43 35 8 7 6 5 0 1 3 2 4
43 35 8 6 5 0 1 7 4 2 3
43 35 8 6 4 5 1 7 0 2 3
43 35 8 1 6 5 2 7 4 0 3
43 35 8 7 6 5 2 0 4 1 3
43 35 8 1 6 0 7 2 3 4 5
43 36 7 4 6 5 7 0 3 2 1
43 36 7 4 6 5 7 3 2 0 1
43 36 7 4 0 5 7 3 6 2 1
43 36 7 7 0 5 4 1 6 3 2
43 36 7 7 6 2 5 3 4 1 0
43 36 7 6 0 5 3 7 4 2 1
43 36 7 7 6 5 3 1 4 0 2
43 36 7 1 0 6 5 3 4 2 7
43 36 7 1 6 2 5 3 4 0 7
43 36 7 0 7 5 1 2 6 3 4
43 36 7 2 6 5 7 3 0 4 1
43 36 7 7 3 5 1 0 4 2 6
43 37 6 3 0 5 7 2 6 4 1
43 37 6 6 0 5 7 1 4 2 3
43 37 6 1 7 5 2 3 0 6 4
44 33 11 7 6 1 2 0 3 4 5
44 34 10 2 0 5 1 7 6 4 3
44 34 10 2 7 5 0 1 6 4 3
44 34 10 3 6 5 0 1 7 4 2
44 34 10 6 7 5 0 1 3 4 2
44 34 10 2 6 0 7 1 3 4 5
44 35 9 2 7 5 1 0 3 4 6
44 35 9 7 6 5 4 0 3 2 1
44 35 9 0 6 5 2 3 4 1 7
44 36 8 7 5 1 2 6 3 4 0
44 36 8 7 5 4 1 6 3 2 0
44 36 8 7 3 6 5 1 0 4 2
44 36 8 7 6 4 5 1 3 2 0
44 36 8 7 6 5 4 0 1 3 2
44 36 8 7 0 6 4 1 3 5 2
44 36 8 0 7 6 5 3 4 2 1
44 36 8 7 5 0 1 2 6 3 4
44 36 8 0 3 5 1 6 4 2 7
44 37 7 7 6 5 1 4 2 3 0
44 37 7 1 6 5 3 4 0 2 7
44 37 7 0 6 5 3 1 4 2 7
44 37 7 1 6 5 2 3 0 4 7
44 37 7 1 6 0 2 3 4 5 7
44 37 7 3 6 5 7 0 2 4 1
44 37 7 6 7 5 1 0 4 2 3
44 37 7 1 7 5 0 6 4 2 3
44 37 7 1 6 5 2 7 0 3 4
44 37 7 1 7 0 2 3 6 5 4
44 37 7 7 6 5 0 2 3 1 4
44 37 7 6 3 5 1 0 2 4 7
44 37 7 6 3 0 1 7 4 5 2
44 37 7 1 7 5 0 3 6 2 4
44 37 7 1 7 5 4 0 6 2 3
44 38 6 3 6 1 7 2 4 5 0
44 38 6 6 3 5 1 2 7 4 0
44 38 6 3 7 5 1 2 0 6 4
44 38 6 1 7 4 5 3 6 2 0
44 38 6 1 0 5 7 3 6 4 2
44 38 6 1 7 5 4 0 3 6 2
44 38 6 1 0 5 4 3 7 6 2
44 38 6 1 0 7 4 3 6 5 2
44 38 6 7 3 5 1 2 6 0 4
44 38 6 7 3 5 0 2 6 4 1
44 38 6 1 6 0 7 3 4 5 2
44 39 5 1 6 5 4 2 3 7 0
44 39 5 3 6 5 1 2 4 7 0
44 39 5 6 3 5 7 1 4 0 2
44 40 4 6 3 5 7 2 4 0 1
45 35 10 3 6 5 2 1 0 4 7
45 35 10 7 6 0 4 1 3 2 5
45 35 10 0 6 5 4 1 3 2 7
45 35 10 7 6 0 2 3 4 1 5
45 36 9 2 0 6 1 7 3 4 5
45 36 9 2 6 1 0 7 3 4 5
45 36 9 2 6 4 1 7 3 0 5
45 36 9 7 0 6 2 1 3 4 5
45 36 9 7 6 2 0 1 3 4 5
45 36 9 7 6 4 2 1 3 0 5
45 36 9 0 5 1 7 6 3 4 2
45 36 9 7 5 4 1 6 0 3 2
45 36 9 0 7 6 5 1 3 4 2
45 36 9 7 6 4 5 1 0 3 2
45 36 9 7 6 4 0 1 3 5 2
45 36 9 7 4 6 5 3 0 2 1
45 36 9 7 6 2 5 3 0 4 1
45 36 9 2 0 5 7 6 3 4 1
45 36 9 7 3 0 1 6 4 2 5
45 37 8 7 6 5 3 4 2 0 1
45 37 8 7 0 5 3 4 6 2 1
45 37 8 7 0 5 2 3 6 4 1
45 37 8 7 0 6 2 3 4 5 1
45 37 8 7 6 2 0 3 4 5 1
45 37 8 0 7 5 1 4 6 2 3
45 37 8 7 5 0 1 4 6 2 3
45 37 8 6 5 1 0 3 4 2 7
45 37 8 6 5 2 1 3 4 0 7
45 37 8 6 4 5 1 0 3 2 7
45 37 8 6 4 5 1 3 2 0 7
45 37 8 3 6 5 1 4 2 0 7
45 37 8 3 0 5 1 4 6 2 7
45 37 8 1 0 5 3 6 4 2 7
45 37 8 0 6 5 1 7 2 3 4
45 37 8 3 7 5 1 6 4 2 0
45 37 8 1 6 0 2 7 3 5 4
45 37 8 1 7 0 4 3 6 2 5
45 38 7 0 7 5 3 6 4 2 1
45 38 7 7 3 6 1 2 0 5 4
45 38 7 7 6 1 4 2 3 5 0
45 38 7 7 3 6 5 2 0 4 1
45 38 7 7 6 4 5 2 3 1 0
45 38 7 1 7 5 2 6 0 4 3
45 38 7 7 0 5 4 2 6 3 1
45 38 7 6 1 0 7 3 4 5 2
45 38 7 1 0 6 5 2 3 4 7
45 38 7 1 6 4 5 2 3 0 7
45 38 7 0 3 5 1 6 7 4 2
45 38 7 1 7 4 5 3 0 6 2
45 38 7 7 3 1 0 6 4 5 2
45 38 7 1 7 4 0 3 6 5 2
45 39 6 7 6 5 2 1 4 3 0
45 39 6 1 7 6 2 3 4 5 0
45 39 6 1 6 5 4 2 0 3 7
45 39 6 1 7 5 3 2 6 0 4
45 39 6 1 7 5 0 2 6 4 3
45 39 6 6 3 5 7 0 1 4 2
45 39 6 1 6 5 7 4 0 2 3
45 40 5 1 3 5 7 6 0 4 2
45 40 5 1 6 5 7 2 0 3 4
46 35 11 2 7 0 1 6 3 4 5
46 36 10 7 5 1 4 6 3 0 2
46 36 10 3 6 0 1 7 4 2 5
46 36 10 4 6 5 3 7 0 2 1
46 36 10 7 6 0 3 1 4 2 5
46 37 9 7 6 0 1 4 2 5 3
46 37 9 4 6 5 7 1 0 2 3
46 37 9 7 6 5 4 0 3 1 2
46 37 9 0 6 5 4 2 3 1 7
46 37 9 0 7 5 4 3 6 2 1
46 38 8 4 6 5 1 0 7 2 3
46 38 8 4 6 5 1 7 2 0 3
46 38 8 4 0 5 1 7 6 2 3
46 38 8 7 5 0 3 6 4 2 1
46 38 8 7 4 5 3 6 0 2 1
46 38 8 3 5 0 1 6 4 2 7
46 38 8 3 4 5 1 6 0 2 7
46 38 8 3 6 0 5 1 4 2 7
46 38 8 7 5 1 0 6 4 2 3
46 38 8 7 5 2 1 6 4 0 3
46 38 8 7 4 5 1 0 6 2 3
46 38 8 7 4 5 1 6 2 0 3
46 38 8 7 0 6 5 1 4 2 3
46 38 8 7 6 2 5 1 4 0 3
46 38 8 0 7 6 1 2 3 5 4
46 38 8 0 6 1 7 2 3 5 4
46 38 8 0 7 6 5 2 3 4 1
46 38 8 7 6 4 5 2 0 3 1
46 38 8 0 7 5 2 1 6 4 3
46 38 8 7 6 5 4 0 2 3 1
46 38 8 6 4 1 7 3 0 5 2
46 38 8 3 6 1 7 4 0 5 2
46 38 8 3 7 0 1 2 6 5 4
46 38 8 3 7 0 5 2 6 4 1
46 38 8 0 7 5 3 2 6 4 1
46 38 8 0 1 7 5 3 6 4 2
46 38 8 1 6 7 5 3 0 4 2
46 38 8 7 0 3 1 6 4 5 2
46 38 8 0 3 5 1 2 6 4 7
46 39 7 1 0 7 2 3 6 4 5
46 39 7 1 7 2 0 3 6 4 5
46 39 7 1 7 4 2 3 6 0 5
46 39 7 6 0 1 7 3 4 2 5
46 39 7 3 6 1 7 0 4 2 5
46 39 7 3 7 6 1 2 4 5 0
46 39 7 1 7 0 6 3 4 5 2
46 39 7 2 6 1 7 3 4 0 5
46 39 7 1 6 0 4 2 3 5 7
46 39 7 7 5 0 4 3 6 2 1
46 39 7 1 3 5 0 7 6 4 2
46 39 7 3 6 0 1 2 4 5 7
46 39 7 1 6 5 0 7 3 2 4
46 39 7 6 7 5 0 3 4 2 1
46 39 7 1 0 5 7 6 4 2 3
46 40 6 1 0 5 4 7 6 3 2
46 40 6 1 7 5 3 6 4 0 2
46 40 6 7 3 6 1 2 4 0 5
46 40 6 1 6 5 3 7 4 0 2
46 40 6 6 3 5 7 0 2 4 1
46 40 6 1 6 0 7 2 3 5 4
46 41 5 0 3 5 7 6 4 2 1
46 42 4 3 6 5 7 2 4 1 0
46 42 4 6 3 5 1 2 4 7 0
47 36 11 7 5 1 6 0 3 4 2
47 37 10 7 0 5 1 6 2 3 4
47 37 10 7 6 5 0 1 2 3 4
47 37 10 4 7 5 1 6 0 2 3
47 37 10 7 6 0 4 2 3 1 5
47 38 9 3 6 5 2 1 4 0 7
47 38 9 7 6 1 2 3 0 4 5
47 38 9 1 0 5 2 6 3 4 7
47 38 9 1 0 5 2 7 6 4 3
47 38 9 7 6 1 5 0 4 2 3
47 38 9 7 6 2 1 0 4 5 3
47 38 9 3 0 1 7 6 4 5 2
47 38 9 6 3 5 0 1 7 4 2
47 38 9 3 7 5 4 2 6 0 1
47 38 9 7 3 0 1 2 6 4 5
47 39 8 7 6 5 2 1 0 4 3
47 39 8 7 6 0 2 1 4 5 3
47 39 8 0 6 1 2 7 4 5 3
47 39 8 7 0 6 4 2 3 5 1
47 39 8 7 6 4 0 2 3 5 1
47 39 8 3 7 6 1 0 4 2 5
47 39 8 1 7 6 0 3 4 2 5
47 39 8 5 6 1 7 3 4 2 0
47 39 8 2 6 1 0 3 4 5 7
47 39 8 2 6 1 7 0 4 5 3
47 39 8 6 5 1 0 2 3 4 7
47 39 8 6 5 4 1 2 3 0 7
47 39 8 7 5 1 2 3 0 6 4
47 39 8 7 5 0 2 3 6 1 4
47 39 8 3 7 0 1 6 4 5 2
47 39 8 2 3 5 1 7 6 4 0
47 39 8 1 6 5 4 0 3 2 7
47 39 8 7 5 1 0 3 6 2 4
47 39 8 7 5 1 4 0 6 2 3
47 40 7 7 0 5 1 2 6 4 3
47 40 7 4 6 5 1 3 2 7 0
47 40 7 2 6 5 1 3 4 0 7
47 40 7 1 3 6 5 7 0 4 2
47 40 7 1 6 4 5 7 3 2 0
47 40 7 0 1 5 7 6 3 4 2
47 40 7 1 5 0 7 6 3 4 2
47 40 7 7 5 4 1 2 3 6 0
47 40 7 7 6 1 3 2 4 0 5
47 40 7 7 6 1 0 2 4 5 3
47 40 7 1 6 5 4 0 7 3 2
47 40 7 1 0 6 4 7 3 5 2
47 40 7 1 0 5 3 6 7 4 2
47 40 7 7 0 5 4 3 6 1 2
47 40 7 2 7 5 1 0 3 6 4
47 40 7 2 0 5 1 3 7 6 4
47 40 7 6 5 2 7 3 4 0 1
47 40 7 6 4 5 7 0 3 2 1
47 40 7 6 4 5 7 3 2 0 1
47 40 7 3 6 5 7 4 2 0 1
47 40 7 3 0 5 7 4 6 2 1
47 40 7 1 7 5 2 6 3 0 4
47 41 6 7 3 5 2 1 6 4 0
47 41 6 1 0 6 7 3 4 2 5
47 41 6 1 6 2 7 3 4 0 5
47 44 3 6 3 5 7 2 4 1 0
48 38 10 7 6 1 5 2 3 0 4
48 38 10 0 6 1 5 3 4 2 7
48 38 10 0 6 2 1 3 4 5 7
48 38 10 3 6 1 0 7 4 5 2
48 38 10 3 7 5 2 0 6 4 1
48 39 9 7 6 1 2 4 0 5 3
48 39 9 5 7 6 1 3 4 2 0
48 39 9 3 7 6 1 4 0 5 2
48 39 9 1 7 6 3 0 4 5 2
48 39 9 1 7 6 5 3 4 0 2
48 39 9 2 6 0 7 3 4 5 1
48 39 9 0 5 4 7 3 6 2 1
48 39 9 1 6 0 4 7 3 2 5
48 39 9 1 7 0 3 2 6 4 5
48 39 9 0 5 1 4 3 6 2 7
48 39 9 0 7 5 1 3 4 2 6
48 39 9 3 6 0 7 1 4 2 5
48 40 8 6 0 1 2 3 4 5 7
48 40 8 3 6 1 2 0 4 5 7
48 40 8 1 0 6 2 7 3 4 5
48 40 8 1 6 2 0 7 3 4 5
48 40 8 1 6 4 2 7 3 0 5
48 40 8 6 0 5 2 7 3 4 1
48 40 8 7 0 2 1 3 6 4 5
48 40 8 2 7 6 1 3 4 0 5
48 40 8 2 7 6 0 3 4 5 1
48 40 8 0 5 1 2 7 6 4 3
48 40 8 0 5 4 1 7 6 2 3
48 40 8 0 6 5 1 4 3 2 7
48 40 8 4 6 5 1 7 3 2 0
48 40 8 0 4 5 1 3 6 2 7
48 40 8 4 5 0 1 3 6 2 7
48 40 8 2 0 5 1 3 6 4 7
48 40 8 1 6 4 5 7 0 3 2
48 40 8 0 5 4 1 7 3 6 2
48 40 8 0 7 4 1 3 5 6 2
48 40 8 7 4 0 1 3 5 6 2
48 40 8 3 5 0 1 2 6 4 7
48 40 8 1 6 4 0 7 3 5 2
48 40 8 7 5 4 0 3 6 1 2
48 40 8 7 3 6 1 0 2 4 5
48 40 8 6 5 7 0 3 4 2 1
48 40 8 1 7 5 2 0 3 4 6
48 41 7 0 3 5 7 1 6 4 2
48 41 7 3 5 1 7 2 6 4 0
48 41 7 6 0 1 7 2 3 4 5
48 41 7 3 5 0 7 6 4 2 1
48 41 7 3 4 5 7 6 0 2 1
48 41 7 1 6 7 0 3 4 2 5
48 41 7 3 6 5 1 2 7 0 4
48 41 7 3 6 5 0 2 7 4 1
48 41 7 6 7 5 1 2 3 0 4
48 41 7 6 7 5 0 2 3 4 1
48 41 7 2 6 5 7 1 0 3 4
48 41 7 3 6 0 7 1 4 5 2
48 42 6 2 7 5 4 3 6 1 0
48 42 6 3 6 5 7 2 1 4 0
48 42 6 1 6 5 0 3 4 7 2
48 42 6 3 6 0 7 2 4 5 1
48 42 6 6 3 0 1 2 4 5 7
48 42 6 6 3 5 0 7 4 2 1
48 43 5 1 6 5 2 7 4 3 0
48 43 5 0 3 5 7 2 6 4 1
48 44 4 6 3 5 7 1 4 2 0
49 38 11 7 6 1 2 0 3 5 4
49 39 10 7 0 1 2 6 4 5 3
49 39 10 4 6 1 7 3 0 2 5
49 39 10 3 0 6 1 7 4 5 2
49 39 10 3 7 6 0 1 4 5 2
49 39 10 7 5 4 3 0 6 2 1
49 39 10 7 5 4 2 3 6 0 1
49 39 10 0 6 5 4 7 3 2 1
49 39 10 6 7 0 1 3 4 2 5
49 40 9 7 4 6 1 0 3 2 5
49 40 9 7 4 6 1 3 2 0 5
49 40 9 7 6 2 1 0 3 4 5
49 40 9 2 7 6 1 0 4 5 3
49 40 9 6 7 5 1 2 0 4 3
49 40 9 7 5 1 2 6 0 4 3
49 40 9 7 0 1 2 5 6 4 3
49 40 9 7 5 4 1 6 0 2 3
49 40 9 7 0 4 1 5 6 2 3
49 40 9 4 6 0 1 3 2 5 7
49 40 9 0 1 6 5 7 3 4 2
49 40 9 3 5 0 1 6 7 4 2
49 40 9 7 6 0 3 2 4 5 1
49 40 9 0 6 1 3 2 4 5 7
49 40 9 1 6 0 3 7 4 2 5
49 41 8 0 6 1 3 7 4 2 5
49 41 8 7 6 1 3 5 4 2 0
49 41 8 4 6 1 7 0 3 5 2
49 41 8 4 6 1 7 3 5 0 2
49 41 8 4 0 1 7 3 6 5 2
49 41 8 3 0 7 1 2 6 4 5
49 41 8 3 7 1 0 2 6 4 5
49 41 8 3 7 4 1 2 6 0 5
49 41 8 7 5 2 0 3 6 4 1
49 41 8 5 0 1 2 3 6 4 7
49 41 8 3 5 1 2 0 6 4 7
49 41 8 7 0 5 1 3 6 2 4
49 41 8 7 5 2 1 3 6 0 4
49 41 8 5 0 4 1 3 6 2 7
49 41 8 3 5 4 1 0 6 2 7
49 41 8 1 5 4 0 3 6 2 7
49 41 8 7 4 6 1 2 3 5 0
49 41 8 7 4 6 1 3 5 2 0
49 41 8 7 3 0 5 1 6 4 2
49 41 8 6 0 1 3 7 4 5 2
49 41 8 7 0 6 5 3 4 1 2
49 41 8 0 6 5 1 3 2 4 7
49 41 8 3 6 5 1 7 2 4 0
49 41 8 7 0 5 3 1 6 4 2
49 41 8 5 1 0 7 3 6 4 2
49 41 8 5 6 1 7 3 0 4 2
49 41 8 3 5 1 7 6 0 4 2
49 41 8 7 5 1 4 0 3 6 2
49 41 8 7 0 1 4 3 5 6 2
49 41 8 1 7 6 0 2 3 4 5
49 41 8 2 6 1 7 0 3 4 5
49 41 8 5 6 1 7 2 3 4 0
49 41 8 7 0 4 1 2 6 3 5
49 41 8 2 6 5 1 0 7 3 4
49 41 8 2 0 5 1 7 6 3 4
49 41 8 2 0 7 1 3 6 5 4
49 41 8 2 7 1 0 3 6 5 4
49 41 8 2 0 7 5 3 6 4 1
49 41 8 2 7 4 5 3 6 0 1
49 41 8 7 6 5 2 0 1 3 4
49 41 8 7 0 5 2 1 6 3 4
49 41 8 6 0 7 1 3 4 5 2
49 41 8 6 7 1 0 3 4 5 2
49 41 8 6 5 4 7 1 3 0 2
49 41 8 3 7 5 2 1 6 0 4
49 41 8 2 6 0 7 1 3 5 4
49 42 7 7 3 5 2 6 0 4 1
49 42 7 2 3 5 1 6 0 4 7
49 42 7 1 5 0 3 7 6 4 2
49 42 7 1 6 5 3 7 0 4 2
49 42 7 2 7 5 4 3 0 6 1
49 42 7 2 7 0 4 3 6 5 1
49 42 7 2 7 5 1 6 4 0 3
49 42 7 0 6 5 7 3 1 4 2
49 42 7 1 0 6 5 7 4 2 3
49 42 7 1 6 2 5 7 4 0 3
49 42 7 0 6 5 7 3 4 1 2
49 42 7 6 5 4 7 2 3 0 1
49 42 7 7 3 0 5 6 4 2 1
49 42 7 1 6 5 2 0 4 7 3
49 42 7 6 3 5 1 0 4 2 7
49 43 6 3 7 5 4 1 6 2 0
49 43 6 1 7 5 6 2 3 4 0
49 43 6 1 7 5 4 6 3 2 0
49 43 6 1 0 6 7 2 3 4 5
49 43 6 1 6 4 7 2 3 0 5
49 43 6 4 6 5 7 3 2 1 0
49 43 6 1 6 2 5 3 4 7 0
49 43 6 2 6 5 7 3 4 0 1
49 43 6 0 3 5 1 7 4 2 6
49 43 6 1 7 5 2 0 3 6 4
49 43 6 1 0 5 2 3 7 6 4
49 44 5 1 7 5 3 6 4 2 0
49 44 5 1 7 5 4 2 3 6 0
49 44 5 7 3 5 1 2 0 6 4
49 44 5 6 3 0 7 2 4 5 1
49 45 4 1 3 5 7 6 4 0 2
50 39 11 4 7 6 1 3 0 2 5
50 40 10 3 6 5 2 7 0 4 1
50 40 10 6 7 5 2 3 0 4 1
50 40 10 2 7 0 1 3 4 5 6
50 40 10 7 5 1 0 2 6 4 3
50 40 10 7 5 4 0 1 6 2 3
50 40 10 4 0 5 1 6 3 2 7
50 40 10 4 6 5 0 1 3 2 7
50 40 10 7 0 4 1 5 3 6 2
50 40 10 7 5 4 0 1 3 6 2
50 40 10 7 6 1 5 0 3 4 2
50 40 10 0 6 1 5 2 3 4 7
50 40 10 7 6 4 1 0 3 5 2
50 40 10 0 6 4 1 2 3 5 7
50 40 10 1 7 0 2 6 3 4 5
50 40 10 0 7 5 2 6 3 4 1
50 41 9 7 6 1 3 4 0 2 5
50 41 9 2 5 1 0 3 6 4 7
50 41 9 0 4 6 1 7 3 5 2
50 41 9 7 3 5 4 1 6 0 2
50 41 9 2 6 1 3 7 4 5 0
50 41 9 2 7 5 3 1 6 4 0
50 41 9 3 0 1 7 5 6 4 2
50 41 9 2 7 6 1 0 3 4 5
50 41 9 5 7 6 1 2 3 4 0
50 41 9 3 6 1 7 2 0 4 5
50 41 9 7 6 4 1 0 2 3 5
50 41 9 6 5 7 0 1 3 4 2
50 41 9 0 6 5 1 2 7 4 3
50 41 9 0 7 5 1 2 3 4 6
50 42 8 0 2 5 1 6 3 4 7
50 42 8 7 0 1 3 4 6 5 2
50 42 8 7 0 1 5 3 6 4 2
50 42 8 6 5 1 2 7 3 4 0
50 42 8 6 5 4 1 7 3 2 0
50 42 8 0 1 5 3 7 6 4 2
50 42 8 2 5 1 7 3 6 0 4
50 42 8 3 6 0 5 7 4 2 1
50 42 8 3 5 1 0 7 6 4 2
50 42 8 3 5 4 1 7 6 0 2
50 42 8 3 0 7 5 1 6 4 2
50 42 8 3 7 4 5 1 6 0 2
50 42 8 5 0 1 3 7 6 4 2
50 42 8 7 5 1 3 2 6 0 4
50 42 8 2 0 5 1 6 7 4 3
50 42 8 1 6 5 0 3 7 4 2
50 42 8 1 0 7 5 6 3 4 2
50 42 8 1 7 4 5 6 3 0 2
50 42 8 3 5 0 7 1 6 4 2
50 42 8 6 5 7 0 2 3 4 1
50 42 8 7 3 5 6 0 4 2 1
50 42 8 7 3 5 2 6 4 0 1
50 43 7 6 5 1 7 3 4 0 2
50 43 7 2 6 5 4 7 3 1 0
50 43 7 3 7 5 4 1 0 6 2
50 43 7 3 7 0 4 1 6 5 2
50 43 7 0 7 1 3 5 6 4 2
50 43 7 7 1 0 3 5 6 4 2
50 43 7 1 7 5 6 3 0 4 2
50 43 7 1 7 5 4 6 0 3 2
50 43 7 1 7 0 4 6 3 5 2
50 43 7 0 2 7 1 3 6 4 5
50 43 7 2 7 1 5 3 6 4 0
50 43 7 2 7 4 1 3 6 5 0
50 43 7 6 3 5 2 1 0 4 7
50 43 7 1 6 5 2 7 0 4 3
50 43 7 1 6 0 2 7 4 5 3
50 43 7 0 6 5 2 7 4 1 3
50 43 7 1 6 7 0 2 3 4 5
50 43 7 0 6 5 7 4 3 2 1
50 43 7 4 6 5 7 1 3 2 0
50 43 7 0 4 5 7 3 6 2 1
50 43 7 0 7 5 4 1 6 3 2
50 43 7 7 5 0 4 1 6 3 2
50 43 7 1 7 5 0 2 6 3 4
50 43 7 2 0 5 7 3 6 4 1
50 43 7 7 3 5 1 4 0 2 6
50 43 7 3 5 0 7 2 6 4 1
50 43 7 6 5 0 7 1 4 2 3
50 43 7 6 4 5 7 1 0 2 3
50 44 6 1 3 5 0 6 4 2 7
50 44 6 3 6 1 7 2 4 0 5
50 44 6 6 3 5 1 2 7 0 4
50 44 6 6 3 5 0 2 7 4 1
50 44 6 3 0 5 1 2 7 6 4
50 44 6 1 0 6 7 3 4 5 2
50 44 6 1 6 5 0 2 3 7 4
50 44 6 3 6 5 0 2 4 7 1
50 44 6 6 3 0 7 1 4 5 2
50 45 5 1 7 5 3 2 0 6 4
50 45 5 6 3 5 7 2 1 4 0
50 45 5 1 3 5 7 0 6 4 2
50 45 5 1 0 5 7 2 6 3 4
51 40 11 4 6 1 2 3 0 5 7
51 41 10 7 0 1 3 6 4 2 5
51 41 10 3 0 5 1 6 2 4 7
51 41 10 3 6 5 0 1 2 4 7
51 41 10 6 7 5 3 1 0 4 2
51 41 10 3 7 6 1 2 0 4 5
51 41 10 3 7 0 2 1 6 4 5
51 41 10 3 6 0 1 2 7 4 5
51 41 10 6 7 0 1 2 3 4 5
51 42 9 4 7 6 1 0 3 5 2
51 42 9 4 7 6 1 3 5 0 2
51 42 9 4 0 6 1 3 7 5 2
51 42 9 7 5 0 2 6 3 4 1
51 42 9 2 5 0 1 6 3 4 7
51 42 9 2 6 0 5 1 3 4 7
51 42 9 7 6 1 3 4 5 0 2
51 42 9 6 5 4 1 7 0 3 2
51 42 9 2 5 1 7 0 6 4 3
51 42 9 2 0 6 1 7 3 5 4
51 42 9 2 6 1 0 7 3 5 4
51 42 9 2 0 6 5 7 3 4 1
51 42 9 2 6 4 5 7 3 0 1
51 42 9 7 0 6 2 1 3 5 4
51 42 9 7 6 2 0 1 3 5 4
51 42 9 3 6 5 2 7 4 0 1
51 42 9 2 5 1 3 7 6 4 0
51 42 9 2 6 5 1 3 7 4 0
51 42 9 3 0 5 7 6 1 4 2
51 42 9 7 6 5 3 0 4 1 2
51 42 9 1 6 0 2 3 4 7 5
51 42 9 0 6 5 2 3 4 7 1
51 42 9 6 3 0 1 7 4 2 5
51 43 8 0 7 1 3 6 4 5 2
51 43 8 7 1 0 3 6 4 5 2
51 43 8 6 5 1 7 0 3 4 2
51 43 8 6 0 1 7 3 5 4 2
51 43 8 7 6 1 4 2 0 3 5
51 43 8 2 6 5 4 7 0 3 1
51 43 8 2 6 0 4 7 3 5 1
51 43 8 2 7 5 3 6 0 4 1
51 43 8 7 5 1 3 6 4 0 2
51 43 8 7 6 1 3 5 0 4 2
51 43 8 0 7 5 6 1 3 4 2
51 43 8 2 7 4 1 3 0 6 5
51 43 8 2 7 5 1 6 0 3 4
51 43 8 0 6 5 7 1 3 2 4
51 43 8 6 5 1 0 7 4 2 3
51 43 8 6 5 2 1 7 4 0 3
51 43 8 6 4 5 1 0 7 2 3
51 43 8 6 4 5 1 7 2 0 3
51 43 8 7 6 5 2 4 0 1 3
51 43 8 7 6 5 0 2 4 1 3
51 43 8 4 6 0 7 3 2 5 1
51 43 8 4 5 0 7 3 6 2 1
51 43 8 7 6 2 0 3 4 1 5
51 43 8 6 5 0 3 7 4 2 1
51 43 8 6 4 5 3 7 0 2 1
51 43 8 7 6 5 3 1 0 4 2
51 43 8 7 6 0 3 1 4 5 2
51 43 8 0 1 6 5 3 4 2 7
51 43 8 1 4 6 5 3 0 2 7
51 43 8 1 6 2 5 3 0 4 7
51 43 8 2 7 5 1 0 6 3 4
51 43 8 4 7 5 1 2 6 3 0
51 43 8 7 3 5 0 1 4 2 6
51 44 7 0 2 5 1 7 6 4 3
51 44 7 3 6 5 2 1 7 4 0
51 44 7 6 7 5 2 1 3 4 0
51 44 7 6 0 5 2 3 4 1 7
51 44 7 3 6 5 2 0 4 1 7
51 44 7 7 3 6 5 1 4 0 2
51 44 7 7 6 5 4 2 1 3 0
51 44 7 7 5 3 1 2 6 0 4
51 44 7 1 6 5 3 4 2 0 7
51 44 7 1 0 5 3 4 6 2 7
51 44 7 6 0 5 3 1 4 2 7
51 44 7 1 0 5 2 3 6 4 7
51 44 7 1 0 6 2 3 4 5 7
51 44 7 1 6 2 0 3 4 5 7
51 44 7 0 6 5 7 3 2 4 1
51 44 7 3 6 5 7 1 2 4 0
51 44 7 1 7 0 5 6 4 2 3
51 44 7 1 6 5 2 0 7 3 4
51 44 7 1 0 5 2 7 6 3 4
51 44 7 1 0 7 2 3 6 5 4
51 44 7 1 7 2 0 3 6 5 4
51 44 7 0 6 5 7 2 3 1 4
51 44 7 0 3 5 1 6 2 4 7
51 44 7 6 3 5 1 7 2 4 0
51 44 7 6 3 1 0 7 4 5 2
51 44 7 1 7 0 5 3 6 2 4
51 44 7 1 7 5 4 6 0 2 3
51 44 7 0 7 5 4 1 6 2 3
51 44 7 3 6 1 0 2 4 5 7
51 44 7 3 7 5 1 0 2 6 4
51 44 7 1 7 4 0 3 6 2 5
51 44 7 0 1 5 7 3 6 4 2
51 44 7 1 5 0 7 3 6 4 2
51 44 7 0 7 5 4 1 3 6 2
51 44 7 0 1 5 4 3 7 6 2
51 44 7 1 5 0 4 3 7 6 2
51 44 7 0 1 7 4 3 6 5 2
51 44 7 1 6 7 4 3 0 5 2
51 44 7 7 3 0 1 2 6 5 4
51 44 7 7 3 0 5 2 6 4 1
51 44 7 1 6 7 0 3 4 5 2
51 44 7 1 6 5 4 0 3 7 2
51 45 6 2 3 5 7 6 0 4 1
51 45 6 6 5 1 7 3 4 2 0
51 45 6 1 0 7 4 3 6 2 5
51 45 6 1 7 2 4 3 6 0 5
51 45 6 7 3 6 5 2 4 0 1
51 45 6 1 7 5 2 6 4 0 3
51 45 6 6 1 5 7 3 4 0 2
51 45 6 1 3 6 5 2 0 4 7
51 45 6 1 6 4 5 2 3 7 0
51 45 6 7 3 1 2 6 4 5 0
51 45 6 1 7 4 2 3 6 5 0
51 45 6 1 0 5 4 2 6 3 7
51 45 6 0 3 5 7 6 1 4 2
51 45 6 1 6 5 7 4 2 0 3
51 45 6 1 0 5 7 4 6 2 3
51 45 6 1 6 5 7 0 2 3 4
51 46 5 1 3 5 2 7 6 4 0
51 46 5 7 3 6 1 2 4 5 0
51 46 5 7 3 0 1 2 4 6 5
51 46 5 6 3 5 7 0 4 2 1
51 46 5 1 3 5 7 6 4 2 0
51 46 5 6 3 5 0 2 4 7 1
52 41 11 6 5 1 2 3 0 4 7
52 41 11 6 5 4 1 3 0 2 7
52 41 11 7 0 6 1 4 3 5 2
52 41 11 7 4 6 0 1 3 5 2
52 41 11 4 6 1 3 7 0 5 2
52 42 10 2 6 5 4 1 3 0 7
52 42 10 0 5 1 6 7 3 4 2
52 42 10 6 5 1 4 7 3 0 2
52 42 10 2 5 0 7 3 6 4 1
52 42 10 7 5 0 3 2 6 4 1
52 42 10 0 5 1 3 2 6 4 7
52 42 10 3 6 5 0 7 1 4 2
52 43 9 7 4 1 3 6 0 5 2
52 43 9 7 0 1 3 6 5 4 2
52 43 9 6 5 1 0 3 7 4 2
52 43 9 6 5 4 1 3 7 0 2
52 43 9 1 0 5 6 7 3 4 2
52 43 9 2 6 7 1 3 0 4 5
52 43 9 0 7 1 2 3 6 4 5
52 43 9 2 7 1 4 3 6 0 5
52 43 9 6 5 0 2 1 3 4 7
52 43 9 2 7 0 1 6 3 5 4
52 43 9 2 7 0 5 6 3 4 1
52 43 9 7 6 0 5 1 3 2 4
52 43 9 7 0 5 2 6 4 1 3
52 43 9 4 0 5 7 6 3 2 1
52 43 9 7 6 2 5 0 4 1 3
52 43 9 6 7 5 1 2 0 3 4
52 43 9 7 0 5 1 3 4 2 6
52 44 8 7 6 1 2 5 3 4 0
52 44 8 2 5 0 1 7 6 4 3
52 44 8 2 6 5 1 7 0 4 3
52 44 8 2 7 0 5 1 6 4 3
52 44 8 2 0 6 7 1 3 4 5
52 44 8 2 6 4 7 1 3 0 5
52 44 8 2 7 5 1 3 0 4 6
52 44 8 7 6 5 4 3 0 2 1
52 44 8 2 6 5 0 3 4 1 7
52 44 8 7 3 6 5 0 1 4 2
52 44 8 0 6 5 4 7 1 3 2
52 44 8 0 7 6 4 1 3 5 2
52 44 8 7 3 6 4 1 0 5 2
52 44 8 3 7 6 5 0 4 2 1
52 44 8 1 7 6 5 3 4 2 0
52 44 8 7 5 1 0 2 6 3 4
52 44 8 7 6 5 0 4 2 3 1
52 44 8 6 7 5 1 4 0 2 3
52 44 8 1 7 5 6 0 4 2 3
52 44 8 7 6 0 5 2 3 1 4
52 44 8 6 0 3 1 7 4 5 2
52 44 8 1 0 5 4 7 6 2 3
52 44 8 0 6 1 7 2 4 5 3
52 44 8 0 3 5 1 2 7 4 6
52 44 8 1 7 4 5 0 6 2 3
52 44 8 1 0 5 4 7 3 6 2
52 44 8 1 7 5 0 4 3 6 2
52 44 8 7 3 5 4 2 6 0 1
52 44 8 1 6 0 4 2 3 7 5
52 44 8 3 6 5 1 0 4 7 2
52 44 8 0 6 5 1 2 4 7 3
52 45 7 0 2 5 7 6 3 4 1
52 45 7 7 3 1 0 6 4 2 5
52 45 7 7 3 2 1 6 4 0 5
52 45 7 7 6 5 3 4 2 1 0
52 45 7 6 5 2 1 3 4 7 0
52 45 7 6 4 5 1 3 2 7 0
52 45 7 3 6 5 1 4 2 7 0
52 45 7 0 3 5 1 4 6 2 7
52 45 7 0 1 5 3 6 4 2 7
52 45 7 1 5 0 3 6 4 2 7
52 45 7 1 4 5 3 6 0 2 7
52 45 7 3 7 5 0 6 4 2 1
52 45 7 6 7 5 3 0 4 2 1
52 45 7 7 3 6 1 2 5 0 4
52 45 7 1 0 5 2 6 7 4 3
52 45 7 0 7 5 4 2 6 3 1
52 45 7 7 5 0 4 2 6 3 1
52 45 7 1 6 4 5 2 0 3 7
52 45 7 1 3 5 0 6 7 4 2
52 45 7 1 7 4 5 0 3 6 2
52 45 7 1 0 4 5 3 7 6 2
52 45 7 0 3 1 7 6 4 5 2
52 45 7 7 6 5 0 1 4 3 2
52 45 7 1 7 6 2 3 4 0 5
52 45 7 1 6 5 4 0 2 3 7
52 45 7 1 7 0 3 2 6 5 4
52 45 7 1 7 0 5 2 6 4 3
52 46 6 1 3 5 0 2 6 4 7
52 46 6 1 7 2 5 3 6 4 0
52 46 6 1 7 5 6 3 4 0 2
52 46 6 0 1 5 7 6 4 2 3
52 46 6 1 5 0 7 6 4 2 3
52 46 6 1 4 5 7 6 0 2 3
52 46 6 1 5 0 4 7 6 3 2
52 46 6 0 3 5 7 6 2 4 1
52 46 6 6 3 5 7 1 2 4 0
52 46 6 1 0 6 7 2 3 5 4
52 46 6 3 6 5 0 2 4 1 7
52 47 5 1 6 2 7 3 4 5 0
52 47 5 6 3 5 0 2 4 1 7
53 42 11 6 5 1 3 7 0 4 2
53 43 10 2 0 5 3 7 6 4 1
53 43 10 2 7 1 3 0 6 4 5
53 43 10 2 7 5 6 0 3 4 1
53 43 10 2 7 5 4 6 3 0 1
53 43 10 7 6 5 1 0 3 2 4
53 43 10 4 6 5 0 7 3 2 1
53 43 10 0 6 2 5 3 4 1 7
53 44 9 0 6 1 2 7 3 4 5
53 44 9 2 7 5 4 1 6 0 3
53 44 9 3 6 0 5 1 7 4 2
53 44 9 0 6 5 3 1 7 4 2
53 44 9 6 7 0 5 1 3 4 2
53 44 9 2 6 7 0 1 3 4 5
53 44 9 7 5 1 2 6 3 0 4
53 44 9 7 5 4 0 6 3 2 1
53 44 9 7 6 4 0 1 3 2 5
53 44 9 5 7 6 0 3 4 2 1
53 44 9 4 3 5 1 6 0 2 7
53 44 9 3 0 5 7 6 2 4 1
53 44 9 6 7 5 0 1 4 2 3
53 44 9 6 3 5 0 1 2 4 7
53 44 9 0 7 5 1 3 6 2 4
53 44 9 1 7 5 3 0 6 2 4
53 44 9 1 7 5 0 4 6 2 3
53 44 9 6 3 0 1 2 7 4 5
53 44 9 7 3 5 2 0 6 4 1
53 44 9 0 6 5 4 2 3 7 1
53 44 9 3 6 0 1 2 4 7 5
53 45 8 3 6 5 2 0 1 4 7
53 45 8 3 0 5 2 1 6 4 7
53 45 8 7 0 6 4 1 3 2 5
53 45 8 7 6 2 4 1 3 0 5
53 45 8 6 0 5 4 1 3 2 7
53 45 8 7 0 6 2 3 4 1 5
53 45 8 0 2 6 1 7 3 4 5
53 45 8 2 3 6 1 7 0 4 5
53 45 8 2 6 1 5 7 3 4 0
53 45 8 2 6 4 1 7 3 5 0
53 45 8 7 3 6 2 1 0 4 5
53 45 8 7 6 2 5 1 3 4 0
53 45 8 7 6 4 2 1 3 5 0
53 45 8 5 0 1 7 6 3 4 2
53 45 8 7 5 4 1 0 6 3 2
53 45 8 1 7 6 5 0 3 4 2
53 45 8 7 0 4 5 1 6 3 2
53 45 8 7 0 2 5 3 6 4 1
53 45 8 2 5 0 7 6 3 4 1
53 45 8 7 0 3 1 6 4 2 5
53 45 8 0 7 5 3 4 6 2 1
53 45 8 7 5 0 3 4 6 2 1
53 45 8 0 7 6 2 3 4 5 1
53 45 8 0 6 2 7 3 4 5 1
53 45 8 4 7 5 1 0 6 2 3
53 45 8 7 5 1 0 4 6 2 3
53 45 8 7 5 2 1 4 6 0 3
53 45 8 0 4 5 1 6 3 2 7
53 45 8 6 4 5 1 7 3 2 0
53 45 8 3 5 0 1 4 6 2 7
53 45 8 6 0 5 1 7 2 3 4
53 45 8 1 6 5 0 7 2 3 4
53 45 8 3 7 5 1 0 4 2 6
53 45 8 1 0 6 2 7 3 5 4
53 45 8 1 6 2 0 7 3 5 4
53 45 8 7 3 6 1 0 2 5 4
53 45 8 7 3 6 5 0 2 4 1
53 45 8 7 6 4 0 2 3 1 5
53 45 8 6 1 7 0 3 4 5 2
53 45 8 0 1 6 5 2 3 4 7
53 45 8 2 3 5 1 6 7 4 0
53 45 8 7 6 5 2 0 4 3 1
53 45 8 1 7 6 2 0 4 5 3
53 45 8 1 7 5 4 2 6 0 3
53 46 7 7 5 1 4 6 3 2 0
53 46 7 4 6 5 7 0 1 2 3
53 46 7 4 6 5 7 1 2 0 3
53 46 7 4 0 5 7 1 6 2 3
53 46 7 6 0 5 4 2 3 1 7
53 46 7 7 0 5 4 3 6 2 1
53 46 7 3 7 5 4 0 6 2 1
53 46 7 4 6 5 1 7 2 3 0
53 46 7 7 5 1 3 6 4 2 0
53 46 7 7 5 2 1 6 4 3 0
53 46 7 7 4 5 1 6 2 3 0
53 46 7 7 6 2 5 1 4 3 0
53 46 7 6 0 1 7 2 3 5 4
53 46 7 7 0 5 3 2 6 4 1
53 46 7 1 6 7 5 3 4 0 2
53 46 7 2 3 5 1 0 6 4 7
53 46 7 1 7 4 2 3 0 6 5
53 46 7 6 1 0 7 3 4 2 5
53 46 7 3 6 1 7 5 4 2 0
53 46 7 3 7 6 1 2 4 0 5
53 46 7 3 7 6 0 2 4 5 1
53 46 7 1 0 7 6 3 4 5 2
53 46 7 2 6 0 7 3 4 1 5
53 46 7 1 0 6 4 2 3 5 7
53 46 7 1 6 4 0 2 3 5 7
53 46 7 7 5 2 4 3 6 0 1
53 46 7 1 3 0 5 7 6 4 2
53 46 7 3 0 6 1 2 4 5 7
53 46 7 0 1 5 4 7 6 3 2
53 46 7 1 7 0 3 6 4 5 2
53 46 7 1 6 0 3 7 4 5 2
53 46 7 1 6 7 0 2 3 5 4
53 46 7 3 6 5 7 0 4 1 2
53 46 7 0 6 5 7 2 4 1 3
53 46 7 6 3 5 1 0 4 7 2
53 46 7 0 3 5 1 2 4 7 6
53 47 6 3 6 5 2 1 4 7 0
53 47 6 1 3 5 2 6 0 4 7
53 47 6 6 3 5 2 1 7 4 0
53 47 6 3 7 5 4 2 0 6 1
53 47 6 3 7 5 4 2 6 1 0
53 47 6 6 5 1 7 2 3 4 0
53 47 6 2 6 5 1 3 4 7 0
53 47 6 1 3 6 5 7 4 0 2
53 47 6 1 6 5 4 2 7 3 0
53 47 6 0 7 5 1 2 3 6 4
53 47 6 6 5 2 7 3 4 1 0
53 47 6 6 4 5 7 3 2 1 0
53 47 6 3 6 5 7 4 2 1 0
53 47 6 0 3 5 7 4 6 2 1
53 47 6 6 3 5 7 0 4 1 2
53 47 6 0 3 5 7 2 4 1 6
53 48 5 1 3 5 7 2 6 4 0
54 44 10 3 6 5 4 1 7 0 2
54 44 10 6 7 5 4 1 3 0 2
54 44 10 2 0 5 1 7 3 4 6
54 44 10 2 7 5 0 1 3 4 6
54 44 10 7 0 5 4 6 3 2 1
54 44 10 7 6 5 0 4 3 2 1
54 44 10 4 6 5 2 3 0 1 7
54 44 10 7 5 1 2 0 3 4 6
54 44 10 7 5 4 1 0 3 2 6
54 44 10 7 6 4 5 0 3 2 1
54 44 10 7 0 5 4 6 1 3 2
54 44 10 7 6 5 0 4 1 3 2
54 44 10 0 6 5 1 4 2 3 7
54 44 10 4 6 5 3 1 0 2 7
54 44 10 3 6 5 0 7 2 4 1
54 44 10 7 6 5 2 0 3 1 4
54 44 10 6 0 5 1 3 2 4 7
54 44 10 0 7 4 5 3 6 2 1
54 45 9 2 6 4 1 7 0 3 5
54 45 9 0 7 6 2 1 3 4 5
54 45 9 0 6 2 7 1 3 4 5
54 45 9 7 6 4 2 1 0 3 5
54 45 9 2 5 1 7 6 3 4 0
54 45 9 7 0 4 1 6 5 3 2
54 45 9 7 6 4 5 0 1 3 2
54 45 9 0 6 4 7 1 3 5 2
54 45 9 7 4 6 5 0 3 2 1
54 45 9 7 4 6 5 3 2 0 1
54 45 9 7 6 2 5 0 3 4 1
54 45 9 7 6 0 3 4 2 5 1
54 45 9 7 4 6 2 3 0 5 1
54 45 9 3 7 5 1 4 6 2 0
54 45 9 0 5 1 6 3 4 2 7
54 45 9 6 5 2 1 3 0 4 7
54 45 9 6 4 0 1 3 2 5 7
54 45 9 3 6 0 1 4 2 5 7
54 45 9 7 6 1 4 0 3 5 2
54 45 9 7 3 1 6 0 4 5 2
54 45 9 7 3 1 5 6 4 0 2
54 45 9 0 7 4 1 3 6 5 2
54 45 9 1 7 4 3 0 6 5 2
54 45 9 0 6 5 2 1 4 3 7
54 45 9 1 7 0 2 3 4 5 6
54 45 9 6 0 5 7 3 1 4 2
54 45 9 6 3 5 0 7 1 4 2
54 46 8 7 5 1 4 6 0 3 2
54 46 8 7 5 0 4 6 3 1 2
54 46 8 3 0 6 1 7 4 2 5
54 46 8 3 6 1 0 7 4 2 5
54 46 8 3 6 2 1 7 4 0 5
54 46 8 4 6 5 3 0 7 2 1
54 46 8 4 6 5 3 7 2 0 1
54 46 8 4 0 5 3 7 6 2 1
54 46 8 7 0 6 3 1 4 2 5
54 46 8 7 6 3 0 1 4 2 5
54 46 8 7 6 2 3 1 4 0 5
54 46 8 7 6 5 4 3 0 1 2
54 46 8 0 6 5 4 7 3 1 2
54 46 8 2 6 5 4 0 3 1 7
54 46 8 4 6 5 0 2 3 1 7
54 46 8 0 6 5 1 4 7 2 3
54 46 8 4 6 5 1 3 7 2 0
54 46 8 0 4 5 1 7 6 2 3
54 46 8 4 5 0 1 7 6 2 3
54 46 8 7 5 3 0 6 4 2 1
54 46 8 7 5 2 3 6 4 0 1
54 46 8 7 4 5 3 0 6 2 1
54 46 8 7 4 5 3 6 2 0 1
54 46 8 3 5 1 0 6 4 2 7
54 46 8 3 5 2 1 6 4 0 7
54 46 8 3 4 5 1 0 6 2 7
54 46 8 3 4 5 1 6 2 0 7
54 46 8 3 0 6 5 1 4 2 7
54 46 8 3 6 2 5 1 4 0 7
54 46 8 0 5 1 7 6 4 2 3
54 46 8 7 4 5 1 3 6 2 0
54 46 8 0 7 6 5 1 4 2 3
54 46 8 1 7 6 0 2 3 5 4
54 46 8 2 6 1 7 0 3 5 4
54 46 8 4 6 1 7 2 3 5 0
54 46 8 1 7 6 5 2 3 4 0
54 46 8 7 0 4 5 2 6 3 1
54 46 8 7 0 5 2 1 6 4 3
54 46 8 0 6 5 4 7 2 3 1
54 46 8 7 6 5 4 1 2 3 0
54 46 8 6 4 1 7 0 3 5 2
54 46 8 6 4 1 7 3 5 0 2
54 46 8 3 6 1 7 4 5 0 2
54 46 8 3 0 1 7 4 6 5 2
54 46 8 3 0 7 1 2 6 5 4
54 46 8 3 7 1 0 2 6 5 4
54 46 8 3 0 7 5 2 6 4 1
54 46 8 3 7 4 5 2 6 0 1
54 46 8 3 1 7 5 0 6 4 2
54 46 8 1 6 7 5 0 3 4 2
54 46 8 0 7 3 1 6 4 5 2
54 46 8 7 4 3 1 6 0 5 2
54 46 8 0 1 7 2 3 6 4 5
54 46 8 1 6 7 2 3 0 4 5
54 46 8 6 4 1 7 3 0 2 5
54 46 8 3 6 1 7 4 0 2 5
54 46 8 2 6 1 7 3 0 4 5
54 46 8 1 3 5 4 7 6 0 2
54 46 8 1 6 0 5 7 3 2 4
54 46 8 1 6 5 7 0 3 2 4
54 46 8 6 7 0 5 3 4 2 1
54 46 8 0 7 5 6 3 4 2 1
54 46 8 4 3 5 7 6 0 2 1
54 46 8 3 6 0 7 2 4 1 5
54 46 8 6 3 0 1 2 4 7 5
54 47 7 1 5 0 2 7 6 4 3
54 47 7 3 1 0 7 6 4 5 2
54 47 7 3 7 0 4 2 6 5 1
54 47 7 7 0 3 1 2 6 4 5
54 47 7 7 3 1 0 2 6 4 5
54 47 7 7 3 4 1 2 6 0 5
54 47 7 7 3 6 4 2 0 5 1
54 47 7 1 7 0 6 3 4 2 5
54 47 7 5 6 1 7 3 4 0 2
54 47 7 6 5 4 1 2 3 7 0
54 47 7 2 3 5 1 7 6 0 4
54 47 7 2 3 5 0 7 6 4 1
54 47 7 1 6 5 4 3 0 2 7
54 47 7 0 5 1 4 7 6 2 3
54 47 7 7 6 5 1 2 0 4 3
54 47 7 1 3 6 5 0 7 4 2
54 47 7 6 1 5 7 0 3 4 2
54 47 7 1 5 4 7 6 3 0 2
54 47 7 7 5 4 0 2 3 6 1
54 47 7 7 6 0 3 2 4 1 5
54 47 7 7 6 0 1 2 4 5 3
54 47 7 1 3 6 4 7 0 5 2
54 47 7 0 7 5 4 3 6 1 2
54 47 7 2 7 5 1 4 3 6 0
54 47 7 0 2 5 1 3 7 6 4
54 47 7 0 4 5 7 6 3 2 1
54 47 7 6 4 5 7 1 3 2 0
54 47 7 1 7 5 2 6 0 3 4
54 47 7 7 3 5 2 1 6 0 4
54 47 7 0 1 6 7 3 4 2 5
54 47 7 1 4 6 7 3 0 2 5
54 47 7 1 6 2 7 3 0 4 5
54 47 7 6 3 0 7 2 4 1 5
54 48 6 1 7 6 3 2 4 5 0
54 48 6 1 7 0 5 3 4 6 2
54 48 6 1 7 3 0 2 6 4 5
54 48 6 6 3 1 7 2 0 4 5
54 48 6 1 6 7 5 3 4 2 0
54 48 6 3 6 5 7 2 1 0 4
54 48 6 3 0 6 7 2 4 5 1
54 48 6 6 3 1 0 2 4 5 7
54 48 6 1 6 5 0 7 4 3 2
54 48 6 2 3 5 7 0 6 4 1
54 48 6 6 3 5 0 1 4 2 7
54 49 5 1 3 6 7 2 0 4 5
54 49 5 1 6 4 7 2 3 5 0
54 49 5 2 6 5 7 3 4 1 0
54 49 5 1 7 5 0 2 3 6 4
54 49 5 1 3 0 7 6 4 5 2
55 44 11 7 0 1 2 6 3 4 5
55 44 11 0 5 1 2 6 3 4 7
55 44 11 7 5 0 1 6 3 2 4
55 44 11 0 5 4 1 6 3 2 7
55 44 11 0 6 4 5 1 3 2 7
55 44 11 4 7 6 5 3 0 2 1
55 44 11 7 6 0 1 4 2 3 5
55 45 10 3 6 5 4 1 0 2 7
55 45 10 2 6 1 4 7 3 0 5
55 45 10 5 7 6 0 1 3 4 2
55 45 10 2 7 6 5 1 3 4 0
55 45 10 7 6 2 3 0 4 5 1
55 45 10 6 5 1 3 0 4 2 7
55 45 10 6 5 1 2 3 4 0 7
55 45 10 6 0 5 1 4 3 2 7
55 45 10 6 4 5 0 1 3 2 7
55 45 10 3 7 0 1 6 4 2 5
55 45 10 4 7 5 3 6 0 2 1
55 45 10 0 6 1 4 2 3 5 7
55 45 10 7 6 4 5 0 3 1 2
55 45 10 0 6 4 5 2 3 1 7
55 45 10 7 6 0 2 1 4 3 5
55 46 9 2 0 7 1 6 3 4 5
55 46 9 2 7 1 0 6 3 4 5
55 46 9 2 7 4 1 6 3 0 5
55 46 9 7 0 6 1 4 2 5 3
55 46 9 7 6 1 0 4 2 5 3
55 46 9 3 6 5 4 2 0 1 7
55 46 9 4 7 5 0 3 6 2 1
55 46 9 4 6 0 1 7 2 5 3
55 46 9 7 5 2 1 6 0 4 3
55 46 9 7 4 0 1 6 2 5 3
55 46 9 7 4 6 5 1 0 2 3
55 46 9 7 6 2 5 1 0 4 3
55 46 9 2 7 6 1 0 3 5 4
55 46 9 4 7 6 1 2 3 5 0
55 46 9 3 6 1 7 2 0 5 4
55 46 9 2 7 6 5 0 3 4 1
55 46 9 5 7 6 0 2 3 4 1
55 46 9 7 6 4 5 0 2 3 1
55 46 9 6 7 5 3 2 0 4 1
55 46 9 5 1 7 0 3 6 4 2
55 46 9 2 1 7 5 3 6 4 0
55 46 9 0 7 2 1 3 6 4 5
55 46 9 1 7 2 3 0 6 4 5
55 46 9 3 0 1 7 6 4 2 5
55 46 9 3 7 0 1 2 4 5 6
55 46 9 0 7 6 1 2 4 5 3
55 46 9 0 6 5 1 7 3 2 4
55 46 9 6 7 5 2 3 4 0 1
55 46 9 6 0 5 7 3 2 4 1
55 46 9 6 3 5 0 7 2 4 1
55 47 8 7 5 1 6 2 3 4 0
55 47 8 0 7 5 1 6 2 3 4
55 47 8 7 2 5 1 6 0 3 4
55 47 8 0 6 5 7 1 2 3 4
55 47 8 4 7 5 1 6 2 0 3
55 47 8 4 0 5 1 6 7 2 3
55 47 8 7 0 6 4 2 3 1 5
55 47 8 3 6 0 2 1 4 5 7
55 47 8 7 0 1 2 3 6 4 5
55 47 8 0 1 5 2 6 3 4 7
55 47 8 1 5 0 2 6 3 4 7
55 47 8 0 1 5 2 7 6 4 3
55 47 8 0 6 1 5 7 4 2 3
55 47 8 0 6 2 1 7 4 5 3
55 47 8 3 4 1 7 6 0 5 2
55 47 8 6 3 0 5 1 7 4 2
55 47 8 0 3 5 6 1 7 4 2
55 47 8 7 6 5 2 0 1 4 3
55 47 8 7 0 6 2 1 4 5 3
55 47 8 7 6 2 0 1 4 5 3
55 47 8 6 0 1 2 7 4 5 3
55 47 8 0 7 6 4 2 3 5 1
55 47 8 0 6 4 7 2 3 5 1
55 47 8 3 7 6 1 5 4 2 0
55 47 8 5 6 1 0 3 4 2 7
55 47 8 5 6 1 7 0 4 2 3
55 47 8 2 6 0 1 3 4 5 7
55 47 8 2 6 1 7 4 0 5 3
55 47 8 6 5 4 1 2 0 3 7
55 47 8 7 5 1 2 0 3 6 4
55 47 8 7 0 1 2 3 5 6 4
55 47 8 7 0 5 2 3 6 1 4
55 47 8 7 5 2 0 3 6 1 4
55 47 8 3 0 7 1 6 4 5 2
55 47 8 3 7 1 0 6 4 5 2
55 47 8 7 5 1 4 6 0 2 3
55 47 8 7 0 1 4 5 6 2 3
55 47 8 7 5 0 1 2 6 4 3
55 47 8 4 6 5 0 3 2 7 1
55 47 8 1 6 4 0 7 3 2 5
55 47 8 2 1 5 7 6 3 4 0
55 47 8 1 5 7 0 6 3 4 2
55 47 8 7 5 4 1 2 3 0 6
55 47 8 7 6 1 3 2 0 4 5
55 47 8 0 6 5 4 1 7 3 2
55 47 8 0 1 6 4 7 3 5 2
55 47 8 0 1 5 3 6 7 4 2
55 47 8 1 5 0 3 6 7 4 2
55 47 8 2 5 0 1 3 7 6 4
55 47 8 6 5 2 7 3 0 4 1
55 47 8 6 4 0 7 3 2 5 1
55 47 8 3 6 0 7 4 2 5 1
55 47 8 3 5 0 7 4 6 2 1
55 47 8 1 7 0 2 6 3 5 4
55 48 7 3 6 1 2 7 4 5 0
55 48 7 2 0 6 7 3 4 5 1
55 48 7 1 0 6 4 7 3 2 5
55 48 7 1 6 2 4 7 3 0 5
55 48 7 1 0 7 3 2 6 4 5
55 48 7 1 7 4 3 2 6 0 5
55 48 7 5 0 1 4 3 6 2 7
55 48 7 3 5 1 4 0 6 2 7
55 48 7 1 7 5 0 3 4 2 6
55 48 7 3 0 6 7 1 4 2 5
55 48 7 3 6 2 7 1 4 0 5
55 48 7 1 3 6 2 7 0 4 5
55 48 7 1 6 2 5 7 3 4 0
55 48 7 1 6 4 2 7 3 5 0
55 48 7 6 3 5 2 7 0 4 1
55 48 7 7 2 0 1 3 6 4 5
55 48 7 2 7 0 1 3 4 6 5
55 48 7 0 2 5 1 3 6 4 7
55 48 7 1 0 4 5 7 6 3 2
55 48 7 7 5 4 2 3 6 1 0
55 48 7 6 5 7 1 3 4 2 0
55 48 7 1 7 5 2 3 0 4 6
55 48 7 2 3 5 7 1 6 4 0
55 48 7 3 5 1 7 2 6 0 4
55 48 7 6 1 0 7 2 3 4 5
55 48 7 3 5 2 7 6 4 0 1
55 48 7 3 4 5 7 0 6 2 1
55 48 7 3 4 5 7 6 2 0 1
55 48 7 3 6 5 1 2 0 7 4
55 48 7 2 6 5 7 0 1 3 4
55 48 7 2 0 5 7 1 6 3 4
55 48 7 3 0 6 7 1 4 5 2
55 48 7 3 6 5 0 2 1 4 7
55 48 7 1 6 0 5 3 4 7 2
55 48 7 3 6 7 0 2 4 5 1
55 48 7 6 0 3 1 2 4 5 7
55 48 7 6 3 0 5 7 4 2 1
55 48 7 0 3 5 6 7 4 2 1
55 48 7 1 6 5 2 0 4 3 7
55 48 7 0 3 5 7 1 4 2 6
55 49 6 6 7 5 1 2 4 0 3
55 49 6 7 6 5 3 2 4 0 1
55 49 6 1 5 0 4 3 6 2 7
55 49 6 1 5 4 7 3 6 2 0
55 49 6 2 7 1 4 3 6 5 0
55 49 6 2 3 5 1 6 4 0 7
55 49 6 1 5 3 0 7 6 4 2
55 49 6 2 7 5 1 6 4 3 0
55 49 6 1 6 2 5 7 4 3 0
55 49 6 6 0 5 7 3 4 1 2
55 49 6 6 5 4 7 2 3 1 0
55 49 6 1 7 5 6 2 3 0 4
55 49 6 1 7 5 0 2 3 4 6
55 49 6 1 6 4 7 2 0 3 5
55 49 6 1 3 5 0 7 4 2 6
55 49 6 1 7 5 2 4 3 6 0
55 49 6 1 7 5 4 2 3 0 6
55 49 6 7 3 5 1 0 2 6 4
55 49 6 7 0 5 1 2 3 6 4
55 49 6 6 0 3 7 2 4 5 1
55 49 6 6 3 7 0 2 4 5 1
55 50 5 7 3 5 2 6 4 1 0
55 50 5 1 7 5 4 2 6 3 0
55 50 5 0 3 5 1 2 7 6 4
55 50 5 1 0 5 3 2 7 6 4
55 50 5 6 3 5 7 2 1 0 4
56 45 11 3 7 6 5 1 0 4 2
56 46 10 7 0 5 4 6 3 1 2
56 46 10 7 6 5 0 4 3 1 2
56 46 10 6 7 5 4 3 0 2 1
56 46 10 4 6 5 0 1 7 2 3
56 46 10 7 5 1 6 0 4 2 3
56 46 10 7 5 1 2 6 4 0 3
56 46 10 7 4 5 0 1 6 2 3
56 46 10 3 7 6 1 2 0 5 4
56 46 10 3 7 6 5 2 0 4 1
56 46 10 6 7 5 2 1 0 4 3
56 46 10 7 0 5 4 6 2 3 1
56 47 9 7 5 1 6 3 0 4 2
56 47 9 7 5 0 1 6 2 3 4
56 47 9 7 6 0 5 1 2 3 4
56 47 9 7 6 1 5 4 0 2 3
56 47 9 7 6 2 1 4 0 5 3
56 47 9 6 3 5 4 1 7 0 2
56 47 9 2 6 1 0 7 4 5 3
56 47 9 3 7 6 1 4 0 2 5
56 47 9 1 7 6 3 0 4 2 5
56 47 9 5 6 0 7 3 4 2 1
56 47 9 2 0 1 7 6 4 5 3
56 47 9 0 5 1 6 2 3 4 7
56 47 9 1 0 5 4 6 3 2 7
56 47 9 1 6 5 0 4 3 2 7
56 47 9 0 5 1 7 3 6 2 4
56 47 9 4 6 5 1 0 2 7 3
56 47 9 1 6 4 5 0 3 2 7
56 47 9 7 1 5 0 6 3 4 2
56 47 9 3 1 5 7 6 0 4 2
56 47 9 7 5 0 1 2 3 6 4
56 47 9 0 5 4 1 2 3 6 7
56 47 9 7 6 1 5 2 4 0 3
56 47 9 1 0 5 4 6 7 3 2
56 47 9 1 6 5 0 4 7 3 2
56 47 9 2 0 5 1 7 3 6 4
56 47 9 2 7 5 0 1 3 6 4
56 47 9 6 0 5 7 4 3 2 1
56 47 9 0 3 5 2 1 6 4 7
56 48 8 7 6 1 5 2 0 3 4
56 48 8 6 0 1 5 3 4 2 7
56 48 8 3 6 1 5 0 4 2 7
56 48 8 6 0 2 1 3 4 5 7
56 48 8 3 6 2 1 0 4 5 7
56 48 8 3 7 5 2 6 0 4 1
56 48 8 7 0 1 2 4 6 5 3
56 48 8 5 7 6 1 3 4 0 2
56 48 8 1 7 6 3 4 0 5 2
56 48 8 0 7 6 3 1 4 5 2
56 48 8 1 7 6 5 3 0 4 2
56 48 8 2 6 7 0 3 4 5 1
56 48 8 5 0 4 7 3 6 2 1
56 48 8 3 5 4 7 0 6 2 1
56 48 8 3 6 7 0 1 4 2 5
56 48 8 6 1 0 2 3 4 5 7
56 48 8 1 6 4 2 7 0 3 5
56 48 8 2 7 0 6 3 4 5 1
56 48 8 5 0 1 2 7 6 4 3
56 48 8 5 0 4 1 7 6 2 3
56 48 8 1 5 4 0 7 6 2 3
56 48 8 4 6 5 1 7 3 0 2
56 48 8 1 4 5 0 3 6 2 7
56 48 8 4 5 1 0 3 6 2 7
56 48 8 4 5 2 1 3 6 0 7
56 48 8 2 5 0 1 3 6 4 7
56 48 8 1 6 4 5 0 7 3 2
56 48 8 5 0 4 1 7 3 6 2
56 48 8 1 5 4 0 7 3 6 2
56 48 8 3 7 4 1 0 5 6 2
56 48 8 1 7 4 0 3 5 6 2
56 48 8 7 4 1 0 3 5 6 2
56 48 8 3 5 1 0 2 6 4 7
56 48 8 3 5 4 1 2 6 0 7
56 48 8 0 3 6 1 7 2 4 5
56 48 8 7 3 6 1 5 2 4 0
56 48 8 0 7 5 2 1 3 4 6
56 48 8 3 5 7 0 6 4 2 1
56 48 8 3 6 0 1 2 7 5 4
56 48 8 3 6 0 5 2 7 4 1
56 48 8 0 6 5 3 2 7 4 1
56 48 8 6 7 0 1 2 3 5 4
56 48 8 6 7 0 5 2 3 4 1
56 48 8 0 7 5 6 2 3 4 1
56 48 8 3 6 7 0 1 4 5 2
56 48 8 2 7 5 0 3 6 1 4
56 48 8 2 7 5 4 0 6 1 3
56 48 8 0 6 5 7 2 1 4 3
56 48 8 0 6 5 1 3 4 7 2
56 48 8 1 6 5 3 0 4 7 2
56 48 8 6 3 5 2 7 4 0 1
56 48 8 6 3 0 7 1 4 2 5
56 49 7 0 3 6 1 7 4 5 2
56 49 7 3 7 6 2 1 4 5 0
56 49 7 6 0 5 1 2 7 4 3
56 49 7 0 7 1 2 5 6 4 3
56 49 7 7 1 0 2 5 6 4 3
56 49 7 0 7 4 1 5 6 2 3
56 49 7 7 4 0 1 5 6 2 3
56 49 7 7 0 6 3 2 4 5 1
56 49 7 7 6 3 0 2 4 5 1
56 49 7 6 0 1 3 2 4 5 7
56 49 7 1 0 6 3 7 4 2 5
56 49 7 1 6 3 0 7 4 2 5
56 49 7 1 6 2 3 7 4 0 5
56 49 7 4 6 1 7 3 5 2 0
56 49 7 0 3 7 1 2 6 4 5
56 49 7 3 7 1 5 2 6 4 0
56 49 7 3 7 4 1 2 0 6 5
56 49 7 3 7 4 1 2 6 5 0
56 49 7 7 5 2 1 3 6 4 0
56 49 7 7 0 3 5 1 6 4 2
56 49 7 3 5 1 7 6 4 0 2
56 49 7 7 5 1 4 2 3 6 0
56 49 7 1 7 0 6 2 3 4 5
56 49 7 5 6 1 7 2 3 0 4
56 49 7 0 6 5 1 2 7 3 4
56 49 7 0 2 5 1 7 6 3 4
56 49 7 0 2 7 1 3 6 5 4
56 49 7 0 2 7 5 3 6 4 1
56 49 7 2 7 4 5 3 6 1 0
56 49 7 6 7 1 2 3 4 5 0
56 49 7 6 5 4 7 1 3 2 0
56 49 7 3 7 5 2 1 0 6 4
56 49 7 1 5 4 3 7 6 0 2
56 49 7 1 6 5 3 0 7 4 2
56 49 7 2 7 5 4 0 3 6 1
56 49 7 2 0 5 4 3 7 6 1
56 49 7 2 0 7 4 3 6 5 1
56 49 7 6 5 4 7 2 0 3 1
56 49 7 7 3 2 5 6 4 0 1
56 49 7 1 6 5 2 4 0 7 3
56 49 7 0 6 5 2 1 4 7 3
56 49 7 1 6 5 0 2 4 7 3
56 49 7 6 3 5 1 4 0 2 7
56 49 7 1 7 5 0 6 3 2 4
56 49 7 0 1 6 7 2 3 4 5
56 49 7 1 6 2 0 3 4 7 5
56 49 7 3 0 5 1 7 4 2 6
56 49 7 0 7 5 2 1 3 6 4
56 49 7 0 1 5 2 3 7 6 4
56 49 7 1 5 0 2 3 7 6 4
56 49 7 1 7 5 3 0 4 2 6
56 50 6 7 3 5 4 1 0 6 2
56 50 6 7 3 5 4 1 6 2 0
56 50 6 1 6 5 2 3 7 4 0
56 50 6 7 3 5 6 1 4 2 0
56 50 6 7 1 3 0 5 6 4 2
56 50 6 1 7 5 4 0 6 3 2
56 50 6 6 3 5 2 1 4 0 7
56 50 6 1 6 7 5 2 3 4 0
56 50 6 7 5 3 4 1 6 0 2
56 50 6 1 3 0 5 6 4 2 7
56 50 6 6 3 5 1 2 0 7 4
56 50 6 1 7 5 3 0 2 6 4
56 50 6 6 3 5 0 2 1 4 7
56 50 6 0 1 5 7 2 6 3 4
56 50 6 1 5 0 7 2 6 3 4
56 51 5 7 6 5 3 2 4 1 0
56 51 5 1 7 2 4 3 6 5 0
56 51 5 2 3 5 7 6 4 0 1
56 51 5 7 3 6 5 2 4 1 0
56 51 5 7 3 0 5 2 4 6 1
56 51 5 1 7 5 2 6 4 3 0
56 51 5 6 1 5 7 3 4 2 0
56 51 5 1 3 6 5 2 4 0 7
56 51 5 1 6 5 7 4 2 3 0
56 51 5 7 3 1 0 2 4 6 5
56 51 5 1 3 5 7 0 4 2 6
57 46 11 6 1 7 5 3 0 4 2
57 47 10 7 0 1 6 5 3 4 2
57 47 10 7 6 5 3 1 2 0 4
57 47 10 7 0 1 5 6 4 2 3
57 47 10 7 6 1 0 5 4 2 3
57 47 10 7 0 2 1 6 4 5 3
57 47 10 3 7 6 0 1 4 2 5
57 47 10 2 6 1 3 0 4 5 7
57 47 10 2 6 1 5 3 4 0 7
57 47 10 6 5 1 4 2 3 0 7
57 47 10 2 3 0 1 7 6 4 5
57 47 10 7 5 1 3 0 6 2 4
57 47 10 4 6 0 1 3 2 7 5
57 47 10 0 6 5 1 3 2 7 4
57 47 10 6 4 5 0 7 3 2 1
57 47 10 7 3 0 2 1 6 4 5
57 48 9 7 6 1 2 4 5 0 3
57 48 9 5 7 6 1 0 4 2 3
57 48 9 3 7 6 1 4 5 0 2
57 48 9 3 0 6 1 4 7 5 2
57 48 9 1 0 6 3 7 4 5 2
57 48 9 6 4 1 2 3 0 5 7
57 48 9 3 6 1 2 4 0 5 7
57 48 9 0 1 6 2 7 3 4 5
57 48 9 1 6 2 7 0 3 4 5
57 48 9 6 5 0 2 7 3 4 1
57 48 9 2 7 6 1 3 0 4 5
57 48 9 2 5 1 0 7 6 4 3
57 48 9 3 5 1 2 7 6 4 0
57 48 9 3 5 4 1 7 6 2 0
57 48 9 7 6 5 1 4 3 2 0
57 48 9 2 5 4 1 7 3 6 0
57 48 9 2 7 4 1 3 5 6 0
57 48 9 1 6 4 7 0 3 5 2
57 48 9 0 5 4 7 3 6 1 2
57 48 9 0 5 7 6 3 4 2 1
57 48 9 1 0 5 2 7 3 4 6
57 48 9 0 5 1 7 2 6 4 3
57 48 9 0 6 7 1 3 4 2 5
57 48 9 1 6 7 3 0 4 2 5
57 48 9 1 6 7 2 3 4 0 5
57 48 9 3 6 5 4 2 7 0 1
57 48 9 6 7 5 4 2 3 0 1
57 48 9 2 7 0 4 3 6 1 5
57 48 9 3 6 0 7 2 1 4 5
57 48 9 1 6 0 2 7 4 3 5
57 48 9 0 6 5 2 7 4 3 1
57 49 8 0 7 1 2 6 4 5 3
57 49 8 7 1 0 2 6 4 5 3
57 49 8 4 6 1 7 0 3 2 5
57 49 8 4 6 1 7 3 2 0 5
57 49 8 4 0 1 7 3 6 2 5
57 49 8 3 7 0 6 1 4 5 2
57 49 8 0 5 4 3 7 6 2 1
57 49 8 7 5 4 3 1 6 2 0
57 49 8 7 5 4 2 3 0 6 1
57 49 8 6 0 5 4 7 3 2 1
57 49 8 6 0 7 1 3 4 2 5
57 49 8 6 7 1 0 3 4 2 5
57 49 8 6 7 2 1 3 4 0 5
57 49 8 7 4 6 1 5 3 2 0
57 49 8 7 4 6 1 3 2 5 0
57 49 8 7 4 0 1 3 2 6 5
57 49 8 7 6 2 1 5 3 4 0
57 49 8 6 7 5 1 0 2 4 3
57 49 8 7 6 1 2 5 0 4 3
57 49 8 7 6 4 1 5 0 2 3
57 49 8 6 0 1 3 7 4 2 5
57 49 8 7 6 1 3 5 4 0 2
57 49 8 0 6 1 7 4 3 5 2
57 49 8 4 6 0 7 3 5 1 2
57 49 8 0 4 1 7 3 6 5 2
57 49 8 4 1 0 7 3 6 5 2
57 49 8 3 6 7 1 2 0 4 5
57 49 8 5 1 0 2 3 6 4 7
57 49 8 7 6 5 1 3 0 2 4
57 49 8 7 5 2 1 3 0 6 4
57 49 8 5 4 0 1 3 6 2 7
57 49 8 7 4 6 1 2 3 0 5
57 49 8 7 4 6 0 2 3 5 1
57 49 8 7 3 4 5 1 6 0 2
57 49 8 6 1 0 3 7 4 5 2
57 49 8 0 7 6 5 3 4 1 2
57 49 8 1 6 5 0 3 2 4 7
57 49 8 3 6 5 1 7 2 0 4
57 49 8 7 5 0 3 1 6 4 2
57 49 8 5 1 4 7 3 6 0 2
57 49 8 5 6 1 7 0 3 4 2
57 49 8 3 0 1 7 6 5 4 2
57 49 8 0 5 1 4 7 3 6 2
57 49 8 0 7 1 4 3 5 6 2
57 49 8 7 1 0 4 3 5 6 2
57 49 8 2 6 1 7 5 3 4 0
57 49 8 5 6 1 0 2 3 4 7
57 49 8 0 7 4 1 2 6 3 5
57 49 8 7 4 0 1 2 6 3 5
57 49 8 2 6 5 1 4 7 3 0
57 49 8 2 5 0 1 7 6 3 4
57 49 8 2 7 4 5 3 0 6 1
57 49 8 0 6 5 2 7 1 3 4
57 49 8 7 6 5 2 4 1 3 0
57 49 8 0 7 5 2 1 6 3 4
57 49 8 7 5 0 2 1 6 3 4
57 49 8 0 6 7 1 3 4 5 2
57 49 8 6 5 4 7 1 0 3 2
57 49 8 3 7 0 2 1 6 5 4
57 49 8 2 0 6 7 1 3 5 4
57 49 8 2 7 4 0 3 6 5 1
57 49 8 2 7 0 1 6 4 5 3
57 49 8 2 6 5 7 3 1 4 0
57 49 8 0 1 6 5 7 4 2 3
57 49 8 1 4 6 5 7 0 2 3
57 49 8 1 6 2 5 7 0 4 3
57 49 8 7 0 3 5 6 4 2 1
57 49 8 1 0 5 2 6 4 7 3
57 49 8 3 7 5 0 1 6 2 4
57 49 8 1 7 5 4 0 3 2 6
57 49 8 4 6 5 0 3 2 1 7
57 49 8 4 6 5 7 0 2 1 3
57 49 8 1 6 2 5 0 4 7 3
57 49 8 1 0 5 2 7 3 6 4
57 49 8 1 7 0 4 2 3 6 5
57 49 8 0 7 5 4 2 3 6 1
57 50 7 2 7 5 1 3 4 0 6
57 50 7 7 5 0 4 1 6 2 3
57 50 7 7 3 4 1 5 0 6 2
57 50 7 7 5 4 2 1 3 6 0
57 50 7 7 3 0 4 1 6 5 2
57 50 7 0 3 1 7 5 6 4 2
57 50 7 3 1 0 7 5 6 4 2
57 50 7 3 0 1 7 2 6 4 5
57 50 7 1 6 5 0 2 7 4 3
57 50 7 7 0 5 1 2 3 4 6
57 50 7 2 5 1 7 3 0 6 4
57 50 7 3 7 4 5 1 6 2 0
57 50 7 7 5 1 3 2 0 6 4
57 50 7 1 3 7 5 6 0 4 2
57 50 7 1 7 4 5 6 3 2 0
57 50 7 6 5 7 1 2 3 4 0
57 50 7 7 3 5 6 4 0 2 1
57 50 7 7 3 0 2 6 4 5 1
57 50 7 6 5 0 7 3 4 1 2
57 50 7 3 7 5 4 0 1 6 2
57 50 7 3 0 5 4 1 7 6 2
57 50 7 3 0 7 4 1 6 5 2
57 50 7 7 1 4 3 5 6 0 2
57 50 7 1 0 5 6 3 7 4 2
57 50 7 1 0 7 4 6 3 5 2
57 50 7 3 2 7 1 0 6 4 5
57 50 7 1 2 7 0 3 6 4 5
57 50 7 6 3 5 2 0 1 4 7
57 50 7 1 6 5 2 0 7 4 3
57 50 7 1 0 6 2 7 4 5 3
57 50 7 1 6 2 0 7 4 5 3
57 50 7 6 0 5 2 7 4 1 3
57 50 7 1 6 5 7 4 3 2 0
57 50 7 4 6 5 7 1 3 0 2
57 50 7 1 4 5 7 3 6 2 0
57 50 7 1 7 0 5 2 6 3 4
57 50 7 0 2 5 7 3 6 4 1
57 50 7 7 3 5 1 4 2 0 6
57 50 7 3 5 4 7 2 6 0 1
57 50 7 6 5 2 7 1 4 0 3
57 50 7 6 4 5 7 0 1 2 3
57 50 7 6 4 5 7 1 2 0 3
57 50 7 1 3 5 6 0 4 2 7
57 50 7 1 3 5 2 6 4 0 7
57 50 7 6 3 0 1 2 7 5 4
57 50 7 6 3 0 5 2 7 4 1
57 50 7 0 3 5 6 2 7 4 1
57 50 7 3 5 0 1 2 7 6 4
57 50 7 0 1 6 7 3 4 5 2
57 50 7 1 4 6 7 3 0 5 2
57 50 7 1 6 0 5 2 3 7 4
57 50 7 3 6 0 5 2 4 7 1
57 50 7 0 6 5 3 2 4 7 1
57 50 7 6 0 3 7 1 4 5 2
57 50 7 6 3 7 0 1 4 5 2
57 50 7 0 3 5 7 2 1 4 6
57 51 6 3 6 5 2 7 4 1 0
57 51 6 7 3 6 5 1 4 2 0
57 51 6 7 3 0 5 1 4 6 2
57 51 6 7 5 3 1 2 6 4 0
57 51 6 1 6 5 3 4 2 7 0
57 51 6 6 0 5 7 2 3 1 4
57 51 6 6 3 1 2 7 4 5 0
57 51 6 1 6 7 2 3 4 5 0
57 51 6 1 6 5 4 3 0 7 2
57 51 6 1 5 0 4 2 6 3 7
57 51 6 1 3 5 2 7 6 0 4
57 51 6 7 3 6 0 2 4 5 1
57 51 6 7 0 3 1 2 4 6 5
57 51 6 6 3 5 7 4 0 2 1
57 51 6 6 3 0 5 2 4 7 1
57 51 6 0 3 5 6 2 4 7 1
57 52 5 1 3 5 4 7 0 6 2
57 52 5 7 3 5 4 2 0 6 1
57 52 5 7 3 5 4 2 6 1 0
57 52 5 1 3 5 2 6 7 4 0
57 52 5 1 7 5 6 3 4 2 0
57 52 5 1 5 3 4 7 6 0 2
57 52 5 1 3 6 7 2 0 5 4
57 53 4 1 3 5 7 2 6 0 4
58 47 11 4 6 1 2 7 0 5 3
58 47 11 7 6 4 2 0 3 5 1
58 47 11 6 5 1 2 0 3 4 7
58 47 11 0 6 4 5 7 3 2 1
58 48 10 3 6 1 5 7 4 0 2
58 48 10 3 0 5 2 7 6 4 1
58 48 10 5 7 0 1 3 4 2 6
58 48 10 6 5 4 7 3 0 2 1
58 48 10 6 5 1 4 3 0 2 7
58 48 10 4 7 5 1 3 0 2 6
58 48 10 3 0 1 2 6 4 5 7
58 48 10 0 6 2 1 7 3 4 5
58 48 10 2 7 6 3 0 4 5 1
58 48 10 2 7 6 5 3 4 0 1
58 48 10 3 5 4 1 7 0 6 2
58 48 10 5 7 4 1 3 0 6 2
58 48 10 0 6 4 1 7 3 5 2
58 48 10 7 5 4 3 0 6 1 2
58 48 10 7 3 6 0 1 2 4 5
58 48 10 6 5 7 3 0 4 2 1
58 48 10 6 5 7 2 3 4 0 1
58 48 10 3 6 5 2 0 7 4 1
58 48 10 6 7 5 2 0 3 4 1
58 49 9 7 6 1 2 3 0 5 4
58 49 9 0 6 1 2 7 3 5 4
58 49 9 7 6 1 2 4 3 5 0
58 49 9 7 4 1 2 6 0 5 3
58 49 9 3 4 6 1 7 0 5 2
58 49 9 7 5 4 3 6 0 2 1
58 49 9 7 0 4 3 5 6 2 1
58 49 9 0 4 6 1 7 3 2 5
58 49 9 2 7 6 1 4 0 5 3
58 49 9 7 0 1 2 6 5 4 3
58 49 9 7 5 4 1 6 2 0 3
58 49 9 7 0 4 1 6 5 2 3
58 49 9 4 0 6 1 3 2 5 7
58 49 9 4 6 1 0 3 2 5 7
58 49 9 7 1 6 5 0 3 4 2
58 49 9 3 5 1 0 6 7 4 2
58 49 9 3 5 4 1 6 7 0 2
58 49 9 5 6 1 3 7 4 2 0
58 49 9 0 7 1 3 2 6 4 5
58 49 9 3 7 1 4 2 6 0 5
58 49 9 0 5 2 7 3 6 4 1
58 49 9 5 6 1 2 3 0 4 7
58 49 9 3 5 1 2 6 0 4 7
58 49 9 3 0 1 2 5 6 4 7
58 49 9 5 6 4 1 3 0 2 7
58 49 9 3 5 4 1 6 0 2 7
58 49 9 3 0 4 1 5 6 2 7
58 49 9 1 5 4 3 0 6 2 7
58 49 9 1 5 4 2 3 6 0 7
58 49 9 7 4 6 0 3 5 2 1
58 49 9 6 4 1 3 7 0 5 2
58 49 9 7 4 6 5 3 0 1 2
58 49 9 7 6 5 1 3 2 4 0
58 49 9 7 0 1 4 5 3 6 2
58 49 9 1 7 6 4 2 3 0 5
58 49 9 5 6 0 7 2 3 4 1
58 49 9 2 6 7 1 3 0 5 4
58 49 9 0 7 1 2 3 6 5 4
58 49 9 2 6 7 5 3 0 4 1
58 49 9 7 6 5 0 2 1 3 4
58 49 9 6 4 7 1 3 0 5 2
58 49 9 0 7 1 6 3 4 5 2
58 49 9 2 6 7 0 1 3 5 4
58 49 9 7 6 5 0 3 1 4 2
58 49 9 4 6 5 7 3 0 1 2
58 49 9 3 7 0 4 1 6 2 5
58 49 9 1 7 0 4 6 3 2 5
58 49 9 0 6 5 7 3 2 1 4
58 49 9 4 3 5 1 7 0 2 6
58 49 9 1 7 0 3 6 4 2 5
58 50 8 6 0 5 2 3 7 4 1
58 50 8 2 0 7 1 3 4 5 6
58 50 8 2 7 1 0 3 4 5 6
58 50 8 0 7 4 1 5 3 6 2
58 50 8 7 4 0 1 5 3 6 2
58 50 8 7 5 0 4 1 3 6 2
58 50 8 0 5 4 7 1 3 6 2
58 50 8 6 0 1 5 2 3 4 7
58 50 8 6 0 4 1 2 3 5 7
58 50 8 1 0 7 2 6 3 4 5
58 50 8 1 7 2 0 6 3 4 5
58 50 8 1 7 4 2 6 3 0 5
58 50 8 7 0 1 3 4 6 2 5
58 50 8 2 6 1 3 7 4 0 5
58 50 8 2 7 5 3 1 6 0 4
58 50 8 3 6 1 7 5 0 4 2
58 50 8 2 7 6 1 5 3 4 0
58 50 8 5 7 6 1 2 3 0 4
58 50 8 3 6 1 7 0 2 4 5
58 50 8 7 6 4 1 5 2 3 0
58 50 8 6 5 7 2 1 3 4 0
58 50 8 2 6 5 1 0 7 4 3
58 50 8 6 2 5 1 0 3 4 7
58 50 8 1 2 5 0 6 3 4 7
58 50 8 0 7 1 3 4 6 5 2
58 50 8 7 1 0 3 4 6 5 2
58 50 8 0 7 1 5 3 6 4 2
58 50 8 7 1 0 5 3 6 4 2
58 50 8 7 1 5 3 0 6 4 2
58 50 8 2 5 0 7 3 6 1 4
58 50 8 3 0 6 5 7 4 2 1
58 50 8 3 6 2 5 7 4 0 1
58 50 8 0 3 7 5 1 6 4 2
58 50 8 3 7 4 5 1 0 6 2
58 50 8 5 1 0 3 7 6 4 2
58 50 8 7 5 0 3 2 6 1 4
58 50 8 0 2 5 1 6 7 4 3
58 50 8 1 6 0 5 3 7 4 2
58 50 8 1 7 4 5 6 0 3 2
58 50 8 3 5 7 0 1 6 4 2
58 50 8 3 5 4 7 1 6 0 2
58 50 8 2 6 5 0 7 3 1 4
58 50 8 3 7 4 0 1 6 5 2
58 50 8 5 7 1 3 0 6 4 2
58 50 8 3 7 1 0 5 6 4 2
58 50 8 2 7 1 3 5 6 4 0
58 50 8 1 7 4 0 6 3 5 2
58 50 8 5 2 7 1 3 6 4 0
58 50 8 2 7 1 5 3 6 0 4
58 50 8 2 6 5 0 7 4 1 3
58 50 8 2 7 5 4 1 6 3 0
58 50 8 7 5 4 0 1 6 3 2
58 50 8 7 0 5 1 4 3 2 6
58 50 8 3 5 7 0 2 6 4 1
58 50 8 6 5 7 0 1 4 2 3
58 50 8 6 3 5 4 2 7 0 1
58 50 8 0 6 5 1 2 3 7 4
58 50 8 6 3 0 7 2 1 4 5
58 51 7 6 7 5 3 1 4 0 2
58 51 7 2 6 1 4 7 3 5 0
58 51 7 7 6 2 4 1 3 5 0
58 51 7 0 6 5 3 7 4 1 2
58 51 7 1 0 6 2 3 4 7 5
58 51 7 6 0 5 2 3 4 7 1
58 51 7 3 6 5 2 0 4 7 1
58 51 7 6 3 1 0 7 4 2 5
58 51 7 6 3 2 1 7 4 0 5
58 51 7 7 1 5 3 6 4 0 2
58 51 7 7 0 1 4 2 6 3 5
58 51 7 2 0 5 4 7 6 3 1
58 51 7 2 7 5 3 6 4 0 1
58 51 7 6 0 5 7 1 3 2 4
58 51 7 6 5 1 3 7 4 2 0
58 51 7 6 5 2 1 7 4 3 0
58 51 7 6 4 5 1 7 2 3 0
58 51 7 7 6 0 5 2 4 1 3
58 51 7 1 0 2 5 3 6 4 7
58 51 7 4 7 5 1 2 6 0 3
58 51 7 4 7 5 0 2 6 3 1
58 51 7 7 3 0 5 1 4 2 6
58 51 7 7 2 5 1 0 6 4 3
58 51 7 1 2 5 0 7 6 4 3
58 51 7 7 6 5 4 2 1 0 3
58 51 7 7 5 3 1 2 0 6 4
58 51 7 1 5 0 3 4 6 2 7
58 51 7 1 5 0 2 3 6 4 7
58 51 7 1 6 5 7 3 2 4 0
58 51 7 3 6 5 7 1 2 0 4
58 51 7 1 0 7 5 6 4 2 3
58 51 7 1 7 2 5 6 4 0 3
58 51 7 1 6 5 2 4 7 3 0
58 51 7 1 5 0 2 7 6 3 4
58 51 7 2 6 5 7 0 3 1 4
58 51 7 4 6 5 7 2 3 1 0
58 51 7 1 3 5 0 6 2 4 7
58 51 7 6 3 5 1 7 2 0 4
58 51 7 1 0 7 5 3 6 2 4
58 51 7 1 7 2 5 3 6 0 4
58 51 7 1 7 5 4 6 2 0 3
58 51 7 1 0 5 4 6 7 2 3
58 51 7 7 0 5 4 1 6 2 3
58 51 7 0 7 5 1 3 2 6 4
58 51 7 3 7 5 1 4 2 6 0
58 51 7 3 1 5 7 0 6 4 2
58 51 7 1 5 7 0 3 6 4 2
58 51 7 1 5 4 7 3 6 0 2
58 51 7 7 0 5 4 1 3 6 2
58 51 7 3 1 5 4 0 7 6 2
58 51 7 1 5 4 0 3 7 6 2
58 51 7 1 5 6 4 3 7 0 2
58 51 7 3 1 7 4 0 6 5 2
58 51 7 1 6 7 4 0 3 5 2
58 51 7 1 6 7 4 3 5 0 2
58 51 7 7 0 3 1 2 6 5 4
58 51 7 7 3 1 0 2 6 5 4
58 51 7 7 0 3 5 2 6 4 1
58 51 7 7 3 4 5 2 6 0 1
58 51 7 0 6 5 4 1 3 7 2
58 51 7 0 1 7 4 3 6 2 5
58 51 7 1 6 7 4 3 0 2 5
58 51 7 1 7 2 4 3 0 6 5
58 51 7 1 7 0 2 6 4 5 3
58 51 7 6 1 5 7 3 0 4 2
58 51 7 1 3 6 5 0 2 4 7
58 51 7 1 6 4 0 2 3 7 5
58 51 7 7 3 1 2 6 4 0 5
58 51 7 0 1 5 4 2 6 3 7
58 51 7 2 3 5 7 6 1 4 0
58 51 7 1 6 0 7 4 2 5 3
58 51 7 0 1 5 7 4 6 2 3
58 51 7 1 5 0 7 4 6 2 3
58 51 7 1 3 5 2 0 6 4 7
58 51 7 1 3 0 7 6 4 2 5
58 52 6 2 6 5 4 1 3 7 0
58 52 6 1 3 5 6 7 0 4 2
58 52 6 7 5 1 4 2 6 3 0
58 52 6 1 5 0 4 7 6 2 3
58 52 6 6 0 1 7 2 4 5 3
58 52 6 1 3 5 0 2 7 4 6
58 52 6 1 0 6 4 2 3 7 5
58 52 6 6 0 5 1 2 4 7 3
58 52 6 7 3 1 5 6 4 2 0
58 52 6 7 3 2 1 6 4 5 0
58 52 6 7 3 6 1 2 5 4 0
58 52 6 7 3 0 1 2 5 6 4
58 52 6 7 5 3 4 2 6 0 1
58 52 6 1 7 4 5 2 3 6 0
58 52 6 6 3 1 7 0 4 5 2
58 52 6 1 7 0 2 3 4 6 5
58 52 6 1 7 3 0 2 6 5 4
58 52 6 1 3 0 5 2 6 4 7
58 52 6 6 1 5 7 0 4 2 3
58 52 6 1 5 2 7 6 4 0 3
58 52 6 1 4 5 7 0 6 2 3
58 52 6 1 4 5 7 6 2 0 3
58 52 6 1 3 5 7 6 2 4 0
58 52 6 6 3 5 7 1 2 0 4
58 52 6 6 3 0 5 2 4 1 7
58 52 6 0 3 5 6 2 4 1 7
58 53 5 1 7 5 4 2 0 6 3
58 53 5 6 0 5 7 2 4 1 3
58 53 5 1 3 5 0 2 4 7 6
58 53 5 1 3 6 5 7 4 2 0
58 53 5 1 3 0 5 7 4 6 2
58 53 5 0 3 5 7 6 4 1 2
58 53 5 3 0 5 7 2 4 1 6
58 53 5 2 3 5 7 0 4 1 6
58 54 4 6 3 1 7 2 4 5 0
58 54 4 1 3 6 7 2 4 0 5
59 48 11 4 6 1 5 3 0 2 7
59 48 11 4 6 2 1 3 0 5 7
59 48 11 6 5 1 2 7 0 4 3
59 48 11 6 5 4 1 7 0 2 3
59 48 11 4 6 0 1 7 3 2 5
59 48 11 7 0 6 1 3 2 4 5
59 49 10 3 7 6 5 1 4 0 2
59 49 10 3 6 5 4 7 0 2 1
59 49 10 2 0 6 1 7 4 5 3
59 49 10 2 7 6 0 1 4 5 3
59 49 10 5 1 6 0 7 3 4 2
59 49 10 2 1 6 5 7 3 4 0
59 49 10 4 6 1 3 2 0 5 7
59 49 10 7 6 0 3 5 4 2 1
59 49 10 0 6 1 3 5 4 2 7
59 49 10 4 0 1 7 6 3 5 2
59 49 10 3 7 1 2 0 6 4 5
59 49 10 7 5 2 3 0 6 4 1
59 49 10 3 5 4 0 1 6 2 7
59 49 10 7 4 0 1 2 3 5 6
59 49 10 0 4 6 1 2 3 5 7
59 49 10 7 4 6 1 0 5 2 3
59 49 10 0 6 5 1 7 2 4 3
59 49 10 7 5 1 0 4 3 6 2
59 49 10 1 7 6 2 0 3 4 5
59 49 10 2 0 1 7 6 3 4 5
59 49 10 2 0 5 1 6 7 3 4
59 49 10 2 6 5 0 1 7 3 4
59 49 10 2 7 1 3 0 6 5 4
59 49 10 7 0 5 2 6 1 3 4
59 49 10 6 7 1 3 0 4 5 2
59 49 10 6 7 1 5 3 4 0 2
59 49 10 0 7 5 4 6 3 2 1
59 49 10 4 6 0 7 3 2 1 5
59 49 10 0 6 2 5 3 4 7 1
59 50 9 4 7 6 1 0 3 2 5
59 50 9 4 7 6 1 3 2 0 5
59 50 9 4 0 6 1 3 7 2 5
59 50 9 7 5 1 4 2 6 0 3
59 50 9 0 5 4 7 1 6 2 3
59 50 9 4 5 0 1 6 3 2 7
59 50 9 4 6 0 5 1 3 2 7
59 50 9 0 6 1 5 7 3 4 2
59 50 9 2 6 1 5 0 3 4 7
59 50 9 7 6 4 1 3 0 5 2
59 50 9 2 6 4 1 0 3 5 7
59 50 9 7 6 1 3 4 2 0 5
59 50 9 2 5 1 4 3 6 0 7
59 50 9 4 0 6 1 7 3 5 2
59 50 9 1 4 6 0 7 3 5 2
59 50 9 0 6 4 1 7 2 3 5
59 50 9 3 7 5 1 2 0 4 6
59 50 9 7 2 5 1 6 3 4 0
59 50 9 6 5 1 2 7 3 0 4
59 50 9 6 5 4 0 7 3 2 1
59 50 9 3 1 5 0 7 6 4 2
59 50 9 2 1 5 3 7 6 4 0
59 50 9 3 5 1 4 7 6 0 2
59 50 9 3 6 7 5 1 0 4 2
59 50 9 5 6 1 3 7 0 4 2
59 50 9 2 5 0 1 6 7 4 3
59 50 9 1 6 5 4 3 7 0 2
59 50 9 0 1 7 5 6 3 4 2
59 50 9 0 5 7 6 2 3 4 1
59 50 9 7 0 5 6 3 4 2 1
59 50 9 2 7 1 5 0 6 4 3
59 50 9 2 7 4 1 0 6 5 3
59 50 9 0 6 7 1 2 3 4 5
59 50 9 1 6 7 4 2 3 0 5
59 50 9 7 4 5 0 3 6 2 1
59 50 9 4 7 5 0 1 6 3 2
59 50 9 1 7 5 2 0 6 3 4
59 50 9 6 3 5 2 0 7 4 1
59 50 9 1 6 5 2 0 3 7 4
59 51 8 4 0 1 2 3 6 5 7
59 51 8 0 7 1 3 6 4 2 5
59 51 8 7 1 0 3 6 4 2 5
59 51 8 3 2 5 1 6 0 4 7
59 51 8 6 7 5 3 0 1 4 2
59 51 8 6 0 5 3 1 7 4 2
59 51 8 3 0 6 1 2 7 4 5
59 51 8 3 0 7 2 1 6 4 5
59 51 8 3 7 2 0 1 6 4 5
59 51 8 3 7 4 2 1 6 0 5
59 51 8 3 6 1 0 2 7 4 5
59 51 8 3 6 4 1 2 7 0 5
59 51 8 6 0 7 1 2 3 4 5
59 51 8 6 7 1 0 2 3 4 5
59 51 8 6 7 4 1 2 3 0 5
59 51 8 4 7 6 1 3 5 2 0
59 51 8 4 7 0 1 3 5 6 2
59 51 8 7 6 1 3 4 5 2 0
59 51 8 2 5 1 7 6 0 4 3
59 51 8 0 2 6 1 7 3 5 4
59 51 8 2 3 6 1 7 0 5 4
59 51 8 0 2 6 5 7 3 4 1
59 51 8 2 3 6 5 7 0 4 1
59 51 8 2 6 4 5 7 3 1 0
59 51 8 7 3 6 2 1 0 5 4
59 51 8 3 6 0 2 7 4 5 1
59 51 8 2 5 1 3 7 6 0 4
59 51 8 2 6 5 1 3 7 0 4
59 51 8 2 6 5 0 3 7 4 1
59 51 8 3 5 0 7 6 1 4 2
59 51 8 7 6 5 3 4 0 1 2
59 51 8 2 6 5 0 3 4 7 1
59 51 8 6 0 3 1 7 4 2 5
59 51 8 7 1 3 0 6 4 5 2
59 51 8 0 6 1 7 3 5 4 2
59 51 8 6 1 0 7 3 5 4 2
59 51 8 7 6 1 4 0 2 3 5
59 51 8 2 6 5 4 0 7 3 1
59 51 8 2 0 6 4 7 3 5 1
59 51 8 2 0 5 3 6 7 4 1
59 51 8 7 5 0 3 6 4 1 2
59 51 8 7 0 5 6 1 3 4 2
59 51 8 2 7 4 1 0 3 6 5
59 51 8 2 0 4 1 3 7 6 5
59 51 8 0 4 5 1 6 7 2 3
59 51 8 6 4 5 1 3 7 2 0
59 51 8 7 6 5 2 4 1 0 3
59 51 8 7 0 5 2 4 6 1 3
59 51 8 7 6 5 1 2 4 0 3
59 51 8 4 0 6 7 3 2 5 1
59 51 8 4 5 7 0 3 6 2 1
59 51 8 4 5 2 7 3 6 0 1
59 51 8 0 6 2 7 3 4 1 5
59 51 8 6 5 3 0 7 4 2 1
59 51 8 6 5 2 3 7 4 0 1
59 51 8 6 4 5 3 0 7 2 1
59 51 8 6 4 5 3 7 2 0 1
59 51 8 7 6 5 3 0 1 4 2
59 51 8 7 0 6 3 1 4 5 2
59 51 8 7 6 3 0 1 4 5 2
59 51 8 3 1 6 5 0 4 2 7
59 51 8 1 4 6 5 0 3 2 7
59 51 8 1 4 6 5 3 2 0 7
59 51 8 1 6 2 5 0 3 4 7
59 51 8 2 7 5 1 4 6 3 0
59 51 8 7 3 5 2 1 4 0 6
59 51 8 3 2 5 1 7 6 4 0
59 51 8 3 6 5 2 1 7 0 4
59 51 8 6 7 5 2 1 3 0 4
59 51 8 6 5 0 2 3 4 1 7
59 51 8 6 4 5 2 3 0 1 7
59 51 8 3 6 5 2 4 0 1 7
59 51 8 1 6 0 3 4 2 5 7
59 51 8 0 1 5 3 4 6 2 7
59 51 8 6 5 0 3 1 4 2 7
59 51 8 6 4 5 3 1 0 2 7
59 51 8 0 1 5 2 3 6 4 7
59 51 8 0 1 6 2 3 4 5 7
59 51 8 1 4 6 2 3 0 5 7
59 51 8 0 6 5 2 1 7 3 4
59 51 8 1 6 5 0 2 7 3 4
59 51 8 0 1 5 2 7 6 3 4
59 51 8 0 1 7 2 3 6 5 4
59 51 8 1 6 7 2 3 0 5 4
59 51 8 3 6 5 7 2 0 1 4
59 51 8 7 3 5 1 6 2 4 0
59 51 8 0 3 1 6 7 4 5 2
59 51 8 2 1 5 7 3 6 4 0
59 51 8 4 7 5 0 1 3 6 2
59 51 8 2 7 5 4 1 3 6 0
59 51 8 4 1 5 0 3 7 6 2
59 51 8 2 1 5 4 3 7 6 0
59 51 8 2 1 7 4 3 6 5 0
59 51 8 1 0 5 4 6 3 7 2
59 51 8 6 5 1 7 0 4 2 3
59 51 8 1 6 4 5 0 3 7 2
59 51 8 7 3 1 2 0 4 5 6
59 51 8 1 7 4 2 0 6 5 3
59 51 8 7 3 5 0 6 1 4 2
59 51 8 1 0 5 7 6 2 3 4
59 51 8 7 3 6 1 0 4 5 2
59 51 8 7 3 0 1 2 4 5 6
59 51 8 0 3 6 1 2 4 5 7
59 51 8 6 3 5 2 0 4 7 1
59 52 7 6 5 1 4 7 3 2 0
59 52 7 7 5 3 0 2 6 4 1
59 52 7 3 6 5 2 7 1 4 0
59 52 7 0 7 5 2 6 4 1 3
59 52 7 6 0 5 1 2 7 3 4
59 52 7 2 6 5 1 7 4 0 3
59 52 7 2 3 6 7 1 0 4 5
59 52 7 2 6 4 7 1 3 5 0
59 52 7 7 3 6 5 2 1 4 0
59 52 7 1 7 6 4 0 3 5 2
59 52 7 1 7 5 6 4 0 2 3
59 52 7 0 7 5 6 1 4 2 3
59 52 7 0 1 5 4 7 6 2 3
59 52 7 1 6 5 4 7 0 2 3
59 52 7 3 0 5 1 2 7 4 6
59 52 7 2 3 5 1 0 7 4 6
59 52 7 0 1 5 4 7 3 6 2
59 52 7 1 5 0 4 7 3 6 2
59 52 7 1 7 0 5 4 3 6 2
59 52 7 7 3 0 4 2 6 5 1
59 52 7 2 6 5 1 0 4 7 3
59 52 7 6 2 5 7 0 3 4 1
59 52 7 1 2 5 7 6 3 4 0
59 52 7 0 3 1 7 6 4 2 5
59 52 7 4 3 5 1 0 6 2 7
59 52 7 1 3 5 0 4 6 2 7
59 52 7 6 1 5 3 0 4 2 7
59 52 7 1 5 3 0 6 4 2 7
59 52 7 1 5 2 3 6 4 0 7
59 52 7 1 4 5 3 0 6 2 7
59 52 7 1 4 5 3 6 2 0 7
59 52 7 6 7 5 3 1 4 2 0
59 52 7 2 7 5 4 0 6 3 1
59 52 7 1 0 4 5 2 6 3 7
59 52 7 1 3 0 5 6 7 4 2
59 52 7 1 4 0 5 3 7 6 2
59 52 7 2 3 1 7 6 4 5 0
59 52 7 0 6 5 7 1 4 3 2
59 52 7 1 6 5 4 7 2 3 0
59 52 7 1 0 7 3 2 6 5 4
59 52 7 1 0 7 5 2 6 4 3
59 52 7 1 7 4 5 2 6 0 3
59 52 7 1 3 5 4 2 6 0 7
59 52 7 3 1 5 7 6 4 2 0
59 52 7 1 5 7 0 6 4 2 3
59 52 7 1 5 4 0 7 6 3 2
59 52 7 0 1 6 7 2 3 5 4
59 52 7 3 6 0 5 2 4 1 7
59 52 7 0 6 5 3 2 4 1 7
59 52 7 1 6 2 7 0 4 5 3
59 53 6 1 7 5 3 4 6 2 0
59 53 6 1 6 2 4 7 3 5 0
59 53 6 1 7 0 4 2 6 5 3
59 53 6 4 6 5 7 1 2 3 0
59 53 6 6 3 5 4 2 0 1 7
59 53 6 6 3 1 7 2 0 5 4
59 53 6 3 7 0 1 2 4 6 5
59 53 6 1 3 6 4 2 0 5 7
59 53 6 7 5 2 4 3 6 1 0
59 53 6 1 0 3 5 7 6 4 2
59 53 6 1 6 7 4 2 3 5 0
59 53 6 2 6 5 7 0 4 1 3
59 53 6 0 3 5 1 6 4 7 2
59 53 6 3 0 5 1 2 4 7 6
59 53 6 2 3 5 1 0 4 7 6
59 53 6 3 0 5 4 2 7 6 1
59 53 6 1 6 5 4 2 7 0 3
59 53 6 4 3 5 7 0 6 2 1
59 53 6 1 3 5 7 4 6 2 0
59 53 6 6 3 5 7 4 0 1 2
59 53 6 7 3 5 0 2 4 1 6
59 54 5 1 3 5 4 7 6 2 0
59 54 5 6 3 1 7 2 4 0 5
59 54 5 1 7 5 0 3 4 6 2
59 54 5 1 7 3 5 2 6 4 0
59 54 5 0 3 6 7 2 4 5 1
59 55 4 1 3 5 6 7 4 2 0
60 49 11 7 0 1 2 6 3 5 4
60 49 11 7 0 6 1 4 3 2 5
60 49 11 7 4 6 0 1 3 2 5
60 49 11 7 0 2 1 6 3 4 5
60 49 11 3 1 6 5 7 0 4 2
60 49 11 4 6 1 3 7 0 2 5
60 49 11 4 6 1 0 7 3 5 2
60 49 11 7 4 0 1 3 5 2 6
60 49 11 0 4 6 1 3 5 2 7
60 49 11 3 6 0 1 7 2 4 5
60 50 10 7 5 4 2 1 6 0 3
60 50 10 4 6 5 2 1 3 0 7
60 50 10 7 6 1 0 5 3 4 2
60 50 10 3 6 1 5 2 0 4 7
60 50 10 3 6 4 1 2 0 5 7
60 50 10 2 5 1 3 0 6 4 7
60 50 10 2 4 6 1 7 3 5 0
60 50 10 2 6 0 3 7 4 5 1
60 50 10 2 7 0 3 1 6 4 5
60 50 10 5 7 6 1 0 3 4 2
60 50 10 5 7 0 1 2 3 4 6
60 50 10 0 5 7 6 1 3 4 2
60 50 10 6 5 7 4 1 3 0 2
60 50 10 6 5 4 1 0 3 2 7
60 50 10 6 1 5 3 7 0 4 2
60 50 10 6 5 7 4 2 3 0 1
60 50 10 2 6 0 4 7 3 1 5
60 50 10 6 7 1 3 5 0 4 2
60 50 10 6 2 7 1 3 0 4 5
60 50 10 4 6 5 2 7 0 1 3
60 50 10 1 6 7 2 0 3 4 5
60 50 10 4 6 0 7 1 3 2 5
60 50 10 6 7 5 4 1 0 3 2
60 51 9 4 6 1 2 0 3 5 7
60 51 9 4 6 1 2 3 5 0 7
60 51 9 7 4 1 3 6 0 2 5
60 51 9 3 5 0 1 6 2 4 7
60 51 9 3 6 0 5 1 2 4 7
60 51 9 0 6 5 3 1 2 4 7
60 51 9 3 7 6 1 0 2 4 5
60 51 9 0 7 6 1 4 3 5 2
60 51 9 0 4 6 1 3 7 5 2
60 51 9 4 6 0 1 3 7 5 2
60 51 9 7 5 2 0 6 3 4 1
60 51 9 7 5 4 2 6 3 0 1
60 51 9 2 5 1 0 6 3 4 7
60 51 9 2 5 4 1 6 3 0 7
60 51 9 2 0 6 5 1 3 4 7
60 51 9 2 6 4 5 1 3 0 7
60 51 9 7 6 0 3 4 5 1 2
60 51 9 6 5 4 1 0 7 3 2
60 51 9 6 0 4 1 7 5 3 2
60 51 9 2 0 1 7 5 6 4 3
60 51 9 2 6 4 5 7 0 3 1
60 51 9 0 7 6 2 1 3 5 4
60 51 9 0 6 2 7 1 3 5 4
60 51 9 7 0 5 3 6 4 1 2
60 51 9 2 7 1 3 6 4 5 0
60 51 9 2 6 4 0 7 3 5 1
60 51 9 7 6 1 3 0 5 4 2
60 51 9 2 7 5 6 1 3 4 0
60 51 9 3 6 5 7 1 0 2 4
60 51 9 0 5 1 6 7 4 2 3
60 51 9 6 5 2 1 7 0 4 3
60 51 9 6 4 0 1 7 2 5 3
60 51 9 4 6 7 0 3 2 5 1
60 51 9 5 1 6 0 3 4 2 7
60 51 9 7 1 6 5 3 4 2 0
60 51 9 4 7 5 1 0 6 3 2
60 51 9 3 0 5 2 6 4 1 7
60 51 9 0 6 5 4 2 1 3 7
60 51 9 1 6 2 3 0 4 5 7
60 51 9 7 6 5 0 3 2 4 1
60 51 9 0 6 5 7 1 2 4 3
60 51 9 1 0 5 2 6 7 3 4
60 51 9 0 7 2 1 3 6 5 4
60 51 9 1 7 2 3 0 6 5 4
60 51 9 0 3 5 1 7 2 4 6
60 51 9 6 3 1 5 7 4 0 2
60 51 9 4 7 5 0 1 6 2 3
60 51 9 3 6 1 5 2 4 0 7
60 51 9 3 0 5 1 7 2 6 4
60 51 9 3 7 5 0 1 2 6 4
60 51 9 0 7 4 1 3 6 2 5
60 51 9 1 7 4 3 0 6 2 5
60 51 9 7 1 5 0 3 6 4 2
60 51 9 7 1 5 4 3 0 6 2
60 51 9 4 1 7 0 3 6 5 2
60 51 9 1 6 7 3 0 4 5 2
60 51 9 1 6 5 0 4 3 7 2
60 51 9 0 5 1 7 3 4 2 6
60 51 9 0 3 1 2 6 4 5 7
60 51 9 1 3 0 2 7 6 4 5
60 51 9 0 3 5 2 7 6 4 1
60 52 8 7 3 6 1 4 0 5 2
60 52 8 7 4 6 2 1 3 5 0
60 52 8 4 0 1 3 7 6 5 2
60 52 8 2 6 5 4 1 0 3 7
60 52 8 2 6 0 4 1 3 5 7
60 52 8 6 5 1 4 7 0 3 2
60 52 8 6 5 0 4 7 3 1 2
60 52 8 2 5 7 0 3 6 4 1
60 52 8 2 5 4 7 3 6 0 1
60 52 8 7 5 4 3 2 6 0 1
60 52 8 5 0 1 3 2 6 4 7
60 52 8 7 4 1 3 0 6 5 2
60 52 8 6 5 1 2 3 7 4 0
60 52 8 6 5 4 1 3 0 7 2
60 52 8 6 5 4 1 3 7 2 0
60 52 8 0 1 5 6 7 3 4 2
60 52 8 1 5 0 6 7 3 4 2
60 52 8 2 6 7 1 3 4 0 5
60 52 8 2 7 1 4 3 0 6 5
60 52 8 7 5 0 2 6 4 1 3
60 52 8 7 4 5 2 6 0 1 3
60 52 8 4 5 0 7 6 3 2 1
60 52 8 0 6 2 5 7 4 1 3
60 52 8 6 7 5 1 0 2 3 4
60 52 8 7 5 0 1 3 4 2 6
60 52 8 7 4 5 1 3 0 2 6
60 52 8 7 6 1 2 5 3 0 4
60 52 8 2 5 4 1 7 6 0 3
60 52 8 2 0 7 5 1 6 4 3
60 52 8 2 7 4 5 1 6 0 3
60 52 8 0 2 6 7 1 3 4 5
60 52 8 2 6 4 7 1 0 3 5
60 52 8 2 0 5 1 3 7 4 6
60 52 8 7 6 5 4 3 2 0 1
60 52 8 2 6 0 5 3 4 1 7
60 52 8 0 3 6 5 7 1 4 2
60 52 8 6 0 5 4 7 1 3 2
60 52 8 7 3 6 4 0 1 5 2
60 52 8 7 3 6 4 1 5 0 2
60 52 8 3 7 6 5 1 4 2 0
60 52 8 1 7 6 5 0 4 2 3
60 52 8 0 5 1 7 2 6 3 4
60 52 8 0 6 5 7 4 2 3 1
60 52 8 6 7 5 1 4 2 0 3
60 52 8 6 0 5 1 4 7 2 3
60 52 8 1 0 5 6 7 4 2 3
60 52 8 7 0 6 5 2 3 1 4
60 52 8 0 6 3 1 7 4 5 2
60 52 8 6 4 3 1 7 0 5 2
60 52 8 7 3 5 1 2 0 4 6
60 52 8 1 7 4 5 6 0 2 3
60 52 8 0 7 4 5 1 6 2 3
60 52 8 1 7 4 0 5 6 2 3
60 52 8 0 7 5 1 4 3 6 2
60 52 8 3 6 5 1 4 0 7 2
60 52 8 7 3 2 1 6 0 4 5
60 52 8 7 6 5 0 4 2 1 3
60 52 8 6 5 2 0 3 4 7 1
60 52 8 6 4 5 0 3 2 7 1
60 52 8 3 6 5 0 4 2 7 1
60 52 8 7 3 5 1 4 6 2 0
60 52 8 3 1 5 0 6 4 2 7
60 52 8 7 1 5 3 6 4 2 0
60 52 8 3 7 0 5 6 4 2 1
60 52 8 6 7 5 3 4 0 2 1
60 52 8 0 1 5 2 6 7 4 3
60 52 8 1 5 0 2 6 7 4 3
60 52 8 7 5 4 0 2 6 3 1
60 52 8 1 6 4 5 0 2 3 7
60 52 8 1 3 5 6 0 7 4 2
60 52 8 1 3 5 4 6 7 0 2
60 52 8 0 7 4 5 1 3 6 2
60 52 8 0 1 4 5 3 7 6 2
60 52 8 7 6 0 5 1 4 3 2
60 52 8 1 7 6 2 3 0 4 5
60 52 8 0 6 5 4 1 2 3 7
60 52 8 1 7 2 5 0 6 4 3
60 52 8 7 1 5 0 6 4 2 3
60 52 8 7 3 5 0 6 2 4 1
60 52 8 0 3 5 7 1 2 4 6
60 52 8 6 3 5 2 0 4 1 7
60 53 7 0 2 5 3 7 6 4 1
60 53 7 2 7 5 4 6 3 1 0
60 53 7 2 7 5 4 1 0 6 3
60 53 7 2 7 0 4 1 6 5 3
60 53 7 4 3 5 1 6 2 0 7
60 53 7 3 2 5 7 6 0 4 1
60 53 7 1 7 5 3 6 0 2 4
60 53 7 1 7 0 5 4 6 2 3
60 53 7 6 3 1 0 2 7 4 5
60 53 7 6 3 4 1 2 7 0 5
60 53 7 6 0 5 4 2 3 7 1
60 53 7 2 6 5 4 0 3 7 1
60 53 7 3 0 6 1 2 4 7 5
60 53 7 3 6 1 0 2 4 7 5
60 53 7 3 6 7 1 2 4 0 5
60 53 7 6 3 5 4 1 0 2 7
60 53 7 2 3 6 1 7 4 0 5
60 53 7 7 3 6 2 1 4 0 5
60 53 7 5 3 1 7 6 0 4 2
60 53 7 7 2 0 5 3 6 4 1
60 53 7 7 5 3 0 4 6 2 1
60 53 7 6 0 2 7 3 4 5 1
60 53 7 3 6 2 7 0 4 5 1
60 53 7 7 5 1 3 4 6 2 0
60 53 7 7 5 2 1 4 6 3 0
60 53 7 1 3 6 2 7 0 5 4
60 53 7 6 1 7 2 3 4 5 0
60 53 7 2 3 5 1 6 7 0 4
60 53 7 2 3 5 0 6 7 4 1
60 53 7 0 6 5 7 4 1 2 3
60 53 7 4 6 5 7 3 1 2 0
60 53 7 0 4 5 7 1 6 2 3
60 53 7 6 1 0 7 2 3 5 4
60 53 7 7 6 5 3 2 0 4 1
60 53 7 1 7 4 2 0 3 6 5
60 53 7 1 0 4 2 3 7 6 5
60 53 7 6 1 2 7 3 4 0 5
60 53 7 3 6 1 7 5 4 0 2
60 53 7 3 7 0 6 2 4 5 1
60 53 7 2 0 6 7 3 4 1 5
60 53 7 1 3 4 5 7 6 0 2
60 53 7 7 1 5 4 0 6 3 2
60 53 7 1 0 7 3 6 4 5 2
60 53 7 1 7 3 0 6 4 5 2
60 53 7 1 6 3 0 7 4 5 2
60 53 7 3 6 5 7 4 0 1 2
60 53 7 6 3 5 1 4 0 7 2
60 53 7 3 6 5 0 1 4 7 2
60 53 7 6 3 5 2 1 7 0 4
60 53 7 3 7 5 4 0 2 6 1
60 53 7 3 7 5 0 2 6 1 4
60 53 7 6 5 1 7 2 3 0 4
60 53 7 4 7 5 1 2 3 6 0
60 53 7 4 3 5 7 2 0 1 6
60 53 7 1 3 0 7 2 6 4 5
60 54 6 7 3 1 6 2 4 5 0
60 54 6 1 7 5 2 3 4 0 6
60 54 6 6 3 5 2 7 1 4 0
60 54 6 3 5 1 7 6 4 2 0
60 54 6 1 7 6 4 2 3 5 0
60 54 6 3 7 1 4 2 6 5 0
60 54 6 1 3 0 4 7 6 5 2
60 54 6 1 6 5 7 3 0 2 4
60 54 6 4 3 5 7 6 2 0 1
60 54 6 3 0 6 7 2 4 1 5
60 54 6 6 3 1 0 2 4 7 5
60 54 6 6 3 7 1 2 4 0 5
60 54 6 3 1 5 7 6 4 0 2
60 54 6 7 3 1 5 2 6 4 0
60 54 6 7 3 4 1 2 0 6 5
60 54 6 7 3 4 1 2 6 5 0
60 54 6 2 3 5 1 7 0 6 4
60 54 6 1 0 5 4 3 6 2 7
60 54 6 1 3 6 5 2 7 4 0
60 54 6 6 1 5 7 2 3 4 0
60 54 6 1 5 4 7 6 3 2 0
60 54 6 7 3 5 2 1 0 6 4
60 54 6 6 0 3 7 2 4 1 5
60 54 6 6 3 7 0 2 4 1 5
60 54 6 1 7 6 3 2 4 0 5
60 54 6 1 7 6 0 2 4 5 3
60 54 6 1 0 7 5 3 4 6 2
60 54 6 1 3 6 7 0 2 4 5
60 54 6 1 7 0 5 2 3 6 4
60 54 6 1 0 3 7 6 4 5 2
60 54 6 1 3 7 0 6 4 5 2
60 55 5 6 7 5 1 2 4 3 0
60 55 5 2 3 5 1 6 4 7 0
60 55 5 1 5 3 2 7 6 4 0
60 55 5 6 3 7 1 2 4 5 0
60 55 5 1 3 5 0 2 7 6 4
60 55 5 6 3 5 7 2 0 1 4
60 56 4 1 6 5 3 2 4 7 0
60 56 4 2 3 5 7 6 4 1 0
60 56 4 7 3 5 0 2 4 6 1
60 56 4 1 3 6 5 2 4 7 0
60 56 4 1 3 0 5 2 4 6 7
60 56 4 7 3 1 5 2 4 6 0
60 57 3 1 3 5 7 2 0 6 4
61 50 11 7 5 4 6 1 3 0 2
61 50 11 7 0 1 5 6 3 4 2
61 50 11 7 0 4 1 6 3 5 2
61 50 11 2 7 6 0 1 3 4 5
61 50 11 7 0 4 1 6 2 3 5
61 50 11 7 6 4 0 1 2 3 5
61 50 11 6 5 7 1 0 3 4 2
61 50 11 0 5 1 2 7 3 4 6
61 50 11 6 5 0 1 7 3 2 4
61 50 11 0 5 4 1 7 3 2 6
61 50 11 6 5 7 2 0 3 4 1
61 51 10 3 6 5 4 1 2 0 7
61 51 10 2 5 0 3 7 6 4 1
61 51 10 4 6 5 2 3 0 7 1
61 51 10 6 0 1 7 5 3 4 2
61 51 10 3 7 5 6 1 0 4 2
61 51 10 6 5 1 2 7 4 0 3
61 51 10 6 4 5 0 1 7 2 3
61 51 10 7 6 2 3 0 4 1 5
61 51 10 2 7 5 0 1 6 3 4
61 51 10 4 7 0 1 2 6 3 5
61 51 10 6 2 5 1 7 0 4 3
61 51 10 0 6 5 2 1 7 4 3
61 51 10 7 6 0 4 2 1 3 5
61 51 10 3 6 0 7 1 2 4 5
61 51 10 6 3 0 1 7 2 4 5
61 51 10 6 7 5 4 1 0 2 3
61 51 10 6 1 7 4 3 0 5 2
61 51 10 0 6 4 5 2 3 7 1
61 51 10 0 7 4 2 3 6 5 1
61 52 9 6 0 1 2 3 5 4 7
61 52 9 6 5 4 1 3 2 0 7
61 52 9 6 0 4 1 3 5 2 7
61 52 9 7 6 0 1 4 3 5 2
61 52 9 7 4 0 6 1 3 5 2
61 52 9 0 4 6 7 1 3 5 2
61 52 9 4 6 1 3 0 7 5 2
61 52 9 4 6 1 3 7 5 0 2
61 52 9 5 0 1 6 7 3 4 2
61 52 9 3 6 0 5 7 1 4 2
61 52 9 0 6 5 3 7 1 4 2
61 52 9 7 4 1 3 6 5 0 2
61 52 9 0 7 1 3 6 5 4 2
61 52 9 7 1 0 3 6 5 4 2
61 52 9 2 6 7 1 0 3 4 5
61 52 9 5 7 1 2 3 6 4 0
61 52 9 6 5 2 0 1 3 4 7
61 52 9 6 5 4 2 1 3 0 7
61 52 9 2 0 7 1 6 3 5 4
61 52 9 2 7 1 0 6 3 5 4
61 52 9 2 0 7 5 6 3 4 1
61 52 9 2 7 4 5 6 3 0 1
61 52 9 7 0 6 5 1 3 2 4
61 52 9 7 6 2 5 1 3 0 4
61 52 9 7 6 2 5 4 0 1 3
61 52 9 2 6 5 3 0 4 1 7
61 52 9 4 6 5 0 7 1 3 2
61 52 9 2 6 5 4 7 1 3 0
61 52 9 2 7 6 4 1 3 5 0
61 52 9 3 7 6 5 4 0 2 1
61 52 9 1 7 0 5 3 4 2 6
61 52 9 7 6 0 5 4 2 3 1
61 52 9 4 6 1 7 2 0 5 3
61 52 9 1 0 4 5 7 6 2 3
61 52 9 1 7 5 6 4 3 0 2
61 52 9 3 0 5 1 6 4 7 2
61 52 9 4 6 5 1 2 0 7 3
61 52 9 7 2 5 0 6 3 4 1
61 52 9 7 3 1 6 0 4 2 5
61 52 9 7 6 5 3 0 2 1 4
61 52 9 6 5 2 1 0 4 7 3
61 52 9 6 4 5 1 0 2 7 3
61 52 9 3 6 5 1 0 2 7 4
61 52 9 3 7 5 6 0 4 2 1
61 52 9 3 7 5 2 6 4 0 1
61 52 9 6 7 5 4 2 0 3 1
61 52 9 1 0 4 5 7 3 6 2
61 52 9 1 7 4 0 5 3 6 2
61 52 9 4 3 1 7 6 0 5 2
61 52 9 7 6 5 1 0 4 3 2
61 52 9 1 0 5 4 6 2 3 7
61 52 9 1 6 5 0 4 2 3 7
61 52 9 4 1 5 7 6 0 2 3
61 52 9 6 3 0 7 1 2 4 5
61 53 8 6 5 1 3 7 4 0 2
61 53 8 2 6 5 3 7 0 4 1
61 53 8 2 7 5 6 3 0 4 1
61 53 8 2 7 5 4 6 0 3 1
61 53 8 2 7 0 4 6 3 5 1
61 53 8 6 0 2 5 3 4 1 7
61 53 8 3 6 2 5 0 4 1 7
61 53 8 2 6 7 5 1 3 4 0
61 53 8 7 5 0 4 6 3 2 1
61 53 8 5 7 0 6 3 4 2 1
61 53 8 3 5 0 7 6 2 4 1
61 53 8 6 7 0 5 1 4 2 3
61 53 8 6 3 0 5 1 2 4 7
61 53 8 0 3 5 6 1 2 4 7
61 53 8 3 7 5 1 0 6 2 4
61 53 8 0 7 5 3 1 6 2 4
61 53 8 6 0 3 1 2 7 4 5
61 53 8 4 6 5 0 2 3 7 1
61 53 8 0 6 5 2 3 1 4 7
61 53 8 3 5 0 2 1 6 4 7
61 53 8 0 7 6 4 1 3 2 5
61 53 8 7 3 6 4 1 0 2 5
61 53 8 7 6 2 4 1 0 3 5
61 53 8 6 5 0 4 1 3 2 7
61 53 8 0 7 6 2 3 4 1 5
61 53 8 7 2 6 1 0 3 4 5
61 53 8 1 2 6 0 7 3 4 5
61 53 8 2 3 6 1 0 7 4 5
61 53 8 7 3 6 2 0 1 4 5
61 53 8 5 1 0 7 6 3 4 2
61 53 8 0 5 4 1 7 6 3 2
61 53 8 7 5 4 1 2 6 3 0
61 53 8 0 7 4 5 1 6 3 2
61 53 8 7 4 0 5 1 6 3 2
61 53 8 0 7 2 5 3 6 4 1
61 53 8 2 5 4 7 6 3 0 1
61 53 8 0 7 3 1 6 4 2 5
61 53 8 7 4 3 1 6 0 2 5
61 53 8 4 7 5 3 0 6 2 1
61 53 8 7 5 2 3 4 6 0 1
61 53 8 3 7 6 2 0 4 5 1
61 53 8 4 7 5 1 3 6 2 0
61 53 8 7 5 2 1 4 0 6 3
61 53 8 1 4 5 0 6 3 2 7
61 53 8 6 4 5 1 7 3 0 2
61 53 8 3 5 1 0 4 6 2 7
61 53 8 3 5 2 1 4 6 0 7
61 53 8 6 2 5 1 7 0 3 4
61 53 8 1 6 0 5 7 2 3 4
61 53 8 3 7 5 1 4 0 2 6
61 53 8 0 3 6 1 7 2 5 4
61 53 8 7 3 6 1 4 2 5 0
61 53 8 0 3 6 5 7 2 4 1
61 53 8 7 3 6 5 1 2 4 0
61 53 8 0 6 4 7 2 3 1 5
61 53 8 7 6 5 2 4 0 3 1
61 53 8 7 6 5 0 2 4 3 1
61 53 8 1 7 6 2 4 0 5 3
61 53 8 0 7 6 2 1 4 5 3
61 53 8 4 6 0 7 1 2 5 3
61 53 8 4 5 0 7 1 6 2 3
61 53 8 6 5 0 4 2 3 1 7
61 53 8 3 7 5 4 6 0 2 1
61 53 8 4 6 5 0 7 2 3 1
61 53 8 7 5 2 0 6 4 3 1
61 53 8 7 4 5 0 6 2 3 1
61 53 8 7 6 2 0 1 4 3 5
61 53 8 6 1 7 0 3 4 2 5
61 53 8 3 6 1 0 5 4 2 7
61 53 8 0 7 6 3 2 4 5 1
61 53 8 0 1 7 6 3 4 5 2
61 53 8 1 4 7 6 3 0 5 2
61 53 8 2 6 7 0 3 4 1 5
61 53 8 0 1 6 4 2 3 5 7
61 53 8 7 5 2 4 3 0 6 1
61 53 8 3 4 6 1 2 0 5 7
61 53 8 2 1 5 4 7 6 3 0
61 53 8 3 0 5 7 6 4 1 2
61 53 8 4 6 5 7 2 0 1 3
61 53 8 6 3 5 0 1 4 7 2
61 53 8 4 3 5 1 2 0 7 6
61 53 8 3 7 5 4 0 6 1 2
61 53 8 6 5 2 0 3 4 1 7
61 53 8 6 5 2 7 0 4 1 3
61 53 8 6 4 5 0 3 2 1 7
61 53 8 6 4 5 7 0 2 1 3
61 53 8 3 6 5 0 4 2 1 7
61 53 8 3 6 5 7 0 2 1 4
61 53 8 7 3 5 0 4 6 2 1
61 53 8 6 3 5 0 7 4 1 2
61 54 7 3 6 5 4 1 0 7 2
61 54 7 3 6 5 4 1 7 2 0
61 54 7 6 7 5 4 1 3 2 0
61 54 7 2 3 5 1 7 0 4 6
61 54 7 7 3 5 4 6 0 2 1
61 54 7 7 3 0 5 6 4 1 2
61 54 7 1 7 4 3 2 6 5 0
61 54 7 6 0 5 2 1 4 3 7
61 54 7 1 0 7 2 3 4 5 6
61 54 7 1 7 2 0 3 4 5 6
61 54 7 7 5 1 4 0 6 3 2
61 54 7 0 3 6 1 7 4 2 5
61 54 7 3 6 1 5 7 4 2 0
61 54 7 3 6 2 1 7 4 5 0
61 54 7 4 6 5 3 7 2 1 0
61 54 7 7 6 3 5 1 4 2 0
61 54 7 7 6 2 3 1 4 5 0
61 54 7 7 5 3 1 6 4 2 0
61 54 7 7 5 2 3 6 4 1 0
61 54 7 7 4 5 3 6 2 1 0
61 54 7 3 5 2 1 6 4 7 0
61 54 7 3 4 5 1 6 2 7 0
61 54 7 0 3 6 5 1 4 2 7
61 54 7 3 6 2 5 1 4 7 0
61 54 7 5 0 1 7 6 4 2 3
61 54 7 1 7 0 6 2 3 5 4
61 54 7 4 6 1 7 2 3 0 5
61 54 7 1 7 6 5 2 3 0 4
61 54 7 6 4 1 7 2 3 5 0
61 54 7 6 4 1 7 3 5 2 0
61 54 7 3 6 1 7 4 5 2 0
61 54 7 0 3 1 7 4 6 5 2
61 54 7 0 3 7 1 2 6 5 4
61 54 7 0 3 7 5 2 6 4 1
61 54 7 3 7 4 5 2 0 6 1
61 54 7 3 7 4 5 2 6 1 0
61 54 7 7 4 3 1 0 6 5 2
61 54 7 3 6 7 0 2 4 1 5
61 54 7 6 0 3 1 2 4 7 5
61 54 7 1 5 2 0 7 6 4 3
61 54 7 1 5 4 2 7 6 0 3
61 54 7 3 0 7 4 2 6 5 1
61 54 7 0 7 3 1 2 6 4 5
61 54 7 0 3 1 7 2 6 4 5
61 54 7 7 3 6 4 2 5 0 1
61 54 7 1 0 7 6 3 4 2 5
61 54 7 1 7 2 6 3 4 0 5
61 54 7 5 6 0 7 3 4 1 2
61 54 7 1 6 5 4 3 2 0 7
61 54 7 5 0 1 4 7 6 2 3
61 54 7 1 5 4 7 6 0 3 2
61 54 7 7 5 0 4 2 3 6 1
61 54 7 0 5 4 7 2 3 6 1
61 54 7 7 0 6 3 2 4 1 5
61 54 7 7 6 3 0 2 4 1 5
61 54 7 7 0 6 1 2 4 5 3
61 54 7 1 3 6 4 0 7 5 2
61 54 7 1 3 6 4 7 5 0 2
61 54 7 2 7 5 0 4 3 6 1
61 54 7 3 2 5 1 0 7 6 4
61 54 7 1 2 5 0 3 7 6 4
61 54 7 1 4 5 7 6 3 2 0
61 54 7 6 4 5 7 1 3 0 2
61 54 7 3 1 6 7 0 4 2 5
61 54 7 1 4 6 7 0 3 2 5
61 54 7 1 4 6 7 3 2 0 5
61 54 7 1 0 2 7 3 6 4 5
61 54 7 1 7 3 4 2 6 0 5
61 54 7 6 3 1 7 0 2 4 5
61 54 7 3 6 0 7 2 1 5 4
61 54 7 3 4 6 7 2 0 5 1
61 54 7 0 3 1 6 2 4 5 7
61 54 7 1 6 0 5 7 4 3 2
61 54 7 1 6 5 7 0 4 3 2
61 54 7 6 3 0 5 1 4 2 7
61 54 7 0 3 5 6 1 4 2 7
61 55 6 6 7 5 3 2 4 0 1
61 55 6 1 7 2 3 5 6 4 0
61 55 6 3 7 5 1 2 4 0 6
61 55 6 6 7 5 2 3 4 1 0
61 55 6 0 7 1 4 5 6 2 3
61 55 6 7 1 0 4 5 6 2 3
61 55 6 1 7 4 3 2 0 6 5
61 55 6 0 3 6 7 1 4 2 5
61 55 6 3 6 2 7 1 4 5 0
61 55 6 1 3 6 2 7 4 0 5
61 55 6 2 3 5 7 1 6 0 4
61 55 6 3 5 1 7 2 0 6 4
61 55 6 3 5 2 7 6 4 1 0
61 55 6 3 4 5 7 6 2 1 0
61 55 6 0 6 5 7 2 1 3 4
61 55 6 0 3 6 7 1 4 5 2
61 55 6 3 6 7 1 2 4 5 0
61 55 6 3 0 5 7 1 4 2 6
61 55 6 1 5 2 4 3 6 0 7
61 55 6 1 7 5 6 2 0 3 4
61 55 6 1 0 4 7 2 6 3 5
61 55 6 1 3 0 5 7 4 2 6
61 55 6 1 7 5 4 2 0 3 6
61 55 6 0 3 5 1 7 2 6 4
61 55 6 7 3 5 1 4 2 6 0
61 55 6 0 6 3 7 2 4 5 1
61 55 6 7 3 5 0 6 4 1 2
61 55 6 2 3 5 1 0 7 6 4
61 55 6 4 3 5 1 2 7 6 0
61 55 6 0 1 5 3 2 7 6 4
61 55 6 1 5 0 3 2 7 6 4
61 55 6 6 3 0 7 2 1 5 4
61 56 5 6 3 5 2 7 4 1 0
61 56 5 7 1 3 2 5 6 4 0
61 56 5 6 3 5 2 1 4 7 0
61 56 5 7 5 3 4 1 6 2 0
61 56 5 0 3 1 7 2 4 6 5
61 56 5 1 3 5 7 4 0 2 6
61 57 4 1 3 5 2 6 4 7 0
61 57 4 1 5 3 4 7 6 2 0
61 58 3 1 3 5 6 2 4 7 0
61 58 3 1 3 6 7 2 4 5 0
61 58 3 1 3 0 7 2 4 6 5
62 51 11 4 7 6 0 1 3 5 2
62 51 11 2 6 1 5 7 3 0 4
62 51 11 7 6 2 1 0 3 5 4
62 51 11 2 6 0 1 3 7 4 5
62 51 11 4 7 1 3 6 0 5 2
62 51 11 4 1 6 5 3 0 2 7
62 51 11 3 6 0 2 1 7 4 5
62 51 11 6 7 0 2 1 3 4 5
62 52 10 2 5 1 6 7 3 4 0
62 52 10 6 5 1 3 2 0 4 7
62 52 10 3 6 5 4 7 1 0 2
62 52 10 0 5 1 6 3 7 4 2
62 52 10 6 5 1 4 3 7 0 2
62 52 10 7 0 2 5 6 4 1 3
62 52 10 7 6 2 0 5 4 1 3
62 52 10 7 6 0 2 5 3 4 1
62 52 10 0 6 1 2 5 3 4 7
62 52 10 7 3 6 0 5 1 4 2
62 52 10 3 7 6 4 1 0 5 2
62 52 10 3 7 6 0 5 4 2 1
62 52 10 7 5 1 2 0 6 3 4
62 52 10 0 6 5 3 4 2 1 7
62 52 10 6 5 0 1 3 4 7 2
62 52 10 0 5 2 1 3 4 7 6
62 52 10 6 4 0 1 3 2 7 5
62 52 10 0 4 5 1 3 2 7 6
62 52 10 3 6 0 1 4 2 7 5
62 52 10 0 6 5 1 4 2 7 3
62 52 10 4 1 5 3 6 0 2 7
62 53 9 6 5 1 3 0 7 4 2
62 53 9 6 0 1 3 7 5 4 2
62 53 9 2 7 1 3 6 0 4 5
62 53 9 4 6 0 5 7 3 2 1
62 53 9 5 6 2 0 3 4 1 7
62 53 9 6 0 1 2 7 3 4 5
62 53 9 3 0 6 5 1 7 4 2
62 53 9 3 6 4 5 1 7 0 2
62 53 9 2 6 5 3 1 7 4 0
62 53 9 6 0 7 5 1 3 4 2
62 53 9 6 7 4 5 1 3 0 2
62 53 9 7 5 1 2 6 0 3 4
62 53 9 7 5 0 2 6 3 1 4
62 53 9 0 5 4 7 6 3 2 1
62 53 9 0 6 4 7 1 3 2 5
62 53 9 6 7 5 2 1 4 0 3
62 53 9 6 3 5 4 1 2 0 7
62 53 9 1 0 5 3 7 6 2 4
62 53 9 1 7 5 2 4 6 0 3
62 53 9 3 6 5 4 2 0 7 1
62 53 9 7 4 6 2 3 0 1 5
62 53 9 5 2 6 1 7 3 4 0
62 53 9 7 0 4 1 5 6 3 2
62 53 9 1 7 6 0 5 3 4 2
62 53 9 2 5 7 0 6 3 4 1
62 53 9 3 7 5 0 4 6 2 1
62 53 9 0 5 1 7 4 6 2 3
62 53 9 7 4 5 1 6 3 2 0
62 53 9 6 5 0 1 7 2 3 4
62 53 9 1 6 5 3 7 2 0 4
62 53 9 3 7 5 0 1 4 2 6
62 53 9 0 1 6 2 7 3 5 4
62 53 9 1 6 2 7 0 3 5 4
62 53 9 2 1 6 5 0 3 4 7
62 53 9 5 1 6 0 2 3 4 7
62 53 9 7 1 6 5 2 3 4 0
62 53 9 7 0 5 2 6 4 3 1
62 53 9 7 5 1 0 6 3 2 4
62 53 9 7 5 1 4 0 3 2 6
62 53 9 4 0 5 7 6 1 2 3
62 53 9 3 0 5 4 7 6 2 1
62 53 9 4 6 5 1 0 2 3 7
62 53 9 7 5 1 3 0 4 2 6
62 53 9 7 5 2 1 0 4 3 6
62 53 9 7 4 5 1 0 2 3 6
62 53 9 7 6 2 5 0 4 3 1
62 53 9 2 3 5 0 1 6 4 7
62 53 9 3 6 0 7 5 4 2 1
62 53 9 0 6 1 7 5 4 2 3
62 53 9 3 7 6 5 2 4 0 1
62 53 9 4 1 5 0 7 6 3 2
62 53 9 0 6 7 1 2 3 5 4
62 53 9 1 6 7 5 2 3 0 4
62 53 9 3 6 5 0 7 4 1 2
62 53 9 6 0 5 1 3 4 7 2
62 53 9 0 3 5 2 1 7 4 6
62 53 9 3 7 0 4 2 6 1 5
62 53 9 0 7 5 4 2 6 1 3
62 53 9 0 5 1 7 2 3 4 6
62 53 9 1 6 0 4 2 7 3 5
62 53 9 0 6 5 4 2 7 3 1
62 53 9 0 5 2 7 3 4 1 6
62 53 9 0 4 5 7 3 2 1 6
62 53 9 0 6 5 7 4 2 1 3
62 54 8 3 6 0 4 1 7 5 2
62 54 8 6 7 0 4 1 3 5 2
62 54 8 0 2 5 1 7 3 4 6
62 54 8 4 6 5 2 0 3 1 7
62 54 8 4 6 5 2 3 1 0 7
62 54 8 4 0 5 2 3 6 1 7
62 54 8 0 7 5 4 6 1 3 2
62 54 8 7 5 0 4 6 1 3 2
62 54 8 7 1 5 4 6 0 3 2
62 54 8 0 6 5 7 4 1 3 2
62 54 8 6 0 5 1 4 2 3 7
62 54 8 4 6 5 3 0 1 2 7
62 54 8 4 6 5 3 1 2 0 7
62 54 8 4 0 5 3 1 6 2 7
62 54 8 7 6 5 2 3 0 1 4
62 54 8 0 6 5 2 7 3 1 4
62 54 8 7 6 5 2 4 3 1 0
62 54 8 6 2 5 1 3 0 4 7
62 54 8 7 0 4 5 3 6 2 1
62 54 8 3 7 4 5 0 6 2 1
62 54 8 2 0 4 1 7 6 3 5
62 54 8 6 0 2 7 1 3 4 5
62 54 8 7 0 4 2 1 6 3 5
62 54 8 2 5 1 7 6 3 0 4
62 54 8 7 6 4 5 2 1 3 0
62 54 8 6 0 4 7 1 3 5 2
62 54 8 7 4 6 5 3 2 1 0
62 54 8 7 4 0 5 3 2 6 1
62 54 8 7 6 3 0 4 2 5 1
62 54 8 3 7 5 1 4 6 0 2
62 54 8 5 0 1 6 3 4 2 7
62 54 8 3 5 1 6 0 4 2 7
62 54 8 7 6 1 4 3 0 5 2
62 54 8 0 6 1 4 7 3 5 2
62 54 8 7 3 1 6 4 0 5 2
62 54 8 7 3 1 5 6 0 4 2
62 54 8 7 0 4 1 3 6 5 2
62 54 8 3 7 4 1 0 6 5 2
62 54 8 1 7 4 3 6 0 5 2
62 54 8 0 7 4 3 1 6 5 2
62 54 8 2 6 5 0 1 4 3 7
62 54 8 6 5 0 7 3 1 4 2
62 54 8 6 3 0 5 7 1 4 2
62 54 8 0 3 5 6 7 1 4 2
62 54 8 7 0 1 4 6 5 3 2
62 54 8 0 6 5 3 4 7 2 1
62 54 8 4 6 5 3 1 7 2 0
62 54 8 0 4 5 3 7 6 2 1
62 54 8 4 5 0 3 7 6 2 1
62 54 8 0 7 6 3 1 4 2 5
62 54 8 0 6 3 7 1 4 2 5
62 54 8 7 6 5 4 3 1 0 2
62 54 8 6 0 5 4 7 3 1 2
62 54 8 2 6 5 4 3 0 1 7
62 54 8 4 6 0 5 2 3 1 7
62 54 8 1 6 5 0 4 7 2 3
62 54 8 4 6 5 1 3 7 0 2
62 54 8 4 6 5 0 3 7 2 1
62 54 8 1 4 5 0 7 6 2 3
62 54 8 4 5 1 0 7 6 2 3
62 54 8 4 5 2 1 7 6 0 3
62 54 8 0 5 3 7 6 4 2 1
62 54 8 7 4 5 3 1 6 2 0
62 54 8 3 4 5 1 7 6 2 0
62 54 8 7 4 5 1 3 6 0 2
62 54 8 2 6 1 7 3 0 5 4
62 54 8 2 6 1 7 4 3 5 0
62 54 8 4 6 1 0 2 3 5 7
62 54 8 0 7 4 5 2 6 3 1
62 54 8 7 4 0 5 2 6 3 1
62 54 8 7 5 0 2 1 6 4 3
62 54 8 6 0 5 4 7 2 3 1
62 54 8 7 6 5 4 1 2 0 3
62 54 8 0 4 1 7 6 3 5 2
62 54 8 6 4 0 7 3 5 1 2
62 54 8 3 6 0 7 4 5 1 2
62 54 8 3 1 0 7 4 6 5 2
62 54 8 3 6 7 1 2 0 5 4
62 54 8 3 6 7 5 2 0 4 1
62 54 8 3 1 7 5 2 6 4 0
62 54 8 6 7 3 1 0 4 5 2
62 54 8 7 4 3 1 6 5 0 2
62 54 8 3 1 7 2 0 6 4 5
62 54 8 6 4 1 7 0 3 2 5
62 54 8 6 4 1 7 3 2 0 5
62 54 8 3 6 1 7 4 2 0 5
62 54 8 3 0 1 7 4 6 2 5
62 54 8 2 0 1 7 3 6 4 5
62 54 8 1 0 6 5 7 3 2 4
62 54 8 1 6 2 5 7 3 0 4
62 54 8 1 0 5 7 6 3 2 4
62 54 8 6 0 7 5 3 4 2 1
62 54 8 6 7 2 5 3 4 0 1
62 54 8 3 1 7 0 6 4 5 2
62 54 8 3 7 4 0 2 6 5 1
62 54 8 7 6 3 1 2 0 4 5
62 54 8 7 3 6 4 0 2 5 1
62 54 8 6 5 4 0 2 3 7 1
62 54 8 2 3 0 1 7 6 5 4
62 54 8 2 3 0 5 7 6 4 1
62 54 8 3 5 1 4 7 6 2 0
62 54 8 7 6 5 1 0 2 4 3
62 54 8 0 3 6 5 1 7 4 2
62 54 8 2 7 5 1 4 3 0 6
62 54 8 4 2 5 1 3 7 6 0
62 54 8 7 3 0 2 1 6 5 4
62 54 8 5 1 6 7 3 4 2 0
62 54 8 1 7 0 3 2 4 5 6
62 54 8 1 7 3 2 0 6 4 5
62 54 8 1 6 7 5 0 4 2 3
62 54 8 6 3 1 5 2 4 0 7
62 54 8 0 6 5 1 7 4 3 2
62 55 7 3 0 5 4 1 6 2 7
62 55 7 6 5 1 2 3 4 7 0
62 55 7 3 6 5 4 2 1 0 7
62 55 7 3 0 5 4 2 6 1 7
62 55 7 3 6 1 7 2 5 0 4
62 55 7 3 0 1 7 2 6 5 4
62 55 7 6 0 5 3 2 7 4 1
62 55 7 5 1 7 2 3 6 4 0
62 55 7 3 1 0 7 6 4 2 5
62 55 7 3 0 7 1 2 4 5 6
62 55 7 3 7 1 0 2 4 5 6
62 55 7 6 2 5 7 3 0 4 1
62 55 7 7 2 5 1 0 6 3 4
62 55 7 6 0 5 7 1 2 3 4
62 55 7 4 7 5 1 6 2 3 0
62 55 7 7 3 6 4 2 0 1 5
62 55 7 6 0 4 7 2 3 5 1
62 55 7 0 3 7 1 6 4 5 2
62 55 7 3 7 1 2 6 4 5 0
62 55 7 7 6 1 4 5 0 2 3
62 55 7 2 1 5 7 6 3 0 4
62 55 7 1 5 7 2 6 3 4 0
62 55 7 1 5 3 0 6 7 4 2
62 55 7 0 2 6 7 3 4 5 1
62 55 7 1 3 6 4 7 0 2 5
62 55 7 1 6 2 4 7 0 3 5
62 55 7 1 6 7 3 2 0 4 5
62 55 7 5 1 0 4 3 6 2 7
62 55 7 1 3 6 2 0 7 4 5
62 55 7 7 2 1 0 3 6 4 5
62 55 7 7 2 4 1 3 6 0 5
62 55 7 2 0 7 1 3 4 6 5
62 55 7 2 7 1 0 3 4 6 5
62 55 7 3 2 5 1 0 6 4 7
62 55 7 1 2 5 0 3 6 4 7
62 55 7 1 4 0 5 7 6 3 2
62 55 7 1 0 5 2 3 7 4 6
62 55 7 3 5 0 7 2 6 1 4
62 55 7 6 1 4 7 2 3 0 5
62 55 7 3 4 5 7 1 6 2 0
62 55 7 3 0 5 1 2 6 7 4
62 55 7 2 6 5 7 4 1 3 0
62 55 7 0 2 5 7 1 6 3 4
62 55 7 1 0 6 5 3 4 7 2
62 55 7 0 6 3 1 2 4 5 7
62 55 7 6 3 2 5 7 4 0 1
62 55 7 3 0 5 6 7 4 2 1
62 55 7 1 6 5 2 4 0 3 7
62 55 7 1 6 5 0 2 4 3 7
62 55 7 6 7 0 1 2 4 5 3
62 55 7 2 3 0 1 6 4 5 7
62 55 7 2 7 5 0 6 4 3 1
62 55 7 1 6 2 0 7 4 3 5
62 55 7 6 4 5 7 3 0 1 2
62 55 7 1 7 0 5 2 3 4 6
62 55 7 1 6 4 7 0 2 3 5
62 55 7 1 3 5 2 7 4 0 6
62 55 7 1 7 5 2 4 3 0 6
62 55 7 1 7 0 4 2 3 5 6
62 55 7 6 4 3 7 2 0 5 1
62 55 7 0 3 7 6 2 4 5 1
62 55 7 7 3 5 2 0 4 1 6
62 56 6 6 3 5 4 1 7 2 0
62 56 6 1 3 5 4 6 0 2 7
62 56 6 7 6 1 5 2 4 3 0
62 56 6 1 5 4 3 7 6 2 0
62 56 6 4 5 2 1 3 6 7 0
62 56 6 1 5 4 2 7 3 6 0
62 56 6 1 7 4 2 3 5 6 0
62 56 6 3 5 4 1 2 6 7 0
62 56 6 6 0 5 7 2 1 4 3
62 56 6 6 3 2 7 1 4 0 5
62 56 6 7 6 3 1 2 4 5 0
62 56 6 1 6 3 5 7 4 2 0
62 56 6 1 6 2 3 7 4 5 0
62 56 6 1 6 5 3 2 7 4 0
62 56 6 0 2 7 4 3 6 5 1
62 56 6 7 3 2 5 6 4 1 0
62 56 6 1 0 5 2 4 6 7 3
62 56 6 1 6 0 5 2 4 7 3
62 56 6 1 6 5 7 2 4 0 3
62 56 6 7 3 5 4 0 1 6 2
62 56 6 7 3 5 6 1 4 0 2
62 56 6 1 3 2 5 6 4 0 7
62 56 6 1 7 5 3 4 2 6 0
62 56 6 1 5 3 7 2 6 0 4
62 56 6 2 3 0 7 6 4 5 1
62 56 6 7 3 6 0 2 4 1 5
62 56 6 7 0 3 5 2 4 6 1
62 56 6 1 7 5 0 6 4 3 2
62 57 5 1 3 5 2 7 0 6 4
62 57 5 2 7 5 1 3 4 6 0
62 57 5 1 2 7 5 3 6 4 0
62 57 5 7 3 5 0 1 4 6 2
62 57 5 1 0 5 4 3 6 7 2
62 57 5 1 5 3 4 2 6 0 7
62 57 5 1 3 5 4 0 7 6 2
62 57 5 1 3 6 7 2 5 0 4
62 57 5 1 3 0 7 2 6 5 4
62 58 4 1 3 5 6 2 7 4 0
62 58 4 1 7 3 4 2 6 5 0
62 58 4 1 3 5 0 7 4 6 2
63 52 11 7 4 6 5 1 3 0 2
63 52 11 3 5 1 6 7 0 4 2
63 52 11 6 7 1 2 3 0 4 5
63 52 11 7 0 6 5 3 1 4 2
63 52 11 7 6 0 3 4 2 1 5
63 53 10 2 0 1 3 7 6 4 5
63 53 10 2 0 5 6 7 3 4 1
63 53 10 7 0 5 1 6 3 2 4
63 53 10 4 6 5 2 7 3 0 1
63 53 10 5 6 1 2 7 3 4 0
63 53 10 0 6 7 2 1 3 4 5
63 53 10 2 6 7 4 1 3 0 5
63 53 10 5 7 6 3 0 4 2 1
63 53 10 5 7 6 2 3 4 0 1
63 53 10 6 7 5 1 3 0 2 4
63 53 10 3 0 5 2 6 1 4 7
63 53 10 3 2 6 1 7 0 4 5
63 53 10 4 6 2 7 3 0 5 1
63 53 10 7 5 1 2 4 6 0 3
63 53 10 0 4 5 1 7 3 2 6
63 53 10 0 6 2 1 7 3 5 4
63 53 10 7 3 6 0 1 2 5 4
63 53 10 7 3 6 0 5 2 4 1
63 53 10 6 1 7 3 0 4 5 2
63 53 10 6 1 7 5 3 4 0 2
63 53 10 3 1 6 5 2 0 4 7
63 53 10 2 3 0 1 6 7 4 5
63 53 10 0 5 1 4 6 3 2 7
63 53 10 4 6 5 0 7 1 2 3
63 53 10 0 5 1 3 6 4 2 7
63 53 10 7 5 0 1 6 4 3 2
63 53 10 0 5 2 1 6 4 3 7
63 53 10 0 4 5 1 6 2 3 7
63 53 10 0 6 2 5 1 4 3 7
63 53 10 1 6 4 2 0 3 5 7
63 53 10 6 1 5 4 7 0 3 2
63 53 10 1 6 7 2 0 3 5 4
63 53 10 3 6 0 2 1 4 7 5
63 53 10 6 3 0 2 1 7 4 5
63 53 10 2 6 0 1 3 4 7 5
63 53 10 6 4 0 7 3 2 1 5
63 53 10 3 6 0 7 4 2 1 5
63 54 9 2 5 0 1 7 3 4 6
63 54 9 2 7 0 5 1 3 4 6
63 54 9 7 6 0 5 4 3 2 1
63 54 9 7 5 1 2 3 0 4 6
63 54 9 7 5 4 1 3 0 2 6
63 54 9 7 6 4 5 3 0 2 1
63 54 9 7 6 0 5 4 1 3 2
63 54 9 3 6 0 5 7 2 4 1
63 54 9 0 6 5 3 7 2 4 1
63 54 9 6 5 0 1 3 2 4 7
63 54 9 5 7 4 0 3 6 2 1
63 54 9 2 6 4 1 0 7 3 5
63 54 9 5 6 2 7 1 3 4 0
63 54 9 7 6 4 2 0 1 3 5
63 54 9 2 5 1 7 0 3 4 6
63 54 9 0 7 4 1 6 5 3 2
63 54 9 7 4 0 1 6 5 3 2
63 54 9 0 6 4 5 7 1 3 2
63 54 9 0 4 6 5 7 3 2 1
63 54 9 7 4 6 5 1 3 2 0
63 54 9 0 6 2 5 7 3 4 1
63 54 9 7 0 6 3 4 2 5 1
63 54 9 7 4 6 2 0 3 5 1
63 54 9 7 4 6 2 3 5 0 1
63 54 9 7 5 1 6 3 4 2 0
63 54 9 6 5 2 1 0 3 4 7
63 54 9 6 0 2 1 3 5 4 7
63 54 9 6 0 4 1 3 2 5 7
63 54 9 6 4 1 0 3 2 5 7
63 54 9 3 0 6 1 4 2 5 7
63 54 9 3 6 1 0 4 2 5 7
63 54 9 1 0 4 3 7 6 5 2
63 54 9 6 3 5 4 7 1 0 2
63 54 9 7 5 4 0 6 3 1 2
63 54 9 3 4 6 1 7 0 2 5
63 54 9 3 6 2 1 7 0 4 5
63 54 9 4 6 0 3 7 2 5 1
63 54 9 7 4 6 3 1 0 2 5
63 54 9 7 6 2 3 1 0 4 5
63 54 9 4 6 5 0 7 3 1 2
63 54 9 4 6 5 1 2 3 0 7
63 54 9 3 6 5 1 4 7 2 0
63 54 9 7 5 2 3 6 0 4 1
63 54 9 7 4 0 3 6 2 5 1
63 54 9 3 5 2 1 6 0 4 7
63 54 9 3 4 0 1 6 2 5 7
63 54 9 3 4 6 5 1 0 2 7
63 54 9 3 6 2 5 1 0 4 7
63 54 9 5 7 6 0 1 4 2 3
63 54 9 4 6 0 7 2 3 5 1
63 54 9 0 7 1 3 2 6 5 4
63 54 9 3 1 7 5 6 0 4 2
63 54 9 3 1 7 0 5 6 4 2
63 54 9 0 6 7 5 1 3 4 2
63 54 9 1 6 7 0 5 3 4 2
63 54 9 2 7 3 1 6 4 5 0
63 54 9 2 1 7 0 3 6 4 5
63 54 9 7 3 1 4 2 6 0 5
63 54 9 6 5 4 1 0 3 7 2
63 54 9 2 3 5 4 7 6 0 1
63 54 9 1 3 6 0 5 7 4 2
63 54 9 4 7 5 0 3 6 1 2
63 54 9 7 2 5 1 3 0 6 4
63 54 9 7 4 5 0 6 3 2 1
63 54 9 0 4 5 7 1 3 2 6
63 54 9 7 1 6 0 3 4 2 5
63 54 9 6 3 1 2 0 4 5 7
63 55 8 7 3 1 2 6 0 4 5
63 55 8 7 6 3 1 4 2 0 5
63 55 8 3 6 5 4 0 1 2 7
63 55 8 2 6 1 4 7 0 3 5
63 55 8 5 7 6 2 1 3 4 0
63 55 8 0 6 2 3 7 4 5 1
63 55 8 3 0 7 1 6 4 2 5
63 55 8 3 7 1 0 6 4 2 5
63 55 8 3 7 2 1 6 4 0 5
63 55 8 4 7 5 3 6 2 0 1
63 55 8 4 0 5 3 6 7 2 1
63 55 8 6 0 1 4 2 3 5 7
63 55 8 2 6 1 4 0 3 5 7
63 55 8 6 0 4 5 2 3 1 7
63 55 8 7 0 6 2 1 4 3 5
63 55 8 7 6 3 2 1 4 0 5
63 55 8 0 2 7 1 6 3 4 5
63 55 8 2 3 7 1 6 0 4 5
63 55 8 2 7 1 5 6 3 4 0
63 55 8 2 7 4 1 6 3 5 0
63 55 8 7 2 6 1 4 0 5 3
63 55 8 7 6 1 3 4 2 5 0
63 55 8 3 6 5 4 0 2 1 7
63 55 8 4 7 0 5 3 6 2 1
63 55 8 7 5 2 1 0 6 4 3
63 55 8 7 0 2 5 1 6 4 3
63 55 8 4 7 6 1 2 3 0 5
63 55 8 4 7 6 0 2 3 5 1
63 55 8 3 6 1 7 0 2 5 4
63 55 8 5 7 0 6 2 3 4 1
63 55 8 6 7 5 3 0 2 4 1
63 55 8 2 1 7 5 3 6 0 4
63 55 8 3 7 2 1 0 6 4 5
63 55 8 1 7 2 3 6 0 4 5
63 55 8 0 7 2 3 1 6 4 5
63 55 8 3 4 1 7 6 0 2 5
63 55 8 6 0 5 1 7 3 2 4
63 55 8 6 7 0 2 3 4 5 1
63 55 8 6 5 0 7 3 2 4 1
63 55 8 6 3 0 5 7 2 4 1
63 55 8 0 3 5 6 7 2 4 1
63 55 8 7 5 1 6 2 3 0 4
63 55 8 7 5 1 0 2 3 4 6
63 55 8 1 7 5 0 6 2 3 4
63 55 8 7 2 5 1 6 3 0 4
63 55 8 0 7 6 4 2 3 1 5
63 55 8 3 0 6 2 1 4 5 7
63 55 8 3 6 2 0 1 4 5 7
63 55 8 7 1 0 2 3 6 4 5
63 55 8 6 1 5 2 0 3 4 7
63 55 8 1 5 2 0 6 3 4 7
63 55 8 1 5 4 2 6 3 0 7
63 55 8 7 1 5 2 0 6 4 3
63 55 8 6 0 1 5 7 4 2 3
63 55 8 6 0 2 1 7 4 5 3
63 55 8 3 4 1 7 0 6 5 2
63 55 8 3 4 1 7 6 5 0 2
63 55 8 6 0 3 5 1 7 4 2
63 55 8 6 3 4 5 1 7 0 2
63 55 8 3 0 5 6 1 7 4 2
63 55 8 2 3 5 6 1 7 4 0
63 55 8 0 6 5 2 7 1 4 3
63 55 8 7 6 5 2 3 1 4 0
63 55 8 0 6 2 7 1 4 5 3
63 55 8 6 1 0 2 7 4 5 3
63 55 8 2 7 6 4 0 3 5 1
63 55 8 2 6 4 7 0 3 5 1
63 55 8 3 7 6 1 5 4 0 2
63 55 8 5 6 0 1 3 4 2 7
63 55 8 5 6 1 7 4 0 2 3
63 55 8 2 0 6 1 3 4 5 7
63 55 8 2 6 1 7 4 5 0 3
63 55 8 2 0 1 7 4 6 5 3
63 55 8 6 0 4 1 2 5 3 7
63 55 8 0 5 1 2 7 3 6 4
63 55 8 7 5 1 2 4 3 6 0
63 55 8 0 7 1 2 3 5 6 4
63 55 8 7 1 0 2 3 5 6 4
63 55 8 0 7 5 2 3 6 1 4
63 55 8 7 5 1 4 6 2 0 3
63 55 8 7 0 1 4 6 5 2 3
63 55 8 7 5 4 1 2 6 0 3
63 55 8 4 6 0 5 3 2 7 1
63 55 8 0 6 5 4 3 2 7 1
63 55 8 2 1 5 0 6 3 4 7
63 55 8 2 1 5 7 0 3 4 6
63 55 8 7 5 4 1 2 0 3 6
63 55 8 7 5 0 1 2 3 4 6
63 55 8 7 0 1 3 2 6 4 5
63 55 8 6 0 5 4 1 7 3 2
63 55 8 7 1 6 4 0 3 5 2
63 55 8 6 1 5 3 0 7 4 2
63 55 8 1 5 4 3 6 7 0 2
63 55 8 2 5 1 0 3 7 6 4
63 55 8 6 5 2 7 0 3 4 1
63 55 8 6 0 2 7 3 5 4 1
63 55 8 6 0 4 7 3 2 5 1
63 55 8 3 0 6 7 4 2 5 1
63 55 8 3 5 7 0 4 6 2 1
63 55 8 3 5 2 7 4 6 0 1
63 55 8 1 0 7 2 6 3 5 4
63 55 8 1 7 2 0 6 3 5 4
63 55 8 3 6 1 2 7 4 0 5
63 55 8 2 4 6 7 3 0 5 1
63 55 8 0 1 6 4 7 3 2 5
63 55 8 0 1 7 3 2 6 4 5
63 55 8 5 6 1 4 3 0 2 7
63 55 8 3 5 1 4 6 0 2 7
63 55 8 3 0 1 4 5 6 2 7
63 55 8 3 4 6 7 1 0 2 5
63 55 8 3 6 2 7 1 0 4 5
63 55 8 7 2 5 1 3 6 4 0
63 55 8 0 1 4 5 7 6 3 2
63 55 8 6 5 7 1 3 4 0 2
63 55 8 6 1 7 0 2 3 4 5
63 55 8 3 5 2 7 6 0 4 1
63 55 8 3 4 0 7 6 2 5 1
63 55 8 2 5 0 7 1 6 3 4
63 55 8 3 4 6 7 1 0 5 2
63 55 8 3 6 0 5 2 1 4 7
63 55 8 0 6 5 3 2 1 4 7
63 55 8 0 6 7 3 2 4 5 1
63 55 8 6 4 3 1 2 0 5 7
63 55 8 6 0 3 5 7 4 2 1
63 55 8 1 0 5 2 6 4 3 7
63 55 8 4 3 5 7 1 0 2 6
63 55 8 1 5 4 7 0 6 2 3
63 55 8 2 7 1 4 0 6 5 3
63 55 8 0 5 3 1 7 6 4 2
63 55 8 1 5 3 7 0 6 4 2
63 55 8 2 7 5 1 0 4 3 6
63 55 8 1 6 2 5 0 4 3 7
63 55 8 6 5 4 0 2 3 1 7
63 55 8 7 3 5 0 1 2 6 4
63 55 8 6 3 7 5 2 4 0 1
63 55 8 0 3 5 2 6 4 1 7
63 55 8 1 7 0 4 2 6 3 5
63 56 7 7 3 5 4 6 0 1 2
63 56 7 7 5 1 2 6 4 3 0
63 56 7 7 2 5 4 6 0 3 1
63 56 7 6 3 5 4 1 0 7 2
63 56 7 1 7 6 3 5 4 2 0
63 56 7 5 0 6 7 3 4 2 1
63 56 7 5 6 2 7 3 4 0 1
63 56 7 0 2 1 7 6 4 5 3
63 56 7 2 1 0 7 6 4 5 3
63 56 7 1 5 0 4 6 3 2 7
63 56 7 7 1 5 2 6 3 4 0
63 56 7 7 5 1 0 2 3 6 4
63 56 7 5 0 4 1 2 3 6 7
63 56 7 1 5 4 0 2 3 6 7
63 56 7 1 5 0 4 6 7 3 2
63 56 7 0 2 5 1 7 3 6 4
63 56 7 5 7 0 1 3 4 6 2
63 56 7 2 6 7 1 3 4 5 0
63 56 7 3 6 7 5 1 4 2 0
63 56 7 6 1 5 2 3 4 0 7
63 56 7 1 0 4 2 7 6 3 5
63 56 7 2 7 5 6 3 4 0 1
63 56 7 1 4 0 5 3 6 2 7
63 56 7 4 5 1 7 3 6 2 0
63 56 7 1 6 4 5 2 7 3 0
63 56 7 5 3 4 1 7 0 6 2
63 56 7 3 7 4 1 2 5 6 0
63 56 7 1 7 0 4 3 5 6 2
63 56 7 7 4 1 2 3 5 6 0
63 56 7 3 5 4 1 2 0 6 7
63 56 7 3 5 7 1 6 4 2 0
63 56 7 7 0 5 6 2 3 4 1
63 56 7 3 6 7 2 1 4 5 0
63 56 7 2 6 5 7 0 1 4 3
63 56 7 1 6 5 7 2 0 4 3
63 56 7 1 6 5 3 4 0 7 2
63 56 7 0 6 5 3 1 4 7 2
63 56 7 6 3 0 2 7 4 5 1
63 56 7 6 0 3 7 1 4 2 5
63 56 7 6 3 7 0 1 4 2 5
63 56 7 1 3 6 0 7 4 5 2
63 56 7 7 1 2 0 5 6 4 3
63 56 7 7 1 4 2 5 6 0 3
63 56 7 7 4 1 0 5 6 2 3
63 56 7 7 4 2 1 5 6 0 3
63 56 7 6 1 0 3 2 4 5 7
63 56 7 1 3 7 0 2 6 4 5
63 56 7 3 0 4 1 2 7 6 5
63 56 7 0 7 3 5 1 6 4 2
63 56 7 3 5 0 7 6 4 1 2
63 56 7 1 0 7 6 2 3 4 5
63 56 7 1 7 4 6 2 3 0 5
63 56 7 5 6 1 7 2 0 3 4
63 56 7 5 6 0 7 2 3 1 4
63 56 7 1 2 5 0 7 6 3 4
63 56 7 3 2 7 1 0 6 5 4
63 56 7 1 2 7 0 3 6 5 4
63 56 7 3 2 7 5 0 6 4 1
63 56 7 3 7 5 2 0 1 6 4
63 56 7 3 0 5 2 1 7 6 4
63 56 7 1 5 4 3 7 0 6 2
63 56 7 0 2 5 4 3 7 6 1
63 56 7 6 0 4 7 2 5 3 1
63 56 7 1 6 5 2 4 7 0 3
63 56 7 6 0 5 2 1 4 7 3
63 56 7 6 3 5 1 4 2 0 7
63 56 7 7 0 5 2 1 3 6 4
63 56 7 3 1 5 2 0 7 6 4
63 56 7 1 5 2 0 3 7 6 4
63 56 7 1 7 5 3 4 0 2 6
63 56 7 0 7 5 3 1 4 2 6
63 56 7 7 3 5 0 1 6 2 4
63 56 7 1 6 5 2 3 7 0 4
63 56 7 0 1 3 7 5 6 4 2
63 56 7 7 1 3 4 5 6 0 2
63 56 7 6 3 0 2 1 4 5 7
63 56 7 7 5 3 4 1 0 6 2
63 56 7 1 0 3 5 6 4 2 7
63 56 7 6 3 5 1 0 2 7 4
63 56 7 6 0 5 1 2 3 7 4
63 56 7 0 7 5 3 1 2 6 4
63 56 7 6 3 0 5 2 1 4 7
63 56 7 0 3 5 6 2 1 4 7
63 56 7 2 1 5 7 0 6 3 4
63 56 7 4 1 5 7 2 6 3 0
63 56 7 1 5 7 0 2 6 3 4
63 56 7 1 7 2 4 0 6 5 3
63 56 7 1 7 5 2 0 4 3 6
63 56 7 6 1 5 0 3 4 2 7
63 56 7 1 0 5 7 3 4 2 6
63 57 6 6 5 1 4 2 3 7 0
63 57 6 1 3 5 2 7 0 4 6
63 57 6 3 6 5 4 2 7 1 0
63 57 6 6 7 5 4 2 3 1 0
63 57 6 1 0 7 4 2 3 6 5
63 57 6 1 7 4 0 2 3 6 5
63 57 6 7 0 5 4 2 3 6 1
63 57 6 7 0 3 4 1 6 5 2
63 57 6 1 3 7 5 6 4 0 2
63 57 6 3 7 5 4 2 1 6 0
63 57 6 0 3 5 4 1 7 6 2
63 57 6 7 1 4 3 5 6 2 0
63 57 6 3 2 7 1 5 6 4 0
63 57 6 1 2 0 7 3 6 4 5
63 57 6 1 6 5 7 4 3 0 2
63 57 6 1 4 5 7 3 6 0 2
63 57 6 1 7 3 5 2 6 0 4
63 57 6 3 5 4 7 2 0 6 1
63 57 6 3 5 4 7 2 6 1 0
63 57 6 6 5 2 7 1 4 3 0
63 57 6 6 4 5 7 1 2 3 0
63 57 6 1 3 5 6 4 0 2 7
63 57 6 1 3 0 2 6 4 5 7
63 57 6 6 0 5 3 2 4 7 1
63 57 6 6 3 7 2 1 4 5 0
63 57 6 3 0 5 7 2 1 4 6
63 57 6 2 3 5 7 0 1 4 6
63 57 6 1 3 5 7 2 0 4 6
63 57 6 7 3 0 6 2 4 5 1
63 57 6 0 7 3 1 2 4 6 5
63 57 6 6 3 5 7 4 2 0 1
63 57 6 3 0 5 6 2 4 7 1
63 57 6 2 3 5 6 0 4 7 1
63 57 6 7 3 5 4 0 2 6 1
63 57 6 7 3 5 0 2 6 1 4
63 57 6 1 3 5 2 6 7 0 4
63 57 6 1 5 3 4 7 0 6 2
63 57 6 1 3 6 7 0 2 5 4
63 58 5 1 5 4 2 3 6 7 0
63 58 5 6 3 5 4 2 7 1 0
63 58 5 1 2 5 3 7 6 4 0
63 58 5 1 3 2 7 6 4 0 5
63 58 5 1 3 5 6 7 4 0 2
63 58 5 7 5 3 4 2 6 1 0
63 58 5 1 5 2 7 6 4 3 0
63 58 5 1 4 5 7 6 2 3 0
63 58 5 1 3 5 7 6 2 0 4
63 58 5 1 0 5 4 2 7 6 3
63 58 5 1 3 0 5 2 4 7 6
63 58 5 1 3 5 7 2 4 0 6
63 59 4 7 3 5 2 1 4 6 0
63 59 4 1 3 5 4 2 0 6 7
63 59 4 1 3 5 4 2 6 7 0
63 59 4 7 3 5 6 2 4 1 0
63 59 4 1 7 5 2 3 4 6 0
63 60 3 1 3 5 4 2 7 6 0
63 60 3 7 3 5 1 2 4 6 0
63 60 3 1 3 5 0 2 4 6 7
64 53 11 4 6 2 5 3 0 1 7
64 53 11 3 6 1 2 7 0 4 5
64 53 11 7 5 4 6 0 3 2 1
64 53 11 7 6 4 1 0 3 2 5
64 53 11 0 6 2 5 1 3 4 7
64 53 11 0 6 4 2 1 3 5 7
64 53 11 4 7 6 2 3 0 5 1
64 53 11 6 4 0 1 7 3 2 5
64 53 11 7 0 6 1 3 2 5 4
64 53 11 7 0 6 5 3 2 4 1
64 53 11 7 6 4 2 0 3 1 5
64 53 11 4 6 0 1 7 2 3 5
64 53 11 7 4 0 1 6 2 3 5
64 54 10 2 7 5 4 1 3 0 6
64 54 10 7 6 5 2 4 3 0 1
64 54 10 7 0 1 2 5 3 4 6
64 54 10 7 0 4 1 5 3 2 6
64 54 10 7 6 4 0 5 3 2 1
64 54 10 7 6 5 3 4 1 0 2
64 54 10 2 6 5 1 4 0 3 7
64 54 10 3 6 5 4 7 2 0 1
64 54 10 7 0 5 2 6 3 1 4
64 54 10 7 6 4 0 5 1 3 2
64 54 10 3 6 4 7 1 0 5 2
64 54 10 7 4 6 0 5 3 2 1
64 54 10 7 6 2 0 5 3 4 1
64 54 10 3 7 0 1 4 6 2 5
64 54 10 7 0 1 4 6 3 5 2
64 54 10 7 0 1 6 3 4 5 2
64 54 10 4 6 5 2 1 0 3 7
64 54 10 7 6 3 1 0 4 2 5
64 54 10 3 6 5 4 7 0 1 2
64 54 10 2 0 5 4 6 3 1 7
64 54 10 2 6 5 0 4 3 1 7
64 54 10 0 6 5 1 3 7 2 4
64 54 10 7 5 3 6 0 4 2 1
64 54 10 7 5 3 2 6 4 0 1
64 54 10 3 5 1 2 6 4 0 7
64 54 10 3 4 5 0 1 6 2 7
64 54 10 4 5 1 7 6 0 2 3
64 54 10 7 4 0 1 3 6 2 5
64 54 10 1 7 6 2 0 3 5 4
64 54 10 2 0 1 7 6 3 5 4
64 54 10 7 6 0 4 1 2 3 5
64 54 10 6 0 1 7 4 3 5 2
64 54 10 3 7 1 2 0 6 5 4
64 54 10 3 7 1 5 2 6 0 4
64 54 10 4 7 3 1 6 0 5 2
64 54 10 4 7 5 6 3 0 2 1
64 54 10 7 3 1 2 0 6 4 5
64 54 10 6 5 0 1 2 3 7 4
64 54 10 0 5 4 1 2 3 7 6
64 54 10 6 5 1 4 7 0 2 3
64 54 10 1 0 6 5 3 7 4 2
64 54 10 6 1 5 0 7 3 4 2
64 54 10 7 5 4 2 0 3 6 1
64 54 10 7 5 4 6 2 3 0 1
64 54 10 6 7 5 4 3 0 1 2
64 54 10 2 7 0 1 4 3 6 5
64 54 10 6 4 0 7 1 3 2 5
64 54 10 4 1 6 7 3 0 2 5
64 54 10 0 6 7 5 3 4 2 1
64 55 9 0 7 1 2 6 3 4 5
64 55 9 7 1 0 2 6 3 4 5
64 55 9 5 0 1 2 6 3 4 7
64 55 9 7 5 2 1 6 3 0 4
64 55 9 5 0 4 1 6 3 2 7
64 55 9 1 5 4 0 6 3 2 7
64 55 9 6 0 4 5 1 3 2 7
64 55 9 4 7 6 5 0 3 2 1
64 55 9 4 7 6 5 3 2 0 1
64 55 9 4 0 6 5 3 7 2 1
64 55 9 7 0 6 1 4 2 3 5
64 55 9 7 6 1 0 4 2 3 5
64 55 9 5 7 0 6 1 3 4 2
64 55 9 2 7 6 5 1 3 0 4
64 55 9 7 6 2 3 4 0 5 1
64 55 9 6 5 1 3 4 0 2 7
64 55 9 6 5 0 1 4 3 2 7
64 55 9 6 4 0 5 1 3 2 7
64 55 9 0 4 5 6 1 3 2 7
64 55 9 7 6 4 5 3 0 1 2
64 55 9 0 6 4 5 7 3 1 2
64 55 9 2 6 4 5 0 3 1 7
64 55 9 5 6 4 0 2 3 1 7
64 55 9 2 7 4 1 6 0 3 5
64 55 9 0 7 6 1 4 2 5 3
64 55 9 0 6 1 7 4 2 5 3
64 55 9 4 0 6 1 7 2 5 3
64 55 9 4 6 1 0 7 2 5 3
64 55 9 7 0 2 1 6 5 4 3
64 55 9 7 0 4 1 6 2 5 3
64 55 9 7 4 1 0 6 2 5 3
64 55 9 7 4 6 5 0 1 2 3
64 55 9 7 4 6 5 1 2 0 3
64 55 9 7 6 2 5 0 1 4 3
64 55 9 2 7 6 1 3 0 5 4
64 55 9 2 7 6 1 4 3 5 0
64 55 9 2 7 6 5 3 0 4 1
64 55 9 0 6 4 5 7 2 3 1
64 55 9 7 6 4 5 1 2 3 0
64 55 9 5 1 7 4 3 6 0 2
64 55 9 2 1 7 5 0 6 4 3
64 55 9 5 7 2 1 3 6 4 0
64 55 9 1 0 2 3 7 6 4 5
64 55 9 6 3 5 4 7 2 0 1
64 55 9 4 7 0 1 6 2 5 3
64 55 9 4 5 0 1 6 7 2 3
64 55 9 2 1 5 0 7 6 4 3
64 55 9 3 1 5 2 7 6 4 0
64 55 9 5 6 1 0 7 4 2 3
64 55 9 7 3 5 6 1 0 4 2
64 55 9 7 6 5 0 2 1 4 3
64 55 9 7 4 6 2 1 0 5 3
64 55 9 6 4 1 2 7 0 5 3
64 55 9 3 6 4 7 2 0 5 1
64 55 9 6 5 4 1 0 2 3 7
64 55 9 0 5 2 7 3 6 1 4
64 55 9 3 4 7 1 6 0 5 2
64 55 9 1 6 4 7 0 3 2 5
64 55 9 1 5 7 4 6 3 0 2
64 55 9 7 6 1 3 0 2 4 5
64 55 9 4 6 5 0 1 7 3 2
64 55 9 2 6 5 4 1 7 3 0
64 55 9 2 1 6 4 7 3 5 0
64 55 9 3 1 5 0 6 7 4 2
64 55 9 2 1 5 3 6 7 4 0
64 55 9 2 5 6 1 3 7 0 4
64 55 9 6 4 7 0 3 2 5 1
64 55 9 3 6 7 0 4 2 5 1
64 55 9 7 5 4 2 0 6 1 3
64 55 9 6 5 7 1 0 4 2 3
64 55 9 2 3 0 7 1 6 4 5
64 55 9 2 0 5 7 6 1 3 4
64 55 9 3 6 7 5 2 4 0 1
64 55 9 4 3 5 6 7 0 2 1
64 55 9 1 5 0 7 3 6 2 4
64 55 9 0 7 1 4 3 6 5 2
64 55 9 0 7 5 1 6 4 3 2
64 55 9 6 5 4 7 0 3 1 2
64 55 9 6 5 0 7 2 3 1 4
64 55 9 0 5 4 7 2 3 1 6
64 55 9 1 7 0 2 4 3 6 5
64 55 9 0 7 5 2 4 3 6 1
64 55 9 7 0 5 1 3 2 6 4
64 55 9 6 3 7 2 0 4 5 1
64 55 9 7 3 0 2 6 4 1 5
64 56 8 0 7 5 4 6 3 1 2
64 56 8 0 6 5 7 4 3 1 2
64 56 8 6 7 5 4 0 3 2 1
64 56 8 6 7 5 4 3 2 0 1
64 56 8 6 0 5 4 3 7 2 1
64 56 8 7 4 0 5 1 6 2 3
64 56 8 3 7 6 1 2 5 0 4
64 56 8 3 0 6 1 2 7 5 4
64 56 8 3 0 6 5 2 7 4 1
64 56 8 6 7 5 2 0 1 4 3
64 56 8 6 0 5 2 1 7 4 3
64 56 8 0 7 5 4 6 2 3 1
64 56 8 7 5 0 4 6 2 3 1
64 56 8 7 5 1 6 3 4 0 2
64 56 8 7 5 3 1 6 2 0 4
64 56 8 7 6 3 5 1 2 0 4
64 56 8 7 0 1 5 4 6 2 3
64 56 8 7 0 2 1 4 6 5 3
64 56 8 6 3 0 4 1 7 5 2
64 56 8 2 6 0 1 7 4 5 3
64 56 8 1 7 6 3 4 0 2 5
64 56 8 5 6 7 0 3 4 2 1
64 56 8 2 4 1 7 6 0 5 3
64 56 8 5 0 1 6 2 3 4 7
64 56 8 0 1 5 4 6 3 2 7
64 56 8 1 6 0 5 4 3 2 7
64 56 8 5 0 1 7 3 6 2 4
64 56 8 3 5 1 7 0 6 2 4
64 56 8 1 6 4 5 3 0 2 7
64 56 8 7 5 6 1 2 3 0 4
64 56 8 2 5 4 1 0 3 6 7
64 56 8 7 6 1 5 2 0 4 3
64 56 8 0 1 5 4 6 7 3 2
64 56 8 1 6 0 5 4 7 3 2
64 56 8 2 5 0 1 7 3 6 4
64 56 8 2 7 0 5 1 3 6 4
64 56 8 6 5 0 7 4 3 2 1
64 56 8 7 0 1 5 2 6 3 4
64 56 8 6 1 0 5 3 4 2 7
64 56 8 6 2 0 1 3 4 5 7
64 56 8 3 0 5 2 6 7 4 1
64 56 8 0 7 1 2 4 6 5 3
64 56 8 7 1 0 2 4 6 5 3
64 56 8 1 7 6 3 4 5 0 2
64 56 8 1 0 6 3 4 7 5 2
64 56 8 5 4 0 7 3 6 2 1
64 56 8 5 6 4 7 3 0 2 1
64 56 8 3 5 4 7 6 0 2 1
64 56 8 3 5 4 7 1 6 2 0
64 56 8 6 1 2 0 3 4 5 7
64 56 8 1 6 4 2 0 7 3 5
64 56 8 2 0 7 6 3 4 5 1
64 56 8 5 1 0 2 7 6 4 3
64 56 8 5 4 0 1 7 6 2 3
64 56 8 4 6 5 1 7 0 3 2
64 56 8 4 5 2 1 3 0 6 7
64 56 8 2 5 4 1 3 6 0 7
64 56 8 5 4 0 1 7 3 6 2
64 56 8 1 5 4 7 0 3 6 2
64 56 8 3 7 4 1 5 0 6 2
64 56 8 0 4 1 7 3 5 6 2
64 56 8 1 3 6 0 7 2 4 5
64 56 8 7 3 6 1 5 2 0 4
64 56 8 7 0 5 2 1 3 4 6
64 56 8 3 6 1 0 2 7 5 4
64 56 8 3 6 4 5 2 7 0 1
64 56 8 2 6 5 3 0 7 4 1
64 56 8 6 0 7 1 2 3 5 4
64 56 8 6 7 1 0 2 3 5 4
64 56 8 6 0 7 5 2 3 4 1
64 56 8 6 7 4 5 2 3 0 1
64 56 8 2 7 0 5 3 6 1 4
64 56 8 2 7 5 4 6 0 1 3
64 56 8 1 0 5 3 6 4 7 2
64 56 8 2 3 6 1 7 4 5 0
64 56 8 3 7 6 2 1 4 0 5
64 56 8 6 5 0 1 2 7 4 3
64 56 8 5 7 1 2 0 6 4 3
64 56 8 2 7 1 0 5 6 4 3
64 56 8 3 7 1 2 5 6 4 0
64 56 8 5 7 4 1 0 6 2 3
64 56 8 3 7 4 1 5 6 2 0
64 56 8 7 4 6 3 2 0 5 1
64 56 8 6 4 1 3 2 0 5 7
64 56 8 0 1 6 3 7 4 2 5
64 56 8 1 4 6 3 7 0 2 5
64 56 8 1 6 3 7 0 4 2 5
64 56 8 1 6 2 3 7 0 4 5
64 56 8 2 3 7 1 0 6 4 5
64 56 8 5 3 7 1 2 6 4 0
64 56 8 3 7 4 1 0 2 6 5
64 56 8 7 6 3 5 1 0 4 2
64 56 8 7 5 1 4 2 3 0 6
64 56 8 4 6 5 1 2 7 3 0
64 56 8 4 2 5 1 7 6 3 0
64 56 8 4 2 7 1 3 6 5 0
64 56 8 5 2 7 0 3 6 4 1
64 56 8 2 7 4 0 3 6 1 5
64 56 8 6 7 1 2 3 4 0 5
64 56 8 2 5 0 4 3 7 6 1
64 56 8 2 6 7 4 3 0 5 1
64 56 8 6 5 4 7 0 2 3 1
64 56 8 7 3 2 5 6 0 4 1
64 56 8 2 6 5 0 1 4 7 3
64 56 8 1 7 0 5 6 3 2 4
64 56 8 2 1 6 7 0 3 4 5
64 56 8 5 1 6 7 2 3 4 0
64 56 8 3 5 0 1 7 4 2 6
64 56 8 3 4 5 1 7 0 2 6
64 56 8 4 7 5 2 1 3 6 0
64 56 8 2 1 5 0 3 7 6 4
64 56 8 4 1 5 2 3 7 6 0
64 56 8 1 5 6 2 3 7 0 4
64 56 8 1 0 5 3 7 4 2 6
64 56 8 7 3 5 4 0 6 2 1
64 56 8 1 0 5 3 7 2 6 4
64 56 8 1 7 5 0 3 2 6 4
64 56 8 6 3 5 4 2 1 0 7
64 56 8 7 1 5 0 2 6 3 4
64 56 8 6 1 5 7 2 0 3 4
64 56 8 7 3 6 5 0 4 1 2
64 56 8 7 3 0 5 2 4 1 6
64 56 8 0 3 6 5 2 4 1 7
64 56 8 0 1 5 7 3 4 2 6
64 56 8 7 3 1 2 0 4 6 5
64 56 8 7 3 1 6 2 4 0 5
64 57 7 7 6 5 3 1 2 4 0
64 57 7 2 6 1 5 3 4 7 0
64 57 7 2 0 3 1 7 6 4 5
64 57 7 7 0 3 2 1 6 4 5
64 57 7 1 6 2 7 5 3 4 0
64 57 7 1 6 4 7 3 0 5 2
64 57 7 5 0 1 7 2 6 4 3
64 57 7 1 6 7 3 5 4 2 0
64 57 7 2 0 7 4 3 6 1 5
64 57 7 3 0 6 7 2 1 4 5
64 57 7 3 6 4 7 2 1 0 5
64 57 7 1 0 6 2 7 4 3 5
64 57 7 1 6 3 2 7 4 0 5
64 57 7 6 0 5 2 7 4 3 1
64 57 7 7 1 5 2 6 4 0 3
64 57 7 4 6 1 7 3 2 5 0
64 57 7 3 7 5 6 1 4 0 2
64 57 7 6 3 5 4 7 0 2 1
64 57 7 6 7 1 5 3 4 2 0
64 57 7 6 7 2 1 3 4 5 0
64 57 7 4 1 5 7 3 6 0 2
64 57 7 7 4 0 1 2 3 6 5
64 57 7 7 3 4 5 1 0 6 2
64 57 7 7 3 4 5 1 6 2 0
64 57 7 6 1 5 3 7 4 0 2
64 57 7 7 5 3 0 1 6 4 2
64 57 7 5 1 4 7 3 0 6 2
64 57 7 5 1 4 7 3 6 2 0
64 57 7 0 3 1 7 6 5 4 2
64 57 7 7 4 3 1 2 6 0 5
64 57 7 2 5 3 1 7 6 0 4
64 57 7 7 5 3 2 1 6 0 4
64 57 7 2 3 6 7 1 0 5 4
64 57 7 2 6 5 7 3 1 0 4
64 57 7 1 0 2 5 7 6 4 3
64 57 7 0 1 5 2 6 4 7 3
64 57 7 1 5 0 2 6 4 7 3
64 57 7 1 4 5 2 6 0 7 3
64 57 7 1 7 5 4 3 0 2 6
64 57 7 1 6 2 5 4 0 7 3
64 57 7 0 1 5 2 7 3 6 4
64 57 7 1 5 0 2 7 3 6 4
64 57 7 4 7 5 0 2 3 6 1
64 57 7 7 5 2 4 1 6 0 3
64 57 7 7 3 4 1 0 5 6 2
64 57 7 7 3 4 1 5 6 0 2
64 57 7 5 3 1 7 0 6 4 2
64 57 7 3 1 4 7 5 6 0 2
64 57 7 3 1 0 7 2 6 4 5
64 57 7 1 6 0 5 2 7 4 3
64 57 7 2 5 1 7 0 3 6 4
64 57 7 2 0 1 7 3 5 6 4
64 57 7 7 0 1 3 2 5 6 4
64 57 7 1 3 7 5 0 6 4 2
64 57 7 7 3 5 6 4 2 0 1
64 57 7 7 3 2 0 6 4 5 1
64 57 7 0 7 5 4 3 1 6 2
64 57 7 0 3 7 4 1 6 5 2
64 57 7 1 3 7 4 6 0 5 2
64 57 7 1 2 7 4 3 6 0 5
64 57 7 0 3 5 2 6 1 4 7
64 57 7 4 6 5 7 1 0 3 2
64 57 7 1 0 7 5 2 6 3 4
64 57 7 3 2 5 7 0 6 4 1
64 57 7 1 2 5 7 3 6 4 0
64 57 7 0 4 5 7 6 1 2 3
64 57 7 6 4 5 7 3 1 2 0
64 57 7 6 3 1 0 2 7 5 4
64 57 7 6 3 4 5 2 7 0 1
64 57 7 3 0 5 6 2 7 4 1
64 57 7 2 3 5 6 0 7 4 1
64 57 7 3 5 1 0 2 7 6 4
64 57 7 3 1 6 7 0 4 5 2
64 57 7 1 4 6 7 0 3 5 2
64 57 7 1 4 6 7 3 5 0 2
64 57 7 1 0 6 5 2 3 7 4
64 57 7 3 0 6 5 2 4 7 1
64 57 7 2 6 5 3 0 4 7 1
64 57 7 0 6 3 7 1 4 5 2
64 57 7 7 3 5 0 2 1 4 6
64 57 7 7 3 6 0 1 4 2 5
64 57 7 7 0 3 5 1 4 6 2
64 57 7 1 6 5 0 4 2 7 3
64 57 7 6 3 1 2 7 4 0 5
64 57 7 1 5 4 0 2 6 3 7
64 57 7 1 3 0 2 7 6 5 4
64 57 7 7 4 3 1 2 0 6 5
64 57 7 6 0 3 5 2 4 7 1
64 57 7 1 3 5 2 0 7 4 6
64 58 6 2 6 5 3 7 4 1 0
64 58 6 6 3 5 4 2 0 7 1
64 58 6 6 3 4 7 2 1 0 5
64 58 6 6 3 1 5 7 4 2 0
64 58 6 6 3 2 1 7 4 5 0
64 58 6 0 2 5 4 7 6 3 1
64 58 6 2 7 5 3 6 4 1 0
64 58 6 6 3 5 7 1 0 2 4
64 58 6 1 2 0 5 3 6 4 7
64 58 6 4 7 5 1 2 0 6 3
64 58 6 1 2 0 5 7 6 4 3
64 58 6 1 5 3 0 4 6 2 7
64 58 6 1 6 5 7 3 2 0 4
64 58 6 1 7 2 5 6 4 3 0
64 58 6 1 5 3 2 7 6 0 4
64 58 6 4 6 5 7 2 3 0 1
64 58 6 1 7 5 4 6 2 3 0
64 58 6 3 1 5 7 2 6 4 0
64 58 6 1 5 7 2 3 6 4 0
64 58 6 1 5 4 7 3 0 6 2
64 58 6 3 1 5 4 2 7 6 0
64 58 6 1 5 4 2 3 7 6 0
64 58 6 1 5 6 4 3 0 7 2
64 58 6 1 5 6 4 3 7 2 0
64 58 6 1 6 7 4 3 5 2 0
64 58 6 1 6 0 4 3 5 7 2
64 58 6 7 3 1 4 2 6 5 0
64 58 6 7 3 4 5 2 0 6 1
64 58 6 7 3 4 5 2 6 1 0
64 58 6 2 3 5 7 6 1 0 4
64 58 6 1 0 3 7 6 4 2 5
64 58 6 1 3 7 0 6 4 2 5
64 58 6 1 5 2 4 7 6 0 3
64 58 6 6 1 0 7 2 4 5 3
64 58 6 1 3 0 5 2 7 4 6
64 58 6 1 3 6 4 2 0 7 5
64 58 6 7 3 1 0 2 5 6 4
64 58 6 1 0 7 2 3 4 6 5
64 58 6 1 7 2 0 3 4 6 5
64 58 6 1 0 3 5 2 6 4 7
64 58 6 1 3 4 5 2 6 0 7
64 58 6 1 3 5 7 0 2 4 6
64 58 6 3 0 5 6 2 4 1 7
64 58 6 2 3 5 6 0 4 1 7
64 58 6 1 7 5 4 0 2 6 3
64 58 6 6 5 0 7 2 4 1 3
64 58 6 6 4 5 7 2 0 1 3
64 58 6 1 3 6 0 7 4 2 5
64 58 6 1 0 3 5 7 4 6 2
64 58 6 3 5 0 7 2 4 1 6
64 58 6 3 4 5 7 2 0 1 6
64 58 6 2 3 5 7 4 0 1 6
64 59 5 2 5 1 4 3 6 7 0
64 59 5 7 6 5 1 2 4 3 0
64 59 5 7 3 5 1 2 4 0 6
64 59 5 1 5 3 7 6 4 2 0
64 59 5 0 3 5 4 2 7 6 1
64 59 5 1 3 5 7 4 6 0 2
64 60 4 0 3 5 7 2 4 6 1
64 60 4 1 3 5 7 0 2 6 4
64 60 4 1 0 5 7 2 3 6 4
64 63 1 1 3 5 7 2 4 6 0