0 0 0 7 6 5 1 3 0 4 2
13 0 13 7 6 5 1 3 4 0 2
14 0 14 7 6 5 1 0 3 4 2
14 0 14 7 0 5 1 3 6 4 2
25 13 12 7 6 5 1 3 4 2 0
25 14 11 7 6 5 1 2 3 4 0
29 13 16 7 6 0 1 3 4 5 2
29 14 15 0 7 5 1 3 6 4 2
29 14 15 7 5 0 1 3 6 4 2
30 14 16 0 6 5 1 7 3 4 2
30 14 16 7 0 5 1 6 3 4 2
30 14 16 7 6 5 0 1 3 4 2
37 25 12 7 6 5 1 2 3 0 4
38 25 13 7 6 5 0 2 3 4 1
39 25 14 7 6 5 1 0 4 2 3
40 25 15 7 6 5 0 3 4 2 1
40 25 15 0 6 5 1 2 3 4 7
41 29 12 3 7 5 1 0 6 4 2
42 25 17 0 6 5 1 3 4 2 7
42 25 17 7 6 0 1 2 3 4 5
42 29 13 1 7 5 0 3 6 4 2
42 29 13 7 5 4 1 3 6 0 2
42 30 12 7 3 5 1 6 0 4 2
43 29 14 2 7 5 1 3 6 4 0
43 30 13 7 6 5 2 1 3 4 0
44 25 19 7 6 0 1 3 4 2 5
44 29 15 7 5 1 0 3 6 4 2
44 30 14 1 6 5 0 7 3 4 2
44 30 14 0 6 5 7 1 3 4 2
45 29 16 7 0 6 1 3 4 5 2
45 29 16 7 6 1 0 3 4 5 2
45 30 15 6 0 5 1 7 3 4 2
45 30 15 2 6 5 1 7 3 4 0
45 30 15 0 7 5 1 6 3 4 2
45 30 15 7 5 0 1 6 3 4 2
45 30 15 7 6 0 5 1 3 4 2
46 29 17 6 7 5 1 3 0 4 2
46 30 16 3 6 5 1 7 0 4 2
46 30 16 7 6 5 4 1 3 0 2
50 37 13 7 6 5 1 2 0 3 4
50 41 9 3 7 5 1 2 6 4 0
51 38 13 0 6 5 7 2 3 4 1
51 40 11 1 6 5 0 2 3 4 7
52 37 15 7 6 0 1 2 3 5 4
52 38 14 7 6 0 5 2 3 4 1
52 40 12 6 0 5 1 2 3 4 7
52 42 10 7 3 5 1 6 4 0 2
53 38 15 7 6 5 4 2 3 0 1
53 39 14 7 6 5 1 4 0 2 3
53 40 13 3 6 5 1 2 0 4 7
53 42 11 1 7 5 2 3 6 4 0
53 42 11 7 3 5 1 0 6 4 2
54 39 15 0 6 5 1 7 4 2 3
54 39 15 7 0 5 1 6 4 2 3
54 39 15 7 6 5 0 1 4 2 3
54 40 14 2 6 5 1 0 3 4 7
54 41 13 3 7 5 1 6 0 4 2
54 42 12 3 6 5 1 0 4 2 7
54 42 12 1 7 5 4 3 6 0 2
54 42 12 7 5 4 1 3 6 2 0
54 44 10 1 6 5 7 0 3 4 2
55 40 15 0 6 5 7 3 4 2 1
55 41 14 3 7 5 0 1 6 4 2
55 42 13 1 6 5 0 3 4 2 7
55 42 13 1 7 0 5 3 6 4 2
55 42 13 1 7 5 3 0 6 4 2
56 38 18 7 6 5 2 0 3 4 1
56 40 16 7 6 0 5 3 4 2 1
56 40 16 7 6 5 3 0 4 2 1
56 41 15 3 0 5 1 7 6 4 2
56 42 14 6 0 5 1 3 4 2 7
56 43 13 2 7 5 1 3 6 0 4
56 44 12 1 6 5 2 7 3 4 0
56 44 12 6 0 5 7 1 3 4 2
56 44 12 2 6 5 7 1 3 4 0
57 40 17 7 6 5 2 3 4 0 1
57 42 15 7 0 6 1 2 3 4 5
57 42 15 7 6 1 0 2 3 4 5
57 42 15 7 6 4 1 2 3 0 5
57 42 15 7 5 4 1 3 0 6 2
57 43 14 2 7 5 1 0 6 4 3
57 44 13 7 5 1 2 3 6 4 0
57 44 13 3 6 5 7 1 0 4 2
57 51 6 1 6 5 7 2 3 4 0
58 43 15 2 7 5 0 3 6 4 1
58 43 15 7 6 5 2 1 3 0 4
58 44 14 7 5 1 4 3 6 0 2
58 44 14 1 6 0 5 7 3 4 2
58 44 14 1 6 5 4 7 3 0 2
58 45 13 6 3 5 1 7 0 4 2
58 45 13 1 7 5 0 6 3 4 2
58 46 12 3 6 5 1 7 4 0 2
59 43 16 2 7 0 1 3 6 4 5
59 44 15 7 6 2 1 3 4 0 5
59 44 15 0 5 1 7 3 6 4 2
59 45 14 6 7 5 1 0 3 4 2
59 45 14 2 7 5 1 6 3 4 0
59 45 14 7 5 4 1 6 3 0 2
59 46 13 6 7 5 1 3 4 0 2
59 46 13 3 6 5 1 0 7 4 2
59 46 13 7 6 5 4 1 3 2 0
60 42 18 4 6 5 1 3 0 2 7
60 44 16 7 5 1 3 0 6 4 2
60 45 15 7 6 1 2 3 4 5 0
60 45 15 2 6 5 1 7 3 0 4
60 45 15 7 5 1 0 6 3 4 2
60 45 15 7 0 6 5 1 3 4 2
60 45 15 7 6 4 5 1 3 0 2
60 50 10 3 7 5 1 2 6 0 4
61 43 18 0 6 5 2 1 3 4 7
61 44 17 7 0 6 1 3 4 2 5
61 44 17 7 6 1 0 3 4 2 5
61 45 16 0 6 1 7 3 4 5 2
61 45 16 7 6 1 5 3 4 0 2
61 45 16 6 5 0 1 7 3 4 2
61 45 16 2 6 5 0 7 3 4 1
61 46 15 6 0 5 1 3 7 4 2
61 46 15 7 6 5 4 1 0 3 2
61 46 15 7 6 0 4 1 3 5 2
61 50 11 3 7 5 0 2 6 4 1
61 52 9 7 3 5 1 6 4 2 0
61 53 8 7 3 5 1 2 6 4 0
62 43 19 7 6 0 2 1 3 4 5
62 45 17 0 7 6 1 3 4 5 2
62 45 17 7 4 6 1 3 0 5 2
62 45 17 7 6 1 3 0 4 5 2
62 50 12 7 0 5 1 2 6 3 4
62 51 11 6 0 5 7 2 3 4 1
62 51 11 1 6 0 5 2 3 4 7
62 52 10 6 3 5 1 2 0 4 7
62 53 9 3 6 5 1 2 4 0 7
63 45 18 2 6 0 1 7 3 4 5
63 51 12 3 6 5 7 2 0 4 1
63 51 12 1 6 5 4 2 3 0 7
63 53 10 3 0 5 1 2 6 4 7
63 54 9 1 7 5 4 3 6 2 0
63 55 8 1 6 5 7 3 4 2 0
63 55 8 1 7 5 3 2 6 4 0
64 50 14 7 6 5 1 0 2 3 4
64 50 14 0 7 5 1 2 6 4 3
64 51 13 2 6 5 7 0 3 4 1
64 53 11 7 6 5 4 2 3 1 0
65 50 15 3 7 0 1 2 6 4 5
65 52 13 6 5 0 1 2 3 4 7
65 52 13 7 3 0 1 6 4 5 2
65 53 12 7 6 5 1 4 2 0 3
65 53 12 3 6 5 1 0 2 4 7
65 53 12 1 7 5 2 3 6 0 4
65 54 11 7 6 5 3 1 4 2 0
65 54 11 3 7 5 1 6 4 0 2
65 54 11 1 7 0 4 3 6 5 2
65 54 11 1 6 5 7 3 0 4 2
65 57 8 1 6 5 7 2 3 0 4
66 51 15 1 6 5 2 0 3 4 7
66 52 14 7 0 6 5 2 3 4 1
66 52 14 7 6 4 5 2 3 0 1
66 53 13 7 0 5 1 4 6 2 3
66 53 13 1 7 5 2 0 6 4 3
66 53 13 0 3 5 1 7 6 4 2
66 53 13 7 3 5 0 1 6 4 2
66 54 12 3 6 5 1 7 4 2 0
66 54 12 1 7 5 4 3 0 6 2
66 54 12 1 0 5 7 6 3 4 2
66 55 11 3 6 5 7 0 4 2 1
66 55 11 3 7 5 2 1 6 4 0
66 56 10 6 3 5 7 1 0 4 2
66 57 9 3 6 5 7 1 4 0 2
67 52 15 7 0 6 1 2 3 5 4
67 52 15 7 6 1 0 2 3 5 4
67 53 14 7 6 5 4 2 0 3 1
67 54 13 1 6 5 0 7 4 2 3
67 54 13 0 6 5 7 1 4 2 3
67 54 13 3 0 5 1 6 7 4 2
67 54 13 3 6 5 1 4 0 2 7
67 55 12 1 0 7 5 3 6 4 2
67 55 12 1 7 4 5 3 6 0 2
67 55 12 1 7 5 3 6 0 4 2
67 57 10 3 0 5 7 1 6 4 2
68 53 15 1 7 0 2 3 6 4 5
68 54 14 6 0 5 1 7 4 2 3
68 54 14 0 7 5 1 6 4 2 3
68 54 14 7 5 0 1 6 4 2 3
68 54 14 7 6 0 5 1 4 2 3
68 54 14 3 0 5 1 6 4 2 7
68 54 14 3 6 5 0 1 4 2 7
68 55 13 6 0 5 7 3 4 2 1
68 55 13 3 7 0 5 1 6 4 2
68 55 13 1 6 0 5 3 4 2 7
68 55 13 1 6 5 3 0 4 2 7
68 56 12 2 6 5 7 1 3 0 4
68 57 11 7 6 1 5 2 3 4 0
68 57 11 3 6 5 7 0 1 4 2
69 53 16 7 6 0 4 2 3 5 1
69 54 15 7 4 5 1 6 0 2 3
69 54 15 7 6 5 2 1 4 0 3
69 54 15 2 6 5 1 3 0 4 7
69 54 15 7 5 4 0 3 6 2 1
69 55 14 3 7 5 4 1 6 0 2
69 55 14 1 6 5 2 3 4 0 7
69 55 14 0 7 5 3 1 6 4 2
69 55 14 1 0 5 3 7 6 4 2
69 56 13 6 5 0 7 1 3 4 2
69 58 11 7 5 1 4 3 6 2 0
69 58 11 1 6 5 4 7 3 2 0
69 58 11 6 3 5 1 7 4 0 2
69 58 11 1 7 5 2 6 3 4 0
69 59 10 3 6 5 1 2 7 4 0
70 54 16 2 0 5 1 6 3 4 7
70 54 16 2 6 5 0 1 3 4 7
70 54 16 7 5 4 1 0 6 2 3
70 54 16 0 5 4 1 3 6 2 7
70 56 14 3 5 0 1 7 6 4 2
70 56 14 2 7 5 1 3 0 6 4
70 56 14 2 7 0 1 3 6 5 4
70 56 14 1 6 5 2 7 3 0 4
70 57 13 7 6 5 2 3 4 1 0
70 57 13 7 3 6 1 2 0 4 5
70 57 13 7 6 4 1 2 3 5 0
70 57 13 1 6 0 7 2 3 4 5
70 58 12 6 3 5 1 0 7 4 2
70 59 11 3 5 1 7 0 6 4 2
70 59 11 6 7 5 1 2 3 4 0
70 60 10 3 7 5 1 2 0 6 4
70 61 9 7 3 5 1 2 6 0 4
70 62 8 6 3 5 1 2 4 0 7
70 62 8 3 6 5 1 2 4 7 0
71 54 17 7 5 0 1 3 6 2 4
71 56 15 7 6 2 5 3 4 0 1
71 56 15 7 6 5 3 4 0 2 1
71 56 15 6 5 0 1 3 4 2 7
71 57 14 7 5 4 1 0 3 6 2
71 57 14 7 0 4 1 3 5 6 2
71 57 14 2 7 5 1 6 0 4 3
71 57 14 7 5 1 2 3 6 0 4
71 58 13 7 5 0 4 3 6 1 2
71 58 13 1 6 5 4 7 0 3 2
71 58 13 1 6 0 4 7 3 5 2
71 58 13 1 7 0 5 6 3 4 2
71 58 13 1 7 5 4 6 3 0 2
71 59 12 2 7 4 1 3 6 0 5
71 59 12 6 7 5 1 3 4 2 0
71 60 11 7 5 1 3 2 6 4 0
71 61 10 7 3 5 0 2 6 4 1
71 62 9 6 3 5 7 2 0 4 1
71 63 8 3 6 5 7 2 4 0 1
72 53 19 0 7 5 2 3 6 4 1
72 56 16 7 0 6 5 3 4 2 1
72 56 16 0 6 5 3 7 4 2 1
72 56 16 7 0 5 3 6 4 2 1
72 56 16 6 4 5 1 3 0 2 7
72 57 15 0 6 1 7 2 3 4 5
72 57 15 2 7 5 0 1 6 4 3
72 58 14 2 7 5 4 3 6 0 1
72 58 14 7 5 1 4 3 0 6 2
72 58 14 1 0 6 5 7 3 4 2
72 58 14 1 6 4 5 7 3 0 2
72 59 13 2 5 1 7 3 6 4 0
72 59 13 7 5 4 1 6 3 2 0
72 61 11 7 3 5 1 0 4 2 6
72 63 9 3 0 5 7 2 6 4 1
72 63 9 1 6 5 4 2 3 7 0
72 63 9 1 6 5 7 3 4 0 2
72 63 9 1 7 5 3 2 6 0 4
72 63 9 1 7 5 0 2 6 4 3
73 54 19 4 6 5 1 7 0 2 3
73 55 18 4 6 5 7 3 0 2 1
73 56 17 7 6 5 2 3 0 4 1
73 56 17 1 6 0 2 7 3 4 5
73 56 17 2 6 0 7 1 3 4 5
73 57 16 0 7 6 1 2 3 4 5
73 57 16 7 6 4 1 2 0 3 5
73 57 16 2 0 5 1 7 6 4 3
73 57 16 7 5 1 2 0 6 4 3
73 58 15 1 7 5 6 0 3 4 2
73 58 15 3 6 0 1 7 4 5 2
73 59 14 2 0 7 1 3 6 4 5
73 59 14 2 7 1 0 3 6 4 5
73 59 14 7 6 2 1 3 4 5 0
73 59 14 5 0 1 7 3 6 4 2
73 59 14 2 7 5 1 6 3 0 4
73 59 14 2 7 5 1 0 3 4 6
73 60 13 7 3 6 5 1 0 4 2
73 60 13 3 7 0 1 2 6 5 4
73 61 12 3 6 1 7 0 4 5 2
73 61 12 3 7 0 5 2 6 4 1
73 61 12 7 3 5 0 6 4 2 1
73 61 12 0 3 5 1 2 6 4 7
73 62 11 1 0 6 5 2 3 4 7
73 62 11 1 6 4 5 2 3 0 7
73 62 11 6 3 5 1 0 2 4 7
73 63 10 1 6 5 7 0 4 2 3
74 56 18 0 6 5 2 7 3 4 1
74 56 18 7 0 5 2 6 3 4 1
74 57 17 7 6 1 4 2 3 0 5
74 57 17 0 5 1 2 3 6 4 7
74 58 16 2 7 0 5 3 6 4 1
74 58 16 2 7 5 3 0 6 4 1
74 58 16 7 6 5 2 1 0 3 4
74 59 15 2 7 5 0 6 3 4 1
74 59 15 7 5 4 1 6 0 3 2
74 59 15 3 6 5 0 1 7 4 2
74 59 15 7 6 5 0 1 3 2 4
74 60 14 4 0 5 1 3 6 2 7
74 60 14 7 0 1 3 5 6 4 2
74 60 14 7 5 1 2 6 3 4 0
74 60 14 7 6 4 5 1 3 2 0
74 61 13 7 6 1 5 3 4 2 0
74 61 13 7 0 5 4 1 6 3 2
74 61 13 3 7 5 4 2 6 0 1
74 62 12 7 6 1 3 2 4 5 0
74 62 12 6 5 0 7 2 3 4 1
74 62 12 3 6 0 1 2 4 5 7
74 63 11 3 6 5 7 0 2 4 1
74 63 11 1 6 5 4 2 0 3 7
74 63 11 3 5 0 1 2 6 4 7
74 65 9 1 6 5 7 2 0 3 4
74 66 8 1 3 5 7 6 0 4 2
74 66 8 6 3 5 7 1 4 0 2
74 66 8 3 6 5 7 1 4 2 0
75 57 18 7 6 0 2 3 4 5 1
75 57 18 7 5 0 2 3 6 4 1
75 58 17 7 6 0 2 1 3 5 4
75 59 16 7 6 2 1 3 0 4 5
75 59 16 6 5 1 7 3 0 4 2
75 59 16 6 7 5 0 1 3 4 2
75 59 16 6 7 0 1 3 4 5 2
75 59 16 0 6 5 1 3 7 4 2
75 60 15 4 6 5 1 3 2 0 7
75 60 15 7 5 1 3 6 0 4 2
75 60 15 0 5 1 3 7 6 4 2
75 60 15 0 5 1 7 6 3 4 2
75 60 15 7 5 1 4 6 3 0 2
75 61 14 6 0 1 7 3 4 5 2
75 61 14 2 6 1 7 3 4 5 0
75 61 14 0 7 5 3 2 6 4 1
75 61 14 0 3 5 1 6 4 2 7
75 61 14 7 3 0 1 2 6 4 5
75 62 13 0 7 5 1 2 6 3 4
75 62 13 7 5 0 1 2 6 3 4
75 64 11 7 0 5 1 2 6 4 3
75 65 10 3 7 5 1 6 4 2 0
75 65 10 1 0 5 7 3 6 4 2
76 57 19 7 6 1 2 0 3 4 5
76 59 17 2 7 0 1 6 3 4 5
76 59 17 7 6 5 4 0 3 2 1
76 59 17 7 6 0 4 1 3 2 5
76 59 17 0 6 5 4 1 3 2 7
76 60 16 4 6 5 1 0 3 2 7
76 60 16 7 6 1 2 3 4 0 5
76 60 16 2 6 5 1 7 0 3 4
76 60 16 2 6 0 1 7 3 5 4
76 60 16 0 7 6 5 1 3 4 2
76 60 16 7 6 4 5 1 0 3 2
76 61 15 6 0 5 2 1 3 4 7
76 61 15 7 6 0 5 3 4 1 2
76 61 15 7 6 5 4 0 1 3 2
76 61 15 7 0 6 4 1 3 5 2
76 62 14 3 7 6 1 0 4 5 2
76 63 13 1 6 0 4 2 3 5 7
76 63 13 1 7 5 0 3 6 2 4
76 63 13 1 7 5 4 0 6 2 3
76 63 13 1 7 0 4 3 6 2 5
76 64 12 7 6 5 1 4 2 3 0
76 65 11 1 0 7 4 3 6 5 2
76 65 11 1 6 0 7 2 3 5 4
76 66 10 7 3 5 2 1 6 4 0
76 66 10 6 3 5 7 0 1 4 2
76 68 8 3 6 5 7 2 1 4 0
77 60 17 7 6 1 2 0 4 5 3
77 61 16 3 6 5 2 1 0 4 7
77 61 16 7 6 1 5 3 0 4 2
77 61 16 6 5 1 0 7 3 4 2
77 61 16 6 5 4 1 7 3 0 2
77 61 16 2 6 5 4 7 3 0 1
77 61 16 6 5 0 1 3 7 4 2
77 61 16 7 6 4 0 1 3 5 2
77 61 16 3 7 5 2 0 6 4 1
77 61 16 7 3 0 1 6 4 2 5
77 62 15 7 6 4 2 1 3 0 5
77 62 15 1 7 6 0 3 4 5 2
77 62 15 7 4 6 1 3 5 0 2
77 63 14 2 6 4 1 7 3 0 5
77 63 14 1 7 0 3 2 6 4 5
77 64 13 7 6 5 0 2 3 1 4
77 65 12 3 0 7 1 2 6 4 5
77 65 12 3 6 5 1 7 2 4 0
77 65 12 7 6 5 3 1 4 0 2
77 65 12 1 7 4 0 3 6 5 2
77 66 11 1 3 5 0 7 6 4 2
77 66 11 0 3 5 7 1 6 4 2
77 66 11 1 7 5 4 0 3 6 2
77 66 11 1 0 5 4 3 7 6 2
77 66 11 1 5 0 7 6 3 4 2
77 67 10 1 6 5 3 7 4 2 0
77 67 10 1 7 5 3 6 4 0 2
77 70 7 6 3 5 1 2 4 7 0
77 71 6 3 6 5 7 2 4 1 0
78 60 18 7 5 1 6 0 3 4 2
78 61 17 7 4 6 1 3 0 2 5
78 61 17 0 6 1 7 3 4 2 5
78 61 17 2 6 0 5 7 3 4 1
78 62 16 7 6 2 0 1 3 4 5
78 62 16 2 7 6 1 3 4 5 0
78 62 16 7 6 1 3 4 0 5 2
78 63 15 1 6 0 7 3 4 2 5
78 64 14 6 7 5 1 2 0 4 3
78 64 14 2 6 5 7 3 0 4 1
78 65 13 3 7 1 0 2 6 4 5
78 65 13 3 7 4 1 2 6 0 5
78 65 13 6 5 1 0 2 3 4 7
78 65 13 6 5 4 1 2 3 0 7
78 65 13 7 3 1 0 6 4 5 2
78 65 13 1 7 5 2 3 0 6 4
78 65 13 1 7 0 2 3 6 5 4
78 66 12 7 3 6 5 2 0 4 1
78 66 12 7 6 4 5 2 3 1 0
78 66 12 2 3 5 1 7 6 4 0
78 66 12 7 3 0 5 1 6 4 2
78 66 12 0 1 5 7 6 3 4 2
78 66 12 3 6 5 7 4 0 2 1
78 66 12 3 6 0 7 1 4 5 2
78 67 11 6 0 5 7 1 4 2 3
78 67 11 3 6 5 1 4 2 0 7
78 67 11 1 7 4 5 3 6 2 0
78 67 11 3 5 0 7 1 6 4 2
78 70 8 3 5 1 7 2 6 4 0
78 71 7 6 3 5 7 2 4 0 1
79 60 19 0 6 1 2 3 4 5 7
79 61 18 0 7 6 1 3 4 2 5
79 61 18 7 6 1 3 0 4 2 5
79 62 17 7 0 6 2 1 3 4 5
79 62 17 7 4 6 1 0 3 5 2
79 62 17 0 6 1 3 7 4 5 2
79 62 17 7 0 1 3 6 4 5 2
79 63 16 2 0 6 1 7 3 4 5
79 63 16 2 6 1 0 7 3 4 5
79 64 15 2 0 5 7 6 3 4 1
79 65 14 7 0 3 1 6 4 5 2
79 65 14 3 0 5 1 6 2 4 7
79 65 14 3 6 5 0 1 2 4 7
79 65 14 3 7 0 1 6 4 5 2
79 66 13 1 7 5 2 6 0 4 3
79 66 13 7 3 5 4 1 6 0 2
79 66 13 3 0 5 7 6 4 2 1
79 66 13 3 7 5 2 1 6 0 4
79 67 12 3 0 5 1 4 6 2 7
79 67 12 1 0 5 3 6 7 4 2
79 68 11 1 7 4 2 3 6 0 5
79 69 10 6 3 5 1 7 4 2 0
79 70 9 6 3 5 1 2 7 4 0
79 70 9 7 3 5 1 2 0 6 4
80 61 19 4 6 1 7 3 0 5 2
80 63 17 0 7 5 4 3 6 2 1
80 64 16 0 6 5 1 7 2 3 4
80 64 16 7 0 5 1 6 2 3 4
80 64 16 7 6 5 0 1 2 3 4
80 64 16 7 6 5 4 0 3 1 2
80 64 16 0 6 5 4 2 3 1 7
80 65 15 7 6 0 1 4 2 5 3
80 65 15 0 6 5 1 3 2 4 7
80 66 14 1 6 5 2 3 0 4 7
80 66 14 0 7 5 1 4 6 2 3
80 66 14 7 5 0 1 4 6 2 3
80 66 14 3 6 5 0 7 4 2 1
80 67 13 7 3 6 1 2 0 5 4
80 67 13 7 6 1 4 2 3 5 0
80 67 13 7 0 5 4 2 6 3 1
80 67 13 1 6 0 5 7 4 2 3
80 67 13 0 3 5 1 6 7 4 2
80 67 13 1 6 7 5 3 0 4 2
80 67 13 1 7 4 5 3 0 6 2
80 68 12 1 7 2 0 3 6 4 5
80 68 12 1 7 5 0 6 4 2 3
80 68 12 3 0 7 5 1 6 4 2
80 68 12 1 6 2 5 3 4 0 7
80 68 12 1 6 5 3 4 0 2 7
80 69 11 3 7 5 4 1 6 2 0
80 69 11 1 6 5 2 3 4 7 0
80 69 11 3 6 5 1 2 7 0 4
80 70 10 3 0 5 1 2 7 6 4
80 74 6 1 3 5 7 6 4 0 2
81 62 19 4 7 6 1 3 0 5 2
81 65 16 0 6 5 3 1 4 2 7
81 66 15 1 0 5 2 6 3 4 7
81 66 15 0 7 6 5 2 3 4 1
81 66 15 7 6 4 5 2 0 3 1
81 66 15 0 7 5 2 1 6 4 3
81 66 15 1 0 5 2 7 6 4 3
81 67 14 1 6 5 2 7 4 0 3
81 67 14 3 5 0 1 6 7 4 2
81 67 14 0 1 7 5 3 6 4 2
81 68 13 1 0 7 2 3 6 4 5
81 68 13 6 7 5 1 0 4 2 3
81 68 13 7 5 2 1 6 4 0 3
81 68 13 7 6 2 5 1 4 0 3
81 68 13 3 5 0 1 6 4 2 7
81 68 13 3 6 0 5 1 4 2 7
81 68 13 3 7 4 5 1 6 0 2
81 68 13 1 0 6 5 3 4 2 7
81 68 13 1 0 5 3 6 4 2 7
81 68 13 2 6 5 7 1 0 3 4
81 68 13 7 6 1 5 2 3 0 4
81 68 13 3 0 5 7 6 1 4 2
81 69 12 7 6 5 2 1 4 3 0
81 69 12 3 7 5 4 1 0 6 2
81 69 12 1 5 0 3 7 6 4 2
81 69 12 3 6 5 0 2 7 4 1
81 70 11 7 3 6 1 2 4 0 5
81 70 11 1 0 6 7 2 3 4 5
81 70 11 1 6 4 7 2 3 0 5
81 70 11 3 7 5 1 0 2 6 4
81 70 11 6 3 0 1 2 4 5 7
81 70 11 3 6 5 0 2 4 7 1
81 71 10 1 7 5 4 6 3 2 0
81 71 10 0 3 5 7 2 6 4 1
81 71 10 6 3 5 7 0 2 4 1
81 72 9 1 7 5 3 2 0 6 4
81 73 8 1 3 5 0 2 6 4 7
81 74 7 1 3 5 7 0 6 4 2
81 74 7 6 3 5 7 1 4 2 0
82 64 18 7 6 0 4 2 3 1 5
82 67 15 0 6 1 7 2 3 5 4
82 67 15 7 6 5 4 0 2 3 1
82 68 14 7 5 1 0 6 4 2 3
82 68 14 7 0 6 5 1 4 2 3
82 68 14 3 4 5 1 6 0 2 7
82 68 14 3 6 5 2 1 4 0 7
82 68 14 6 5 0 7 3 4 2 1
82 68 14 0 6 5 7 3 1 4 2
82 69 13 7 4 5 1 6 2 0 3
82 69 13 2 6 5 1 3 4 0 7
82 69 13 2 0 5 1 3 6 4 7
82 69 13 3 7 0 4 1 6 5 2
82 69 13 7 0 5 3 1 6 4 2
82 69 13 2 7 5 3 1 6 4 0
82 69 13 1 6 5 3 7 0 4 2
82 69 13 6 5 4 7 1 3 0 2
82 69 13 1 6 5 4 0 3 2 7
82 69 13 1 7 5 2 6 3 0 4
82 69 13 1 7 5 2 0 3 4 6
82 70 12 2 3 5 1 6 0 4 7
82 70 12 1 5 4 0 3 6 2 7
82 70 12 1 6 7 0 2 3 4 5
82 70 12 3 5 1 7 6 0 4 2
82 70 12 6 7 5 1 2 3 0 4
82 70 12 7 3 0 1 2 6 5 4
82 71 11 7 5 4 1 2 3 6 0
82 71 11 1 0 5 4 7 6 3 2
82 71 11 2 7 4 1 3 6 5 0
82 71 11 7 3 0 5 2 6 4 1
82 71 11 3 6 0 7 2 4 5 1
82 72 10 2 7 5 4 3 6 1 0
82 72 10 3 5 0 7 2 6 4 1
82 72 10 1 7 0 5 2 6 4 3
82 73 9 3 6 1 7 2 4 5 0
82 73 9 1 3 6 5 2 0 4 7
82 74 8 1 0 5 7 2 6 3 4
83 65 18 7 6 0 3 1 4 2 5
83 66 17 3 7 0 2 1 6 4 5
83 67 16 0 7 6 1 2 3 5 4
83 67 16 4 6 5 7 1 0 2 3
83 68 15 6 5 0 1 7 4 2 3
83 68 15 6 4 5 7 3 0 2 1
83 68 15 2 6 0 7 1 3 5 4
83 69 14 7 4 5 1 0 6 2 3
83 69 14 7 5 0 4 3 6 2 1
83 69 14 1 6 0 2 3 4 5 7
83 69 14 0 1 5 3 7 6 4 2
83 69 14 6 5 7 0 1 3 4 2
83 69 14 1 6 5 0 7 3 2 4
83 69 14 6 3 0 1 7 4 5 2
83 70 13 5 0 4 1 3 6 2 7
83 70 13 3 5 4 1 0 6 2 7
83 70 13 3 5 4 1 7 6 0 2
83 70 13 2 7 5 1 0 3 6 4
83 70 13 6 7 5 0 2 3 4 1
83 70 13 3 6 5 1 0 4 7 2
83 71 12 2 7 5 1 6 4 0 3
83 71 12 1 6 5 4 0 7 3 2
83 71 12 1 0 7 5 6 3 4 2
83 71 12 1 7 5 4 6 0 3 2
83 71 12 1 7 0 4 6 3 5 2
83 71 12 7 5 1 3 2 6 0 4
83 71 12 7 5 1 0 2 6 4 3
83 71 12 7 3 5 4 2 6 0 1
83 72 11 7 3 5 1 4 0 2 6
83 72 11 1 6 5 0 2 3 7 4
83 72 11 1 7 5 4 2 6 0 3
83 73 10 1 7 5 6 2 3 4 0
83 73 10 1 6 4 5 2 3 7 0
83 73 10 1 6 5 7 4 0 2 3
83 74 9 3 7 5 4 2 6 1 0
83 74 9 3 6 5 7 1 2 4 0
83 76 7 6 3 5 7 2 1 4 0
83 78 5 6 3 5 7 2 4 1 0
84 66 18 3 6 0 1 7 4 2 5
84 68 16 6 4 5 1 7 0 2 3
84 68 16 7 6 1 5 0 3 4 2
84 68 16 0 6 1 5 2 3 4 7
84 68 16 3 6 5 0 7 1 4 2
84 69 15 7 6 5 2 1 0 4 3
84 69 15 7 5 1 0 3 6 2 4
84 69 15 7 5 1 4 0 6 2 3
84 69 15 0 5 1 4 3 6 2 7
84 69 15 1 6 0 4 7 3 2 5
84 69 15 0 6 5 1 2 7 4 3
84 70 14 0 2 5 1 6 3 4 7
84 70 14 2 5 0 1 6 3 4 7
84 70 14 2 6 5 4 1 3 0 7
84 70 14 3 5 1 0 7 6 4 2
84 70 14 2 0 5 1 3 7 6 4
84 70 14 2 0 7 1 3 6 5 4
84 70 14 2 7 1 0 3 6 5 4
84 70 14 7 6 5 0 3 4 1 2
84 70 14 7 3 6 1 0 2 4 5
84 70 14 6 3 5 0 1 7 4 2
84 70 14 3 0 1 7 5 6 4 2
84 70 14 0 7 5 1 2 3 4 6
84 70 14 0 6 5 1 2 4 7 3
84 71 13 7 5 2 1 3 6 0 4
84 71 13 7 6 2 5 3 4 1 0
84 71 13 7 6 5 3 4 2 0 1
84 71 13 7 0 5 4 3 6 1 2
84 71 13 1 0 6 4 7 3 5 2
84 71 13 1 7 4 5 6 3 0 2
84 72 12 5 6 1 7 2 3 4 0
84 72 12 1 3 6 5 7 0 4 2
84 72 12 0 3 5 1 7 4 2 6
84 72 12 7 3 5 0 1 4 2 6
84 72 12 1 6 5 4 0 3 7 2
84 72 12 1 6 0 7 3 4 5 2
84 72 12 1 7 0 3 2 6 5 4
84 73 11 7 3 6 5 1 4 0 2
84 73 11 3 0 7 5 2 6 4 1
84 73 11 2 3 5 1 0 6 4 7
84 73 11 6 3 5 1 7 2 4 0
84 73 11 1 0 5 7 6 4 2 3
84 74 10 1 0 5 4 2 6 3 7
84 74 10 1 6 5 7 0 2 3 4
84 81 3 1 3 5 7 2 6 4 0
85 69 16 7 0 6 4 2 3 5 1
85 69 16 7 6 4 0 2 3 5 1
85 69 16 7 6 0 2 1 4 5 3
85 69 16 7 5 4 3 0 6 2 1
85 69 16 7 5 4 2 3 6 0 1
85 69 16 6 7 5 3 1 0 4 2
85 69 16 1 7 0 2 6 3 4 5
85 69 16 3 6 0 1 2 7 4 5
85 70 15 2 6 0 5 1 3 4 7
85 70 15 7 0 4 1 5 6 2 3
85 70 15 1 6 5 2 7 0 3 4
85 70 15 1 6 0 2 7 3 5 4
85 70 15 7 6 5 2 0 4 1 3
85 70 15 3 6 0 1 2 4 7 5
85 71 14 7 0 5 3 4 6 2 1
85 71 14 6 5 2 1 3 4 0 7
85 71 14 2 0 5 1 6 7 4 3
85 71 14 7 5 4 0 3 6 1 2
85 71 14 1 6 4 0 7 3 5 2
85 71 14 2 7 4 1 3 0 6 5
85 72 13 6 0 1 7 2 3 4 5
85 72 13 2 7 0 4 3 6 5 1
85 72 13 7 0 1 4 3 5 6 2
85 72 13 1 6 4 5 7 3 2 0
85 72 13 2 5 1 7 3 6 0 4
85 72 13 2 5 1 0 3 6 4 7
85 72 13 2 5 1 7 0 6 4 3
85 73 12 3 0 7 1 2 6 5 4
85 73 12 3 7 4 5 2 6 0 1
85 73 12 0 3 5 7 6 4 2 1
85 73 12 1 6 4 5 2 0 3 7
85 73 12 0 3 5 1 6 2 4 7
85 74 11 7 1 0 3 5 6 4 2
85 74 11 3 7 5 4 2 0 6 1
85 74 11 3 5 1 0 2 6 4 7
85 74 11 3 5 4 1 2 6 0 7
85 74 11 6 3 0 7 1 4 5 2
85 75 10 1 3 5 0 6 4 2 7
85 76 9 1 7 2 4 3 6 0 5
85 76 9 3 6 5 7 2 1 0 4
85 77 8 1 7 5 4 2 3 6 0
85 80 5 1 3 5 7 6 4 2 0
86 67 19 7 6 1 2 0 3 5 4
86 68 18 4 7 5 1 6 0 2 3
86 69 17 0 5 4 7 3 6 2 1
86 70 16 7 5 4 1 6 0 2 3
86 70 16 0 5 4 1 7 6 2 3
86 71 15 7 0 5 1 3 6 2 4
86 71 15 6 5 1 0 3 4 2 7
86 71 15 7 0 4 1 5 3 6 2
86 71 15 0 7 4 1 3 5 6 2
86 71 15 7 4 0 1 3 5 6 2
86 71 15 7 5 0 2 3 6 1 4
86 71 15 6 7 5 0 3 4 2 1
86 71 15 7 5 0 3 2 6 4 1
86 71 15 0 5 1 3 2 6 4 7
86 71 15 7 3 5 2 0 6 4 1
86 72 14 6 4 5 1 3 2 0 7
86 72 14 3 6 1 7 2 0 4 5
86 72 14 2 7 0 5 1 6 4 3
86 72 14 2 7 5 4 1 6 0 3
86 72 14 2 7 5 4 3 0 6 1
86 72 14 7 5 1 4 0 3 6 2
86 72 14 1 6 0 4 2 3 7 5
86 73 13 1 6 4 2 7 3 0 5
86 73 13 2 7 1 5 3 6 4 0
86 73 13 2 7 1 4 3 6 0 5
86 73 13 5 1 0 7 3 6 4 2
86 73 13 7 3 6 5 0 1 4 2
86 73 13 3 7 1 0 2 6 5 4
86 73 13 3 6 1 7 4 0 5 2
86 73 13 7 3 0 5 6 4 2 1
86 73 13 0 1 6 5 2 3 4 7
86 73 13 6 3 5 0 1 2 4 7
86 74 12 3 6 5 2 1 7 4 0
86 74 12 6 5 4 7 2 3 0 1
86 74 12 3 0 6 1 2 4 5 7
86 74 12 3 6 1 0 2 4 5 7
86 74 12 1 6 5 4 0 2 3 7
86 75 11 6 3 5 1 0 4 2 7
86 75 11 1 7 5 0 2 6 3 4
86 75 11 7 5 3 1 2 6 0 4
86 75 11 1 5 0 7 3 6 4 2
86 77 9 1 3 5 2 7 6 4 0
86 77 9 2 3 5 7 1 6 4 0
86 77 9 1 7 5 3 6 4 2 0
87 70 17 7 5 4 0 1 6 2 3
87 70 17 7 6 4 1 0 3 5 2
87 70 17 6 7 0 1 2 3 4 5
87 71 16 0 5 4 1 7 3 6 2
87 71 16 7 5 4 0 1 3 6 2
87 71 16 7 5 1 2 3 0 6 4
87 71 16 0 7 5 1 3 4 2 6
87 72 15 6 0 5 3 7 4 2 1
87 72 15 0 7 5 3 6 4 2 1
87 72 15 7 5 0 3 6 4 2 1
87 72 15 6 4 5 1 0 3 2 7
87 72 15 2 6 1 7 0 3 4 5
87 72 15 1 6 4 5 7 0 3 2
87 72 15 7 0 5 1 3 4 2 6
87 73 14 4 6 5 7 3 2 0 1
87 73 14 1 6 2 0 7 3 4 5
87 73 14 1 7 6 0 2 3 4 5
87 73 14 5 7 6 1 2 3 4 0
87 73 14 1 7 5 6 3 0 4 2
87 73 14 0 2 7 1 3 6 4 5
87 73 14 2 7 5 1 3 0 4 6
87 73 14 3 0 1 7 6 4 5 2
87 73 14 7 3 5 2 6 4 0 1
87 74 13 0 7 1 3 5 6 4 2
87 74 13 7 5 0 4 1 6 3 2
87 74 13 7 6 1 3 2 4 0 5
87 74 13 7 6 1 0 2 4 5 3
87 74 13 6 5 7 0 2 3 4 1
87 74 13 3 0 5 7 6 2 4 1
87 75 12 6 5 1 7 3 4 0 2
87 75 12 7 5 1 4 6 3 2 0
87 75 12 7 0 5 3 2 6 4 1
87 75 12 7 3 1 0 2 6 4 5
87 75 12 7 3 4 1 2 6 0 5
87 75 12 7 5 0 1 2 6 4 3
87 75 12 7 6 5 1 2 0 4 3
87 75 12 3 7 5 1 0 4 2 6
87 75 12 0 1 5 7 3 6 4 2
87 76 11 3 7 6 1 2 4 5 0
87 76 11 1 0 7 4 3 6 2 5
87 76 11 1 0 6 7 2 3 5 4
87 76 11 0 3 5 7 6 1 4 2
87 76 11 3 6 5 0 2 1 4 7
87 77 10 1 7 4 2 3 6 5 0
87 77 10 6 3 5 0 2 4 7 1
87 77 10 3 6 5 0 2 4 1 7
87 78 9 3 7 1 5 2 6 4 0
87 78 9 6 5 1 7 2 3 4 0
87 78 9 3 5 1 7 2 6 0 4
88 69 19 0 6 5 4 7 3 2 1
88 69 19 0 7 5 2 6 3 4 1
88 70 18 6 5 4 1 3 0 2 7
88 70 18 0 6 5 2 3 4 1 7
88 70 18 0 6 4 1 2 3 5 7
88 71 17 7 6 2 5 3 0 4 1
88 72 16 7 0 5 2 3 6 4 1
88 72 16 7 4 5 3 6 0 2 1
88 72 16 0 1 6 5 7 3 4 2
88 72 16 2 5 0 7 3 6 4 1
88 72 16 7 5 4 0 6 3 2 1
88 72 16 7 5 4 1 0 3 2 6
88 73 15 4 6 5 1 7 2 0 3
88 73 15 4 6 5 7 0 3 2 1
88 73 15 4 0 5 7 3 6 2 1
88 73 15 1 0 6 2 7 3 4 5
88 73 15 2 0 6 7 1 3 4 5
88 73 15 2 6 4 7 1 3 0 5
88 73 15 7 0 4 1 2 6 3 5
88 73 15 0 2 5 1 7 6 4 3
88 73 15 2 5 0 1 7 6 4 3
88 73 15 2 6 5 1 7 0 4 3
88 73 15 3 0 6 1 7 4 5 2
88 73 15 3 6 1 0 7 4 5 2
88 73 15 2 7 1 3 0 6 4 5
88 73 15 5 6 1 7 3 0 4 2
88 73 15 2 7 5 1 6 0 3 4
88 73 15 2 7 0 1 6 3 5 4
88 73 15 2 7 5 0 1 3 4 6
88 73 15 7 3 5 6 0 4 2 1
88 74 14 7 3 5 2 6 0 4 1
88 74 14 5 0 1 2 3 6 4 7
88 74 14 3 5 1 2 0 6 4 7
88 74 14 2 7 4 5 3 6 0 1
88 74 14 7 5 4 1 0 6 3 2
88 74 14 7 0 4 1 6 5 3 2
88 74 14 3 6 0 5 1 7 4 2
88 74 14 4 5 0 1 3 6 2 7
88 74 14 7 6 1 3 5 0 4 2
88 74 14 0 7 5 4 1 6 3 2
88 74 14 3 7 0 4 2 6 5 1
88 74 14 0 6 5 7 3 2 4 1
88 75 13 6 5 1 7 0 3 4 2
88 75 13 6 7 5 2 1 3 4 0
88 75 13 4 6 5 1 3 2 7 0
88 75 13 7 5 1 3 6 4 0 2
88 75 13 2 5 1 3 7 6 4 0
88 75 13 2 5 1 7 6 3 4 0
88 75 13 6 1 0 7 3 4 5 2
88 75 13 7 0 3 1 2 6 4 5
88 75 13 4 7 5 1 2 6 3 0
88 75 13 7 5 1 0 2 6 3 4
88 75 13 3 7 5 0 6 4 2 1
88 76 12 7 6 5 4 2 1 3 0
88 76 12 1 7 4 0 3 6 2 5
88 76 12 1 6 7 0 2 3 5 4
88 76 12 7 3 5 2 1 6 0 4
88 77 11 1 0 7 3 2 6 4 5
88 77 11 1 7 3 0 2 6 4 5
88 77 11 1 7 4 3 2 6 0 5
88 77 11 1 3 0 5 7 6 4 2
88 77 11 1 3 5 4 7 6 0 2
88 77 11 1 5 0 4 3 7 6 2
88 77 11 1 5 4 7 6 3 0 2
88 77 11 1 6 5 3 7 4 0 2
88 77 11 0 3 5 1 2 4 7 6
88 77 11 3 6 5 7 0 4 1 2
88 78 10 6 7 5 1 2 4 0 3
88 78 10 7 3 6 5 2 4 0 1
88 78 10 3 6 5 7 4 2 0 1
88 78 10 3 6 5 1 4 2 7 0
88 78 10 6 3 0 7 2 4 5 1
89 70 19 7 6 0 2 3 4 1 5
89 72 17 0 7 6 5 3 4 2 1
89 72 17 0 5 4 1 6 3 2 7
89 72 17 0 6 5 4 2 3 7 1
89 73 16 4 6 5 1 0 7 2 3
89 73 16 4 0 5 1 7 6 2 3
89 73 16 2 6 7 0 1 3 4 5
89 73 16 2 7 6 1 0 3 4 5
89 73 16 3 7 6 1 2 0 4 5
89 73 16 7 6 4 1 0 2 3 5
89 73 16 7 5 1 2 6 0 4 3
89 73 16 7 0 1 2 5 6 4 3
89 73 16 0 7 5 6 1 3 4 2
89 73 16 1 0 5 6 7 3 4 2
89 73 16 2 6 7 1 3 0 4 5
89 73 16 7 6 2 1 0 4 5 3
89 73 16 2 0 5 1 7 3 4 6
89 73 16 6 0 5 1 3 2 4 7
89 74 15 2 0 7 5 3 6 4 1
89 74 15 2 7 5 3 6 0 4 1
89 74 15 7 0 5 2 1 6 3 4
89 74 15 2 7 5 4 6 3 0 1
89 74 15 3 6 5 4 1 7 0 2
89 74 15 0 6 5 7 1 3 2 4
89 74 15 0 4 5 1 3 6 2 7
89 74 15 7 5 1 2 6 3 0 4
89 74 15 7 6 1 5 0 4 2 3
89 74 15 3 6 0 7 1 4 2 5
89 75 14 7 0 2 1 3 6 4 5
89 75 14 1 6 5 0 3 7 4 2
89 75 14 7 0 1 3 6 5 4 2
89 75 14 5 0 1 3 7 6 4 2
89 75 14 5 0 1 7 6 3 4 2
89 75 14 7 5 1 4 6 0 3 2
89 75 14 7 5 0 4 6 3 1 2
89 75 14 2 6 1 7 3 4 0 5
89 75 14 2 6 1 7 0 4 5 3
89 75 14 2 7 5 1 0 6 3 4
89 76 13 2 7 4 1 6 3 0 5
89 76 13 7 6 2 4 1 3 0 5
89 76 13 1 7 6 5 0 3 4 2
89 76 13 6 3 5 2 1 0 4 7
89 76 13 1 0 6 4 2 3 5 7
89 76 13 1 6 4 0 2 3 5 7
89 76 13 1 7 5 4 6 0 2 3
89 76 13 1 7 5 0 4 6 2 3
89 76 13 0 1 7 4 3 6 5 2
89 76 13 1 6 7 4 3 0 5 2
89 76 13 0 6 5 7 2 1 4 3
89 77 12 2 6 5 4 7 3 1 0
89 77 12 0 3 7 1 2 6 4 5
89 77 12 1 7 5 0 4 3 6 2
89 77 12 1 5 7 0 6 3 4 2
89 77 12 6 3 5 1 0 4 7 2
89 77 12 0 6 5 7 2 4 1 3
89 78 11 3 7 4 1 2 6 5 0
89 78 11 6 1 5 7 0 3 4 2
89 78 11 2 1 5 7 6 3 4 0
89 78 11 3 0 5 7 4 6 2 1
89 78 11 3 5 4 7 1 6 0 2
89 79 10 7 3 5 4 1 6 2 0
89 79 10 6 3 5 1 2 7 0 4
89 79 10 7 3 5 1 0 2 6 4
89 80 9 1 3 0 7 6 4 5 2
89 81 8 6 3 5 7 1 2 4 0
89 81 8 1 3 0 5 2 6 4 7
89 82 7 1 3 6 5 2 4 0 7
89 84 5 1 3 5 7 2 6 0 4
90 71 19 6 7 0 1 3 4 2 5
90 72 18 7 4 6 5 3 0 2 1
90 72 18 7 5 0 1 6 3 2 4
90 73 17 0 5 1 2 7 6 4 3
90 73 17 0 7 1 2 3 6 4 5
90 73 17 7 6 2 0 3 4 5 1
90 74 16 7 6 1 4 2 0 3 5
90 74 16 2 0 5 3 7 6 4 1
90 74 16 7 6 5 2 0 1 3 4
90 74 16 2 7 0 5 6 3 4 1
90 74 16 0 6 5 3 1 7 4 2
90 74 16 7 6 0 5 1 3 2 4
90 74 16 7 5 1 2 0 3 4 6
90 74 16 7 6 4 0 1 3 2 5
90 74 16 7 6 0 3 2 4 5 1
90 74 16 0 6 1 3 2 4 5 7
90 74 16 3 6 5 0 7 2 4 1
90 75 15 7 5 2 0 3 6 4 1
90 75 15 6 0 1 7 3 5 4 2
90 75 15 6 7 0 5 1 3 4 2
90 75 15 6 0 7 1 3 4 5 2
90 75 15 2 6 5 1 3 7 4 0
90 75 15 2 6 1 0 3 4 5 7
90 75 15 6 7 5 3 2 0 4 1
90 75 15 6 7 5 1 2 0 3 4
90 76 14 7 6 1 2 5 3 4 0
90 76 14 2 0 5 1 7 6 3 4
90 76 14 7 3 6 4 1 0 5 2
90 76 14 1 7 0 5 3 6 2 4
90 76 14 1 7 5 3 0 6 2 4
90 76 14 1 0 5 4 7 6 2 3
90 76 14 7 6 5 0 4 2 3 1
90 76 14 3 6 0 7 2 1 4 5
90 77 13 3 0 5 2 1 6 4 7
90 77 13 7 3 2 1 6 4 0 5
90 77 13 1 7 6 2 3 4 5 0
90 77 13 2 6 4 1 7 3 5 0
90 77 13 0 6 5 7 2 3 1 4
90 77 13 3 6 7 1 2 0 4 5
90 77 13 3 6 5 1 7 2 0 4
90 77 13 1 7 4 3 0 6 5 2
90 77 13 0 1 5 4 3 7 6 2
90 77 13 1 7 0 3 6 4 5 2
90 77 13 3 6 0 7 2 4 1 5
90 78 12 1 6 2 7 3 4 0 5
90 78 12 6 0 5 1 2 7 4 3
90 78 12 2 6 5 7 3 4 0 1
90 78 12 6 5 4 1 2 3 7 0
90 78 12 7 3 1 2 6 4 5 0
90 78 12 1 7 5 2 0 3 6 4
90 78 12 1 7 2 0 3 6 5 4
90 78 12 2 3 5 1 7 6 0 4
90 78 12 7 3 4 5 1 6 0 2
90 78 12 3 1 5 7 6 0 4 2
90 78 12 3 0 6 7 1 4 5 2
90 78 12 6 5 0 7 1 4 2 3
90 78 12 3 5 7 0 1 6 4 2
90 79 11 2 3 5 7 6 0 4 1
90 79 11 1 7 5 2 6 4 0 3
90 79 11 7 3 5 4 1 0 6 2
90 79 11 6 3 5 0 2 7 4 1
90 79 11 7 0 5 1 2 3 6 4
90 80 10 1 6 5 3 4 2 0 7
90 80 10 0 3 5 1 2 7 6 4
90 81 9 7 3 6 1 2 4 5 0
90 81 9 1 3 6 7 2 0 4 5
90 81 9 1 6 4 7 2 3 5 0
90 81 9 3 7 5 1 4 2 6 0
90 81 9 1 0 5 3 2 7 6 4
90 81 9 1 3 5 4 2 6 0 7
90 82 8 1 6 7 5 2 3 4 0
91 72 19 6 7 5 2 3 0 4 1
91 72 19 4 6 5 3 7 0 2 1
91 73 18 0 6 2 1 3 4 5 7
91 74 17 6 0 5 2 7 3 4 1
91 74 17 7 5 0 2 6 3 4 1
91 74 17 7 6 5 1 0 3 2 4
91 75 16 7 6 2 0 1 3 5 4
91 75 16 7 6 2 1 0 3 4 5
91 75 16 6 7 5 4 1 3 0 2
91 75 16 6 7 1 0 3 4 5 2
91 75 16 4 6 0 1 3 2 5 7
91 75 16 6 4 1 7 3 0 5 2
91 75 16 4 3 5 1 6 0 2 7
91 76 15 2 0 7 1 6 3 4 5
91 76 15 2 7 1 0 6 3 4 5
91 76 15 7 0 6 4 1 3 2 5
91 76 15 6 0 5 4 1 3 2 7
91 76 15 0 6 5 1 4 3 2 7
91 76 15 2 6 5 1 0 7 3 4
91 76 15 2 7 6 5 1 3 4 0
91 76 15 7 0 4 5 1 6 3 2
91 76 15 7 0 6 5 3 4 1 2
91 76 15 3 7 6 1 4 0 5 2
91 76 15 0 7 5 4 1 6 2 3
91 76 15 0 3 5 2 1 6 4 7
91 76 15 6 0 5 7 3 1 4 2
91 76 15 6 3 5 0 7 1 4 2
91 77 14 3 6 5 2 0 1 4 7
91 77 14 7 6 4 2 1 3 5 0
91 77 14 7 0 3 1 6 4 2 5
91 77 14 7 3 1 0 6 4 2 5
91 77 14 1 7 6 5 3 4 0 2
91 77 14 7 4 6 1 3 5 2 0
91 77 14 7 6 0 5 2 3 1 4
91 77 14 7 6 5 3 1 0 4 2
91 77 14 0 7 5 4 1 3 6 2
91 77 14 1 0 5 4 7 3 6 2
91 77 14 6 3 0 1 2 4 7 5
91 78 13 7 5 1 6 2 3 4 0
91 78 13 3 6 1 7 0 4 2 5
91 78 13 7 6 2 5 1 3 4 0
91 78 13 1 0 6 7 3 4 2 5
91 78 13 6 7 5 1 0 2 4 3
91 78 13 2 0 5 7 3 6 4 1
91 78 13 3 7 4 1 2 0 6 5
91 78 13 0 3 1 7 6 4 5 2
91 78 13 7 3 1 5 6 4 0 2
91 78 13 1 0 5 2 3 7 6 4
91 78 13 1 0 7 2 3 6 5 4
91 78 13 7 3 6 5 0 2 4 1
91 78 13 2 3 5 0 7 6 4 1
91 78 13 7 0 3 5 1 6 4 2
91 78 13 3 6 7 0 1 4 5 2
91 78 13 6 4 5 7 1 0 2 3
91 78 13 0 5 1 7 2 6 4 3
91 79 12 7 3 0 4 1 6 5 2
91 79 12 3 5 0 7 6 4 2 1
91 79 12 0 3 5 1 4 6 2 7
91 79 12 1 5 0 3 6 7 4 2
91 79 12 0 3 5 1 2 7 4 6
91 80 11 1 3 5 0 6 7 4 2
91 80 11 1 6 7 5 3 4 0 2
91 80 11 1 7 2 5 3 6 4 0
91 80 11 1 6 2 5 3 4 7 0
91 80 11 1 0 5 3 4 6 2 7
91 80 11 3 5 0 1 2 7 6 4
91 81 10 1 5 4 3 7 6 0 2
91 81 10 7 3 0 1 2 4 6 5
91 81 10 2 3 5 7 0 6 4 1
91 81 10 1 7 5 3 0 2 6 4
91 82 9 1 0 7 5 2 6 4 3
91 82 9 1 5 0 7 2 6 3 4
91 83 8 7 3 5 4 2 6 1 0
91 83 8 1 7 5 4 2 6 3 0
91 83 8 1 6 5 7 4 2 0 3
91 83 8 6 3 5 7 2 1 0 4
92 74 18 3 6 5 2 7 0 4 1
92 74 18 2 7 5 6 0 3 4 1
92 74 18 0 5 1 2 6 3 4 7
92 74 18 7 6 4 5 0 3 2 1
92 74 18 0 6 1 5 3 4 2 7
92 75 17 7 0 6 2 1 3 5 4
92 75 17 2 6 0 7 3 4 5 1
92 75 17 3 7 0 1 6 4 2 5
92 76 16 7 6 5 4 3 0 2 1
92 76 16 3 6 5 4 1 0 2 7
92 76 16 4 6 5 1 7 3 2 0
92 76 16 2 0 6 1 7 3 5 4
92 76 16 2 6 1 0 7 3 5 4
92 76 16 3 7 6 5 1 0 4 2
92 76 16 7 6 4 5 0 1 3 2
92 76 16 6 5 0 2 1 3 4 7
92 76 16 0 6 5 4 7 1 3 2
92 76 16 7 0 5 4 6 1 3 2
92 76 16 7 6 5 0 4 1 3 2
92 76 16 0 7 6 4 1 3 5 2
92 76 16 3 7 6 0 1 4 5 2
92 76 16 0 6 5 1 4 2 3 7
92 76 16 7 3 0 2 1 6 4 5
92 77 15 7 0 1 5 3 6 4 2
92 77 15 6 5 1 2 7 3 4 0
92 77 15 6 5 4 1 7 3 2 0
92 77 15 2 6 5 4 7 0 3 1
92 77 15 2 6 0 4 7 3 5 1
92 77 15 6 5 4 1 3 7 0 2
92 77 15 3 7 5 2 6 0 4 1
92 77 15 1 7 0 6 3 4 5 2
92 77 15 1 7 6 3 0 4 5 2
92 77 15 2 6 4 1 7 0 3 5
92 77 15 7 6 0 3 1 4 5 2
92 78 14 5 6 1 7 3 4 2 0
92 78 14 1 6 7 0 3 4 2 5
92 78 14 6 5 4 1 2 0 3 7
92 78 14 7 1 5 0 6 3 4 2
92 78 14 3 6 0 1 4 2 5 7
92 78 14 1 7 4 5 0 6 2 3
92 79 13 7 6 1 3 5 4 2 0
92 79 13 3 5 0 1 6 2 4 7
92 79 13 3 2 5 1 6 0 4 7
92 79 13 3 6 0 5 1 2 4 7
92 79 13 3 0 7 1 6 4 5 2
92 79 13 1 0 5 2 6 7 4 3
92 79 13 3 4 5 7 6 0 2 1
92 79 13 3 7 5 2 1 0 6 4
92 79 13 3 5 0 1 4 6 2 7
92 79 13 1 7 4 2 3 0 6 5
92 79 13 6 3 5 0 7 4 2 1
92 80 12 7 6 5 4 1 2 3 0
92 80 12 1 0 5 2 3 6 4 7
92 80 12 3 7 5 1 4 6 2 0
92 80 12 7 3 6 1 2 5 0 4
92 80 12 1 6 2 5 7 4 0 3
92 80 12 2 3 5 1 6 7 4 0
92 80 12 1 6 7 5 0 3 4 2
92 80 12 1 7 4 5 0 3 6 2
92 80 12 1 7 0 5 6 4 2 3
92 80 12 0 3 7 5 1 6 4 2
92 80 12 1 6 5 0 3 4 7 2
92 80 12 3 6 5 1 2 0 7 4
92 81 11 1 3 5 2 6 0 4 7
92 81 11 1 7 6 5 2 3 4 0
92 81 11 1 6 5 2 7 4 3 0
92 81 11 3 1 7 5 0 6 4 2
92 81 11 1 5 3 0 7 6 4 2
92 81 11 6 3 1 0 2 4 5 7
92 81 11 0 3 5 7 6 2 4 1
92 81 11 6 3 5 0 1 4 2 7
92 81 11 6 3 5 7 0 4 2 1
92 81 11 0 3 5 7 1 4 2 6
92 82 10 2 3 5 1 6 4 0 7
92 82 10 1 5 0 4 3 6 2 7
92 82 10 1 5 4 7 3 6 2 0
92 82 10 3 5 1 7 6 4 0 2
92 82 10 3 5 4 7 2 6 0 1
92 82 10 1 7 4 5 2 6 0 3
92 82 10 3 6 1 7 2 4 0 5
92 82 10 1 3 6 5 0 2 4 7
92 82 10 0 1 5 7 2 6 3 4
92 83 9 7 3 5 1 4 2 0 6
92 83 9 1 7 5 4 2 0 6 3
92 83 9 1 7 5 0 2 3 4 6
92 83 9 1 0 5 7 4 6 2 3
92 83 9 6 3 5 0 2 4 1 7
92 83 9 0 3 5 7 2 4 1 6
92 84 8 1 6 5 7 4 2 3 0
92 85 7 1 3 5 7 0 4 2 6
93 74 19 6 5 1 2 3 0 4 7
93 74 19 0 6 4 5 1 3 2 7
93 75 18 7 0 6 2 3 4 5 1
93 75 18 6 5 1 3 7 0 4 2
93 76 17 7 6 1 2 3 0 4 5
93 76 17 7 0 5 4 6 3 2 1
93 76 17 7 6 5 0 4 3 2 1
93 76 17 4 6 5 0 1 3 2 7
93 76 17 4 0 5 1 6 3 2 7
93 76 17 5 7 6 0 1 3 4 2
93 76 17 0 7 5 1 3 6 2 4
93 77 16 6 5 1 0 3 7 4 2
93 77 16 7 6 4 2 1 0 3 5
93 77 16 0 7 4 1 3 6 5 2
93 77 16 1 6 0 3 7 4 2 5
93 78 15 6 0 1 7 3 4 2 5
93 78 15 2 7 6 1 3 4 0 5
93 78 15 7 6 1 3 4 5 0 2
93 78 15 7 0 1 3 4 6 5 2
93 78 15 3 7 1 4 2 6 0 5
93 78 15 6 5 1 4 2 3 0 7
93 78 15 2 3 0 1 7 6 4 5
93 79 14 7 4 6 1 2 3 5 0
93 79 14 7 1 0 3 6 4 5 2
93 79 14 2 6 1 5 7 3 4 0
93 79 14 0 2 5 7 6 3 4 1
93 79 14 2 5 0 7 6 3 4 1
93 79 14 7 4 3 1 6 0 5 2
93 79 14 3 6 5 4 1 2 0 7
93 79 14 3 7 1 0 6 4 5 2
93 79 14 0 1 5 3 6 7 4 2
93 80 13 6 0 5 4 2 3 1 7
93 80 13 2 6 5 4 0 3 1 7
93 80 13 1 6 5 0 3 2 4 7
93 80 13 7 5 2 1 4 6 0 3
93 80 13 1 0 6 5 7 4 2 3
93 80 13 1 0 4 5 3 7 6 2
93 80 13 1 7 2 3 0 6 4 5
93 80 13 3 6 7 5 1 0 4 2
93 80 13 3 7 5 0 1 6 2 4
93 80 13 1 6 5 2 0 4 7 3
93 81 12 7 5 2 1 6 4 3 0
93 81 12 7 6 2 5 1 4 3 0
93 81 12 3 5 2 1 6 4 0 7
93 81 12 3 6 2 5 1 4 0 7
93 81 12 3 7 4 5 1 6 2 0
93 81 12 1 5 0 3 6 4 2 7
93 81 12 1 4 5 3 6 0 2 7
93 81 12 2 0 5 7 1 6 3 4
93 81 12 3 5 0 7 6 1 4 2
93 81 12 3 7 5 4 0 1 6 2
93 81 12 3 0 5 4 1 7 6 2
93 81 12 1 6 4 7 2 0 3 5
93 81 12 6 0 3 1 2 4 5 7
93 81 12 3 6 0 5 2 4 7 1
93 81 12 1 3 5 2 0 6 4 7
93 82 11 3 6 5 2 1 4 7 0
93 82 11 1 5 0 4 7 6 3 2
93 82 11 7 3 4 5 2 6 0 1
93 82 11 3 0 6 7 2 4 5 1
93 82 11 3 5 7 0 2 6 4 1
93 83 10 1 6 5 4 2 7 3 0
93 83 10 1 3 7 5 6 0 4 2
93 83 10 7 3 5 4 2 0 6 1
93 83 10 3 6 5 7 1 2 0 4
93 83 10 6 3 5 0 2 1 4 7
93 83 10 0 3 5 7 2 1 4 6
93 83 10 6 3 5 7 0 4 1 2
93 85 8 1 7 2 4 3 6 5 0
94 76 18 0 6 1 2 7 3 4 5
94 76 18 7 0 1 2 6 3 4 5
94 76 18 7 6 0 1 4 2 3 5
94 77 17 7 6 1 2 4 0 5 3
94 77 17 6 5 1 4 7 3 0 2
94 77 17 6 5 4 1 7 0 3 2
94 77 17 0 6 4 7 1 3 5 2
94 77 17 3 0 5 2 7 6 4 1
94 77 17 0 6 5 1 7 2 4 3
94 78 16 7 4 6 1 3 2 0 5
94 78 16 2 6 4 5 7 3 0 1
94 78 16 2 7 6 1 0 4 5 3
94 78 16 0 7 1 3 2 6 4 5
94 78 16 0 5 1 6 2 3 4 7
94 78 16 7 3 1 6 0 4 5 2
94 78 16 7 6 4 0 2 3 1 5
94 79 15 3 6 1 2 0 4 5 7
94 79 15 3 7 6 1 0 4 2 5
94 79 15 2 6 1 3 7 4 5 0
94 79 15 7 4 1 3 6 0 5 2
94 79 15 2 3 6 1 7 0 4 5
94 79 15 2 6 1 4 7 3 0 5
94 79 15 0 7 3 1 6 4 5 2
94 79 15 0 6 5 3 1 2 4 7
94 79 15 3 7 0 2 1 6 5 4
94 79 15 6 3 0 1 2 7 4 5
94 80 14 7 0 5 4 3 6 2 1
94 80 14 3 7 5 4 0 6 2 1
94 80 14 1 6 5 0 7 2 3 4
94 80 14 7 2 5 1 6 0 3 4
94 80 14 0 6 5 7 1 2 3 4
94 80 14 3 6 5 4 2 0 1 7
94 80 14 7 6 5 1 3 2 4 0
94 80 14 7 5 1 0 4 6 2 3
94 80 14 7 3 6 1 0 2 5 4
94 80 14 0 7 5 4 2 6 3 1
94 80 14 7 5 0 4 2 6 3 1
94 80 14 1 7 5 6 0 4 2 3
94 80 14 1 6 2 5 3 0 4 7
94 80 14 3 6 0 1 2 7 5 4
94 81 13 6 0 5 3 1 4 2 7
94 81 13 1 5 0 2 6 3 4 7
94 81 13 3 5 4 1 6 7 0 2
94 81 13 2 1 7 5 3 6 4 0
94 81 13 3 5 1 0 6 4 2 7
94 81 13 3 0 6 5 1 4 2 7
94 81 13 3 7 4 5 1 0 6 2
94 81 13 0 1 5 3 6 4 2 7
94 81 13 2 6 5 7 0 1 3 4
94 81 13 7 6 5 0 1 4 3 2
94 81 13 3 6 0 5 2 7 4 1
94 81 13 0 1 6 7 2 3 4 5
94 81 13 3 7 5 0 1 2 6 4
94 81 13 1 7 5 0 6 3 2 4
94 81 13 1 7 5 4 0 3 2 6
94 82 12 7 5 1 3 6 4 2 0
94 82 12 3 4 5 1 6 2 0 7
94 82 12 7 4 5 1 6 2 3 0
94 82 12 2 6 5 1 3 4 7 0
94 82 12 2 7 5 3 1 6 0 4
94 82 12 1 6 5 3 0 7 4 2
94 82 12 6 5 4 7 1 3 2 0
94 82 12 1 6 5 4 3 0 2 7
94 82 12 1 5 4 3 0 6 2 7
94 82 12 1 5 4 2 3 6 0 7
94 82 12 7 3 1 0 2 6 5 4
94 82 12 7 5 4 1 2 3 0 6
94 82 12 7 0 3 5 2 6 4 1
94 82 12 3 6 7 0 2 4 5 1
94 83 11 2 7 5 1 4 3 6 0
94 83 11 2 7 5 1 6 4 3 0
94 83 11 1 7 5 4 0 6 3 2
94 83 11 1 0 5 4 6 7 3 2
94 83 11 1 7 5 6 2 3 0 4
94 83 11 3 7 5 0 2 6 1 4
94 84 10 2 6 5 4 1 3 7 0
94 84 10 2 7 1 4 3 6 5 0
94 84 10 1 6 5 0 2 4 7 3
94 84 10 1 3 6 5 7 4 0 2
94 84 10 1 3 5 0 7 4 2 6
94 84 10 7 3 5 6 1 4 2 0
94 84 10 7 3 6 5 1 4 2 0
94 84 10 7 3 0 5 1 4 6 2
94 84 10 1 5 0 7 6 4 2 3
94 84 10 1 3 0 7 2 6 4 5
94 85 9 7 1 4 3 5 6 0 2
94 85 9 1 7 5 4 2 3 0 6
94 85 9 1 7 5 0 2 3 6 4
94 89 5 1 3 5 7 2 0 6 4
95 77 18 0 6 1 2 7 4 5 3
95 77 18 7 0 1 2 6 4 5 3
95 77 18 7 6 5 2 0 3 1 4
95 77 18 3 6 0 1 7 2 4 5
95 78 17 7 5 1 6 3 0 4 2
95 78 17 7 0 1 6 5 3 4 2
95 78 17 7 4 6 1 0 3 2 5
95 78 17 2 0 6 5 7 3 4 1
95 78 17 0 6 2 7 1 3 4 5
95 78 17 2 7 6 0 3 4 5 1
95 78 17 2 7 0 1 3 4 5 6
95 78 17 3 7 1 2 0 6 4 5
95 78 17 7 6 4 5 0 3 1 2
95 78 17 0 6 4 5 2 3 1 7
95 79 16 1 7 6 0 3 4 2 5
95 79 16 5 7 6 1 3 4 2 0
95 79 16 7 3 6 2 1 0 4 5
95 79 16 6 0 1 3 7 4 5 2
95 79 16 0 7 1 3 6 4 5 2
95 79 16 0 2 6 1 7 3 4 5
95 80 15 6 0 5 1 7 2 3 4
95 80 15 0 7 5 1 6 2 3 4
95 80 15 7 5 0 1 6 2 3 4
95 80 15 7 6 0 5 1 2 3 4
95 80 15 7 6 5 3 1 2 0 4
95 80 15 7 6 5 4 3 0 1 2
95 80 15 4 6 5 0 2 3 1 7
95 80 15 7 0 6 1 4 2 5 3
95 80 15 7 6 1 0 4 2 5 3
95 80 15 4 7 5 1 0 6 2 3
95 80 15 3 6 0 5 7 4 2 1
95 80 15 3 7 0 4 1 6 2 5
95 80 15 1 6 0 2 3 4 7 5
95 81 14 7 0 4 5 2 6 3 1
95 81 14 7 0 5 2 1 6 4 3
95 81 14 1 5 0 2 7 6 4 3
95 81 14 1 6 5 2 7 0 4 3
95 81 14 3 5 1 0 6 7 4 2
95 81 14 6 7 5 1 4 0 2 3
95 81 14 7 6 1 5 2 0 3 4
95 81 14 3 6 5 4 2 7 0 1
95 81 14 0 7 5 1 3 2 6 4
95 81 14 3 0 5 1 7 2 6 4
95 81 14 0 6 5 3 2 4 7 1
95 81 14 1 7 0 4 6 3 2 5
95 81 14 6 3 0 7 1 4 2 5
95 82 13 6 0 1 7 2 3 5 4
95 82 13 3 4 5 1 0 6 2 7
95 82 13 6 5 2 7 3 4 0 1
95 82 13 2 6 5 7 3 1 4 0
95 82 13 0 2 5 1 3 6 4 7
95 82 13 2 5 0 1 3 6 4 7
95 82 13 3 0 7 4 1 6 5 2
95 82 13 1 0 5 4 6 3 2 7
95 82 13 1 7 5 2 3 0 4 6
95 82 13 3 0 1 7 6 5 4 2
95 82 13 7 0 3 1 2 6 5 4
95 82 13 7 5 4 0 2 3 6 1
95 82 13 0 1 5 4 7 6 3 2
95 83 12 4 6 5 7 1 2 0 3
95 83 12 7 5 2 4 3 6 0 1
95 83 12 7 1 5 3 0 6 4 2
95 83 12 2 1 5 3 7 6 4 0
95 83 12 3 5 4 1 7 6 2 0
95 83 12 0 7 5 1 2 3 6 4
95 83 12 1 0 7 4 6 3 5 2
95 83 12 7 5 1 3 2 0 6 4
95 83 12 1 6 0 5 2 3 7 4
95 83 12 1 7 0 4 2 6 5 3
95 83 12 6 3 0 7 2 4 1 5
95 84 11 1 6 2 4 7 3 0 5
95 84 11 1 6 5 0 2 7 4 3
95 84 11 6 3 5 2 1 7 4 0
95 84 11 3 1 0 7 5 6 4 2
95 84 11 7 0 5 1 2 3 4 6
95 84 11 6 0 5 1 2 4 7 3
95 84 11 7 6 5 3 4 2 1 0
95 84 11 1 3 6 5 0 7 4 2
95 84 11 7 3 0 5 1 4 2 6
95 84 11 1 6 5 4 3 0 7 2
95 84 11 1 0 7 3 2 6 5 4
95 84 11 1 7 3 0 2 6 5 4
95 84 11 0 3 7 5 2 6 4 1
95 84 11 0 1 5 7 6 4 2 3
95 84 11 1 4 5 7 6 0 2 3
95 84 11 1 5 0 4 2 6 3 7
95 85 10 3 7 4 5 2 6 1 0
95 85 10 1 3 5 0 6 2 4 7
95 85 10 7 1 3 0 5 6 4 2
95 85 10 3 5 4 1 2 6 7 0
95 85 10 1 3 0 5 6 4 2 7
95 85 10 3 6 5 7 2 0 1 4
95 86 9 7 5 3 1 2 6 4 0
95 86 9 2 3 5 7 1 6 0 4
95 87 8 7 3 1 5 2 6 4 0
95 88 7 1 7 3 5 2 6 4 0
95 88 7 1 3 5 0 2 4 7 6
95 89 6 1 3 6 5 2 4 7 0
95 89 6 1 3 0 5 2 4 6 7
96 77 19 0 5 1 6 7 3 4 2
96 78 18 6 5 1 2 0 3 4 7
96 79 17 6 0 1 2 3 4 5 7
96 79 17 7 6 1 3 4 0 2 5
96 79 17 0 6 1 3 7 4 2 5
96 79 17 7 0 1 3 6 4 2 5
96 79 17 6 3 0 1 7 4 2 5
96 80 16 4 6 1 7 0 3 5 2
96 80 16 4 6 1 7 3 5 0 2
96 80 16 4 0 1 7 3 6 5 2
96 80 16 4 6 5 1 7 2 3 0
96 80 16 0 6 5 4 7 3 1 2
96 80 16 7 0 5 4 6 3 1 2
96 80 16 7 6 5 0 4 3 1 2
96 80 16 3 6 5 2 7 4 0 1
96 80 16 7 6 1 4 0 3 5 2
96 80 16 0 7 2 1 3 6 4 5
96 81 15 4 7 6 1 3 5 0 2
96 81 15 0 1 5 2 6 3 4 7
96 81 15 3 7 6 5 2 0 4 1
96 81 15 0 1 5 2 7 6 4 3
96 81 15 1 6 0 2 7 4 5 3
96 81 15 5 1 7 0 3 6 4 2
96 81 15 0 1 7 2 3 6 4 5
96 81 15 1 6 7 2 3 0 4 5
96 81 15 6 7 5 0 1 4 2 3
96 81 15 7 5 2 1 6 0 4 3
96 81 15 7 6 2 5 1 0 4 3
96 81 15 0 1 6 5 3 4 2 7
96 81 15 1 4 6 5 3 0 2 7
96 81 15 0 6 5 3 2 7 4 1
96 81 15 6 0 5 7 3 2 4 1
96 81 15 6 3 5 0 7 2 4 1
96 82 14 4 6 1 7 2 3 5 0
96 82 14 3 6 1 7 2 0 5 4
96 82 14 0 5 1 7 6 4 2 3
96 82 14 3 7 4 0 1 6 5 2
96 82 14 7 5 0 3 1 6 4 2
96 82 14 6 5 4 7 1 0 3 2
96 82 14 1 6 5 0 4 3 2 7
96 82 14 1 7 5 2 6 0 3 4
96 82 14 1 7 0 2 6 3 5 4
96 82 14 1 6 7 4 2 3 0 5
96 82 14 7 5 0 1 2 3 6 4
96 82 14 2 7 4 0 3 6 5 1
96 82 14 2 7 5 0 3 6 1 4
96 82 14 2 7 5 4 0 6 1 3
96 82 14 2 7 0 4 3 6 1 5
96 82 14 0 6 1 7 2 4 5 3
96 83 13 3 7 4 2 1 6 0 5
96 83 13 4 0 5 7 1 6 2 3
96 83 13 6 4 5 7 3 2 0 1
96 83 13 1 6 2 0 3 4 5 7
96 83 13 3 1 5 0 7 6 4 2
96 83 13 6 5 7 2 1 3 4 0
96 83 13 1 6 5 7 0 3 2 4
96 83 13 3 0 4 1 5 6 2 7
96 83 13 3 6 5 1 4 0 7 2
96 83 13 1 7 4 0 6 3 5 2
96 83 13 7 5 0 3 2 6 1 4
96 83 13 7 3 0 4 2 6 5 1
96 83 13 7 0 5 1 4 3 2 6
96 83 13 1 6 4 0 2 3 7 5
96 83 13 6 3 0 7 2 1 4 5
96 84 12 5 0 1 4 3 6 2 7
96 84 12 3 5 1 4 0 6 2 7
96 84 12 1 2 5 0 6 3 4 7
96 84 12 2 5 4 1 6 3 0 7
96 84 12 7 3 6 1 5 2 4 0
96 84 12 0 3 1 7 5 6 4 2
96 84 12 3 7 5 1 2 0 4 6
96 84 12 7 5 2 1 3 6 4 0
96 84 12 1 3 6 4 7 0 5 2
96 84 12 1 7 4 5 6 3 2 0
96 84 12 5 6 1 7 2 3 0 4
96 84 12 3 0 5 1 7 4 2 6
96 84 12 7 3 5 2 1 4 0 6
96 84 12 1 0 5 4 6 3 7 2
96 84 12 1 0 6 7 3 4 5 2
96 84 12 3 6 7 5 2 0 4 1
96 84 12 6 3 5 1 7 2 0 4
96 84 12 0 1 5 4 2 6 3 7
96 84 12 1 0 5 7 6 2 3 4
96 85 11 3 6 7 1 2 4 0 5
96 85 11 6 3 1 7 2 0 4 5
96 85 11 1 0 4 5 2 6 3 7
96 85 11 7 3 5 1 6 2 4 0
96 85 11 3 0 5 4 2 7 6 1
96 85 11 3 5 4 1 2 0 6 7
96 85 11 1 3 5 2 6 4 0 7
96 85 11 1 7 2 4 3 0 6 5
96 86 10 2 7 5 4 1 6 3 0
96 86 10 7 3 6 5 2 1 4 0
96 86 10 6 5 4 7 2 3 1 0
96 87 9 3 1 5 7 0 6 4 2
96 87 9 1 3 6 7 2 0 5 4
96 87 9 3 5 1 7 2 0 6 4
96 88 8 1 3 5 4 7 6 2 0
96 88 8 7 3 6 5 2 4 1 0
96 88 8 3 6 5 7 4 2 1 0
96 90 6 1 3 5 4 2 6 7 0
97 78 19 0 7 4 5 3 6 2 1
97 79 18 4 6 1 2 3 0 5 7
97 79 18 0 7 6 2 1 3 4 5
97 79 18 0 4 6 1 7 3 5 2
97 79 18 7 0 6 1 4 3 5 2
97 79 18 4 6 1 3 7 0 5 2
97 80 17 4 7 5 0 3 6 2 1
97 81 16 4 0 6 1 3 7 5 2
97 81 16 2 7 6 5 0 3 4 1
97 81 16 5 7 6 0 2 3 4 1
97 81 16 7 6 4 5 0 2 3 1
97 81 16 6 1 7 5 3 0 4 2
97 81 16 7 6 5 2 0 4 3 1
97 81 16 3 6 5 2 0 4 7 1
97 82 15 2 6 1 7 0 3 5 4
97 82 15 0 7 6 5 1 4 2 3
97 82 15 3 6 0 2 1 4 5 7
97 82 15 6 5 7 0 3 4 2 1
97 82 15 2 6 0 1 3 4 5 7
97 82 15 2 7 0 3 1 6 4 5
97 82 15 0 7 5 2 1 3 4 6
97 82 15 1 0 5 2 7 3 4 6
97 82 15 6 7 0 1 2 3 5 4
97 82 15 0 5 4 1 2 3 6 7
97 82 15 2 7 4 1 0 6 5 3
97 83 14 7 6 2 3 1 4 0 5
97 83 14 3 7 2 0 1 6 4 5
97 83 14 1 7 6 0 2 3 5 4
97 83 14 4 6 5 7 0 1 2 3
97 83 14 6 5 2 1 7 4 0 3
97 83 14 6 4 5 7 0 3 2 1
97 83 14 7 4 5 1 3 6 2 0
97 83 14 1 0 6 2 3 4 5 7
97 83 14 6 3 1 0 7 4 5 2
97 83 14 5 4 0 1 3 6 2 7
97 83 14 3 5 4 1 6 0 2 7
97 83 14 3 5 4 1 7 0 6 2
97 83 14 6 7 0 5 2 3 4 1
97 83 14 3 0 5 1 6 4 7 2
97 83 14 3 6 5 0 1 4 7 2
97 83 14 1 6 5 0 4 7 3 2
97 83 14 0 1 7 5 6 3 4 2
97 83 14 7 5 1 4 2 6 0 3
97 83 14 1 6 4 5 0 3 7 2
97 83 14 3 7 5 4 0 6 1 2
97 83 14 0 6 5 7 1 2 4 3
97 84 13 6 0 1 5 2 3 4 7
97 84 13 3 6 5 2 7 1 4 0
97 84 13 1 0 6 4 7 3 2 5
97 84 13 2 6 5 4 1 0 3 7
97 84 13 2 6 0 4 1 3 5 7
97 84 13 3 5 1 2 7 6 4 0
97 84 13 6 3 0 5 1 7 4 2
97 84 13 3 6 1 7 5 0 4 2
97 84 13 2 6 5 1 0 4 7 3
97 84 13 1 6 7 0 3 4 5 2
97 84 13 2 3 5 0 1 6 4 7
97 85 12 7 5 4 3 1 6 2 0
97 85 12 7 5 4 2 3 6 1 0
97 85 12 6 7 5 3 1 4 0 2
97 85 12 1 7 4 2 6 3 0 5
97 85 12 1 6 4 2 7 3 5 0
97 85 12 6 1 0 7 2 3 4 5
97 85 12 7 1 0 4 3 5 6 2
97 85 12 2 5 1 4 3 6 0 7
97 85 12 0 3 7 1 2 6 5 4
97 85 12 3 7 4 5 2 0 6 1
97 85 12 3 7 5 4 0 2 6 1
97 85 12 6 0 3 7 1 4 5 2
97 85 12 6 3 7 0 1 4 5 2
97 85 12 1 3 5 6 0 4 2 7
97 85 12 3 6 0 7 2 1 5 4
97 85 12 1 3 0 7 6 4 2 5
97 86 11 6 5 1 7 3 4 2 0
97 86 11 3 0 1 7 2 6 4 5
97 86 11 7 5 1 4 2 3 6 0
97 86 11 3 7 1 4 2 6 5 0
97 86 11 1 7 0 5 2 6 3 4
97 86 11 7 5 3 1 2 0 6 4
97 86 11 1 5 4 7 3 6 0 2
97 86 11 1 3 5 2 7 6 0 4
97 86 11 1 7 5 3 0 4 2 6
97 87 10 7 3 5 2 6 4 1 0
97 87 10 7 5 3 4 1 6 0 2
97 87 10 6 5 7 1 2 3 4 0
97 87 10 7 3 4 1 2 6 5 0
97 87 10 7 6 5 1 2 4 0 3
97 87 10 2 3 5 7 6 1 4 0
97 87 10 3 5 0 7 2 6 1 4
97 88 9 3 0 5 1 2 4 7 6
97 88 9 6 7 5 1 2 4 3 0
97 88 9 7 3 0 5 2 4 6 1
97 89 8 6 1 5 7 2 3 4 0
97 89 8 7 3 5 1 4 2 6 0
97 89 8 1 3 4 5 2 6 0 7
97 89 8 1 3 0 7 2 6 5 4
97 90 7 1 3 6 7 2 4 0 5
97 90 7 1 3 5 4 2 0 6 7
98 78 20 4 6 1 7 3 0 2 5
98 79 19 4 7 6 1 3 0 2 5
98 79 19 7 4 6 0 1 3 5 2
98 80 18 0 6 1 4 2 3 5 7
98 81 17 4 7 6 1 0 3 5 2
98 81 17 4 6 5 3 1 0 2 7
98 81 17 6 7 5 2 1 0 4 3
98 81 17 0 6 5 2 1 4 3 7
98 81 17 3 6 5 2 0 7 4 1
98 82 16 7 0 6 4 2 3 1 5
98 82 16 7 5 1 2 6 4 0 3
98 82 16 7 4 6 5 1 0 2 3
98 82 16 7 6 5 0 3 1 4 2
98 82 16 7 4 0 1 6 2 5 3
98 82 16 0 6 7 1 2 3 4 5
98 82 16 0 7 5 4 3 6 1 2
98 83 15 7 6 3 0 1 4 2 5
98 83 15 3 0 7 2 1 6 4 5
98 83 15 6 5 1 0 7 4 2 3
98 83 15 2 0 6 7 1 3 5 4
98 83 15 1 6 0 5 7 3 2 4
98 83 15 6 0 3 1 7 4 5 2
98 83 15 5 6 4 1 3 0 2 7
98 83 15 3 5 4 0 1 6 2 7
98 83 15 2 7 5 0 1 3 6 4
98 83 15 6 7 5 4 2 3 0 1
98 83 15 0 6 5 1 3 4 7 2
98 83 15 2 7 0 1 6 4 5 3
98 83 15 0 6 5 4 1 7 3 2
98 83 15 0 6 5 1 2 3 7 4
98 83 15 1 6 5 2 0 3 7 4
98 83 15 0 7 5 4 2 6 1 3
98 83 15 3 6 0 7 1 2 4 5
98 84 14 6 4 5 1 7 2 0 3
98 84 14 3 6 1 5 2 0 4 7
98 84 14 7 0 1 4 5 6 2 3
98 84 14 1 6 4 0 7 3 2 5
98 84 14 2 6 5 1 0 7 4 3
98 84 14 6 2 5 1 0 3 4 7
98 84 14 7 2 5 1 6 3 4 0
98 84 14 2 5 1 0 6 3 4 7
98 84 14 3 5 1 4 7 6 0 2
98 84 14 0 2 5 1 3 7 6 4
98 84 14 2 5 0 1 3 7 6 4
98 84 14 0 2 7 1 3 6 5 4
98 84 14 0 6 5 7 3 4 1 2
98 84 14 6 3 5 4 1 7 0 2
98 84 14 1 7 4 5 6 0 3 2
98 84 14 5 6 1 0 2 3 4 7
98 84 14 0 6 5 4 1 3 7 2
98 84 14 1 6 5 0 4 3 7 2
98 84 14 0 3 5 1 7 2 4 6
98 85 13 1 7 2 0 6 3 4 5
98 85 13 1 0 5 2 7 6 3 4
98 85 13 7 6 5 0 2 4 1 3
98 85 13 3 0 6 1 2 4 7 5
98 85 13 3 6 1 0 2 4 7 5
98 85 13 6 5 2 1 3 4 7 0
98 85 13 2 0 4 1 3 7 6 5
98 85 13 2 0 7 4 3 6 5 1
98 85 13 2 5 1 7 3 0 6 4
98 85 13 2 5 1 7 6 0 4 3
98 85 13 3 6 7 1 2 0 5 4
98 85 13 1 6 4 5 0 2 3 7
98 85 13 3 5 1 4 2 6 0 7
98 86 12 7 3 4 1 5 0 6 2
98 86 12 7 5 3 0 2 6 4 1
98 86 12 2 5 1 3 0 6 4 7
98 86 12 1 0 6 4 2 3 7 5
98 86 12 3 6 1 7 4 5 0 2
98 86 12 3 0 1 7 4 6 5 2
98 86 12 7 3 2 5 6 4 0 1
98 86 12 7 1 6 5 2 3 4 0
98 86 12 6 3 0 5 1 2 4 7
98 86 12 0 3 6 1 2 4 5 7
98 86 12 3 6 1 5 2 4 0 7
98 86 12 1 6 5 4 7 2 3 0
98 86 12 6 3 5 1 4 0 2 7
98 86 12 1 5 7 0 3 6 4 2
98 87 11 3 1 0 7 6 4 5 2
98 87 11 2 7 1 3 5 6 4 0
98 87 11 2 1 5 7 3 6 4 0
98 87 11 6 3 0 5 2 4 7 1
98 87 11 3 6 0 5 2 4 1 7
98 87 11 3 7 1 5 2 6 0 4
98 87 11 6 5 1 7 2 3 0 4
98 88 10 1 6 5 7 3 2 4 0
98 88 10 6 1 5 7 3 4 0 2
98 88 10 1 6 7 4 2 3 5 0
98 88 10 1 7 4 3 2 6 5 0
98 88 10 1 3 5 4 7 0 6 2
98 88 10 1 3 0 4 7 6 5 2
98 88 10 1 5 4 7 6 3 2 0
98 88 10 2 3 5 1 0 4 7 6
98 89 9 1 7 5 3 4 6 2 0
98 89 9 1 7 5 2 4 3 6 0
98 89 9 6 0 5 7 2 4 1 3
98 89 9 6 3 5 7 1 2 0 4
98 89 9 1 0 3 5 2 6 4 7
98 90 8 3 1 5 7 6 4 0 2
98 90 8 1 3 5 0 2 7 6 4
98 91 7 1 5 3 7 2 6 0 4
99 80 19 6 7 5 4 3 0 2 1
99 80 19 0 6 5 2 3 4 7 1
99 81 18 0 7 5 4 6 3 2 1
99 82 17 0 6 5 4 7 2 3 1
99 82 17 7 0 5 4 6 2 3 1
99 82 17 7 5 1 6 0 4 2 3
99 82 17 1 6 7 2 0 3 4 5
99 83 16 7 0 6 3 1 4 2 5
99 83 16 2 7 6 1 0 3 5 4
99 83 16 4 7 6 1 2 3 5 0
99 83 16 3 7 6 1 2 0 5 4
99 83 16 2 6 7 0 1 3 5 4
99 83 16 0 4 5 1 7 6 2 3
99 83 16 7 4 5 0 1 6 2 3
99 83 16 6 1 5 3 7 0 4 2
99 83 16 6 5 7 1 0 3 4 2
99 83 16 6 5 7 4 1 3 0 2
99 83 16 2 0 5 1 7 3 6 4
99 83 16 0 7 5 6 2 3 4 1
99 83 16 1 7 0 6 2 3 4 5
99 83 16 3 7 0 4 2 6 1 5
99 84 15 3 6 2 1 7 4 0 5
99 84 15 6 4 5 1 0 7 2 3
99 84 15 2 6 1 5 0 3 4 7
99 84 15 3 6 0 5 7 1 4 2
99 84 15 7 6 5 2 0 1 4 3
99 84 15 7 5 1 4 6 0 2 3
99 84 15 0 5 1 4 7 6 2 3
99 84 15 4 5 1 0 3 6 2 7
99 84 15 2 7 1 3 0 6 5 4
99 84 15 7 6 5 3 0 4 1 2
99 84 15 0 3 5 6 1 7 4 2
99 84 15 7 5 2 1 3 0 6 4
99 84 15 7 6 2 5 0 4 1 3
99 84 15 0 1 6 4 7 3 5 2
99 84 15 5 6 1 7 0 3 4 2
99 84 15 5 6 0 7 2 3 4 1
99 85 14 7 3 6 4 2 0 5 1
99 85 14 7 0 4 3 5 6 2 1
99 85 14 6 7 5 3 0 1 4 2
99 85 14 6 0 5 3 1 7 4 2
99 85 14 1 0 7 2 6 3 4 5
99 85 14 3 0 6 1 2 7 4 5
99 85 14 3 6 1 0 2 7 4 5
99 85 14 3 6 4 1 2 7 0 5
99 85 14 2 6 4 5 1 3 0 7
99 85 14 0 7 4 1 5 6 2 3
99 85 14 7 4 0 1 5 6 2 3
99 85 14 1 6 5 2 0 7 3 4
99 85 14 1 6 2 0 7 3 5 4
99 85 14 2 7 4 1 0 3 6 5
99 85 14 0 7 1 4 3 5 6 2
99 85 14 2 5 0 7 3 6 1 4
99 85 14 1 7 0 4 2 3 6 5
99 86 13 3 5 4 7 0 6 2 1
99 86 13 1 7 4 0 3 5 6 2
99 86 13 2 7 4 1 3 5 6 0
99 86 13 7 5 4 3 2 6 0 1
99 86 13 5 0 1 3 2 6 4 7
99 86 13 6 4 5 1 3 2 7 0
99 86 13 3 6 1 7 0 2 4 5
99 86 13 2 0 7 5 1 6 4 3
99 86 13 2 7 5 4 1 0 6 3
99 86 13 2 7 0 4 1 6 5 3
99 86 13 2 0 5 4 3 7 6 1
99 86 13 2 7 1 4 3 0 6 5
99 86 13 5 1 4 7 3 6 0 2
99 86 13 3 1 6 5 2 0 4 7
99 86 13 6 3 5 4 1 2 0 7
99 86 13 6 5 4 7 2 0 3 1
99 86 13 1 0 5 4 6 2 3 7
99 86 13 1 6 5 0 4 2 3 7
99 87 12 1 7 5 0 3 4 2 6
99 87 12 4 6 5 7 3 2 1 0
99 87 12 1 6 2 5 7 3 4 0
99 87 12 1 7 5 6 3 4 0 2
99 87 12 1 2 7 0 3 6 4 5
99 87 12 2 7 5 1 3 4 0 6
99 87 12 3 5 0 7 6 2 4 1
99 87 12 3 2 5 7 6 0 4 1
99 87 12 0 3 1 7 2 6 4 5
99 87 12 7 3 4 1 2 0 6 5
99 87 12 7 5 4 1 2 6 0 3
99 87 12 3 7 5 1 4 0 2 6
99 87 12 3 7 6 1 2 4 0 5
99 87 12 3 6 0 5 2 1 4 7
99 88 11 7 5 1 4 2 6 3 0
99 88 11 1 7 3 4 2 6 0 5
99 88 11 1 3 4 5 7 6 0 2
99 88 11 1 5 6 4 3 7 0 2
99 88 11 3 6 5 7 4 0 1 2
99 88 11 6 0 3 7 2 4 5 1
99 88 11 6 3 7 0 2 4 5 1
99 89 10 6 0 5 7 2 1 4 3
99 89 10 1 6 5 7 2 0 4 3
99 89 10 1 3 7 0 2 6 4 5
99 89 10 5 3 7 1 2 6 4 0
99 89 10 3 5 4 7 1 6 2 0
99 89 10 1 0 3 7 6 4 5 2
99 89 10 1 3 7 0 6 4 5 2
99 90 9 2 3 5 7 6 4 0 1
99 90 9 1 6 5 3 4 2 7 0
99 91 8 1 3 5 0 2 7 4 6
99 91 8 1 7 5 3 4 2 6 0
99 92 7 6 3 1 7 2 4 5 0
99 92 7 1 3 5 7 6 2 4 0
99 92 7 3 0 5 7 2 4 1 6
99 92 7 1 3 5 7 4 0 2 6
100 81 19 7 6 0 2 1 4 3 5
100 83 17 0 5 7 6 1 3 4 2
100 84 16 3 0 6 1 7 4 2 5
100 84 16 3 6 1 0 7 4 2 5
100 84 16 3 6 5 4 7 1 0 2
100 84 16 0 5 1 7 3 6 2 4
100 84 16 7 5 1 3 0 6 2 4
100 84 16 2 6 7 1 3 0 5 4
100 84 16 2 7 1 5 3 6 0 4
100 84 16 0 3 6 1 7 2 4 5
100 84 16 7 3 6 0 1 2 4 5
100 84 16 4 6 5 1 2 0 7 3
100 84 16 7 6 2 0 3 4 1 5
100 84 16 7 6 0 3 4 2 5 1
100 84 16 4 3 5 1 7 0 2 6
100 85 15 7 6 2 0 1 4 5 3
100 85 15 7 5 4 3 6 0 2 1
100 85 15 0 5 4 3 7 6 2 1
100 85 15 2 0 6 5 1 3 4 7
100 85 15 7 6 4 1 5 0 2 3
100 85 15 1 0 6 2 7 3 5 4
100 85 15 7 6 5 2 4 0 1 3
100 85 15 0 7 5 3 4 6 2 1
100 85 15 7 5 0 3 4 6 2 1
100 85 15 0 2 5 1 6 7 4 3
100 85 15 2 5 0 1 6 7 4 3
100 85 15 7 5 4 3 0 6 1 2
100 85 15 1 6 4 7 0 3 5 2
100 85 15 1 6 4 5 0 3 2 7
100 85 15 2 0 1 7 5 6 4 3
100 85 15 4 3 5 7 6 0 2 1
100 85 15 0 7 5 4 2 3 6 1
100 86 14 4 7 5 1 6 2 0 3
100 86 14 7 5 4 1 6 2 0 3
100 86 14 1 5 4 0 7 6 2 3
100 86 14 0 7 4 1 5 3 6 2
100 86 14 7 4 0 1 5 3 6 2
100 86 14 3 7 4 1 0 5 6 2
100 86 14 7 5 2 0 3 6 1 4
100 86 14 2 7 4 5 1 6 0 3
100 86 14 2 7 5 4 0 3 6 1
100 86 14 7 0 1 4 5 3 6 2
100 86 14 1 6 4 2 7 0 3 5
100 86 14 7 0 3 5 6 4 2 1
100 86 14 2 1 6 5 0 3 4 7
100 86 14 5 1 6 0 2 3 4 7
100 86 14 0 3 5 6 1 2 4 7
100 86 14 3 6 5 2 1 7 0 4
100 86 14 3 4 6 1 2 0 5 7
100 86 14 1 3 0 2 7 6 4 5
100 86 14 2 3 0 7 1 6 4 5
100 87 13 7 5 4 2 1 3 6 0
100 87 13 2 6 1 7 5 3 4 0
100 87 13 1 0 4 5 7 6 3 2
100 87 13 3 2 7 1 0 6 4 5
100 87 13 5 2 7 1 3 6 4 0
100 87 13 7 6 0 1 2 4 5 3
100 87 13 7 6 1 5 2 4 0 3
100 87 13 6 5 0 7 3 4 1 2
100 87 13 7 6 5 3 2 0 4 1
100 87 13 7 6 5 1 0 2 4 3
100 87 13 3 7 5 0 1 4 2 6
100 87 13 3 7 6 0 2 4 5 1
100 87 13 3 7 0 1 2 4 5 6
100 87 13 0 1 7 4 3 6 2 5
100 87 13 1 6 7 4 3 0 2 5
100 87 13 0 1 6 7 2 3 5 4
100 87 13 7 3 5 0 6 1 4 2
100 87 13 3 6 5 4 2 1 0 7
100 87 13 0 3 5 6 2 4 7 1
100 87 13 0 6 5 3 2 4 1 7
100 87 13 0 5 1 7 2 3 4 6
100 88 12 2 7 4 5 3 6 1 0
100 88 12 7 5 4 1 2 6 3 0
100 88 12 4 5 2 1 3 6 0 7
100 88 12 2 5 1 3 7 6 0 4
100 88 12 4 7 5 1 2 6 0 3
100 88 12 7 6 5 4 2 1 0 3
100 88 12 1 6 7 5 2 3 0 4
100 88 12 7 3 5 2 1 0 6 4
100 88 12 1 6 7 3 2 0 4 5
100 88 12 1 7 4 3 2 0 6 5
100 88 12 1 0 3 5 7 6 4 2
100 88 12 1 5 4 0 3 7 6 2
100 88 12 1 5 4 7 6 0 3 2
100 88 12 3 0 5 7 6 4 1 2
100 89 11 2 7 5 4 6 3 1 0
100 89 11 6 3 5 2 1 4 0 7
100 89 11 1 3 6 4 2 0 5 7
100 89 11 1 7 5 4 6 2 0 3
100 89 11 2 1 7 4 3 6 5 0
100 89 11 1 6 7 4 3 5 0 2
100 89 11 1 7 0 5 4 3 6 2
100 89 11 1 5 7 2 6 3 4 0
100 89 11 2 6 5 7 0 4 1 3
100 89 11 2 1 5 7 6 3 0 4
100 89 11 2 1 5 7 0 3 4 6
100 89 11 0 3 5 7 4 6 2 1
100 89 11 3 5 4 7 1 0 6 2
100 89 11 6 3 5 1 2 0 7 4
100 89 11 0 3 5 7 1 2 4 6
100 90 10 1 6 2 7 3 4 5 0
100 90 10 2 6 5 7 3 4 1 0
100 90 10 1 7 5 2 6 4 3 0
100 90 10 4 3 5 1 2 7 6 0
100 90 10 1 3 6 7 0 2 4 5
100 90 10 3 7 5 1 4 2 0 6
100 90 10 1 5 0 3 2 7 6 4
100 90 10 1 3 0 4 2 6 5 7
100 91 9 1 3 5 2 6 7 4 0
100 91 9 1 5 4 3 7 6 2 0
100 91 9 6 3 5 7 2 0 1 4
100 92 8 3 1 7 5 2 6 4 0
100 92 8 1 5 2 4 3 6 0 7
100 92 8 3 5 4 7 2 6 1 0
100 92 8 2 3 5 7 0 4 1 6
100 93 7 1 3 5 7 2 0 4 6
100 94 6 1 3 5 7 0 2 6 4
100 95 5 1 3 5 7 2 4 0 6
100 95 5 1 3 5 0 2 4 6 7
101 83 18 0 6 5 1 7 3 2 4
101 83 18 6 7 5 2 0 3 4 1
101 83 18 0 6 4 5 2 3 7 1
101 84 17 0 6 1 5 7 3 4 2
101 84 17 7 0 1 5 6 3 4 2
101 84 17 7 6 1 0 5 3 4 2
101 84 17 0 6 5 3 7 1 4 2
101 84 17 6 5 1 4 3 0 2 7
101 84 17 0 7 1 2 3 6 5 4
101 84 17 6 3 0 1 7 2 4 5
101 85 16 0 6 4 7 2 3 5 1
101 85 16 7 0 6 2 1 4 5 3
101 85 16 7 5 4 2 3 0 6 1
101 85 16 0 6 5 2 7 4 1 3
101 85 16 7 0 5 2 6 4 1 3
101 85 16 6 5 2 1 3 0 4 7
101 85 16 0 5 4 7 3 6 1 2
101 86 15 7 0 4 1 6 5 2 3
101 86 15 5 0 4 1 7 6 2 3
101 86 15 7 4 1 0 3 5 6 2
101 86 15 7 0 5 2 3 6 1 4
101 86 15 6 5 1 3 2 0 4 7
101 86 15 0 3 5 2 7 6 4 1
101 86 15 0 5 1 4 7 3 6 2
101 86 15 7 5 1 0 4 3 6 2
101 86 15 2 7 1 5 0 6 4 3
101 86 15 0 3 6 5 7 1 4 2
101 86 15 0 6 5 4 1 2 3 7
101 86 15 1 7 5 2 0 6 3 4
101 86 15 1 7 0 3 6 4 2 5
101 87 14 7 5 0 4 1 6 2 3
101 87 14 6 0 7 1 2 3 4 5
101 87 14 1 5 4 0 7 3 6 2
101 87 14 2 5 4 1 7 3 6 0
101 87 14 7 5 0 4 1 3 6 2
101 87 14 0 5 4 7 1 3 6 2
101 87 14 6 7 5 3 0 4 2 1
101 87 14 7 5 3 0 6 4 2 1
101 87 14 7 5 2 3 6 4 0 1
101 87 14 1 6 4 5 0 7 3 2
101 87 14 7 5 0 1 3 4 2 6
101 87 14 5 7 6 1 2 3 0 4
101 87 14 1 0 5 6 3 7 4 2
101 87 14 2 0 5 1 3 7 4 6
101 87 14 3 4 1 7 6 0 5 2
101 87 14 5 7 1 3 0 6 4 2
101 87 14 3 7 1 0 5 6 4 2
101 87 14 7 5 4 0 1 6 3 2
101 87 14 7 6 0 3 2 4 1 5
101 87 14 7 3 1 4 2 6 0 5
101 87 14 7 1 5 0 3 6 4 2
101 87 14 6 1 5 7 3 0 4 2
101 87 14 0 6 5 3 2 1 4 7
101 87 14 1 7 4 2 0 6 5 3
101 87 14 3 7 1 5 0 6 4 2
101 88 13 3 6 5 2 0 4 1 7
101 88 13 4 6 5 7 1 3 2 0
101 88 13 2 3 6 7 1 0 4 5
101 88 13 2 6 4 7 1 3 5 0
101 88 13 7 2 5 1 0 6 4 3
101 88 13 1 2 5 0 7 6 4 3
101 88 13 3 2 5 1 7 6 4 0
101 88 13 2 5 4 1 7 6 0 3
101 88 13 2 6 5 1 7 4 0 3
101 88 13 5 6 1 7 3 4 0 2
101 88 13 2 7 5 6 1 3 4 0
101 88 13 5 1 0 2 3 6 4 7
101 88 13 7 6 1 3 5 4 0 2
101 88 13 3 0 7 4 2 6 5 1
101 88 13 2 5 1 7 6 3 0 4
101 88 13 2 5 1 7 0 3 4 6
101 88 13 0 5 1 7 2 6 3 4
101 88 13 7 6 5 0 2 1 3 4
101 88 13 1 7 4 3 0 6 2 5
101 88 13 0 1 7 3 2 6 4 5
101 88 13 1 7 3 2 0 6 4 5
101 88 13 4 3 5 1 2 0 7 6
101 88 13 6 7 0 1 2 4 5 3
101 88 13 3 6 0 7 4 2 5 1
101 88 13 3 6 5 0 4 2 7 1
101 89 12 2 6 7 5 1 3 4 0
101 89 12 1 3 5 6 7 0 4 2
101 89 12 2 3 5 1 7 0 4 6
101 89 12 3 6 5 4 1 7 2 0
101 89 12 3 6 2 7 1 4 0 5
101 89 12 1 6 5 2 3 7 4 0
101 89 12 5 3 1 7 6 0 4 2
101 89 12 2 7 5 1 4 6 3 0
101 89 12 2 7 4 1 6 3 5 0
101 89 12 7 6 2 4 1 3 5 0
101 89 12 1 0 5 4 6 7 2 3
101 89 12 1 7 0 5 4 6 2 3
101 89 12 3 1 7 4 0 6 5 2
101 89 12 2 6 5 7 0 1 4 3
101 89 12 6 3 5 1 4 0 7 2
101 89 12 0 3 5 1 6 4 7 2
101 89 12 3 5 0 7 4 6 2 1
101 89 12 7 3 5 0 1 6 2 4
101 89 12 0 3 5 1 7 2 6 4
101 89 12 7 3 5 0 1 2 6 4
101 90 11 7 6 5 3 2 4 0 1
101 90 11 6 7 5 3 2 4 0 1
101 90 11 7 3 2 1 6 4 5 0
101 90 11 6 0 5 7 2 3 1 4
101 90 11 3 1 5 4 0 7 6 2
101 90 11 2 1 5 4 3 7 6 0
101 90 11 3 0 6 7 2 4 1 5
101 90 11 7 3 4 5 1 6 2 0
101 90 11 6 5 2 7 1 4 0 3
101 90 11 3 5 7 2 1 6 4 0
101 90 11 7 3 5 4 0 1 6 2
101 90 11 2 3 5 1 0 7 6 4
101 90 11 3 7 5 0 4 2 6 1
101 90 11 0 1 5 3 2 7 6 4
101 91 10 7 3 1 5 6 4 2 0
101 91 10 6 3 7 1 2 4 0 5
101 91 10 1 3 5 0 4 6 2 7
101 91 10 1 5 4 3 6 7 0 2
101 91 10 3 0 5 1 2 7 4 6
101 91 10 1 6 7 5 3 4 2 0
101 91 10 7 3 1 0 2 4 6 5
101 91 10 1 6 7 5 2 0 4 3
101 91 10 1 5 7 0 2 6 3 4
101 91 10 7 3 5 0 2 6 1 4
101 92 9 1 7 4 5 2 3 6 0
101 92 9 1 3 7 5 0 6 4 2
101 92 9 1 5 3 2 7 6 4 0
101 92 9 3 0 5 7 1 4 2 6
101 92 9 2 3 5 1 6 4 7 0
101 92 9 3 5 1 7 6 4 2 0
101 92 9 1 7 4 5 2 6 3 0
101 92 9 1 0 5 4 2 7 6 3
101 92 9 7 3 5 0 2 4 1 6
101 93 8 1 7 2 3 5 6 4 0
101 93 8 1 5 3 4 7 6 0 2
101 93 8 3 5 7 1 2 6 4 0
101 93 8 1 3 7 5 6 4 0 2
101 93 8 3 0 5 7 2 1 4 6
101 94 7 1 6 5 3 2 4 7 0
101 94 7 1 0 5 7 2 3 6 4
101 95 6 1 3 5 6 2 4 7 0
101 100 1 1 3 5 7 2 4 6 0