0 0 0 7 3 6 1 2 5 0 4
10 0 10 7 3 6 1 2 5 4 0
11 0 11 7 3 0 1 2 5 6 4
13 0 13 7 3 6 1 2 0 5 4
22 11 11 7 3 1 0 2 5 6 4
23 10 13 7 3 6 0 2 5 4 1
23 10 13 7 3 0 1 2 5 4 6
23 11 12 7 0 3 1 2 5 6 4
25 10 15 7 3 6 1 0 5 4 2
25 10 15 0 3 6 1 2 5 4 7
27 13 14 7 3 6 1 0 2 5 4
28 13 15 7 0 6 1 2 3 5 4
31 22 9 7 3 1 4 2 5 6 0
33 22 11 0 3 1 7 2 5 6 4
34 23 11 7 3 1 0 2 5 4 6
34 23 11 7 3 4 1 2 5 0 6
34 23 11 7 5 3 1 2 0 6 4
35 23 12 7 0 3 1 2 5 4 6
36 23 13 0 3 6 7 2 5 4 1
36 23 13 0 7 3 1 2 5 6 4
36 25 11 1 3 6 0 2 5 4 7
37 22 15 7 3 1 6 2 5 0 4
37 23 14 7 3 0 6 2 5 4 1
38 22 16 7 3 1 2 0 5 6 4
38 23 15 7 3 6 4 2 5 0 1
38 25 13 3 0 6 1 2 5 4 7
38 25 13 2 3 6 1 0 5 4 7
39 25 14 7 3 6 1 5 0 4 2
39 25 14 5 3 6 1 2 0 4 7
39 27 12 7 3 6 1 4 2 5 0
41 23 18 7 3 6 2 0 5 4 1
41 25 16 0 3 6 1 7 5 4 2
41 25 16 7 3 6 0 1 5 4 2
42 31 11 7 3 1 4 2 5 0 6
42 36 6 1 3 6 7 2 5 4 0
43 25 18 7 0 6 1 3 5 4 2
43 27 16 0 3 6 1 7 2 5 4
43 27 16 7 3 6 0 1 2 5 4
43 28 15 7 6 0 1 2 3 5 4
43 33 10 3 0 1 7 2 5 6 4
43 33 10 4 3 1 7 2 5 6 0
43 34 9 7 3 4 1 2 5 6 0
44 28 16 0 7 6 1 2 3 5 4
44 31 13 7 3 1 4 0 5 6 2
44 33 11 2 3 1 7 0 5 6 4
44 33 11 5 3 1 7 2 0 6 4
45 31 14 7 3 0 4 2 5 6 1
45 31 14 0 3 1 4 2 5 6 7
45 34 11 7 3 1 6 2 5 4 0
45 34 11 0 3 1 7 2 5 4 6
45 34 11 7 5 3 1 2 6 0 4
46 27 19 7 0 6 1 3 2 5 4
46 34 12 7 3 4 1 2 0 5 6
46 34 12 7 5 3 1 0 2 6 4
46 35 11 7 5 3 1 2 0 4 6
47 36 11 1 7 3 0 2 5 6 4
47 36 11 1 3 0 6 2 5 4 7
48 35 13 0 7 3 1 2 5 4 6
48 36 12 3 0 6 7 2 5 4 1
48 36 12 2 7 3 1 0 5 6 4
48 36 12 1 3 6 4 2 5 0 7
49 36 13 2 3 6 7 0 5 4 1
49 36 13 5 3 6 7 2 0 4 1
49 36 13 4 7 3 1 2 5 6 0
49 38 11 7 3 6 4 2 5 1 0
49 39 10 5 3 6 1 2 4 0 7
50 34 16 7 3 1 2 0 5 4 6
50 36 14 5 7 3 1 2 0 6 4
50 36 14 1 3 6 2 0 5 4 7
50 38 12 7 3 1 2 4 5 6 0
50 38 12 3 5 6 1 2 0 4 7
50 38 12 2 3 6 1 5 0 4 7
50 42 8 1 3 6 7 2 5 0 4
51 37 14 7 3 1 6 2 0 5 4
51 37 14 7 3 0 6 2 5 1 4
51 37 14 7 3 4 6 2 5 0 1
51 38 13 7 3 1 2 5 0 6 4
51 38 13 3 6 0 1 2 5 4 7
51 38 13 2 3 6 1 7 5 4 0
51 39 12 7 3 6 1 5 4 0 2
51 42 9 1 3 0 7 2 5 4 6
52 37 15 7 0 3 6 2 5 4 1
52 38 14 7 3 6 4 2 0 5 1
52 39 13 5 3 6 1 0 2 4 7
52 39 13 7 3 6 1 4 2 0 5
52 43 9 3 1 0 7 2 5 6 4
52 43 9 3 5 1 7 2 0 6 4
53 38 15 0 3 1 2 7 5 6 4
53 38 15 2 3 6 0 1 5 4 7
53 39 14 5 0 6 1 2 3 4 7
53 39 14 7 3 6 0 4 2 5 1
53 39 14 7 3 0 1 4 2 5 6
53 42 11 1 3 6 7 0 5 4 2
53 43 10 4 3 1 7 2 5 0 6
53 44 9 2 3 1 7 4 5 6 0
53 44 9 5 3 1 7 2 6 0 4
54 38 16 2 0 6 1 3 5 4 7
54 39 15 7 0 6 1 5 3 4 2
54 41 13 7 3 6 2 1 5 4 0
54 42 12 7 3 1 4 2 0 5 6
54 42 12 7 3 0 4 2 5 1 6
54 44 10 5 3 1 7 0 2 6 4
54 45 9 7 5 3 1 2 6 4 0
55 38 17 7 0 1 2 3 5 6 4
55 39 16 0 3 6 1 4 2 5 7
55 41 14 1 3 6 0 7 5 4 2
55 41 14 0 3 6 7 1 5 4 2
55 41 14 7 3 6 4 1 5 0 2
55 43 12 7 3 6 4 1 2 5 0
55 43 12 7 6 5 1 2 3 0 4
55 43 12 4 3 1 0 2 5 6 7
55 43 12 7 3 4 0 2 5 6 1
55 44 11 7 3 1 4 5 0 6 2
55 44 11 2 3 1 7 5 0 6 4
55 44 11 5 0 1 7 2 3 6 4
55 45 10 2 3 1 4 0 5 6 7
55 45 10 3 0 1 7 2 5 4 6
55 45 10 6 3 1 7 2 5 4 0
55 46 9 7 5 3 1 2 4 0 6
55 47 8 1 7 3 4 2 5 6 0
56 41 15 7 3 6 2 5 0 4 1
56 41 15 7 3 0 6 1 5 4 2
56 43 13 4 3 1 7 0 5 6 2
56 43 13 4 3 0 7 2 5 6 1
56 45 11 2 3 1 7 0 5 4 6
56 45 11 5 3 1 7 2 0 4 6
56 46 10 7 5 3 1 4 2 6 0
56 48 8 1 3 6 4 2 5 7 0
57 41 16 3 0 6 1 7 5 4 2
57 43 14 1 3 6 0 7 2 5 4
57 43 14 0 3 6 7 1 2 5 4
57 43 14 7 3 6 5 1 2 0 4
57 43 14 7 3 4 1 0 5 6 2
57 43 14 0 3 4 1 2 5 6 7
57 44 13 0 3 1 4 7 5 6 2
57 45 12 3 0 1 4 2 5 6 7
57 48 9 1 3 0 4 2 5 6 7
57 50 7 1 3 0 7 2 5 6 4
58 41 17 0 3 6 2 7 5 4 1
58 41 17 5 3 6 1 7 0 4 2
58 43 15 7 3 0 6 1 2 5 4
58 43 15 7 6 1 0 2 3 5 4
58 44 14 1 7 6 0 2 3 5 4
58 44 14 7 3 1 0 4 5 6 2
58 45 13 7 0 3 4 2 5 6 1
58 45 13 5 3 1 4 2 0 6 7
58 45 13 7 5 0 1 2 6 3 4
58 46 12 7 5 3 1 0 2 4 6
58 47 11 1 7 0 3 2 5 6 4
58 47 11 1 3 4 6 2 5 0 7
58 49 9 5 3 6 7 2 4 0 1
58 49 9 5 3 6 1 2 4 7 0
58 49 9 5 3 0 1 2 4 6 7
58 51 7 1 3 4 7 2 5 0 6
59 43 16 7 6 0 1 3 5 4 2
59 43 16 7 5 6 1 3 0 4 2
59 43 16 3 0 6 1 7 2 5 4
59 43 16 4 3 6 1 7 2 5 0
59 44 15 7 0 1 4 3 5 6 2
59 44 15 2 3 1 0 7 5 6 4
59 46 13 7 3 4 1 0 2 5 6
59 47 12 1 0 3 6 2 5 4 7
59 48 11 1 7 3 0 2 5 4 6
59 48 11 3 5 6 7 2 0 4 1
59 48 11 2 7 3 1 5 0 6 4
59 48 11 1 3 6 4 2 0 5 7
59 50 9 1 3 6 7 2 0 5 4
59 51 8 1 0 3 7 2 5 4 6
59 51 8 1 3 7 0 2 5 4 6
60 41 19 7 0 6 2 3 5 4 1
60 43 17 0 7 6 1 3 5 4 2
60 43 17 2 3 6 1 7 0 5 4
60 44 16 2 7 6 1 0 3 5 4
60 44 16 4 7 6 1 2 3 5 0
60 44 16 3 7 6 1 2 0 5 4
60 44 16 2 0 1 7 3 5 6 4
60 46 14 7 0 4 1 2 3 5 6
60 46 14 0 5 3 1 7 2 6 4
60 46 14 7 0 3 1 5 2 6 4
60 46 14 7 5 3 0 1 2 6 4
60 47 13 1 7 3 2 0 5 6 4
60 48 12 3 6 0 7 2 5 4 1
60 48 12 2 7 3 1 4 5 6 0
60 49 11 2 3 6 7 1 5 4 0
60 50 10 3 5 6 1 2 4 0 7
60 53 7 5 3 1 7 2 6 4 0
61 45 16 7 3 1 6 0 5 4 2
61 45 16 0 3 1 6 2 5 4 7
61 46 15 7 2 6 1 3 0 5 4
61 47 14 1 7 3 6 2 5 0 4
61 48 13 2 7 3 1 0 5 4 6
61 48 13 6 7 3 1 2 5 4 0
61 49 12 5 3 6 7 0 2 4 1
61 50 11 1 3 6 2 5 0 4 7
61 50 11 2 3 6 1 5 4 0 7
61 52 9 3 5 1 7 2 6 0 4
62 48 14 5 7 3 1 2 0 4 6
62 48 14 2 0 3 1 7 5 6 4
62 48 14 2 7 3 0 1 5 6 4
62 49 13 2 3 6 7 5 0 4 1
62 49 13 5 0 6 7 2 3 4 1
62 49 13 4 7 3 1 2 5 0 6
62 49 13 7 3 6 0 2 5 1 4
62 50 12 5 7 3 1 2 6 0 4
62 50 12 5 0 3 1 2 7 6 4
62 50 12 1 3 6 2 7 5 4 0
62 51 11 7 3 1 2 5 6 0 4
62 51 11 7 3 6 1 5 4 2 0
62 51 11 7 3 0 1 5 4 6 2
62 52 10 3 1 7 0 2 5 6 4
62 52 10 3 1 6 7 2 5 0 4
62 52 10 3 5 1 7 0 2 6 4
62 53 9 7 3 5 1 4 2 0 6
62 54 8 5 3 1 7 4 2 6 0
62 55 7 7 5 3 1 2 4 6 0
63 46 17 7 6 0 1 3 2 5 4
63 49 14 4 7 3 0 2 5 6 1
63 49 14 4 7 3 1 0 5 6 2
63 49 14 7 3 6 4 0 5 1 2
63 50 13 7 3 1 2 6 5 4 0
63 50 13 5 7 3 1 0 2 6 4
63 50 13 7 3 1 2 4 5 0 6
63 50 13 3 5 6 1 0 2 4 7
63 50 13 2 0 6 1 5 3 4 7
63 51 12 7 3 4 6 2 5 1 0
63 53 10 1 3 6 7 5 0 4 2
63 53 10 2 3 1 7 4 5 0 6
63 53 10 5 3 0 7 2 6 1 4
63 56 7 5 3 1 7 2 4 0 6
63 58 5 1 3 4 7 2 5 6 0
64 46 18 0 7 6 1 3 2 5 4
64 50 14 7 3 1 2 5 0 4 6
64 51 13 3 6 1 0 2 5 4 7
64 51 13 3 6 4 1 2 5 0 7
64 51 13 2 3 6 1 7 5 0 4
64 52 12 7 3 0 1 4 2 6 5
64 53 11 4 3 1 7 2 0 5 6
64 53 11 4 3 0 7 2 5 1 6
64 55 9 7 3 1 4 5 6 0 2
64 55 9 2 3 1 4 5 0 6 7
64 55 9 3 1 0 7 2 5 4 6
64 55 9 3 5 1 7 2 0 4 6
65 49 16 4 7 0 1 2 5 6 3
65 49 16 0 3 6 4 2 5 1 7
65 50 15 0 3 6 2 1 5 4 7
65 50 15 1 0 6 2 3 5 4 7
65 51 14 7 0 1 2 5 3 6 4
65 52 13 5 3 6 1 7 2 4 0
65 53 12 2 3 6 4 1 5 0 7
65 53 12 7 3 1 0 4 2 5 6
65 53 12 2 3 1 0 4 5 6 7
65 54 11 0 3 1 7 5 2 6 4
65 55 10 7 6 5 1 2 3 4 0
65 55 10 5 1 0 7 2 3 6 4
65 55 10 2 3 1 4 7 5 6 0
65 55 10 6 3 1 7 2 5 0 4
65 55 10 1 7 3 4 2 5 0 6
65 55 10 1 7 3 4 0 5 6 2
65 57 8 1 0 3 7 2 5 6 4
65 57 8 1 3 7 0 2 5 6 4
65 58 7 5 3 6 7 2 4 1 0
66 49 17 2 3 6 0 7 5 4 1
66 50 16 0 3 1 2 7 5 4 6
66 50 16 7 3 0 2 4 5 6 1
66 50 16 0 3 1 2 4 5 6 7
66 51 15 7 3 1 6 0 2 5 4
66 51 15 7 0 3 6 2 5 1 4
66 51 15 7 3 4 6 2 0 5 1
66 52 14 7 5 3 6 2 0 4 1
66 52 14 0 3 6 1 5 2 4 7
66 53 13 2 3 0 6 1 5 4 7
66 53 13 7 0 3 1 4 2 5 6
66 53 13 2 3 0 7 4 5 6 1
66 53 13 0 3 1 7 4 5 6 2
66 54 12 7 3 4 0 2 5 1 6
66 54 12 7 5 3 0 2 6 4 1
66 55 11 7 3 6 4 1 5 2 0
66 55 11 2 3 1 7 5 6 0 4
66 55 11 0 5 1 7 2 3 6 4
66 55 11 7 5 0 1 2 4 3 6
66 56 10 5 3 1 7 0 2 4 6
66 56 10 1 3 6 4 0 5 7 2
66 57 9 1 0 3 4 2 5 6 7
66 57 9 1 3 4 0 2 5 6 7
66 58 8 5 3 0 7 2 4 6 1
66 58 8 1 3 4 7 2 0 5 6
66 59 7 1 5 3 7 2 0 4 6
67 49 18 2 0 6 7 3 5 4 1
67 51 16 7 0 1 6 2 3 5 4
67 51 16 2 3 0 1 7 5 4 6
67 52 15 7 3 6 4 0 2 5 1
67 52 15 5 3 6 0 1 2 4 7
67 52 15 7 3 6 1 4 0 2 5
67 53 14 4 3 1 2 7 5 6 0
67 53 14 0 5 6 1 2 3 4 7
67 53 14 5 6 0 1 2 3 4 7
67 53 14 0 3 6 7 4 2 5 1
67 53 14 7 3 6 5 4 2 0 1
67 54 13 7 3 1 4 0 2 5 6
67 54 13 7 0 3 4 2 5 1 6
67 55 12 1 3 6 0 4 2 5 7
67 55 12 1 3 6 4 7 5 0 2
67 55 12 7 3 0 4 1 5 6 2
67 55 12 4 3 0 1 2 5 6 7
67 55 12 0 3 4 7 2 5 6 1
67 55 12 7 0 1 4 5 3 6 2
67 55 12 6 3 1 0 2 5 4 7
67 56 11 2 3 1 7 5 0 4 6
67 56 11 2 3 1 7 6 5 4 0
67 56 11 5 0 1 7 2 3 4 6
67 56 11 7 5 3 1 4 2 0 6
67 56 11 1 3 6 0 2 5 7 4
67 57 10 1 3 6 4 7 2 5 0
67 57 10 1 3 6 7 0 2 5 4
67 57 10 7 3 6 5 1 2 4 0
67 58 9 1 3 4 6 2 5 7 0
67 58 9 5 3 1 0 2 4 6 7
67 59 8 1 3 7 6 2 5 4 0
68 50 18 7 0 1 2 3 5 4 6
68 52 16 0 7 3 6 2 5 4 1
68 52 16 7 0 6 4 2 3 5 1
68 53 15 3 0 1 2 7 5 6 4
68 53 15 7 3 0 6 4 2 5 1
68 53 15 1 0 6 7 3 5 4 2
68 54 14 0 2 6 1 3 5 4 7
68 54 14 2 6 0 1 3 5 4 7
68 54 14 7 3 6 2 1 5 0 4
68 54 14 7 0 1 4 2 3 5 6
68 54 14 7 5 3 1 0 6 4 2
68 54 14 7 5 0 1 2 6 4 3
68 54 14 0 5 3 1 2 6 4 7
68 55 13 1 3 0 6 7 5 4 2
68 55 13 3 0 6 7 1 5 4 2
68 55 13 7 3 6 4 1 2 0 5
68 55 13 7 6 5 1 2 0 3 4
68 55 13 2 0 1 7 5 3 6 4
68 55 13 2 0 1 4 3 5 6 7
68 55 13 6 3 1 7 0 5 4 2
68 55 13 6 3 0 7 2 5 4 1
68 55 13 1 7 0 4 2 5 6 3
68 56 12 4 3 1 7 5 0 6 2
68 56 12 4 0 3 7 2 5 6 1
68 56 12 4 3 7 0 2 5 6 1
68 56 12 4 3 6 7 2 5 0 1
68 56 12 7 5 3 0 4 2 6 1
68 56 12 1 3 0 4 2 5 7 6
68 57 11 7 3 0 5 1 2 6 4
68 57 11 2 3 4 1 0 5 6 7
68 57 11 3 1 0 4 2 5 6 7
68 57 11 3 5 1 4 2 0 6 7
68 58 10 1 0 7 3 2 5 6 4
68 58 10 5 0 3 1 2 4 6 7
68 59 9 3 5 6 7 2 4 0 1
68 59 9 2 7 3 1 5 6 0 4
68 61 7 3 5 1 7 2 6 4 0
68 63 5 5 3 1 7 2 4 6 0
69 54 15 2 5 6 1 3 0 4 7
69 54 15 7 6 0 1 5 3 4 2
69 54 15 5 0 1 7 3 2 6 4
69 54 15 5 3 1 0 7 2 6 4
69 55 14 7 1 0 2 3 5 6 4
69 55 14 3 0 6 1 4 2 5 7
69 55 14 5 3 6 7 1 0 4 2
69 55 14 7 3 6 4 1 0 5 2
69 56 13 7 3 4 6 1 5 0 2
69 57 12 7 3 4 1 5 0 6 2
69 57 12 3 0 4 1 2 5 6 7
69 58 11 1 7 6 4 2 3 5 0
69 58 11 5 3 1 4 2 6 0 7
69 59 10 1 7 3 6 2 5 4 0
69 59 10 2 0 3 1 5 7 6 4
69 59 10 0 1 3 7 2 5 4 6
69 59 10 1 3 7 4 2 5 0 6
69 60 9 3 5 6 1 2 4 7 0
69 60 9 3 5 0 1 2 4 6 7
69 62 7 7 3 5 1 4 2 6 0
70 52 18 5 0 6 1 3 2 4 7
70 53 17 5 3 1 2 7 0 6 4
70 54 16 0 7 6 1 5 3 4 2
70 54 16 7 3 0 2 1 5 4 6
70 55 15 4 3 6 1 0 2 5 7
70 55 15 7 3 0 4 1 2 5 6
70 55 15 4 3 1 2 0 5 6 7
70 56 14 7 3 6 2 5 4 0 1
70 56 14 7 0 3 6 1 5 4 2
70 56 14 7 5 0 1 4 2 6 3
70 56 14 0 5 3 1 4 2 6 7
70 57 13 1 3 6 5 7 2 0 4
70 57 13 3 0 6 7 1 2 5 4
70 57 13 4 3 6 7 1 2 5 0
70 57 13 5 3 4 1 2 0 6 7
70 57 13 3 0 1 4 7 5 6 2
70 58 12 7 3 5 6 1 2 0 4
70 58 12 7 3 0 1 4 5 6 2
70 58 12 7 5 3 4 2 0 6 1
70 58 12 5 3 1 4 0 2 6 7
70 58 12 7 0 5 1 2 6 3 4
70 58 12 7 5 3 1 6 2 4 0
70 58 12 1 7 6 3 2 5 0 4
70 58 12 1 3 4 6 2 0 5 7
70 58 12 5 3 6 0 2 4 7 1
70 58 12 5 3 0 1 2 4 7 6
70 59 11 1 5 3 6 2 0 4 7
70 59 11 1 7 0 3 2 5 4 6
70 59 11 1 3 6 4 0 2 5 7
70 59 11 1 0 6 7 2 3 5 4
70 60 10 7 2 3 1 5 0 6 4
70 60 10 7 5 3 4 1 2 6 0
70 60 10 1 7 3 2 5 0 6 4
70 61 9 2 3 6 1 5 4 7 0
70 62 8 2 7 3 4 1 5 6 0
70 62 8 3 1 7 4 2 5 6 0
70 62 8 3 1 6 7 2 5 4 0
70 62 8 3 5 1 7 4 2 6 0
71 55 16 0 7 1 2 3 5 6 4
71 55 16 7 5 1 2 3 0 6 4
71 55 16 2 3 6 1 4 0 5 7
71 55 16 0 3 6 4 1 2 5 7
71 55 16 4 3 1 6 2 5 0 7
71 55 16 7 3 4 2 0 5 6 1
71 55 16 0 7 3 4 2 5 6 1
71 57 14 1 3 0 6 7 2 5 4
71 57 14 7 3 6 5 1 0 2 4
71 57 14 0 3 4 1 7 5 6 2
71 58 13 5 3 6 1 7 4 0 2
71 58 13 7 6 1 4 2 3 5 0
71 58 13 1 7 6 5 2 3 0 4
71 58 13 5 0 1 4 2 3 6 7
71 58 13 7 5 1 0 2 6 3 4
71 59 12 7 1 0 4 3 5 6 2
71 59 12 3 5 6 7 0 2 4 1
71 59 12 0 3 7 1 2 5 4 6
71 60 11 1 7 3 2 4 5 6 0
71 60 11 5 3 1 0 2 6 4 7
71 61 10 5 3 6 7 1 2 4 0
71 61 10 1 3 6 2 5 4 0 7
71 61 10 3 5 0 7 2 6 1 4
71 62 9 5 3 1 7 4 2 0 6
71 63 8 1 3 6 7 5 4 0 2
71 63 8 5 3 0 7 2 4 1 6
71 64 7 2 3 1 4 5 6 0 7
71 64 7 3 5 1 7 2 4 0 6
71 65 6 1 3 7 4 2 5 6 0
71 66 5 1 5 3 7 2 4 0 6
72 56 16 7 0 6 2 5 3 4 1
72 56 16 4 3 1 0 7 5 6 2
72 56 16 2 0 1 7 3 5 4 6
72 56 16 2 3 1 0 7 5 4 6
72 56 16 0 3 6 4 2 5 7 1
72 57 15 3 5 6 1 7 0 4 2
72 57 15 2 3 6 7 1 0 5 4
72 57 15 7 3 4 0 1 5 6 2
72 57 15 5 3 1 4 7 0 6 2
72 58 14 5 3 6 1 0 7 4 2
72 58 14 1 7 0 6 2 3 5 4
72 58 14 0 5 3 1 7 2 4 6
72 58 14 7 5 3 0 1 2 4 6
72 58 14 5 3 6 1 0 4 7 2
72 59 13 2 3 0 1 7 5 6 4
72 59 13 7 3 4 1 6 2 5 0
72 59 13 1 0 6 4 2 3 5 7
72 59 13 1 3 7 2 0 5 4 6
72 60 12 1 5 3 0 7 2 6 4
72 60 12 7 3 0 1 5 2 6 4
72 60 12 0 5 3 7 1 2 6 4
72 60 12 3 6 4 7 2 5 0 1
72 60 12 2 3 6 7 1 5 0 4
72 60 12 5 3 1 7 0 6 4 2
72 60 12 5 3 0 7 2 6 4 1
72 61 11 2 7 3 1 6 5 4 0
72 61 11 2 3 0 1 5 4 6 7
72 62 10 5 7 3 1 2 4 0 6
72 62 10 5 7 3 1 2 6 4 0
72 62 10 7 3 1 2 5 6 4 0
72 62 10 7 5 3 0 2 4 6 1
72 64 8 7 3 1 4 5 6 2 0
72 65 7 1 5 3 7 2 0 6 4
73 56 17 4 0 1 7 3 5 6 2
73 57 16 3 6 0 1 7 5 4 2
73 57 16 7 0 4 1 3 5 6 2
73 58 15 7 0 3 6 1 2 5 4
73 58 15 0 6 1 7 2 3 5 4
73 58 15 7 6 1 5 2 3 0 4
73 58 15 7 0 3 1 5 2 4 6
73 58 15 0 3 6 1 2 4 7 5
73 59 14 7 6 4 1 3 5 0 2
73 59 14 7 5 6 1 3 4 0 2
73 59 14 0 7 1 4 3 5 6 2
73 59 14 7 5 1 4 3 0 6 2
73 59 14 0 1 3 6 2 5 4 7
73 59 14 1 7 3 2 0 5 4 6
73 60 13 3 7 6 1 2 5 0 4
73 60 13 2 1 0 7 3 5 6 4
73 60 13 2 5 1 7 3 0 6 4
73 60 13 0 7 3 1 5 2 6 4
73 60 13 7 5 0 3 1 2 6 4
73 60 13 1 0 3 2 7 5 6 4
73 60 13 3 6 7 0 2 5 4 1
73 60 13 2 7 3 1 4 5 0 6
73 60 13 2 3 0 7 1 5 4 6
73 60 13 0 3 1 7 2 6 4 5
73 61 12 2 7 3 1 5 0 4 6
73 61 12 1 0 6 2 5 3 4 7
73 62 11 2 3 6 7 5 4 0 1
73 62 11 5 3 0 1 2 7 6 4
73 62 11 7 3 1 0 5 4 6 2
73 62 11 3 1 6 7 2 0 5 4
73 62 11 7 3 5 1 4 0 2 6
73 62 11 5 3 1 0 4 2 6 7
73 63 10 1 3 4 7 0 5 6 2
73 64 9 3 6 1 7 2 5 4 0
73 64 9 3 1 4 7 2 5 0 6
73 65 8 2 3 6 4 1 5 7 0
73 65 8 1 7 3 4 5 0 6 2
74 58 16 7 3 1 6 4 5 0 2
74 59 15 7 5 6 1 0 3 4 2
74 59 15 3 2 6 1 7 0 5 4
74 59 15 4 3 6 1 7 2 0 5
74 59 15 2 3 1 6 7 5 0 4
74 59 15 0 3 4 1 7 2 5 6
74 59 15 7 3 4 0 1 2 5 6
74 60 14 2 3 6 1 0 7 5 4
74 60 14 3 0 6 1 2 7 5 4
74 60 14 7 4 0 1 2 3 5 6
74 60 14 5 0 3 1 7 2 6 4
74 60 14 4 5 3 1 7 2 6 0
74 60 14 0 7 3 2 1 5 6 4
74 60 14 2 7 3 0 4 5 6 1
74 61 13 2 3 1 6 0 5 4 7
74 61 13 7 2 6 1 3 5 0 4
74 61 13 1 7 3 6 2 0 5 4
74 61 13 6 7 3 1 2 5 0 4
74 61 13 0 3 6 7 5 2 4 1
74 62 12 5 0 3 1 2 7 4 6
74 62 12 0 2 3 1 7 5 6 4
74 62 12 0 5 3 1 2 7 6 4
74 62 12 1 3 6 2 7 5 0 4
74 62 12 7 3 0 2 5 6 1 4
74 62 12 7 0 3 1 5 4 6 2
74 62 12 5 3 0 7 4 2 6 1
74 62 12 7 5 3 1 0 4 6 2
74 62 12 7 5 0 1 2 4 6 3
74 62 12 0 5 3 1 2 4 6 7
74 63 11 5 7 3 1 4 2 6 0
74 63 11 2 3 1 7 4 0 5 6
74 63 11 2 3 0 7 4 5 1 6
74 63 11 5 0 3 7 2 6 1 4
74 63 11 5 3 7 0 2 6 1 4
74 64 10 7 3 0 4 5 6 1 2
74 64 10 2 0 1 4 5 3 6 7
74 64 10 3 1 7 0 2 5 4 6
74 64 10 3 5 1 7 0 2 4 6
74 66 8 1 3 6 4 5 0 7 2
74 66 8 1 5 3 7 0 2 4 6
74 67 7 1 3 6 7 4 2 5 0
74 71 3 1 5 3 7 2 4 6 0
75 58 17 3 0 6 2 7 5 4 1
75 58 17 5 0 6 1 7 3 4 2
75 58 17 1 7 6 2 0 3 5 4
75 59 16 7 6 1 0 3 5 4 2
75 59 16 3 6 0 1 7 2 5 4
75 60 15 3 7 6 1 0 5 4 2
75 60 15 1 7 6 0 3 5 4 2
75 60 15 2 7 6 1 3 5 4 0
75 60 15 2 7 6 1 4 3 5 0
75 60 15 3 7 6 1 0 2 5 4
75 60 15 0 2 1 7 3 5 6 4
75 60 15 0 7 4 1 2 3 5 6
75 60 15 2 5 3 1 7 0 6 4
75 61 14 7 3 1 6 5 0 4 2
75 61 14 3 0 1 6 2 5 4 7
75 61 14 1 7 0 6 2 5 3 4
75 61 14 6 7 3 0 2 5 4 1
75 62 13 5 7 3 1 0 2 4 6
75 62 13 2 7 0 3 1 5 6 4
75 62 13 0 5 6 7 2 3 4 1
75 62 13 5 6 0 7 2 3 4 1
75 62 13 0 3 6 7 2 5 1 4
75 62 13 0 1 7 3 2 5 6 4
75 62 13 0 5 1 7 3 2 6 4
75 62 13 3 0 1 7 5 2 6 4
75 62 13 0 3 1 7 4 2 6 5
75 63 12 4 7 3 1 5 0 6 2
75 63 12 7 3 6 4 5 0 1 2
75 63 12 1 0 6 7 5 3 4 2
75 65 10 2 3 0 4 1 5 6 7
75 65 10 0 1 3 7 2 5 6 4
75 66 9 2 3 1 7 5 6 4 0
75 66 9 1 5 3 4 2 0 6 7
75 66 9 5 0 3 7 2 4 6 1
75 66 9 5 3 7 0 2 4 6 1
75 66 9 1 3 4 7 0 2 5 6
75 68 7 3 5 6 7 2 4 1 0
76 59 17 4 3 6 0 7 2 5 1
76 59 17 4 3 0 1 7 2 5 6
76 60 16 2 0 6 1 7 3 5 4
76 60 16 2 7 6 1 3 0 5 4
76 60 16 4 7 6 1 2 3 0 5
76 60 16 7 5 3 6 1 2 0 4
76 60 16 2 7 0 1 4 5 6 3
76 60 16 0 7 3 1 4 5 6 2
76 61 15 5 3 1 6 2 0 4 7
76 61 15 7 2 6 1 0 3 5 4
76 61 15 2 0 3 1 7 5 4 6
76 61 15 2 7 3 0 1 5 4 6
76 62 14 2 7 3 6 1 5 0 4
76 62 14 4 7 3 1 2 0 5 6
76 62 14 5 7 0 1 2 6 3 4
76 62 14 7 3 6 0 5 4 2 1
76 62 14 7 3 0 1 5 4 2 6
76 62 14 3 1 7 6 2 5 0 4
76 63 13 7 3 1 2 6 5 0 4
76 63 13 3 5 6 1 7 2 4 0
76 63 13 0 2 6 1 5 3 4 7
76 63 13 2 6 0 1 5 3 4 7
76 64 12 7 3 1 2 5 4 0 6
76 64 12 3 6 4 1 2 5 7 0
76 64 12 7 3 1 0 4 2 6 5
76 64 12 4 3 1 7 0 2 5 6
76 64 12 4 0 3 7 2 5 1 6
76 64 12 4 3 7 0 2 5 1 6
76 65 11 2 3 6 4 0 5 1 7
76 65 11 4 3 1 7 5 2 6 0
76 65 11 5 1 7 0 2 3 6 4
76 65 11 5 1 6 7 2 3 0 4
76 65 11 2 3 1 4 7 5 0 6
76 65 11 6 3 1 7 2 0 5 4
76 65 11 6 3 0 7 2 5 1 4
76 65 11 1 7 3 4 2 0 5 6
76 65 11 1 0 3 4 7 5 6 2
76 65 11 5 3 6 0 2 4 1 7
76 66 10 7 0 5 1 2 4 3 6
76 66 10 5 3 1 7 6 2 4 0
76 66 10 1 0 4 7 2 3 5 6
76 67 9 1 3 6 4 7 5 2 0
76 67 9 2 3 1 7 5 4 0 6
76 68 8 3 5 0 7 2 4 6 1
76 68 8 2 7 3 1 5 6 4 0
76 71 5 2 3 1 4 5 6 7 0
76 71 5 3 5 1 7 2 4 6 0
77 58 19 5 3 6 2 7 0 4 1
77 58 19 7 6 1 2 0 3 5 4
77 59 18 7 0 4 1 3 2 5 6
77 60 17 7 6 0 2 3 5 4 1
77 60 17 4 7 6 0 2 3 5 1
77 60 17 4 7 0 1 2 3 5 6
77 61 16 0 3 1 6 7 5 4 2
77 61 16 7 3 1 0 6 5 4 2
77 61 16 6 7 3 1 0 5 4 2
77 61 16 6 7 0 1 2 5 4 3
77 62 15 2 0 6 7 5 3 4 1
77 62 15 4 7 0 1 2 5 3 6
77 62 15 1 3 0 2 7 5 4 6
77 62 15 7 3 6 1 0 4 2 5
77 62 15 3 1 7 2 0 5 6 4
77 62 15 3 5 1 0 7 2 6 4
77 63 14 7 6 5 1 3 2 0 4
77 63 14 0 3 6 4 7 5 1 2
77 63 14 7 3 1 2 4 0 5 6
77 63 14 7 3 0 2 4 5 1 6
77 64 13 7 0 3 1 4 2 6 5
77 64 13 4 0 1 7 2 3 5 6
77 65 12 2 3 6 4 1 0 5 7
77 65 12 7 3 1 6 4 2 5 0
77 65 12 0 3 1 7 4 2 5 6
77 65 12 7 3 1 5 4 2 0 6
77 65 12 2 3 0 1 4 5 6 7
77 65 12 1 7 0 4 2 5 3 6
77 65 12 0 7 3 4 1 5 6 2
77 65 12 0 3 7 1 2 5 6 4
77 65 12 1 3 7 6 2 5 0 4
77 65 12 5 3 6 7 0 4 1 2
77 66 11 2 3 4 6 1 5 0 7
77 66 11 3 0 1 7 4 5 6 2
77 66 11 4 5 1 7 2 3 6 0
77 66 11 7 5 1 0 2 4 3 6
77 66 11 0 3 1 7 5 2 4 6
77 66 11 0 1 3 4 2 5 6 7
77 67 10 7 3 6 5 4 2 1 0
77 67 10 1 3 0 4 7 5 6 2
77 67 10 5 1 0 7 2 3 4 6
77 67 10 1 3 4 0 2 5 7 6
77 67 10 0 3 1 5 2 4 6 7
77 68 9 4 3 7 1 2 5 6 0
77 68 9 1 0 3 4 2 5 7 6
77 68 9 1 5 7 3 2 0 6 4
77 69 8 3 0 5 1 2 4 6 7
78 60 18 0 7 6 2 3 5 4 1
78 60 18 7 5 6 2 3 0 4 1
78 60 18 2 7 6 0 1 3 5 4
78 60 18 4 7 6 1 0 3 5 2
78 61 17 5 0 6 7 3 2 4 1
78 61 17 5 3 6 0 7 2 4 1
78 62 16 0 3 6 1 5 4 2 7
78 63 15 4 7 0 3 2 5 6 1
78 63 15 4 0 3 1 7 5 6 2
78 63 15 4 7 3 0 1 5 6 2
78 63 15 5 7 3 0 1 2 6 4
78 63 15 3 5 6 0 1 2 4 7
78 63 15 7 3 4 6 0 5 1 2
78 64 14 3 6 4 1 2 0 5 7
78 65 13 4 0 7 1 2 5 6 3
78 65 13 1 6 0 2 3 5 4 7
78 65 13 7 1 0 2 5 3 6 4
78 65 13 7 3 1 0 5 2 6 4
78 65 13 7 6 5 0 2 3 4 1
78 65 13 1 7 3 0 4 5 6 2
78 65 13 1 3 7 2 0 5 6 4
78 65 13 0 3 6 7 2 4 1 5
78 66 12 7 5 3 6 2 4 0 1
78 66 12 1 3 6 0 5 2 4 7
78 66 12 2 0 3 6 1 5 4 7
78 66 12 2 0 3 7 4 5 6 1
78 66 12 2 3 7 0 4 5 6 1
78 66 12 2 3 6 7 4 5 0 1
78 66 12 5 3 1 7 4 0 6 2
78 66 12 0 3 4 7 2 5 1 6
78 66 12 0 5 3 7 2 6 4 1
78 66 12 2 3 0 7 5 6 1 4
78 66 12 2 5 1 7 0 3 6 4
78 66 12 0 3 6 4 1 5 7 2
78 66 12 1 0 6 4 3 5 7 2
78 66 12 1 3 4 2 0 5 6 7
78 67 11 7 3 0 5 4 2 6 1
78 67 11 1 3 6 5 4 2 0 7
78 67 11 7 0 3 4 1 5 6 2
78 67 11 3 0 4 7 2 5 6 1
78 67 11 7 1 0 4 5 3 6 2
78 67 11 0 5 1 7 2 3 4 6
78 67 11 1 3 6 4 7 2 0 5
78 67 11 1 3 4 6 0 5 7 2
78 68 10 1 5 3 0 2 6 4 7
78 68 10 2 1 0 4 3 5 6 7
78 68 10 1 0 7 4 2 5 6 3
78 68 10 4 3 6 7 2 5 1 0
78 68 10 7 3 5 0 1 2 6 4
78 68 10 2 3 4 1 5 0 6 7
78 68 10 5 3 1 7 0 4 6 2
78 69 9 5 3 1 4 2 6 7 0
78 69 9 1 3 7 4 2 0 5 6
78 69 9 3 5 1 0 2 4 6 7
78 70 8 5 3 7 1 2 4 0 6
78 70 8 7 2 3 1 5 6 0 4
78 70 8 1 7 3 2 5 6 0 4
78 71 7 1 3 6 7 5 4 2 0
78 71 7 1 3 0 7 5 4 6 2
78 71 7 1 5 0 7 2 4 3 6
79 60 19 5 7 6 1 3 0 4 2
79 61 18 7 0 1 6 3 5 4 2
79 62 17 7 3 6 2 0 5 1 4
79 63 16 4 7 3 2 0 5 6 1
79 63 16 7 0 6 4 3 5 1 2
79 63 16 7 3 6 0 4 5 1 2
79 63 16 0 3 1 2 6 5 4 7
79 63 16 0 5 6 1 3 2 4 7
79 63 16 3 0 6 1 5 2 4 7
79 64 15 7 0 1 2 5 3 4 6
79 64 15 3 6 1 4 2 5 0 7
79 65 14 4 7 1 0 2 5 6 3
79 65 14 3 0 6 4 2 5 1 7
79 65 14 1 5 6 2 3 0 4 7
79 65 14 5 3 6 1 7 2 0 4
79 65 14 2 3 0 4 7 5 6 1
79 66 13 7 3 2 0 4 5 6 1
79 66 13 7 3 6 1 5 2 4 0
79 66 13 7 5 0 3 2 6 4 1
79 66 13 7 5 1 0 2 3 6 4
79 67 12 2 3 4 1 7 5 0 6
79 67 12 1 5 6 0 2 3 4 7
79 67 12 7 3 1 4 6 2 5 0
79 67 12 7 5 3 4 2 0 1 6
79 67 12 1 3 0 6 4 2 5 7
79 67 12 1 3 6 4 7 0 5 2
79 67 12 2 3 4 7 0 5 6 1
79 67 12 5 3 4 7 2 0 6 1
79 67 12 6 3 0 1 2 5 4 7
79 67 12 2 3 1 7 6 5 0 4
79 67 12 2 3 1 0 6 5 4 7
79 67 12 1 3 0 6 2 5 7 4
79 68 11 7 0 5 1 2 6 4 3
79 68 11 2 5 3 1 0 6 4 7
79 68 11 1 3 4 6 7 5 0 2
79 68 11 0 2 1 4 3 5 6 7
79 68 11 6 3 4 7 2 5 0 1
79 68 11 1 7 4 0 2 5 6 3
79 68 11 4 5 3 7 2 0 6 1
79 68 11 2 3 4 1 7 5 6 0
79 68 11 3 1 4 0 2 5 6 7
79 68 11 3 5 1 4 2 6 0 7
79 68 11 3 5 1 0 2 6 4 7
79 68 11 0 3 1 7 2 4 6 5
79 69 10 5 3 6 7 1 4 0 2
79 69 10 7 3 4 1 5 6 0 2
79 69 10 0 2 3 1 5 7 6 4
79 69 10 6 1 3 7 2 5 4 0
79 69 10 7 3 5 0 4 2 6 1
79 70 9 1 3 6 5 7 2 4 0
79 70 9 1 5 3 6 2 4 0 7
79 70 9 1 0 3 2 5 7 6 4
79 70 9 3 5 1 7 4 2 0 6
79 71 8 1 3 6 2 5 4 7 0
79 71 8 2 3 0 4 5 6 1 7
79 71 8 3 5 0 7 2 4 1 6
79 72 7 1 5 3 7 2 6 0 4
79 73 6 1 7 3 4 5 6 0 2
80 63 17 7 6 1 0 3 2 5 4
80 63 17 4 7 3 6 2 5 0 1
80 63 17 7 3 0 2 6 5 4 1
80 63 17 0 3 4 6 2 5 1 7
80 64 16 1 7 6 0 3 2 5 4
80 64 16 0 6 1 3 2 5 4 7
80 65 15 4 7 6 1 2 5 0 3
80 65 15 4 3 6 0 2 5 1 7
80 65 15 5 3 6 4 2 0 1 7
80 65 15 3 0 6 2 1 5 4 7
80 65 15 0 1 6 2 3 5 4 7
80 65 15 0 7 1 2 5 3 6 4
80 65 15 5 3 0 1 7 2 4 6
80 65 15 2 3 1 6 4 5 0 7
80 65 15 7 6 5 1 0 3 4 2
80 65 15 0 6 5 1 2 3 4 7
80 66 14 2 3 6 4 7 5 0 1
80 66 14 3 0 1 2 4 5 6 7
80 66 14 7 5 3 6 2 0 1 4
80 66 14 0 7 3 1 4 2 5 6
80 66 14 7 2 3 1 4 0 5 6
80 66 14 7 5 3 4 2 6 0 1
80 66 14 1 3 6 0 4 5 7 2
80 67 13 7 5 6 1 2 3 4 0
80 67 13 3 0 6 7 4 2 5 1
80 67 13 4 0 3 1 2 5 6 7
80 67 13 4 3 6 1 2 5 0 7
80 67 13 0 7 1 4 5 3 6 2
80 67 13 2 0 1 7 5 3 4 6
80 67 13 7 5 3 1 4 0 2 6
80 67 13 7 5 0 1 4 2 3 6
80 67 13 1 3 6 2 0 5 7 4
80 67 13 7 3 0 5 1 2 4 6
80 67 13 5 3 1 6 2 4 0 7
80 67 13 1 3 7 6 0 5 4 2
80 68 12 7 3 5 6 4 2 0 1
80 68 12 1 5 6 7 3 0 4 2
80 68 12 1 2 6 0 3 5 4 7
80 68 12 2 6 4 1 3 5 0 7
80 68 12 7 5 1 0 2 6 4 3
80 68 12 7 5 4 1 2 6 0 3
80 68 12 5 0 3 1 2 6 4 7
80 68 12 1 0 3 6 7 5 4 2
80 68 12 3 5 6 7 1 0 4 2
80 68 12 2 1 0 7 5 3 6 4
80 68 12 2 5 1 4 3 0 6 7
80 68 12 6 3 1 7 5 0 4 2
80 68 12 6 0 3 7 2 5 4 1
80 68 12 6 3 7 0 2 5 4 1
80 68 12 1 7 6 4 2 5 0 3
80 68 12 4 3 1 7 5 6 0 2
80 68 12 0 4 3 7 2 5 6 1
80 68 12 0 5 3 7 4 2 6 1
80 68 12 7 0 3 5 1 2 6 4
80 68 12 3 1 6 4 2 5 0 7
80 68 12 3 5 1 4 0 2 6 7
80 68 12 5 4 3 1 2 0 6 7
80 68 12 2 7 0 1 5 6 3 4
80 68 12 3 5 1 7 0 6 4 2
80 68 12 3 5 0 7 2 6 4 1
80 69 11 5 3 1 4 7 2 6 0
80 69 11 3 5 4 1 2 0 6 7
80 69 11 2 3 0 1 5 7 6 4
80 69 11 2 1 3 7 0 5 4 6
80 69 11 5 1 3 7 2 0 4 6
80 69 11 7 3 5 1 0 2 6 4
80 70 10 7 3 5 4 1 2 0 6
80 70 10 1 5 3 0 4 2 6 7
80 70 10 1 3 0 5 7 2 6 4
80 70 10 7 3 5 6 1 2 4 0
80 70 10 1 7 6 3 2 5 4 0
80 70 10 5 3 1 0 2 4 7 6
80 70 10 1 0 7 3 2 5 4 6
80 70 10 2 7 3 4 1 5 0 6
80 70 10 3 1 7 4 2 5 0 6
80 71 9 1 7 6 5 2 3 4 0
80 71 9 3 0 5 7 2 6 1 4
80 71 9 5 0 3 7 2 4 1 6
80 71 9 5 3 7 0 2 4 1 6
80 72 8 1 5 3 4 7 2 6 0
80 72 8 1 5 3 7 0 2 6 4
80 72 8 5 7 3 1 2 4 6 0
80 73 7 3 1 4 7 2 5 6 0
80 73 7 1 0 3 4 5 7 6 2
81 64 17 4 7 6 1 3 2 5 0
81 64 17 3 6 1 2 0 5 4 7
81 66 15 2 3 0 6 7 5 4 1
81 66 15 7 0 3 2 4 5 6 1
81 66 15 7 3 6 2 4 5 0 1
81 66 15 5 3 1 2 4 0 6 7
81 66 15 7 5 3 6 0 2 4 1
81 66 15 7 3 6 0 1 5 2 4
81 66 15 7 3 6 4 0 5 2 1
81 66 15 7 3 0 4 1 5 2 6
81 66 15 0 3 6 4 1 5 2 7
81 66 15 5 0 1 7 3 2 4 6
81 66 15 5 3 1 0 7 2 4 6
81 67 14 5 3 0 6 1 2 4 7
81 67 14 0 3 6 5 1 2 4 7
81 67 14 5 3 6 4 1 2 0 7
81 67 14 4 3 1 2 7 5 0 6
81 67 14 5 6 1 0 2 3 4 7
81 67 14 5 6 4 1 2 3 0 7
81 67 14 4 3 6 7 0 2 5 1
81 67 14 7 3 6 5 4 0 2 1
81 67 14 0 7 3 4 2 5 1 6
81 67 14 6 3 1 4 2 5 0 7
81 67 14 1 3 0 4 7 2 5 6
81 67 14 7 3 6 0 1 2 4 5
81 67 14 7 3 6 5 0 2 4 1
81 67 14 5 3 1 2 0 4 6 7
81 68 13 1 6 0 7 3 5 4 2
81 68 13 3 2 6 1 0 5 4 7
81 68 13 7 1 0 4 2 3 5 6
81 68 13 7 0 3 1 5 6 4 2
81 68 13 3 6 0 7 1 5 4 2
81 68 13 7 3 0 4 1 2 6 5
81 68 13 0 3 1 7 6 5 4 2
81 68 13 0 3 7 4 2 5 6 1
81 68 13 4 3 6 7 2 0 5 1
81 68 13 7 5 0 3 4 2 6 1
81 68 13 2 3 4 0 1 5 6 7
81 68 13 0 5 1 7 2 6 4 3
81 69 12 5 1 0 7 3 2 6 4
81 69 12 5 3 6 7 0 1 4 2
81 69 12 7 3 4 6 1 5 2 0
81 69 12 3 4 0 1 2 5 6 7
81 69 12 5 3 0 4 2 6 1 7
81 69 12 7 1 3 0 2 5 4 6
81 69 12 3 5 6 0 2 4 7 1
81 69 12 3 5 0 1 2 4 7 6
81 69 12 0 3 5 1 4 2 6 7
81 70 11 7 0 5 1 4 2 6 3
81 70 11 5 3 4 1 2 6 0 7
81 70 11 0 3 1 4 5 2 6 7
81 70 11 5 0 3 1 2 4 7 6
81 70 11 1 7 4 3 2 5 0 6
81 70 11 1 6 0 7 2 3 5 4
81 70 11 7 2 3 1 0 5 6 4
81 70 11 3 5 1 0 4 2 6 7
81 71 10 1 7 0 5 2 3 6 4
81 71 10 3 5 6 7 1 2 4 0
81 71 10 1 3 0 2 5 4 6 7
81 71 10 5 3 0 7 4 2 1 6
81 74 7 1 5 3 0 2 4 6 7
81 75 6 5 3 7 1 2 4 6 0
82 65 17 5 3 6 2 1 0 4 7
82 65 17 7 6 0 1 2 3 4 5
82 66 16 3 0 1 2 7 5 4 6
82 66 16 6 3 1 2 7 5 4 0
82 66 16 7 3 1 0 6 2 5 4
82 66 16 0 7 3 6 2 5 1 4
82 66 16 7 3 4 6 0 2 5 1
82 66 16 7 3 4 2 0 5 1 6
82 66 16 7 5 3 2 0 6 4 1
82 67 15 2 5 6 7 3 0 4 1
82 67 15 7 1 0 6 2 3 5 4
82 67 15 2 5 6 1 0 3 4 7
82 67 15 2 3 6 7 4 0 5 1
82 67 15 0 3 1 4 7 2 5 6
82 67 15 2 3 0 7 6 5 4 1
82 67 15 0 3 6 1 2 5 7 4
82 67 15 1 0 6 7 3 2 5 4
82 68 14 2 7 3 6 0 5 4 1
82 68 14 3 1 0 2 7 5 6 4
82 68 14 7 2 6 1 3 5 4 0
82 68 14 2 6 1 0 3 5 4 7
82 68 14 7 3 0 2 1 5 6 4
82 68 14 7 5 3 1 6 0 4 2
82 68 14 0 5 3 1 7 6 4 2
82 68 14 6 5 3 1 2 0 4 7
82 68 14 7 3 6 4 1 0 2 5
82 68 14 7 6 5 1 0 2 3 4
82 68 14 0 2 1 7 5 3 6 4
82 68 14 4 0 1 7 5 3 6 2
82 68 14 2 0 4 1 3 5 6 7
82 69 13 7 6 4 1 5 3 0 2
82 69 13 5 3 0 1 7 2 6 4
82 69 13 7 1 2 0 3 5 6 4
82 69 13 7 0 4 1 5 3 6 2
82 69 13 1 7 6 4 2 3 0 5
82 69 13 1 7 3 6 0 5 4 2
82 70 12 4 3 1 2 5 0 6 7
82 70 12 7 3 6 2 5 4 1 0
82 70 12 7 5 1 0 4 2 6 3
82 70 12 5 0 3 1 4 2 6 7
82 70 12 5 3 4 1 0 2 6 7
82 70 12 3 1 0 4 7 5 6 2
82 70 12 1 3 4 6 0 2 5 7
82 70 12 1 5 3 6 0 2 4 7
82 70 12 7 5 3 4 1 2 0 6
82 70 12 2 3 6 0 5 4 7 1
82 70 12 2 7 3 4 0 5 6 1
82 70 12 3 1 6 0 2 5 4 7
82 70 12 3 5 0 7 4 2 6 1
82 71 11 1 3 5 6 7 2 0 4
82 71 11 7 5 1 4 2 6 3 0
82 71 11 3 0 7 1 2 5 4 6
82 71 11 6 3 7 1 2 5 4 0
82 71 11 5 3 0 1 2 6 4 7
82 71 11 5 3 6 7 1 2 0 4
82 71 11 3 5 7 0 2 6 1 4
82 71 11 5 3 1 7 4 0 2 6
82 71 11 1 3 7 4 0 5 6 2
82 72 10 3 6 4 7 2 5 1 0
82 72 10 5 3 4 7 2 6 0 1
82 72 10 2 0 3 1 5 4 6 7
82 72 10 0 5 3 7 2 4 6 1
82 73 9 2 3 6 7 5 4 1 0
82 73 9 1 3 4 7 5 0 6 2
82 74 8 1 3 6 4 5 7 0 2
82 74 8 1 5 3 7 6 2 4 0
82 74 8 1 5 3 7 0 4 6 2
82 74 8 1 5 0 7 2 4 6 3
83 65 18 0 3 6 1 7 2 4 5
83 66 17 5 3 1 2 7 0 4 6
83 66 17 0 3 1 6 7 2 5 4
83 66 17 7 0 4 6 2 3 5 1
83 67 16 2 6 0 7 3 5 4 1
83 67 16 0 3 6 4 7 2 5 1
83 67 16 0 3 7 6 2 5 4 1
83 68 15 7 1 0 2 3 5 4 6
83 68 15 3 5 1 2 7 0 6 4
83 68 15 0 1 6 7 3 5 4 2
83 68 15 0 7 1 4 2 3 5 6
83 68 15 7 5 3 0 1 6 4 2
83 68 15 7 5 3 4 0 2 6 1
83 69 14 2 5 6 1 3 4 0 7
83 69 14 5 2 1 7 3 0 6 4
83 69 14 0 3 1 5 7 2 6 4
83 69 14 7 1 6 2 3 5 0 4
83 69 14 3 6 0 1 4 2 5 7
83 69 14 5 0 6 7 1 3 4 2
83 69 14 7 3 6 4 0 1 5 2
83 69 14 1 7 6 4 0 3 5 2
83 69 14 1 7 0 4 2 3 5 6
83 69 14 3 5 6 1 0 4 7 2
83 70 13 5 3 1 2 7 6 0 4
83 70 13 7 3 2 0 1 5 4 6
83 70 13 7 3 4 2 1 5 0 6
83 70 13 7 0 3 4 1 2 5 6
83 70 13 7 3 0 2 5 4 6 1
83 70 13 7 5 6 1 4 2 0 3
83 70 13 4 5 3 1 0 2 6 7
83 70 13 1 3 6 5 7 0 2 4
83 70 13 3 6 0 7 1 2 5 4
83 70 13 4 3 6 7 1 2 0 5
83 70 13 5 0 4 1 2 3 6 7
83 70 13 7 0 3 1 4 5 6 2
83 70 13 7 3 6 1 4 5 0 2
83 70 13 0 7 5 1 2 6 3 4
83 70 13 7 5 3 1 6 2 0 4
83 70 13 1 7 6 3 2 0 5 4
83 70 13 5 3 0 6 2 4 7 1
83 70 13 0 3 6 5 2 4 7 1
83 70 13 0 1 6 7 2 3 5 4
83 70 13 2 3 0 1 5 4 7 6
83 70 13 3 1 7 4 0 5 6 2
83 70 13 3 1 6 7 0 5 4 2
83 70 13 0 5 1 7 4 2 6 3
83 71 12 4 3 1 6 2 5 7 0
83 71 12 7 3 4 2 1 5 6 0
83 71 12 1 3 4 0 7 5 6 2
83 71 12 5 3 6 1 7 4 2 0
83 71 12 5 3 0 1 7 4 6 2
83 71 12 1 7 6 5 2 0 3 4
83 71 12 5 1 0 4 2 3 6 7
83 71 12 7 1 6 4 3 5 0 2
83 71 12 2 3 7 1 0 5 4 6
83 71 12 5 3 7 1 2 0 4 6
83 71 12 1 7 3 2 4 5 0 6
83 71 12 0 3 1 5 2 6 4 7
83 71 12 5 3 0 7 1 2 4 6
83 72 11 2 3 6 4 0 5 7 1
83 72 11 5 3 1 4 7 6 0 2
83 72 11 5 3 6 1 2 7 4 0
83 72 11 1 7 5 6 2 3 0 4
83 72 11 1 3 7 2 5 0 4 6
83 72 11 1 3 7 2 6 5 4 0
83 72 11 5 0 3 7 1 2 6 4
83 72 11 4 5 3 7 1 2 6 0
83 72 11 2 3 0 7 1 5 6 4
83 72 11 5 0 3 7 2 6 4 1
83 72 11 5 3 7 0 2 6 4 1
83 72 11 2 7 3 1 6 5 0 4
83 72 11 2 3 1 0 5 4 6 7
83 72 11 7 5 0 3 2 4 6 1
83 73 10 1 7 3 2 6 5 4 0
83 73 10 3 6 7 1 2 5 4 0
83 73 10 2 3 0 7 5 4 6 1
83 73 10 7 3 1 2 5 4 6 0
83 73 10 7 3 5 1 0 4 2 6
83 73 10 3 1 4 7 2 0 5 6
83 74 9 1 3 6 7 5 2 4 0
83 74 9 7 0 5 1 2 4 6 3
83 74 9 5 3 7 4 2 6 1 0
83 74 9 7 0 3 4 5 6 1 2
83 74 9 2 1 0 4 5 3 6 7
83 74 9 1 0 6 4 5 3 7 2
83 74 9 1 3 6 7 4 2 0 5
83 75 8 1 5 3 4 2 6 0 7
83 76 7 2 3 1 7 5 4 6 0
83 76 7 3 0 5 7 2 4 6 1
83 78 5 1 5 3 7 2 6 4 0
84 67 17 0 2 6 7 3 5 4 1
84 67 17 0 7 1 6 2 3 5 4
84 67 17 7 0 6 1 4 3 2 5
84 67 17 4 3 0 2 7 5 6 1
84 67 17 7 0 1 4 3 2 5 6
84 67 17 6 3 1 2 0 5 4 7
84 67 17 0 3 4 6 2 5 7 1
84 68 16 7 5 1 2 3 0 4 6
84 68 16 7 6 0 4 2 3 5 1
84 68 16 7 0 3 6 4 2 5 1
84 68 16 5 2 6 1 3 0 4 7
84 68 16 7 3 6 2 1 0 5 4
84 68 16 4 3 7 6 2 5 0 1
84 68 16 7 5 3 6 4 2 0 1
84 69 15 7 6 1 0 5 3 4 2
84 69 15 3 2 6 1 4 0 5 7
84 69 15 7 0 6 4 1 3 5 2
84 69 15 7 3 4 6 1 0 5 2
84 69 15 1 7 0 6 2 5 4 3
84 69 15 0 5 6 1 2 4 7 3
84 70 14 5 3 1 2 0 7 6 4
84 70 14 1 7 6 0 5 3 4 2
84 70 14 2 7 6 1 5 3 4 0
84 70 14 7 0 3 2 1 5 4 6
84 70 14 4 3 6 1 2 0 5 7
84 70 14 2 5 3 1 4 0 6 7
84 70 14 3 2 6 7 1 0 5 4
84 70 14 4 3 0 7 1 2 5 6
84 70 14 3 5 1 4 7 0 6 2
84 70 14 7 3 5 6 1 0 2 4
84 70 14 7 5 3 0 6 2 4 1
84 70 14 1 0 4 6 2 3 5 7
84 70 14 1 0 6 4 3 2 5 7
84 70 14 0 5 3 4 1 2 6 7
84 70 14 2 3 6 1 0 4 7 5
84 70 14 0 1 7 4 2 5 6 3
84 70 14 0 1 6 7 2 5 4 3
84 71 13 2 3 6 1 0 4 5 7
84 71 13 2 3 6 1 4 5 0 7
84 71 13 7 3 4 2 5 0 6 1
84 71 13 1 0 3 6 7 2 5 4
84 71 13 0 5 1 4 2 3 6 7
84 71 13 0 5 1 7 2 6 3 4
84 71 13 7 1 4 0 3 5 6 2
84 72 12 2 3 1 6 7 5 4 0
84 72 12 5 3 1 4 0 7 6 2
84 72 12 1 5 3 0 7 2 4 6
84 72 12 7 5 3 6 1 2 4 0
84 72 12 0 5 3 7 1 2 4 6
84 72 12 1 5 0 3 7 2 6 4
84 72 12 5 3 1 7 6 0 4 2
84 72 12 0 3 1 7 5 6 4 2
84 72 12 5 7 0 1 2 4 3 6
84 72 12 7 3 1 0 5 6 4 2
84 72 12 7 3 1 0 5 6 2 4
84 72 12 0 3 1 4 5 6 2 7
84 73 11 7 6 1 5 2 3 4 0
84 73 11 7 2 3 1 5 0 4 6
84 73 11 1 3 6 0 2 4 7 5
84 73 11 2 1 3 6 0 5 4 7
84 73 11 1 7 3 2 5 0 4 6
84 73 11 3 7 6 1 2 5 4 0
84 73 11 1 7 3 0 5 2 6 4
84 73 11 2 3 4 7 1 5 0 6
84 73 11 3 0 1 7 2 6 4 5
84 73 11 2 7 3 1 5 4 0 6
84 73 11 2 0 3 1 5 7 4 6
84 73 11 5 3 1 0 2 7 6 4
84 73 11 0 3 1 7 5 4 6 2
84 73 11 5 3 0 1 4 2 6 7
84 73 11 3 6 1 7 2 5 0 4
84 74 10 1 2 3 0 7 5 6 4
84 74 10 1 5 3 0 2 7 6 4
84 74 10 7 5 1 0 2 4 6 3
84 74 10 2 3 1 7 0 4 5 6
84 74 10 0 2 1 4 5 3 6 7
84 74 10 3 1 7 6 2 5 4 0
84 74 10 3 5 1 7 6 2 4 0
84 74 10 1 3 0 7 4 2 5 6
84 75 9 1 5 6 7 2 3 4 0
84 75 9 2 0 3 4 1 5 6 7
84 75 9 1 5 3 4 0 2 6 7
84 75 9 1 3 4 7 6 2 5 0
84 76 8 7 3 1 5 4 2 6 0
84 78 6 1 0 5 7 2 4 3 6
84 79 5 1 7 3 4 5 6 2 0
85 66 19 7 0 1 6 3 2 5 4
85 67 18 7 0 6 4 3 2 5 1
85 68 17 0 7 1 2 3 5 4 6
85 68 17 5 7 3 6 2 0 4 1
85 68 17 0 7 6 4 2 3 5 1
85 68 17 6 0 1 7 3 5 4 2
85 68 17 6 3 1 0 7 5 4 2
85 68 17 4 3 7 2 0 5 6 1
85 70 15 0 7 3 6 1 5 4 2
85 70 15 7 5 3 6 1 0 4 2
85 70 15 4 3 6 0 1 2 5 7
85 70 15 5 0 1 4 3 2 6 7
85 70 15 7 5 0 4 1 2 6 3
85 70 15 0 3 6 1 5 4 7 2
85 70 15 2 7 0 4 1 5 6 3
85 71 14 7 5 1 2 3 6 0 4
85 71 14 3 0 6 4 1 2 5 7
85 71 14 7 3 6 5 0 1 2 4
85 71 14 3 0 4 1 7 5 6 2
85 71 14 7 5 1 3 2 6 0 4
85 72 13 2 1 0 7 3 5 4 6
85 72 13 2 5 1 7 3 0 4 6
85 72 13 3 5 6 1 7 4 0 2
85 72 13 2 3 6 7 0 1 5 4
85 72 13 0 3 4 7 1 5 6 2
85 72 13 1 0 7 6 2 3 5 4
85 72 13 7 5 0 3 1 2 4 6
85 72 13 7 3 4 1 6 2 0 5
85 72 13 1 6 0 4 2 3 5 7
85 72 13 7 3 6 1 5 2 0 4
85 72 13 2 5 3 7 1 0 6 4
85 72 13 3 6 4 7 2 0 5 1
85 72 13 2 7 3 0 6 5 4 1
85 72 13 5 7 3 0 2 6 4 1
85 72 13 7 3 1 4 0 6 2 5
85 72 13 7 3 0 4 5 6 2 1
85 73 12 7 3 0 1 5 2 4 6
85 73 12 2 7 1 4 3 5 6 0
85 73 12 7 5 1 4 3 6 0 2
85 73 12 3 7 0 1 2 5 6 4
85 73 12 4 7 3 1 5 2 6 0
85 73 12 7 0 5 3 1 2 6 4
85 73 12 1 3 0 2 7 5 6 4
85 73 12 1 5 3 2 7 0 6 4
85 73 12 2 0 3 7 1 5 4 6
85 73 12 2 3 7 0 1 5 4 6
85 73 12 2 3 1 7 0 6 4 5
85 73 12 1 6 0 2 5 3 4 7
85 73 12 5 3 6 1 2 7 0 4
85 73 12 7 3 1 5 0 4 6 2
85 73 12 3 1 6 7 0 2 5 4
85 73 12 3 0 6 7 2 1 5 4
85 73 12 0 3 1 5 4 2 6 7
85 73 12 2 3 6 0 1 5 7 4
85 73 12 2 3 0 4 1 5 7 6
85 74 11 7 4 5 1 2 3 0 6
85 74 11 5 3 0 1 2 7 4 6
85 74 11 4 2 3 1 7 5 6 0
85 74 11 7 0 3 2 5 6 1 4
85 74 11 7 3 2 0 5 6 1 4
85 74 11 5 0 3 7 4 2 6 1
85 74 11 5 3 7 0 4 2 6 1
85 74 11 5 3 6 7 4 2 0 1
85 74 11 7 5 6 1 2 4 0 3
85 74 11 2 5 3 1 0 4 6 7
85 74 11 0 5 3 7 2 6 1 4
85 74 11 7 3 4 0 5 6 1 2
85 74 11 1 0 3 7 5 2 4 6
85 75 10 3 1 0 7 5 2 6 4
85 75 10 4 7 3 1 5 6 0 2
85 75 10 4 1 3 7 2 5 6 0
85 75 10 2 3 1 0 5 6 4 7
85 75 10 0 3 7 5 2 4 6 1
85 76 9 5 1 7 4 2 3 6 0
85 76 9 5 1 6 7 2 3 4 0
85 76 9 3 5 7 0 2 4 6 1
85 76 9 2 3 1 0 5 6 7 4
85 77 8 2 1 3 4 0 5 6 7
85 77 8 7 3 1 5 2 4 6 0
85 77 8 0 3 5 1 2 4 6 7
85 78 7 7 2 3 1 5 6 4 0
85 78 7 1 7 3 2 5 6 4 0
85 80 5 1 5 3 7 4 2 6 0
86 69 17 5 3 1 6 7 2 0 4
86 70 16 5 6 0 1 3 2 4 7
86 70 16 5 0 1 2 7 3 6 4
86 70 16 5 7 6 1 0 3 4 2
86 70 16 4 0 1 2 3 5 6 7
86 70 16 7 5 0 1 6 2 4 3
86 70 16 0 5 3 1 6 2 4 7
86 71 15 3 7 1 2 0 5 6 4
86 71 15 2 7 1 0 3 5 6 4
86 71 15 4 7 1 2 3 5 6 0
86 71 15 7 5 1 2 0 3 6 4
86 71 15 4 3 1 6 2 0 5 7
86 71 15 4 3 0 6 2 5 1 7
86 71 15 0 3 4 2 7 5 6 1
86 71 15 5 7 3 4 2 0 6 1
86 71 15 7 6 1 4 2 3 0 5
86 71 15 0 5 6 7 3 2 4 1
86 71 15 3 0 6 7 5 2 4 1
86 71 15 1 7 0 2 4 5 6 3
86 71 15 5 3 1 2 0 6 4 7
86 71 15 0 3 6 7 1 2 4 5
86 72 14 4 3 0 1 7 5 6 2
86 72 14 3 0 6 4 2 5 7 1
86 72 14 3 5 6 1 0 7 4 2
86 72 14 5 0 1 4 7 3 6 2
86 72 14 0 3 6 1 5 7 4 2
86 72 14 5 0 3 1 7 2 4 6
86 72 14 6 5 3 1 7 2 4 0
86 72 14 5 3 6 1 4 0 7 2
86 72 14 0 3 7 2 1 5 4 6
86 72 14 1 5 3 6 7 2 0 4
86 72 14 5 7 3 1 0 6 4 2
86 72 14 0 3 1 2 5 6 4 7
86 73 13 7 2 3 6 1 0 5 4
86 73 13 6 0 1 7 2 3 5 4
86 73 13 3 0 6 1 2 4 7 5
86 73 13 7 6 4 1 3 5 2 0
86 73 13 7 5 6 1 3 4 2 0
86 73 13 7 5 0 1 3 4 6 2
86 73 13 3 7 1 4 0 5 6 2
86 73 13 6 1 3 0 2 5 4 7
86 73 13 7 1 3 6 2 5 4 0
86 73 13 2 1 7 0 3 5 6 4
86 73 13 2 5 1 7 3 6 0 4
86 73 13 0 1 3 2 7 5 6 4
86 73 13 7 3 1 0 2 6 4 5
86 73 13 6 3 1 7 2 0 4 5
86 73 13 7 0 5 1 4 3 2 6
86 74 12 5 2 3 1 7 0 6 4
86 74 12 2 3 1 6 5 0 4 7
86 74 12 0 5 3 1 2 7 4 6
86 74 12 2 5 3 1 0 7 6 4
86 74 12 4 5 3 1 2 7 6 0
86 74 12 7 4 3 1 5 0 6 2
86 74 12 7 5 3 1 4 0 6 2
86 74 12 5 7 3 1 4 2 0 6
86 74 12 2 0 3 7 4 5 1 6
86 74 12 2 3 7 0 4 5 1 6
86 74 12 5 6 3 7 2 0 1 4
86 74 12 0 3 7 5 2 6 1 4
86 74 12 5 3 7 1 2 6 0 4
86 75 11 2 5 3 1 7 6 0 4
86 75 11 3 0 1 7 4 2 6 5
86 75 11 4 0 3 1 5 7 6 2
86 75 11 7 3 6 4 5 1 0 2
86 75 11 2 1 3 7 0 5 6 4
86 75 11 5 1 3 7 2 0 6 4
86 75 11 5 4 3 7 2 0 6 1
86 75 11 3 5 6 0 2 4 1 7
86 76 10 2 3 6 4 5 0 1 7
86 76 10 1 5 3 4 7 0 6 2
86 76 10 1 4 0 7 2 3 5 6
86 76 10 2 3 0 7 5 4 1 6
86 76 10 2 3 1 4 0 6 7 5
86 76 10 2 3 0 4 5 6 7 1
86 76 10 3 5 1 7 0 4 6 2
86 77 9 2 3 4 6 1 5 7 0
86 77 9 3 0 1 5 2 4 6 7
86 77 9 1 5 7 3 2 6 0 4
86 78 8 1 3 6 5 4 2 7 0
86 78 8 1 3 0 5 4 2 6 7
86 78 8 7 3 5 4 1 2 6 0
86 78 8 2 3 4 1 5 6 0 7
86 78 8 1 0 3 7 5 4 6 2
86 78 8 1 3 7 0 5 4 6 2
86 78 8 1 5 7 0 2 4 3 6
86 79 7 2 0 3 4 5 6 1 7
86 79 7 3 0 5 7 2 4 1 6
87 70 17 3 7 6 1 5 0 4 2
87 70 17 5 3 6 2 0 4 7 1
87 71 16 2 0 6 1 4 3 5 7
87 71 16 7 0 6 5 1 3 2 4
87 71 16 5 3 4 1 7 0 6 2
87 71 16 7 6 1 4 0 3 5 2
87 72 15 0 2 1 7 3 5 4 6
87 72 15 2 0 6 7 1 3 5 4
87 72 15 5 3 6 0 1 4 7 2
87 72 15 7 3 4 0 6 2 5 1
87 72 15 0 1 6 4 2 3 5 7
87 72 15 5 7 0 1 2 6 4 3
87 72 15 7 3 1 2 0 6 4 5
87 72 15 7 3 0 2 5 6 4 1
87 72 15 7 5 3 2 0 4 6 1
87 73 14 4 1 0 7 3 5 6 2
87 73 14 4 5 1 7 3 0 6 2
87 73 14 3 6 4 1 7 5 0 2
87 73 14 4 6 1 7 2 3 5 0
87 73 14 3 6 1 7 2 0 5 4
87 73 14 7 6 1 5 2 0 3 4
87 73 14 7 6 0 5 2 3 1 4
87 73 14 0 7 3 1 5 2 4 6
87 73 14 7 5 1 4 0 3 6 2
87 73 14 1 0 3 2 7 5 4 6
87 73 14 2 1 6 7 3 5 0 4
87 73 14 7 5 6 3 1 2 0 4
87 73 14 2 7 3 1 4 0 5 6
87 73 14 0 1 6 2 5 3 4 7
87 73 14 1 0 4 7 3 5 6 2
87 73 14 3 6 1 7 0 5 4 2
87 74 13 7 3 1 6 4 5 2 0
87 74 13 3 2 6 1 7 5 0 4
87 74 13 1 3 4 0 7 2 5 6
87 74 13 7 3 4 6 1 2 5 0
87 74 13 0 3 4 7 1 2 5 6
87 74 13 7 3 4 5 1 2 0 6
87 74 13 2 3 6 1 4 7 5 0
87 74 13 7 0 3 2 1 5 6 4
87 74 13 4 7 3 2 1 5 6 0
87 74 13 7 2 0 1 3 5 6 4
87 74 13 1 7 3 6 0 2 5 4
87 74 13 1 0 3 6 2 7 5 4
87 74 13 0 7 3 1 5 4 6 2
87 74 13 0 5 3 1 7 4 6 2
87 74 13 7 5 3 0 1 4 6 2
87 74 13 5 7 3 0 4 2 6 1
87 74 13 2 0 1 7 4 3 5 6
87 74 13 0 1 7 3 2 5 4 6
87 74 13 0 5 1 7 3 2 4 6
87 74 13 3 0 1 7 5 2 4 6
87 75 12 1 7 6 2 3 5 4 0
87 75 12 3 2 1 7 0 5 6 4
87 75 12 3 0 6 7 2 5 1 4
87 75 12 2 1 7 3 0 5 6 4
87 75 12 4 1 7 3 2 5 6 0
87 75 12 3 2 1 7 5 0 6 4
87 75 12 4 3 1 7 0 2 6 5
87 75 12 1 6 0 7 5 3 4 2
87 75 12 7 1 3 0 2 5 6 4
87 75 12 3 5 6 7 0 4 1 2
87 76 11 2 7 3 6 1 5 4 0
87 76 11 7 3 2 1 5 4 0 6
87 76 11 1 2 6 0 5 3 4 7
87 76 11 2 6 4 1 5 3 0 7
87 76 11 4 5 3 7 2 0 1 6
87 76 11 2 3 6 4 7 5 1 0
87 76 11 4 3 1 7 5 2 0 6
87 76 11 1 7 3 4 0 2 5 6
87 76 11 1 0 3 4 2 7 5 6
87 76 11 0 1 3 4 7 5 6 2
87 76 11 0 7 5 1 2 4 3 6
87 76 11 5 3 1 7 6 2 0 4
87 76 11 1 3 6 4 0 5 2 7
87 76 11 2 7 3 0 5 6 4 1
87 76 11 0 3 1 4 5 6 7 2
87 76 11 0 5 1 7 2 4 6 3
87 77 10 3 1 0 7 4 5 6 2
87 77 10 3 5 1 7 4 0 6 2
87 77 10 5 1 4 7 2 3 0 6
87 77 10 2 3 1 5 0 4 6 7
87 77 10 1 5 3 4 2 0 7 6
87 77 10 1 5 7 3 0 2 6 4
87 77 10 3 4 5 1 2 0 6 7
87 78 9 7 3 1 4 5 2 6 0
87 78 9 1 3 7 2 4 5 6 0
87 78 9 2 3 7 1 4 5 6 0
87 78 9 1 3 4 2 5 0 6 7
87 78 9 1 3 4 6 5 0 7 2
87 78 9 1 5 7 4 2 0 6 3
87 79 8 1 2 3 0 5 7 6 4
87 79 8 1 5 3 6 2 4 7 0
87 80 7 5 1 3 7 2 4 0 6
87 82 5 1 0 5 7 2 4 6 3
88 70 18 4 0 6 1 3 2 5 7
88 71 17 7 0 4 2 3 5 6 1
88 71 17 7 5 1 2 0 6 3 4
88 71 17 3 5 6 0 7 2 4 1
88 72 16 7 6 0 2 5 3 4 1
88 72 16 4 3 1 6 7 5 0 2
88 72 16 4 3 6 0 2 5 7 1
88 72 16 5 3 6 4 2 0 7 1
88 72 16 5 3 6 0 1 7 4 2
88 72 16 2 5 3 1 7 0 4 6
88 72 16 7 3 0 1 6 2 5 4
88 72 16 0 3 4 1 6 2 5 7
88 72 16 1 0 7 2 3 5 4 6
88 72 16 5 0 1 7 3 6 4 2
88 72 16 5 3 1 0 7 6 4 2
88 72 16 0 7 3 1 6 5 4 2
88 72 16 0 7 3 1 2 6 4 5
88 73 15 0 4 1 7 3 5 6 2
88 73 15 0 7 4 1 3 5 6 2
88 73 15 7 4 0 1 3 5 6 2
88 73 15 7 5 4 1 3 0 6 2
88 73 15 2 6 1 7 0 3 5 4
88 73 15 5 1 3 6 2 0 4 7
88 73 15 0 7 3 2 1 5 4 6
88 73 15 3 6 7 4 2 5 0 1
88 73 15 2 7 0 1 4 5 3 6
88 73 15 7 3 1 6 5 4 0 2
88 73 15 5 3 1 6 4 2 0 7
88 73 15 0 6 1 7 2 5 4 3
88 74 14 3 2 6 1 0 7 5 4
88 74 14 2 3 0 6 7 5 1 4
88 74 14 0 3 6 1 2 7 5 4
88 74 14 3 6 0 1 2 7 5 4
88 74 14 7 4 1 0 2 3 5 6
88 74 14 4 5 3 1 7 2 0 6
88 74 14 6 7 3 1 2 0 5 4
88 74 14 1 3 6 2 7 0 5 4
88 74 14 4 5 3 1 2 0 6 7
88 75 13 3 6 5 1 7 2 0 4
88 75 13 1 7 6 4 3 5 0 2
88 75 13 3 7 6 1 4 2 5 0
88 75 13 1 7 4 0 2 3 5 6
88 75 13 3 1 0 6 2 5 4 7
88 75 13 3 5 1 6 2 0 4 7
88 75 13 1 0 7 6 2 5 3 4
88 75 13 1 7 6 0 2 5 3 4
88 75 13 5 7 3 1 6 2 4 0
88 75 13 2 0 7 3 1 5 6 4
88 75 13 2 7 6 3 1 5 0 4
88 75 13 5 6 4 7 2 3 0 1
88 75 13 2 3 6 7 0 5 1 4
88 75 13 5 3 6 7 2 0 1 4
88 75 13 5 1 7 3 2 0 6 4
88 75 13 4 5 1 7 3 2 6 0
88 75 13 2 3 1 7 4 0 6 5
88 75 13 7 0 6 4 5 3 1 2
88 75 13 5 3 7 6 2 4 0 1
88 75 13 0 5 6 7 2 4 1 3
88 76 12 4 3 5 1 7 2 0 6
88 76 12 7 3 1 0 5 4 2 6
88 76 12 4 3 1 7 6 2 5 0
88 76 12 0 4 3 7 2 5 1 6
88 76 12 4 3 7 6 2 5 1 0
88 76 12 4 3 1 0 5 2 6 7
88 76 12 0 1 7 5 2 3 6 4
88 76 12 5 1 6 7 2 0 3 4
88 76 12 2 3 0 4 7 5 1 6
88 76 12 6 3 1 7 0 2 5 4
88 76 12 6 0 3 7 2 5 1 4
88 76 12 6 3 7 0 2 5 1 4
88 76 12 5 3 0 6 2 4 1 7
88 76 12 0 3 6 5 2 4 1 7
88 76 12 7 4 5 1 2 0 3 6
88 76 12 0 1 4 7 2 3 5 6
88 77 11 1 3 4 2 7 5 0 6
88 77 11 3 1 7 2 4 5 6 0
88 77 11 3 5 1 4 7 2 6 0
88 77 11 3 0 1 7 4 2 5 6
88 77 11 6 3 1 7 4 2 5 0
88 77 11 7 3 0 5 4 2 1 6
88 77 11 1 0 7 4 2 5 3 6
88 77 11 3 0 7 1 2 5 6 4
88 77 11 1 3 7 6 2 0 5 4
88 77 11 4 5 1 7 2 3 0 6
88 77 11 7 5 1 6 2 4 3 0
88 77 11 0 5 1 7 2 4 3 6
88 77 11 6 3 1 7 5 2 4 0
88 77 11 7 1 3 4 2 5 6 0
88 77 11 5 1 7 0 2 3 4 6
88 77 11 4 3 7 1 2 5 0 6
88 77 11 0 1 3 4 2 5 7 6
88 78 10 5 7 3 4 1 2 6 0
88 78 10 7 5 3 6 2 4 1 0
88 78 10 1 3 6 4 5 2 0 7
88 78 10 2 3 6 7 4 5 1 0
88 78 10 5 3 1 7 4 6 0 2
88 78 10 2 5 1 7 4 3 6 0
88 78 10 1 6 0 4 3 5 7 2
88 78 10 1 3 4 2 7 5 6 0
88 78 10 3 5 4 7 2 0 6 1
88 78 10 1 5 0 3 2 6 4 7
88 78 10 2 1 6 4 3 5 0 7
88 78 10 0 3 5 7 1 2 6 4
88 78 10 1 3 7 4 0 2 5 6
88 78 10 1 3 0 7 5 4 2 6
88 79 9 1 3 5 6 4 2 0 7
88 79 9 6 3 4 7 2 5 1 0
88 79 9 1 7 4 3 2 5 6 0
88 79 9 3 0 1 7 2 4 6 5
88 79 9 5 3 6 7 1 4 2 0
88 79 9 5 3 0 7 1 4 6 2
88 79 9 7 3 4 1 5 6 2 0
88 79 9 4 2 3 1 5 7 6 0
88 79 9 2 3 4 0 5 6 1 7
88 79 9 3 5 7 0 2 4 1 6
88 79 9 1 5 0 7 2 6 3 4
88 79 9 1 7 0 4 5 6 3 2
88 80 8 1 4 3 7 2 5 6 0
88 80 8 1 3 0 4 5 7 6 2
89 71 18 5 7 1 2 3 0 6 4
89 71 18 0 6 1 4 2 3 5 7
89 71 18 0 7 3 2 4 5 6 1
89 72 17 0 7 6 2 5 3 4 1
89 72 17 5 0 6 1 3 4 7 2
89 72 17 2 7 0 1 6 5 4 3
89 73 16 3 6 1 0 7 5 4 2
89 73 16 0 7 3 6 1 2 5 4
89 73 16 7 6 4 1 3 0 5 2
89 73 16 4 7 1 0 3 5 6 2
89 73 16 5 7 1 4 3 0 6 2
89 73 16 0 6 7 3 2 5 4 1
89 74 15 7 3 1 6 4 0 5 2
89 74 15 7 3 0 6 4 5 1 2
89 74 15 4 3 0 1 7 2 6 5
89 74 15 2 3 1 6 7 0 5 4
89 74 15 3 0 4 1 7 2 5 6
89 74 15 6 3 4 1 7 2 5 0
89 74 15 4 5 3 0 7 2 6 1
89 74 15 2 7 0 3 4 5 6 1
89 74 15 6 7 0 1 2 5 3 4
89 74 15 7 3 6 0 5 2 4 1
89 74 15 5 7 0 1 4 2 6 3
89 74 15 3 1 7 2 0 5 4 6
89 74 15 3 5 1 0 7 2 4 6
89 75 14 1 7 6 2 4 3 5 0
89 75 14 7 6 1 2 3 5 4 0
89 75 14 1 7 0 6 3 5 4 2
89 75 14 2 7 6 1 3 5 0 4
89 75 14 7 2 1 0 3 5 6 4
89 75 14 4 2 1 7 3 5 6 0
89 75 14 2 5 6 7 0 3 4 1
89 75 14 5 6 7 0 2 3 4 1
89 75 14 0 1 6 7 5 3 4 2
89 75 14 2 3 0 7 5 6 4 1
89 75 14 5 3 7 2 0 4 6 1
89 75 14 1 0 4 7 3 2 5 6
89 76 13 2 0 7 1 4 5 6 3
89 76 13 0 2 3 1 7 5 4 6
89 76 13 5 0 7 1 2 6 3 4
89 76 13 7 0 3 1 5 4 2 6
89 76 13 3 1 7 6 2 0 5 4
89 76 13 7 2 6 1 5 3 4 0
89 76 13 2 6 1 0 5 3 4 7
89 76 13 7 3 0 2 5 4 1 6
89 76 13 0 3 7 4 2 5 1 6
89 76 13 2 3 1 4 7 0 5 6
89 76 13 5 3 1 0 6 2 4 7
89 76 13 1 3 6 0 7 5 2 4
89 76 13 1 3 0 4 7 5 2 6
89 76 13 2 7 3 1 0 6 4 5
89 77 12 4 7 5 1 2 3 0 6
89 77 12 1 3 2 0 7 5 4 6
89 77 12 7 6 5 1 3 2 4 0
89 77 12 4 1 0 7 2 3 5 6
89 77 12 2 3 6 4 0 1 5 7
89 77 12 7 3 1 5 4 0 2 6
89 77 12 2 0 3 1 4 5 6 7
89 77 12 1 7 4 0 2 5 3 6
89 77 12 2 3 7 1 0 5 6 4
89 77 12 5 3 7 1 2 0 6 4
89 77 12 5 3 6 7 4 0 1 2
89 77 12 0 3 6 7 5 4 1 2
89 77 12 7 5 1 3 2 4 0 6
89 77 12 1 3 4 2 0 5 7 6
89 78 11 1 6 4 2 3 5 0 7
89 78 11 1 3 7 2 5 0 6 4
89 78 11 3 0 6 7 2 4 1 5
89 78 11 1 3 0 6 5 2 4 7
89 78 11 2 5 3 7 4 0 6 1
89 78 11 3 0 4 7 2 5 1 6
89 78 11 2 0 3 7 5 6 1 4
89 78 11 2 3 7 0 5 6 1 4
89 78 11 1 5 6 4 3 0 7 2
89 78 11 1 3 6 5 4 0 2 7
89 78 11 3 4 0 7 2 5 6 1
89 78 11 7 1 6 4 5 3 0 2
89 78 11 6 5 1 7 2 3 4 0
89 78 11 1 3 0 4 7 2 6 5
89 78 11 1 3 4 0 6 5 7 2
89 78 11 2 1 4 0 3 5 6 7
89 78 11 2 0 4 1 5 3 6 7
89 78 11 5 3 1 4 0 6 7 2
89 78 11 1 0 7 4 2 3 5 6
89 78 11 7 2 0 1 5 6 3 4
89 78 11 1 7 0 2 5 6 3 4
89 78 11 1 3 6 0 5 4 2 7
89 78 11 1 3 6 7 0 4 2 5
89 79 10 7 3 2 1 4 5 6 0
89 79 10 7 5 1 4 2 3 6 0
89 79 10 2 3 4 7 1 5 6 0
89 79 10 1 3 4 6 7 5 2 0
89 79 10 3 2 1 4 0 5 6 7
89 79 10 3 5 1 4 2 6 7 0
89 79 10 2 3 1 7 0 4 6 5
89 79 10 6 1 3 7 2 5 0 4
89 79 10 0 3 5 7 4 2 6 1
89 79 10 1 3 0 2 5 7 6 4
89 79 10 3 5 0 7 4 2 1 6
89 79 10 1 3 6 0 5 4 7 2
89 80 9 3 0 5 7 2 6 4 1
89 80 9 7 3 5 1 2 0 6 4
89 80 9 1 3 5 0 7 2 6 4
89 80 9 1 5 7 3 2 0 4 6
89 80 9 0 3 5 7 2 6 1 4
89 80 9 0 5 3 7 2 4 1 6
89 80 9 5 3 7 6 2 4 1 0
89 80 9 0 1 3 4 5 7 6 2
89 81 8 3 5 7 1 2 4 0 6
89 81 8 1 3 5 0 4 2 6 7
89 81 8 1 6 5 7 2 3 0 4
89 81 8 1 5 0 3 2 4 6 7
89 82 7 1 3 6 4 5 7 2 0
89 82 7 1 5 7 0 2 4 6 3
89 82 7 1 5 6 7 2 4 0 3
89 83 6 1 5 3 4 2 6 7 0
89 84 5 1 2 3 4 7 5 6 0
89 84 5 1 3 5 7 4 2 0 6
90 72 18 5 0 6 1 3 7 4 2
90 73 17 4 3 6 1 2 0 7 5
90 74 16 4 3 6 1 7 0 2 5
90 74 16 2 3 4 1 7 0 5 6
90 74 16 2 3 6 0 1 7 5 4
90 74 16 5 7 3 2 1 0 6 4
90 74 16 2 7 3 6 4 5 0 1
90 74 16 2 0 1 6 3 5 4 7
90 74 16 0 7 3 1 4 2 6 5
90 74 16 5 3 7 2 0 6 1 4
90 75 15 1 7 6 2 3 0 5 4
90 75 15 7 6 1 4 3 5 0 2
90 75 15 1 7 6 3 0 5 4 2
90 75 15 2 7 4 1 0 3 5 6
90 75 15 6 7 4 1 2 3 5 0
90 75 15 3 7 4 1 2 0 5 6
90 75 15 7 0 1 6 5 3 4 2
90 75 15 6 7 0 3 2 5 4 1
90 75 15 5 7 3 0 1 2 4 6
90 75 15 7 5 6 0 2 3 4 1
90 75 15 7 5 1 0 3 2 6 4
90 76 14 2 7 1 0 4 5 6 3
90 76 14 5 3 1 6 0 2 4 7
90 76 14 2 7 0 3 1 5 4 6
90 76 14 2 7 3 6 1 0 5 4
90 76 14 4 0 3 1 2 7 5 6
90 76 14 5 7 1 0 2 6 3 4
90 76 14 0 3 6 7 5 4 2 1
90 76 14 3 1 0 6 2 5 7 4
90 76 14 7 3 0 2 6 5 1 4
90 76 14 3 5 6 1 7 2 0 4
90 76 14 5 2 6 1 0 3 4 7
90 76 14 3 2 6 1 5 0 4 7
90 76 14 3 6 4 1 0 5 7 2
90 76 14 2 0 6 4 3 5 1 7
90 76 14 4 3 0 7 5 2 6 1
90 76 14 5 3 0 7 6 2 4 1
90 76 14 0 7 3 1 5 6 4 2
90 77 13 7 3 1 4 6 5 0 2
90 77 13 6 0 7 1 2 5 4 3
90 77 13 3 1 7 2 5 0 6 4
90 77 13 3 5 0 1 7 2 6 4
90 77 13 7 3 1 2 0 4 5 6
90 77 13 7 3 2 0 4 5 1 6
90 77 13 7 2 3 1 4 0 6 5
90 77 13 0 4 1 7 2 3 5 6
90 77 13 2 0 6 4 1 3 5 7
90 77 13 2 3 4 6 1 0 5 7
90 77 13 4 5 1 0 2 3 6 7
90 77 13 7 3 1 0 5 2 4 6
90 77 13 4 1 3 0 2 5 6 7
90 77 13 5 1 3 4 2 0 6 7
90 77 13 4 3 1 5 2 0 6 7
90 78 12 2 7 6 4 1 3 5 0
90 78 12 4 5 7 1 2 0 6 3
90 78 12 1 6 2 0 3 5 4 7
90 78 12 7 1 2 0 5 3 6 4
90 78 12 1 7 0 3 4 5 6 2
90 78 12 2 3 6 7 0 4 1 5
90 78 12 1 3 6 5 0 2 4 7
90 78 12 0 2 3 6 1 5 4 7
90 78 12 5 0 1 7 4 3 6 2
90 78 12 2 3 4 7 0 5 1 6
90 78 12 5 3 4 7 2 0 1 6
90 78 12 2 5 3 7 0 6 4 1
90 78 12 3 0 6 4 1 5 7 2
90 78 12 0 1 6 4 3 5 7 2
90 78 12 7 0 3 5 4 2 6 1
90 78 12 7 5 3 4 1 0 6 2
90 78 12 7 1 4 0 5 3 6 2
90 78 12 2 5 1 7 0 3 4 6
90 78 12 1 3 6 4 7 0 2 5
90 78 12 1 5 3 2 0 6 4 7
90 78 12 5 3 1 0 2 6 7 4
90 78 12 0 5 1 3 2 4 6 7
90 79 11 3 6 1 4 2 5 7 0
90 79 11 2 0 3 4 7 5 6 1
90 79 11 7 5 3 4 2 1 0 6
90 79 11 1 3 6 4 0 7 5 2
90 79 11 5 3 4 7 0 2 6 1
90 79 11 2 3 1 4 6 5 0 7
90 79 11 1 0 3 6 2 5 7 4
90 79 11 2 5 3 1 7 6 4 0
90 79 11 2 0 3 1 5 6 4 7
90 79 11 7 2 1 4 3 5 6 0
90 79 11 4 5 3 7 2 6 0 1
90 79 11 3 5 0 1 2 6 4 7
90 79 11 7 3 1 0 2 4 6 5
90 79 11 5 2 3 1 0 7 6 4
90 79 11 1 5 0 6 2 4 3 7
90 79 11 0 1 3 2 5 7 6 4
90 79 11 3 5 1 7 4 0 2 6
90 80 10 7 5 3 4 2 6 1 0
90 80 10 1 3 6 2 4 5 7 0
90 80 10 1 3 6 2 5 0 7 4
90 80 10 7 3 5 0 1 2 4 6
90 80 10 5 3 1 6 2 4 7 0
90 80 10 7 3 5 6 4 2 1 0
90 80 10 1 5 6 7 3 4 0 2
90 80 10 1 2 6 4 3 5 0 7
90 80 10 2 6 4 1 3 5 7 0
90 80 10 7 5 1 3 2 6 4 0
90 80 10 3 5 6 7 1 4 0 2
90 80 10 2 5 1 4 3 6 0 7
90 80 10 6 3 1 7 5 4 0 2
90 80 10 3 1 6 4 2 5 7 0
90 80 10 3 5 4 7 2 6 0 1
90 80 10 5 1 3 7 0 2 4 6
90 80 10 5 0 3 7 2 1 4 6
90 80 10 1 5 0 3 4 2 6 7
90 80 10 3 6 5 7 2 0 1 4
90 80 10 0 3 7 5 2 4 1 6
90 80 10 1 5 3 4 7 2 0 6
90 81 9 1 3 5 4 7 2 0 6
90 81 9 5 3 6 7 2 1 4 0
90 81 9 3 0 5 1 2 4 7 6
90 81 9 1 0 7 5 2 3 6 4
90 81 9 1 7 5 0 2 3 6 4
90 81 9 1 0 3 2 5 4 6 7
90 81 9 1 3 2 0 5 4 6 7
90 82 8 5 3 4 7 2 6 1 0
90 82 8 1 5 3 7 4 0 6 2
90 83 7 0 3 5 7 2 4 6 1
90 84 6 1 3 6 5 2 4 7 0
90 84 6 1 7 3 4 5 2 6 0
90 85 5 1 3 7 5 2 4 6 0
90 87 3 1 2 3 4 5 7 6 0
91 73 18 3 6 7 2 0 5 4 1
91 74 17 0 5 6 1 7 3 4 2
91 74 17 7 5 6 0 1 3 4 2
91 74 17 2 0 6 1 3 7 5 4
91 74 17 4 5 0 1 7 2 6 3
91 75 16 3 6 1 0 7 2 5 4
91 75 16 2 7 6 0 3 5 4 1
91 75 16 2 7 6 1 4 3 0 5
91 75 16 6 7 3 4 2 5 0 1
91 76 15 4 0 3 1 7 2 5 6
91 76 15 4 3 1 0 7 2 5 6
91 76 15 4 7 0 1 2 3 6 5
91 76 15 7 5 3 6 1 0 2 4
91 76 15 2 7 6 1 4 5 0 3
91 76 15 5 7 3 1 4 0 6 2
91 76 15 5 0 1 6 2 3 4 7
91 76 15 7 2 6 1 4 3 5 0
91 76 15 2 7 0 6 1 5 3 4
91 76 15 4 7 3 1 0 2 5 6
91 76 15 7 3 0 6 5 4 2 1
91 76 15 7 3 6 5 0 4 2 1
91 76 15 7 3 1 2 6 0 5 4
91 76 15 3 5 0 1 7 2 4 6
91 76 15 3 6 4 0 2 5 7 1
91 76 15 7 3 1 4 0 2 6 5
91 76 15 5 1 7 6 2 3 0 4
91 76 15 0 3 1 7 6 2 4 5
91 76 15 2 7 0 1 5 6 4 3
91 77 14 7 2 4 1 3 0 5 6
91 77 14 4 0 7 1 2 3 5 6
91 77 14 7 3 0 1 6 5 4 2
91 77 14 6 7 3 1 5 0 4 2
91 77 14 6 7 1 0 2 5 4 3
91 77 14 6 7 4 1 2 5 0 3
91 77 14 4 0 7 1 2 5 3 6
91 77 14 3 0 6 4 7 5 1 2
91 77 14 7 3 1 6 4 2 0 5
91 77 14 5 7 3 4 1 0 6 2
91 77 14 4 5 1 7 0 3 6 2
91 77 14 4 5 0 7 2 3 6 1
91 77 14 7 3 6 0 4 2 1 5
91 77 14 7 3 6 5 0 2 1 4
91 77 14 0 3 4 1 2 5 7 6
91 77 14 4 3 7 1 0 5 6 2
91 78 13 5 3 6 1 0 4 2 7
91 78 13 7 3 4 6 5 0 1 2
91 78 13 3 0 4 1 2 6 5 7
91 78 13 0 4 7 1 2 5 6 3
91 78 13 7 1 6 2 5 3 0 4
91 78 13 7 3 1 5 0 2 6 4
91 78 13 0 6 5 7 2 3 4 1
91 78 13 7 3 6 0 2 4 1 5
91 78 13 2 5 3 6 1 0 4 7
91 78 13 0 2 3 7 4 5 6 1
91 78 13 6 5 3 7 2 0 4 1
91 78 13 0 3 4 2 1 5 6 7
91 78 13 1 0 4 2 3 5 6 7
91 78 13 7 5 1 0 2 3 4 6
91 78 13 0 3 4 6 1 5 7 2
91 78 13 1 0 4 6 3 5 7 2
91 78 13 3 5 1 6 2 4 0 7
91 79 12 4 7 1 3 2 5 6 0
91 79 12 7 0 5 3 2 6 4 1
91 79 12 7 5 0 1 2 3 6 4
91 79 12 1 5 0 6 2 3 4 7
91 79 12 7 3 1 4 6 2 0 5
91 79 12 2 3 4 7 5 0 6 1
91 79 12 5 0 4 7 2 3 6 1
91 79 12 6 3 4 1 2 5 0 7
91 79 12 2 3 0 1 6 5 4 7
91 79 12 0 7 5 1 2 6 4 3
91 79 12 7 6 5 1 2 0 4 3
91 79 12 2 5 3 1 6 0 4 7
91 79 12 6 3 4 7 2 0 5 1
91 79 12 4 5 3 7 0 2 6 1
91 79 12 3 5 0 4 2 6 1 7
91 79 12 7 3 0 1 5 6 4 2
91 79 12 1 3 0 5 7 2 4 6
91 79 12 1 3 0 2 5 4 7 6
91 80 11 1 7 6 4 3 2 5 0
91 80 11 2 3 1 6 4 5 7 0
91 80 11 1 6 5 0 2 3 4 7
91 80 11 1 3 6 7 4 5 0 2
91 80 11 2 7 1 4 5 3 6 0
91 80 11 1 5 6 7 0 3 4 2
91 80 11 1 2 0 6 3 5 4 7
91 80 11 1 2 6 7 3 5 4 0
91 80 11 7 5 4 1 2 6 3 0
91 80 11 1 7 6 4 2 5 3 0
91 80 11 4 3 1 7 5 6 2 0
91 80 11 3 5 7 0 2 6 4 1
91 80 11 3 5 4 1 2 6 0 7
91 80 11 2 3 1 0 5 7 6 4
91 80 11 2 3 6 1 5 7 0 4
91 80 11 2 1 3 7 5 0 4 6
91 80 11 2 1 3 7 6 5 4 0
91 80 11 1 0 3 5 7 2 6 4
91 80 11 0 3 1 5 2 4 7 6
91 80 11 3 1 7 4 2 0 5 6
91 80 11 5 4 3 7 2 0 1 6
91 80 11 1 0 3 7 5 2 6 4
91 80 11 5 7 3 0 2 4 6 1
91 81 10 5 3 6 4 1 2 7 0
91 81 10 5 6 1 7 2 3 4 0
91 81 10 7 1 5 4 2 3 0 6
91 81 10 3 5 1 0 2 4 7 6
91 81 10 3 0 5 1 4 2 6 7
91 81 10 5 3 4 1 2 6 7 0
91 82 9 7 1 2 4 3 5 6 0
91 82 9 3 0 5 7 4 2 6 1
91 82 9 1 3 5 6 7 2 4 0
91 82 9 3 5 7 4 2 6 1 0
91 82 9 1 3 7 4 5 0 6 2
91 82 9 1 3 4 7 5 6 0 2
91 82 9 1 5 3 7 6 2 0 4
91 83 8 5 3 7 1 2 6 4 0
91 83 8 1 3 0 7 4 2 6 5
91 84 7 1 5 3 4 2 7 6 0
91 85 6 3 5 7 1 2 4 6 0
91 85 6 1 3 5 0 2 4 6 7
92 75 17 3 6 0 2 7 5 4 1
92 75 17 3 5 6 2 7 0 4 1
92 75 17 5 6 0 1 7 3 4 2
92 75 17 1 0 6 2 7 3 5 4
92 75 17 0 6 1 7 3 5 4 2
92 75 17 7 6 1 3 0 5 4 2
92 75 17 3 7 6 0 1 5 4 2
92 75 17 2 7 6 1 0 5 4 3
92 75 17 2 7 0 1 3 5 4 6
92 75 17 2 7 6 0 4 3 5 1
92 75 17 2 7 0 1 4 3 5 6
92 75 17 3 7 6 0 1 2 5 4
92 76 16 0 2 6 1 7 3 5 4
92 76 16 2 6 0 1 7 3 5 4
92 76 16 7 5 0 6 1 2 3 4
92 76 16 3 6 0 1 2 5 7 4
92 76 16 2 3 6 0 4 5 1 7
92 76 16 5 1 7 2 0 3 6 4
92 76 16 5 3 6 2 0 4 1 7
92 77 15 5 3 6 2 7 4 0 1
92 77 15 7 6 4 2 3 5 0 1
92 77 15 4 7 1 0 2 3 5 6
92 77 15 2 6 0 7 5 3 4 1
92 77 15 4 7 1 0 2 5 3 6
92 77 15 0 1 7 2 3 5 6 4
92 77 15 7 0 3 2 4 5 1 6
92 77 15 0 3 6 5 4 2 1 7
92 78 14 3 0 6 1 5 4 2 7
92 78 14 4 0 7 3 2 5 6 1
92 78 14 0 4 3 1 7 5 6 2
92 78 14 4 5 3 1 7 0 6 2
92 78 14 4 7 0 3 1 5 6 2
92 78 14 5 7 0 3 1 2 6 4
92 78 14 0 7 3 5 1 2 6 4
92 78 14 3 5 0 6 1 2 4 7
92 78 14 7 6 0 5 2 3 4 1
92 78 14 1 7 3 6 4 5 0 2
92 78 14 0 3 7 2 1 5 6 4
92 78 14 7 5 0 6 2 4 3 1
92 78 14 2 3 7 4 0 5 6 1
92 78 14 4 3 6 0 1 5 7 2
92 78 14 5 3 6 4 1 0 7 2
92 78 14 5 0 1 7 3 4 6 2
92 78 14 5 3 1 0 7 4 6 2
92 78 14 5 3 0 4 2 6 7 1
92 78 14 0 3 1 4 2 6 7 5
92 78 14 3 5 1 2 0 4 6 7
92 79 13 4 7 3 2 5 0 6 1
92 79 13 7 3 6 2 4 5 1 0
92 79 13 3 5 6 4 2 0 1 7
92 79 13 1 5 6 2 3 4 0 7
92 79 13 2 3 4 0 7 5 6 1
92 79 13 0 3 2 7 4 5 6 1
92 79 13 7 5 4 3 2 6 0 1
92 79 13 1 5 6 4 2 3 0 7
92 79 13 7 5 3 4 0 2 1 6
92 79 13 1 0 3 6 4 2 5 7
92 79 13 1 0 6 4 7 3 5 2
92 79 13 6 0 3 1 2 5 4 7
92 79 13 2 3 1 7 6 0 5 4
92 79 13 2 3 0 7 6 5 1 4
92 79 13 2 5 3 0 1 6 4 7
92 79 13 1 3 4 6 7 0 5 2
92 79 13 4 2 1 0 3 5 6 7
92 79 13 5 2 1 4 3 0 6 7
92 79 13 4 3 1 7 2 0 6 5
92 79 13 6 1 3 7 0 5 4 2
92 79 13 6 1 0 7 2 5 4 3
92 79 13 7 3 5 4 0 2 6 1
92 79 13 1 3 6 0 7 2 4 5
92 79 13 1 3 6 2 0 4 7 5
92 80 12 2 3 4 6 0 5 1 7
92 80 12 5 3 6 4 2 1 0 7
92 80 12 6 0 5 1 2 3 4 7
92 80 12 1 7 3 0 4 2 5 6
92 80 12 7 2 3 1 4 5 0 6
92 80 12 1 3 0 6 4 5 7 2
92 80 12 4 3 6 1 2 5 7 0
92 80 12 2 1 0 7 5 3 4 6
92 80 12 7 5 3 1 0 4 2 6
92 80 12 7 0 5 1 4 2 3 6
92 80 12 7 0 3 5 1 2 4 6
92 80 12 1 3 7 6 5 0 4 2
92 80 12 1 2 6 3 0 5 4 7
92 80 12 7 5 4 1 2 0 6 3
92 80 12 3 5 6 7 0 1 4 2
92 80 12 2 1 7 0 5 3 6 4
92 80 12 2 5 1 4 0 3 6 7
92 80 12 5 4 3 1 2 6 0 7
92 80 12 2 0 7 1 5 6 3 4
92 80 12 2 7 1 0 5 6 3 4
92 80 12 3 5 1 7 6 0 4 2
92 80 12 3 5 4 1 0 2 6 7
92 80 12 0 3 5 1 7 2 6 4
92 80 12 7 3 5 4 1 0 2 6
92 80 12 1 7 6 0 2 5 4 3
92 80 12 2 7 3 4 1 0 5 6
92 80 12 3 1 0 4 2 5 7 6
92 80 12 1 7 0 5 2 3 4 6
92 80 12 3 1 4 7 0 5 6 2
92 81 11 7 3 2 4 1 5 0 6
92 81 11 2 7 3 4 0 5 1 6
92 81 11 6 3 1 4 2 5 7 0
92 81 11 1 0 3 4 7 2 5 6
92 81 11 5 0 1 7 2 6 4 3
92 81 11 5 0 3 4 2 6 1 7
92 81 11 4 3 5 1 0 2 6 7
92 81 11 3 0 1 4 5 2 6 7
92 81 11 0 5 3 1 2 4 7 6
92 81 11 7 2 3 1 4 5 6 0
92 81 11 3 5 0 1 4 2 6 7
92 81 11 3 5 6 7 1 2 0 4
92 81 11 5 0 3 7 4 2 1 6
92 81 11 5 3 7 0 4 2 1 6
92 81 11 5 3 7 1 0 4 6 2
92 82 10 6 5 3 1 2 4 0 7
92 82 10 4 3 1 2 5 6 0 7
92 82 10 7 5 1 3 4 2 6 0
92 82 10 2 7 3 4 5 0 6 1
92 82 10 3 5 7 1 2 0 4 6
92 82 10 5 3 0 7 1 2 6 4
92 82 10 5 3 1 7 0 4 2 6
92 82 10 0 2 3 1 5 4 6 7
92 82 10 2 4 3 1 5 0 6 7
92 82 10 2 5 3 7 0 4 6 1
92 82 10 0 5 3 7 1 4 6 2
92 83 9 1 7 5 4 2 3 0 6
92 83 9 1 7 5 6 2 3 4 0
92 83 9 1 3 7 2 5 4 0 6
92 83 9 1 3 6 7 5 2 0 4
92 83 9 2 1 6 4 5 3 0 7
92 83 9 1 6 0 4 5 3 7 2
92 83 9 3 4 5 7 2 0 6 1
92 84 8 7 5 1 3 2 4 6 0
92 84 8 0 1 5 7 2 4 3 6
92 84 8 1 4 5 7 2 0 3 6
92 85 7 7 3 2 4 5 6 1 0
92 85 7 2 1 3 4 5 0 6 7
92 85 7 7 3 5 1 2 4 6 0
92 85 7 1 5 3 7 4 2 0 6
92 86 6 2 3 4 1 5 6 7 0
92 87 5 5 1 3 7 2 4 6 0
92 89 3 1 3 5 7 4 2 6 0
92 91 1 1 3 5 7 2 4 6 0