0 0 0 7 4 1 2 0 6 5 3
14 0 14 7 4 1 2 3 6 5 0
16 0 16 7 4 1 0 2 6 5 3
17 0 17 7 4 1 2 6 0 5 3
17 0 17 0 4 1 2 7 6 5 3
18 0 18 7 0 1 2 4 6 5 3
28 14 14 7 4 1 2 3 6 0 5
28 16 12 7 4 1 3 2 6 5 0
29 14 15 7 4 1 0 3 6 5 2
30 16 14 7 4 0 1 2 6 5 3
30 16 14 0 4 1 7 2 6 5 3
30 16 14 7 4 1 5 2 6 0 3
31 14 17 0 4 1 2 3 6 5 7
32 14 18 7 4 0 2 3 6 5 1
32 17 15 7 4 1 2 6 5 0 3
32 17 15 3 4 1 2 7 6 5 0
33 17 16 7 0 1 2 6 4 5 3
33 17 16 4 0 1 2 7 6 5 3
33 17 16 2 4 1 0 7 6 5 3
33 18 15 7 1 0 2 4 6 5 3
35 18 17 0 7 1 2 4 6 5 3
35 18 17 7 6 1 2 4 0 5 3
38 17 21 6 4 1 2 7 0 5 3
41 30 11 7 4 5 1 2 6 0 3
41 30 11 3 4 1 7 2 6 5 0
41 30 11 7 4 1 5 2 6 3 0
42 28 14 7 4 1 3 2 6 0 5
42 30 12 7 4 1 5 2 0 6 3
43 28 15 7 4 0 2 3 6 1 5
43 28 15 7 4 1 3 0 6 5 2
43 30 13 4 0 1 7 2 6 5 3
43 30 13 7 4 0 5 2 6 1 3
44 28 16 7 4 1 2 3 0 6 5
44 29 15 7 4 0 1 3 6 5 2
44 30 14 7 0 4 1 2 6 5 3
44 30 14 2 4 1 7 0 6 5 3
44 33 11 2 4 1 3 7 6 5 0
45 28 17 7 4 0 3 2 6 5 1
45 28 17 0 4 1 3 2 6 5 7
45 30 15 6 4 1 7 2 0 5 3
45 31 14 4 0 1 2 3 6 5 7
45 31 14 3 4 1 2 0 6 5 7
45 31 14 2 4 1 0 3 6 5 7
45 32 13 7 4 1 2 6 5 3 0
45 33 12 7 1 5 2 4 6 0 3
46 29 17 0 4 1 7 3 6 5 2
46 29 17 7 4 1 5 3 6 0 2
46 32 14 3 4 1 2 7 6 0 5
47 32 15 7 0 4 2 3 6 5 1
47 32 15 7 4 2 0 3 6 5 1
47 32 15 7 4 5 2 3 6 0 1
47 32 15 3 4 1 0 7 6 5 2
47 33 14 7 1 2 0 4 6 5 3
48 32 16 7 4 0 2 6 5 1 3
48 33 15 7 1 0 2 6 4 5 3
48 33 15 4 1 0 2 7 6 5 3
48 33 15 2 4 0 1 7 6 5 3
50 31 19 6 4 1 2 3 0 5 7
50 32 18 3 4 0 2 7 6 5 1
50 33 17 0 7 1 2 6 4 5 3
50 33 17 2 4 1 5 7 6 0 3
50 35 15 3 7 1 2 4 6 5 0
51 33 18 4 6 1 2 7 0 5 3
51 35 16 4 7 1 2 0 6 5 3
51 35 16 2 7 1 0 4 6 5 3
51 35 16 7 6 1 2 0 4 5 3
51 35 16 7 6 1 2 4 5 0 3
51 41 10 7 4 5 1 2 6 3 0
52 41 11 7 4 5 1 2 0 6 3
52 41 11 3 4 1 7 2 6 0 5
52 42 10 7 0 1 5 2 4 6 3
54 35 19 6 7 1 2 4 0 5 3
54 41 13 3 4 1 0 2 6 5 7
55 38 17 6 4 1 2 7 5 0 3
55 38 17 6 0 1 2 7 4 5 3
55 41 14 3 4 1 7 0 6 5 2
55 41 14 3 4 0 7 2 6 5 1
55 42 13 7 4 1 5 0 2 6 3
55 43 12 4 1 0 7 2 6 5 3
55 43 12 7 4 5 0 2 6 1 3
56 38 18 6 4 1 2 0 7 5 3
56 41 15 7 4 1 0 2 6 3 5
56 42 14 7 4 1 3 2 0 6 5
56 43 13 7 0 4 5 2 6 1 3
56 44 12 2 4 1 3 7 6 0 5
56 45 11 6 0 1 7 2 4 5 3
56 45 11 7 1 5 2 4 6 3 0
57 41 16 7 4 1 5 0 6 3 2
57 41 16 7 4 0 5 2 6 3 1
57 41 16 0 4 1 5 2 6 3 7
57 42 15 7 4 0 3 2 6 1 5
57 43 14 7 0 4 2 3 6 1 5
57 43 14 7 4 2 0 3 6 1 5
57 43 14 4 6 1 7 2 0 5 3
57 44 13 2 4 1 3 0 6 5 7
57 45 12 7 4 5 3 2 6 0 1
57 45 12 6 4 1 7 2 5 0 3
57 45 12 7 1 5 2 4 0 6 3
58 43 15 7 4 1 3 6 0 5 2
58 43 15 0 4 1 3 7 6 5 2
58 44 14 7 0 4 1 3 6 5 2
58 44 14 7 4 5 1 3 6 0 2
58 44 14 2 4 1 7 3 6 5 0
58 45 13 4 1 0 2 3 6 5 7
58 45 13 2 4 0 1 3 6 5 7
58 47 11 7 1 2 3 4 6 5 0
59 44 15 0 7 4 1 2 6 5 3
59 44 15 7 6 4 1 2 0 5 3
59 44 15 2 4 1 7 6 0 5 3
59 44 15 2 0 1 7 4 6 5 3
59 45 14 7 4 3 0 2 6 5 1
59 45 14 4 0 1 3 2 6 5 7
59 45 14 6 4 1 7 0 2 5 3
59 47 12 7 4 2 1 3 6 5 0
60 43 17 7 0 1 3 4 6 5 2
60 44 16 7 4 1 2 0 3 6 5
60 44 16 7 0 1 2 3 4 6 5
60 44 16 2 4 0 3 7 6 5 1
60 45 15 7 0 4 3 2 6 5 1
60 45 15 3 4 1 2 6 0 5 7
60 45 15 2 4 1 5 3 6 0 7
60 45 15 7 4 1 0 6 5 3 2
60 46 14 7 4 1 5 3 6 2 0
60 47 13 7 4 5 2 3 6 1 0
60 48 12 7 1 5 2 6 4 0 3
61 45 16 4 6 1 2 3 0 5 7
61 46 15 7 4 1 5 3 0 6 2
61 46 15 3 4 0 2 7 6 1 5
61 47 14 0 1 2 7 4 6 5 3
61 47 14 7 1 2 4 0 6 5 3
61 47 14 7 1 2 5 4 6 0 3
61 52 9 7 0 5 1 2 4 6 3
61 52 9 7 1 0 5 2 4 6 3
62 45 17 6 4 1 3 2 0 5 7
62 45 17 3 0 1 2 4 6 5 7
62 45 17 7 4 1 2 0 5 3 6
62 45 17 0 4 1 2 6 5 3 7
62 46 16 4 0 1 7 3 6 5 2
62 46 16 7 4 0 5 3 6 1 2
62 46 16 3 4 1 2 7 0 6 5
62 47 15 3 4 0 1 7 6 5 2
62 48 14 7 1 2 0 6 4 5 3
62 48 14 4 1 2 0 7 6 5 3
62 48 14 4 1 5 2 7 6 0 3
62 48 14 2 0 4 1 7 6 5 3
62 48 14 2 4 5 1 7 6 0 3
63 45 18 7 4 0 2 6 5 3 1
63 47 16 0 7 4 2 3 6 5 1
63 47 16 7 4 2 3 0 6 5 1
63 47 16 7 4 5 2 3 0 6 1
63 47 16 3 4 1 5 7 6 0 2
63 48 15 7 0 4 2 6 5 1 3
63 48 15 7 4 2 0 6 5 1 3
63 50 13 2 4 1 5 7 6 3 0
63 51 12 2 7 1 3 4 6 5 0
63 52 11 3 4 1 7 2 0 6 5
63 52 11 0 7 1 5 2 4 6 3
64 46 18 6 4 1 7 3 0 5 2
64 47 17 7 6 4 2 3 0 5 1
64 47 17 7 4 2 5 3 6 0 1
64 50 14 3 7 1 0 4 6 5 2
64 51 13 7 4 5 0 2 6 3 1
64 52 12 7 4 5 1 0 2 6 3
64 52 12 3 4 0 7 2 6 1 5
64 55 9 3 4 5 7 2 6 0 1
64 55 9 4 1 5 7 2 6 0 3
65 47 18 0 4 2 7 3 6 5 1
65 50 15 6 4 1 2 3 5 0 7
65 50 15 3 0 4 2 7 6 5 1
65 50 15 3 4 2 0 7 6 5 1
65 50 15 3 4 5 2 7 6 0 1
65 50 15 3 7 1 2 6 4 5 0
65 50 15 2 4 1 5 7 0 6 3
65 50 15 3 7 1 2 4 6 0 5
65 51 14 4 7 1 2 3 6 5 0
65 55 10 7 4 5 3 2 6 1 0
66 50 16 6 7 1 2 0 4 5 3
66 50 16 2 7 1 0 6 4 5 3
66 50 16 2 4 0 5 7 6 1 3
66 50 16 3 7 1 2 0 6 5 4
66 51 15 2 7 0 1 4 6 5 3
66 51 15 2 7 1 4 0 6 5 3
66 51 15 2 7 1 5 4 6 0 3
66 51 15 7 6 1 0 2 4 5 3
66 51 15 7 6 1 2 4 5 3 0
66 51 15 7 4 5 1 0 6 3 2
66 51 15 0 4 5 1 2 6 3 7
66 56 10 6 1 0 7 2 4 5 3
67 50 17 6 4 1 2 0 3 5 7
67 50 17 6 0 1 2 3 4 5 7
67 51 16 4 6 1 2 7 5 0 3
67 51 16 7 6 1 2 3 4 5 0
67 54 13 3 4 0 1 2 6 5 7
67 54 13 3 4 1 5 2 6 0 7
67 55 12 3 0 4 7 2 6 5 1
67 55 12 0 4 5 7 2 6 1 3
68 50 18 3 7 0 2 4 6 5 1
68 51 17 4 6 1 2 0 7 5 3
68 51 17 4 7 1 2 6 0 5 3
68 51 17 4 7 1 0 2 6 5 3
68 51 17 7 6 0 2 4 5 1 3
68 51 17 7 4 0 1 2 6 3 5
68 55 13 3 4 7 0 2 6 5 1
68 55 13 7 4 1 5 3 2 6 0
68 55 13 4 1 7 0 2 6 5 3
68 56 12 7 0 1 3 2 4 6 5
68 56 12 0 6 1 7 2 4 5 3
68 56 12 7 1 5 0 4 6 3 2
68 57 11 6 4 1 7 2 5 3 0
68 57 11 7 1 5 2 0 4 6 3
69 51 18 0 6 1 2 7 4 5 3
69 55 14 3 4 1 7 6 0 5 2
69 55 14 3 0 1 7 4 6 5 2
69 55 14 7 0 1 5 4 2 6 3
69 56 13 2 4 0 3 7 6 1 5
69 57 12 7 4 3 5 2 6 0 1
69 57 12 7 4 5 3 2 0 6 1
69 61 8 7 1 5 0 2 4 6 3
70 54 16 6 7 1 2 4 5 0 3
70 55 15 6 4 1 2 7 5 3 0
70 55 15 0 4 1 5 7 2 6 3
70 56 14 0 7 4 5 2 6 1 3
70 56 14 7 6 4 5 2 0 1 3
70 56 14 2 4 1 3 7 0 6 5
70 57 13 7 4 2 5 3 6 1 0
70 57 13 4 6 1 7 2 5 0 3
70 57 13 2 4 1 3 6 0 5 7
70 57 13 6 4 0 7 2 5 1 3
70 57 13 7 0 5 2 4 1 6 3
70 58 12 4 1 2 0 3 6 5 7
70 58 12 4 1 5 2 3 6 0 7
70 58 12 2 0 4 1 3 6 5 7
70 58 12 2 4 5 1 3 6 0 7
70 58 12 7 1 2 3 4 6 0 5
70 59 11 7 4 3 1 2 6 5 0
71 54 17 6 0 1 2 4 7 5 3
71 55 16 6 1 0 2 7 4 5 3
71 55 16 7 4 1 0 5 2 6 3
71 56 15 0 4 1 7 2 6 3 5
71 56 15 7 4 1 3 0 2 6 5
71 56 15 7 1 5 2 0 6 3 4
71 57 14 7 0 4 5 2 6 3 1
71 57 14 4 0 1 5 2 6 3 7
71 57 14 2 4 1 5 0 6 3 7
71 57 14 7 0 4 3 2 6 1 5
71 57 14 7 4 3 0 2 6 1 5
71 58 13 7 4 1 3 6 5 0 2
71 58 13 7 4 5 1 3 6 2 0
71 58 13 7 1 2 3 0 6 5 4
71 59 12 2 1 0 7 4 6 5 3
71 60 11 2 4 1 5 3 6 7 0
71 60 11 7 1 5 2 6 4 3 0
71 61 10 7 1 2 4 3 6 5 0
71 61 10 0 7 5 1 2 4 6 3
71 61 10 7 5 0 1 2 4 6 3
71 61 10 7 1 6 5 2 4 0 3
71 64 7 3 4 5 7 2 6 1 0
72 55 17 7 4 5 2 0 6 1 3
72 56 16 6 4 1 2 3 7 5 0
72 56 16 0 1 5 2 4 6 3 7
72 57 15 7 4 1 0 5 6 3 2
72 57 15 5 4 1 0 2 6 3 7
72 57 15 0 7 4 2 3 6 1 5
72 57 15 7 4 2 3 0 6 1 5
72 57 15 7 4 2 1 3 6 0 5
72 57 15 4 6 1 7 0 2 5 3
72 57 15 2 0 1 3 4 6 5 7
72 58 14 4 0 1 3 7 6 5 2
72 58 14 7 4 5 1 3 0 6 2
72 58 14 2 4 1 7 3 6 0 5
72 59 13 1 7 4 0 2 6 5 3
72 59 13 3 7 4 1 2 6 5 0
72 59 13 2 0 1 7 6 4 5 3
72 59 13 4 1 0 3 2 6 5 7
72 61 11 1 0 2 7 4 6 5 3
72 61 11 3 1 2 7 4 6 5 0
72 61 11 7 1 2 5 4 6 3 0
72 62 10 4 1 2 3 7 6 5 0
72 63 9 3 0 1 7 2 4 6 5
72 63 9 3 7 1 5 2 4 6 0
72 64 8 4 1 5 7 2 6 3 0
73 55 18 6 4 0 2 7 5 1 3
73 56 17 0 4 1 2 6 7 5 3
73 56 17 6 4 1 0 2 7 5 3
73 56 17 7 4 1 2 0 6 3 5
73 56 17 7 1 0 2 4 6 3 5
73 57 16 7 4 1 5 6 0 3 2
73 57 16 7 0 1 5 4 6 3 2
73 57 16 6 4 1 5 2 0 3 7
73 57 16 7 6 4 2 3 0 1 5
73 58 15 7 0 1 3 6 4 5 2
73 58 15 0 7 4 1 3 6 5 2
73 58 15 0 1 2 3 4 6 5 7
73 59 14 2 7 4 1 0 6 5 3
73 59 14 7 6 4 1 2 5 0 3
73 59 14 2 4 1 7 6 5 0 3
73 59 14 0 2 1 7 4 6 5 3
73 59 14 2 6 1 7 4 0 5 3
73 59 14 0 4 3 7 2 6 5 1
73 59 14 6 4 1 7 3 2 5 0
73 60 13 7 4 1 2 5 3 6 0
73 60 13 2 0 4 3 7 6 5 1
73 60 13 2 4 3 0 7 6 5 1
73 60 13 2 4 5 3 7 6 0 1
73 60 13 3 4 1 2 6 5 0 7
73 61 12 7 1 2 5 4 0 6 3
73 62 11 7 1 2 3 6 4 5 0
73 64 9 3 4 5 7 2 0 6 1
73 64 9 4 1 5 7 2 0 6 3
73 66 7 6 1 5 7 2 4 0 3
74 57 17 0 4 1 5 7 6 3 2
74 57 17 0 4 2 7 3 6 1 5
74 58 16 7 6 4 1 3 0 5 2
74 58 16 7 1 0 3 4 6 5 2
74 59 15 0 4 1 7 6 2 5 3
74 59 15 6 0 1 7 4 2 5 3
74 60 14 2 4 0 5 3 6 1 7
74 60 14 7 1 5 2 6 0 4 3
74 61 13 7 0 1 5 3 4 6 2
74 61 13 7 1 2 4 6 0 5 3
74 61 13 0 1 2 4 7 6 5 3
74 61 13 7 1 0 5 4 6 2 3
74 62 12 4 1 5 2 7 6 3 0
74 62 12 2 4 5 1 7 6 3 0
74 63 11 7 4 2 3 6 5 1 0
75 59 16 7 6 4 1 0 2 5 3
75 59 16 7 4 3 2 0 6 5 1
75 59 16 4 6 1 3 2 0 5 7
75 59 16 7 4 2 1 0 6 5 3
75 59 16 0 4 2 1 3 6 5 7
75 60 15 7 1 0 2 3 4 6 5
75 60 15 3 0 1 2 6 4 5 7
75 60 15 2 4 1 5 3 0 6 7
75 60 15 7 4 0 1 6 5 3 2
75 60 15 7 4 1 0 3 6 2 5
75 60 15 7 4 5 0 3 6 1 2
75 61 14 4 6 1 2 3 5 0 7
75 61 14 7 4 1 5 0 3 6 2
75 61 14 3 0 4 2 7 6 1 5
75 61 14 3 4 2 0 7 6 1 5
75 61 14 4 1 2 7 0 6 5 3
75 62 13 6 0 1 3 2 4 5 7
75 62 13 3 4 5 1 7 6 0 2
75 63 12 1 7 4 2 3 6 5 0
75 63 12 7 4 2 3 1 6 5 0
75 63 12 3 4 1 7 0 2 6 5
75 63 12 2 7 1 5 0 4 6 3
75 63 12 5 7 1 0 2 4 6 3
75 69 6 7 1 5 3 2 4 6 0
76 58 18 2 4 0 7 3 6 5 1
76 59 17 6 7 4 1 2 0 5 3
76 60 16 0 7 1 3 4 6 5 2
76 60 16 7 6 1 3 4 0 5 2
76 60 16 7 4 1 0 2 3 6 5
76 60 16 0 7 4 3 2 6 5 1
76 60 16 7 6 4 3 2 0 5 1
76 60 16 7 4 1 5 0 6 2 3
76 61 15 6 1 2 7 4 0 5 3
76 61 15 7 0 2 4 1 6 5 3
76 62 14 6 4 1 3 2 5 0 7
76 62 14 3 1 0 2 4 6 5 7
76 62 14 4 0 1 2 6 5 3 7
76 62 14 2 4 1 0 6 5 3 7
76 62 14 3 0 4 1 7 6 5 2
76 62 14 0 1 2 7 6 4 5 3
76 62 14 7 1 2 5 6 4 0 3
76 62 14 0 2 4 1 7 6 5 3
76 62 14 2 4 5 1 7 0 6 3
76 63 13 7 4 3 2 6 5 0 1
76 63 13 3 4 1 5 7 6 2 0
76 63 13 2 7 1 3 4 6 0 5
76 64 12 7 4 5 1 3 2 6 0
76 64 12 3 0 4 7 2 6 1 5
77 58 19 6 4 1 3 7 0 5 2
77 60 17 0 4 1 2 7 3 6 5
77 60 17 0 7 1 2 3 4 6 5
77 60 17 0 4 1 7 6 5 3 2
77 60 17 0 4 5 2 3 6 1 7
77 61 16 4 6 1 2 0 3 5 7
77 62 15 0 3 1 2 4 6 5 7
77 62 15 7 4 1 2 5 0 3 6
77 62 15 4 1 0 7 3 6 5 2
77 62 15 7 0 4 5 3 6 1 2
77 62 15 3 4 1 2 0 7 6 5
77 62 15 3 0 1 2 7 4 6 5
77 62 15 4 1 5 2 7 0 6 3
77 63 14 7 0 5 2 3 4 6 1
77 63 14 3 4 1 5 7 0 6 2
77 63 14 2 4 1 0 7 6 3 5
77 63 14 2 7 1 3 0 6 5 4
77 64 13 0 4 5 7 2 6 3 1
77 64 13 7 0 5 1 4 2 6 3
77 64 13 3 4 7 0 2 6 1 5
77 65 12 3 4 2 1 7 6 5 0
77 66 11 2 7 1 4 3 6 5 0
77 66 11 7 6 1 3 2 4 5 0
77 66 11 1 4 5 0 2 6 3 7
77 66 11 6 1 7 0 2 4 5 3
77 67 10 3 4 5 1 2 6 0 7
77 67 10 3 4 1 5 2 6 7 0
77 69 8 0 1 5 7 2 4 6 3
78 59 19 6 4 1 0 7 2 5 3
78 60 18 7 0 1 2 4 3 6 5
78 60 18 7 4 1 6 0 5 3 2
78 60 18 0 4 1 5 3 6 2 7
78 62 16 6 4 1 3 0 2 5 7
78 62 16 3 6 1 2 4 0 5 7
78 62 16 7 4 1 0 2 5 3 6
78 62 16 6 4 1 2 0 5 3 7
78 62 16 4 1 2 5 7 6 0 3
78 62 16 2 6 4 1 7 0 5 3
78 63 15 7 0 4 2 6 5 3 1
78 63 15 7 4 2 0 6 5 3 1
78 63 15 3 7 4 2 0 6 5 1
78 63 15 2 7 4 0 3 6 5 1
78 63 15 7 4 2 3 6 0 5 1
78 63 15 0 4 2 3 7 6 5 1
78 63 15 7 4 5 2 0 3 6 1
78 63 15 3 4 0 5 7 6 1 2
78 63 15 4 7 1 5 2 0 6 3
78 64 14 6 0 1 7 3 4 5 2
78 64 14 3 7 0 1 4 6 5 2
78 64 14 3 7 1 5 4 6 0 2
78 64 14 0 4 5 1 7 2 6 3
78 64 14 7 4 5 0 1 2 6 3
78 65 13 1 4 2 7 3 6 5 0
78 65 13 6 4 1 2 3 5 7 0
78 65 13 3 4 5 2 7 6 1 0
78 65 13 2 0 1 5 7 4 6 3
78 66 12 2 7 1 3 6 4 5 0
78 66 12 2 7 5 1 4 6 0 3
78 66 12 2 7 1 5 4 6 3 0
78 67 11 3 4 1 5 2 0 6 7
78 67 11 4 0 5 7 2 6 1 3
78 68 10 3 4 7 1 2 6 5 0
78 68 10 3 6 1 7 2 4 5 0
79 60 19 7 4 0 5 3 6 2 1
79 62 17 0 4 1 2 7 5 3 6
79 62 17 5 4 1 2 6 0 3 7
79 62 17 4 6 1 7 3 0 5 2
79 62 17 7 1 2 6 0 4 5 3
79 63 16 0 7 4 2 6 5 1 3
79 63 16 7 5 4 2 6 0 1 3
79 63 16 7 4 2 1 6 5 0 3
79 64 15 6 4 1 7 0 3 5 2
79 64 15 6 4 1 7 3 5 0 2
79 64 15 7 6 4 2 3 5 0 1
79 64 15 3 7 1 4 0 6 5 2
79 65 14 3 4 2 7 0 6 5 1
79 65 14 3 7 1 0 6 4 5 2
79 65 14 2 4 1 5 0 7 6 3
79 65 14 4 7 1 2 3 6 0 5
79 66 13 2 7 1 5 4 0 6 3
79 66 13 7 6 0 1 2 4 5 3
79 66 13 7 6 1 5 2 4 0 3
79 66 13 4 0 5 1 2 6 3 7
79 66 13 2 4 5 1 0 6 3 7
79 67 12 3 4 0 5 2 6 1 7
79 67 12 0 3 4 7 2 6 5 1
79 67 12 2 4 5 7 0 6 1 3
79 68 11 4 1 7 3 2 6 5 0
79 68 11 7 1 0 3 2 4 6 5
79 68 11 7 1 5 2 3 4 6 0
79 69 10 7 4 3 5 2 6 1 0
79 69 10 7 0 5 3 2 4 6 1
79 71 8 1 7 5 0 2 4 6 3
79 71 8 3 7 5 1 2 4 6 0
79 73 6 6 1 5 7 2 4 3 0
80 62 18 7 0 1 2 4 5 3 6
80 63 17 7 0 2 3 4 6 5 1
80 63 17 0 4 2 7 6 5 1 3
80 63 17 2 7 0 3 4 6 5 1
80 64 16 7 4 2 5 3 0 6 1
80 65 15 0 3 4 2 7 6 5 1
80 65 15 3 4 5 2 7 0 6 1
80 65 15 3 7 1 2 6 4 0 5
80 65 15 3 7 1 2 0 4 5 6
80 65 15 3 7 1 2 4 0 6 5
80 65 15 4 7 1 0 3 6 5 2
80 65 15 7 4 5 3 0 6 1 2
80 65 15 0 4 5 3 2 6 1 7
80 66 14 2 0 7 1 4 6 5 3
80 66 14 2 7 1 4 6 0 5 3
80 66 14 2 7 0 5 4 6 1 3
80 67 13 3 0 4 1 2 6 5 7
80 67 13 3 6 4 7 2 0 5 1
80 67 13 6 4 5 7 2 0 1 3
80 68 12 0 1 5 7 4 6 3 2
80 69 11 3 1 0 7 4 6 5 2
80 69 11 7 1 0 5 4 2 6 3
80 70 10 4 1 5 2 3 6 7 0
80 70 10 2 4 5 1 3 6 7 0
80 71 9 2 1 5 7 4 6 0 3
80 71 9 7 1 6 5 2 4 3 0
80 72 8 3 1 0 7 2 4 6 5
80 73 7 3 0 5 7 2 4 6 1
81 63 18 7 4 2 6 0 5 1 3
81 63 18 2 4 0 5 7 6 3 1
81 64 17 7 6 4 2 0 3 5 1
81 65 16 4 0 2 7 3 6 5 1
81 65 16 6 4 0 2 3 5 1 7
81 65 16 3 7 0 2 4 6 1 5
81 66 15 6 7 1 0 2 4 5 3
81 66 15 2 7 0 1 6 4 5 3
81 66 15 2 7 1 5 6 4 0 3
81 66 15 2 0 4 5 7 6 1 3
81 66 15 2 4 5 0 7 6 1 3
81 66 15 3 7 1 0 2 6 5 4
81 66 15 0 7 1 4 2 6 5 3
81 66 15 2 0 1 4 7 6 5 3
81 66 15 7 4 5 1 6 0 3 2
81 66 15 7 0 5 1 4 6 3 2
81 66 15 6 4 5 1 2 0 3 7
81 67 14 4 6 1 2 7 5 3 0
81 68 13 3 7 5 2 4 6 0 1
81 68 13 4 7 1 3 2 6 5 0
81 68 13 7 4 3 1 2 6 0 5
81 68 13 3 4 7 5 2 6 0 1
81 68 13 4 1 7 5 2 6 0 3
81 68 13 0 7 1 3 2 4 6 5
81 68 13 2 6 1 7 0 4 5 3
81 68 13 7 1 0 5 4 6 3 2
81 68 13 7 1 5 3 4 6 0 2
81 68 13 0 1 5 2 7 4 6 3
81 69 12 3 0 1 7 6 4 5 2
81 69 12 0 3 1 7 4 6 5 2
81 69 12 2 0 4 3 7 6 1 5
81 69 12 2 4 3 0 7 6 1 5
81 69 12 7 4 3 5 2 0 6 1
81 69 12 7 1 5 6 2 4 0 3
81 70 11 2 4 1 3 6 5 0 7
81 71 10 7 1 2 4 3 6 0 5
81 71 10 7 5 1 0 2 4 6 3
81 72 9 0 3 1 7 2 4 6 5
81 72 9 3 7 1 5 2 4 0 6
82 64 18 7 4 5 2 0 6 3 1
82 65 17 3 6 4 2 7 0 5 1
82 65 17 3 4 2 5 7 6 0 1
82 66 16 6 7 1 2 3 4 5 0
82 66 16 3 7 1 2 6 0 5 4
82 66 16 0 7 1 2 3 6 5 4
82 66 16 7 6 1 0 4 5 3 2
82 66 16 0 4 5 1 7 6 3 2
82 66 16 7 4 5 0 1 6 3 2
82 68 14 7 4 1 5 3 2 0 6
82 68 14 0 1 7 4 2 6 5 3
82 68 14 7 1 5 4 0 6 3 2
82 68 14 7 0 5 2 1 4 6 3
82 69 13 3 4 1 7 6 5 0 2
82 69 13 3 6 1 7 4 0 5 2
82 69 13 0 7 1 5 4 2 6 3
82 69 13 7 2 1 5 4 0 6 3
82 69 13 7 4 5 3 0 2 6 1
82 70 12 3 7 4 5 2 6 1 0
82 70 12 4 6 1 7 2 5 3 0
82 70 12 4 1 2 7 3 6 5 0
82 70 12 0 1 2 4 3 6 5 7
82 70 12 0 2 4 1 3 6 5 7
82 71 11 7 4 1 3 5 2 6 0
82 71 11 2 7 5 1 0 4 6 3
82 71 11 7 5 6 1 2 4 0 3
82 71 11 3 4 5 0 2 6 1 7
82 72 10 5 4 1 7 2 6 3 0
82 72 10 7 4 2 3 5 6 1 0
82 72 10 1 7 4 3 2 6 5 0
82 73 9 1 4 3 7 2 6 5 0
82 73 9 6 1 5 7 2 0 4 3
82 77 5 1 0 5 7 2 4 6 3
82 77 5 3 1 5 7 2 4 6 0
83 63 20 6 7 4 2 3 0 5 1
83 65 18 3 7 0 2 6 4 5 1
83 65 18 4 7 0 2 3 6 5 1
83 66 17 3 0 1 2 7 6 5 4
83 66 17 7 6 1 2 0 5 3 4
83 67 16 0 4 1 2 6 3 5 7
83 67 16 6 1 0 2 3 4 5 7
83 67 16 7 6 1 2 3 4 0 5
83 67 16 7 6 1 0 3 4 5 2
83 68 15 3 0 7 2 4 6 5 1
83 68 15 3 7 2 0 4 6 5 1
83 68 15 4 6 1 2 3 7 5 0
83 68 15 4 7 1 2 6 5 0 3
83 68 15 4 7 0 1 2 6 5 3
83 68 15 4 7 1 5 2 6 0 3
83 68 15 7 0 4 1 2 6 3 5
83 68 15 6 4 1 0 2 5 3 7
83 68 15 0 4 1 7 2 5 3 6
83 70 13 3 4 1 5 7 2 6 0
83 70 13 7 6 4 5 2 1 0 3
83 70 13 2 4 1 3 0 7 6 5
83 70 13 2 0 1 3 6 4 5 7
83 70 13 6 0 4 7 2 5 1 3
83 70 13 4 1 2 3 0 6 5 7
83 71 12 7 4 1 3 6 5 2 0
83 71 12 2 4 1 0 3 6 7 5
83 71 12 7 1 5 0 6 4 3 2
83 71 12 7 1 6 5 2 0 4 3
83 71 12 3 4 5 7 0 6 1 2
83 72 11 7 4 1 2 5 6 3 0
83 72 11 4 1 5 3 2 6 0 7
83 72 11 1 2 0 7 4 6 5 3
83 72 11 3 1 2 7 4 6 0 5
83 72 11 4 1 2 3 7 6 0 5
83 72 11 3 7 1 0 2 4 6 5
83 73 10 2 4 3 1 7 6 5 0
83 73 10 3 4 5 7 0 2 6 1
83 73 10 4 1 5 7 0 2 6 3
83 73 10 4 0 5 7 2 1 6 3
83 75 8 7 1 5 3 2 4 0 6
83 77 6 1 4 5 7 2 6 3 0
84 65 19 6 4 2 7 3 0 5 1
84 66 18 2 7 1 6 0 4 5 3
84 67 17 6 4 1 2 7 3 5 0
84 67 17 6 4 1 0 2 3 5 7
84 67 17 0 6 1 2 3 4 5 7
84 67 17 4 6 0 2 7 5 1 3
84 68 16 4 0 1 2 6 7 5 3
84 68 16 7 6 2 0 4 5 1 3
84 68 16 0 4 7 3 2 6 5 1
84 68 16 7 4 1 0 3 2 6 5
84 68 16 6 4 1 7 0 5 3 2
84 68 16 6 4 0 7 2 5 3 1
84 70 14 2 0 1 3 7 4 6 5
84 70 14 4 6 0 7 2 5 1 3
84 70 14 6 4 7 0 2 5 1 3
84 70 14 0 7 5 2 4 1 6 3
84 70 14 7 5 0 2 4 1 6 3
84 70 14 4 1 2 5 3 6 0 7
84 70 14 4 1 5 2 3 0 6 7
84 70 14 2 6 4 1 3 0 5 7
84 70 14 2 4 5 1 3 0 6 7
84 70 14 7 1 2 3 4 0 6 5
84 70 14 7 1 0 3 4 6 2 5
84 70 14 7 4 3 1 0 6 5 2
84 71 13 6 1 5 2 7 4 0 3
84 71 13 7 1 5 0 2 6 3 4
84 71 13 4 1 0 5 2 6 3 7
84 71 13 2 4 1 0 5 6 3 7
84 71 13 7 1 2 3 6 0 5 4
84 71 13 0 1 2 3 7 6 5 4
84 71 13 2 1 7 0 4 6 5 3
84 71 13 7 1 5 2 0 4 3 6
84 71 13 7 1 2 0 3 6 5 4
84 72 12 1 0 5 2 4 6 3 7
84 72 12 2 1 0 3 4 6 5 7
84 72 12 7 0 5 1 3 4 6 2
84 72 12 1 7 0 4 2 6 5 3
84 72 12 1 7 4 5 2 6 0 3
84 72 12 2 1 0 7 6 4 5 3
84 72 12 4 1 3 0 2 6 5 7
84 72 12 1 6 2 7 4 0 5 3
84 72 12 3 7 1 5 0 4 6 2
84 72 12 3 7 0 5 2 4 6 1
84 72 12 4 1 5 0 2 6 3 7
84 72 12 0 1 5 7 2 6 3 4
84 73 11 1 0 2 3 4 6 5 7
84 73 11 2 4 5 3 7 6 1 0
84 73 11 3 4 1 2 6 5 7 0
84 73 11 7 1 2 5 0 4 6 3
84 75 9 5 7 1 3 2 4 6 0
84 79 5 1 7 5 3 2 4 6 0
85 66 19 0 6 1 2 4 5 3 7
85 68 17 7 0 6 2 4 5 1 3
85 68 17 7 4 0 5 3 2 6 1
85 68 17 0 4 1 5 3 2 6 7
85 68 17 4 1 7 2 0 6 5 3
85 69 16 3 6 1 2 7 4 5 0
85 70 15 6 7 1 2 4 5 3 0
85 70 15 4 0 1 5 7 2 6 3
85 70 15 2 7 4 5 0 6 1 3
85 70 15 5 7 4 0 2 6 1 3
85 70 15 7 6 4 5 0 2 1 3
85 71 14 7 4 0 1 5 2 6 3
85 71 14 0 4 1 7 5 2 6 3
85 71 14 4 0 1 7 2 6 3 5
85 71 14 0 4 3 7 2 6 1 5
85 71 14 7 4 0 3 6 5 1 2
85 71 14 7 1 0 4 3 6 5 2
85 71 14 4 7 5 1 2 0 6 3
85 72 13 4 1 5 2 0 6 3 7
85 72 13 2 1 5 0 4 6 3 7
85 72 13 7 4 0 1 5 6 3 2
85 72 13 7 4 1 3 5 6 0 2
85 72 13 0 2 1 3 4 6 5 7
85 72 13 4 1 0 3 7 6 5 2
85 72 13 7 4 5 1 0 3 6 2
85 72 13 3 7 4 1 2 6 0 5
85 72 13 3 1 2 0 4 6 5 7
85 72 13 3 1 2 7 0 6 5 4
85 72 13 4 1 5 7 0 6 3 2
85 73 12 7 1 3 2 4 6 0 5
85 73 12 6 0 1 5 2 4 3 7
85 73 12 2 7 4 1 3 6 5 0
85 73 12 3 2 1 7 4 6 5 0
85 73 12 7 1 2 3 6 4 0 5
85 74 11 7 1 2 4 6 5 0 3
85 74 11 1 0 2 4 7 6 5 3
85 74 11 3 1 2 4 7 6 5 0
85 75 10 3 4 1 7 5 2 6 0
85 77 8 2 1 5 7 0 4 6 3
86 66 20 7 6 0 2 4 5 3 1
86 67 19 6 0 1 2 4 3 5 7
86 68 18 0 6 1 2 4 7 5 3
86 68 18 4 6 1 0 2 7 5 3
86 68 18 3 4 7 2 0 6 5 1
86 69 17 2 6 1 0 7 4 5 3
86 70 16 5 4 1 0 7 2 6 3
86 70 16 6 7 4 5 2 0 1 3
86 70 16 7 4 2 5 0 6 1 3
86 70 16 0 4 3 1 2 6 5 7
86 71 15 6 1 2 0 7 4 5 3
86 71 15 2 4 1 7 0 6 3 5
86 71 15 7 1 5 2 6 0 3 4
86 71 15 0 1 5 2 7 6 3 4
86 71 15 0 7 4 5 2 6 3 1
86 71 15 7 6 4 5 2 0 3 1
86 71 15 4 6 1 5 2 0 3 7
86 71 15 2 4 1 5 6 0 3 7
86 71 15 0 7 4 3 2 6 1 5
86 71 15 7 4 3 2 0 6 1 5
86 71 15 7 4 5 1 0 6 2 3
86 71 15 7 0 2 3 1 6 5 4
86 71 15 2 4 1 5 0 6 7 3
86 72 14 5 4 0 1 2 6 3 7
86 72 14 3 7 4 2 0 6 1 5
86 72 14 2 7 4 0 3 6 1 5
86 72 14 5 7 4 2 3 6 1 0
86 72 14 7 4 2 3 6 0 1 5
86 72 14 0 4 2 3 7 6 1 5
86 72 14 0 6 1 7 4 2 5 3
86 72 14 3 7 4 0 2 6 5 1
86 72 14 0 2 1 7 6 4 5 3
86 72 14 7 1 2 0 4 6 3 5
86 73 13 6 4 1 3 2 7 5 0
86 73 13 6 4 1 5 2 3 0 7
86 73 13 1 7 4 0 3 6 5 2
86 73 13 7 6 4 1 2 5 3 0
86 73 13 2 4 1 7 6 5 3 0
86 73 13 2 6 1 7 4 5 0 3
86 73 13 4 0 3 7 2 6 5 1
86 73 13 0 2 4 3 7 6 5 1
86 73 13 7 0 2 5 4 1 6 3
86 74 12 6 1 0 7 4 2 5 3
86 74 12 7 1 0 5 3 4 6 2
86 74 12 7 1 5 0 4 6 2 3
86 75 11 7 4 1 5 2 3 6 0
86 75 11 1 7 4 2 3 6 0 5
86 75 11 5 7 0 1 2 4 6 3
86 75 11 7 1 5 3 0 4 6 2
86 75 11 0 1 5 3 2 4 6 7
86 77 9 3 4 7 5 2 6 1 0
86 77 9 6 1 7 3 2 4 5 0
86 77 9 3 4 5 1 2 6 7 0
87 67 20 7 6 0 2 3 4 5 1
87 70 17 6 7 0 2 4 5 1 3
87 70 17 6 4 1 0 7 5 3 2
87 70 17 0 4 2 5 3 6 1 7
87 71 16 6 1 0 2 4 7 5 3
87 71 16 6 4 1 7 2 0 3 5
87 71 16 0 4 1 3 7 2 6 5
87 71 16 7 0 1 3 4 2 6 5
87 71 16 2 0 1 5 4 6 3 7
87 71 16 7 6 4 3 2 0 1 5
87 71 16 7 4 5 0 3 6 2 1
87 71 16 2 4 0 5 3 6 7 1
87 71 16 0 1 5 2 6 4 3 7
87 72 15 5 4 1 3 2 6 0 7
87 72 15 7 4 2 1 3 0 6 5
87 72 15 7 4 0 1 3 6 2 5
87 72 15 4 6 1 7 3 2 5 0
87 72 15 2 6 1 3 4 0 5 7
87 72 15 2 4 1 7 3 0 6 5
87 72 15 2 4 0 7 3 6 1 5
87 72 15 1 7 4 2 0 6 5 3
87 72 15 3 7 4 1 0 6 5 2
87 72 15 3 7 0 1 2 6 5 4
87 72 15 7 1 2 5 0 6 3 4
87 72 15 4 1 0 7 2 6 3 5
87 73 14 7 0 1 5 6 4 3 2
87 73 14 7 1 0 3 6 4 5 2
87 73 14 7 6 0 1 2 5 4 3
87 73 14 2 4 3 7 0 6 5 1
87 73 14 7 4 1 2 5 3 0 6
87 73 14 7 4 1 0 5 3 6 2
87 73 14 3 4 0 2 6 5 1 7
87 73 14 7 1 2 3 0 4 5 6
87 74 13 7 1 3 0 4 6 5 2
87 74 13 3 4 1 7 6 2 5 0
87 74 13 2 0 4 5 3 6 1 7
87 74 13 2 4 5 0 3 6 1 7
87 74 13 7 1 5 2 0 6 4 3
87 74 13 7 4 2 3 6 5 0 1
87 75 12 7 4 3 2 1 6 5 0
87 75 12 1 4 2 0 3 6 5 7
87 75 12 7 4 3 1 6 5 0 2
87 75 12 4 6 1 2 3 5 7 0
87 75 12 6 1 0 3 2 4 5 7
87 75 12 3 4 5 1 7 6 2 0
87 75 12 7 4 2 3 1 6 0 5
87 75 12 2 7 1 5 3 4 6 0
87 76 11 3 1 5 2 4 6 0 7
87 76 11 1 0 2 7 6 4 5 3
87 76 11 3 1 2 7 6 4 5 0
87 76 11 7 1 2 5 6 4 3 0
87 76 11 7 4 3 2 6 5 1 0
87 77 10 3 4 5 1 2 0 6 7
87 78 9 3 0 1 5 2 4 6 7
87 79 8 1 3 4 7 2 6 5 0
87 79 8 1 7 0 5 2 4 6 3
87 79 8 3 7 5 1 2 4 0 6
87 80 7 0 3 5 7 2 4 6 1
87 82 5 3 1 5 7 2 4 0 6
88 71 17 7 4 1 6 5 2 0 3
88 71 17 7 0 5 2 1 6 3 4
88 71 17 0 4 5 1 3 6 2 7
88 71 17 0 4 1 5 3 6 7 2
88 71 17 7 1 0 2 6 4 3 5
88 72 16 7 4 5 2 6 0 1 3
88 72 16 7 0 5 2 4 6 1 3
88 72 16 6 4 1 2 3 7 0 5
88 72 16 6 1 5 2 4 0 3 7
88 72 16 0 4 1 7 5 6 3 2
88 72 16 5 4 1 2 0 6 3 7
88 72 16 7 0 2 3 4 6 1 5
88 72 16 4 6 1 3 7 0 5 2
88 72 16 0 1 2 5 4 6 3 7
88 73 15 3 4 1 2 6 7 5 0
88 73 15 6 4 0 1 2 7 5 3
88 73 15 6 4 1 5 2 7 0 3
88 73 15 7 4 1 5 6 3 0 2
88 73 15 0 7 1 5 4 6 3 2
88 73 15 7 6 1 5 4 0 3 2
88 73 15 6 4 1 5 0 2 3 7
88 73 15 7 6 4 2 3 1 0 5
88 73 15 2 7 4 1 6 0 5 3
88 73 15 2 4 0 7 6 5 1 3
88 73 15 4 2 1 7 0 6 5 3
88 73 15 6 4 3 7 2 0 5 1
88 73 15 6 4 1 7 3 2 0 5
88 73 15 2 6 4 3 7 0 5 1
88 73 15 2 4 3 5 7 6 0 1
88 73 15 2 4 5 3 7 0 6 1
88 73 15 0 1 2 3 6 4 5 7
88 74 14 3 4 2 7 0 6 1 5
88 74 14 7 6 4 1 3 5 0 2
88 74 14 6 2 1 7 4 0 5 3
88 74 14 0 7 1 5 3 4 6 2
88 74 14 7 0 2 4 6 1 5 3
88 74 14 7 0 1 5 4 6 2 3
88 74 14 4 1 5 0 7 6 3 2
88 75 13 4 0 2 1 3 6 5 7
88 75 13 3 4 2 1 0 6 5 7
88 75 13 2 0 1 5 3 4 6 7
88 75 13 3 4 2 5 7 6 1 0
88 75 13 3 4 5 1 7 0 6 2
88 75 13 3 0 1 7 4 2 6 5
88 76 12 6 1 2 7 0 4 5 3
88 76 12 6 1 2 7 4 5 0 3
88 76 12 7 2 0 4 1 6 5 3
88 76 12 1 2 4 0 7 6 5 3
88 76 12 3 2 4 1 7 6 5 0
88 76 12 2 0 5 1 7 4 6 3
88 76 12 0 3 4 7 2 6 1 5
88 77 11 2 7 1 4 3 6 0 5
88 77 11 1 4 0 5 2 6 3 7
88 77 11 1 4 5 3 2 6 0 7
88 77 11 6 1 7 5 2 4 0 3
88 78 10 7 4 5 3 1 2 6 0
88 78 10 3 6 1 7 2 4 0 5
88 79 9 3 7 5 0 2 4 6 1
88 80 8 3 1 5 7 4 6 0 2
88 80 8 2 1 5 7 4 6 3 0
88 80 8 3 5 0 7 2 4 6 1
88 81 7 5 3 1 7 2 4 6 0
88 82 6 1 5 0 7 2 4 6 3
89 72 17 0 4 5 2 7 6 1 3
89 72 17 6 4 1 0 3 7 5 2
89 72 17 4 0 1 7 6 2 5 3
89 73 16 2 4 1 0 6 7 5 3
89 73 16 7 4 1 2 6 0 3 5
89 73 16 0 4 1 2 7 6 3 5
89 73 16 7 0 1 2 4 6 3 5
89 73 16 7 6 4 2 0 3 1 5
89 73 16 0 7 1 3 6 4 5 2
89 73 16 2 7 4 0 1 6 5 3
89 73 16 7 2 1 0 4 6 5 3
89 73 16 0 4 1 2 5 3 6 7
89 73 16 0 4 3 2 7 6 5 1
89 74 15 4 0 2 7 3 6 1 5
89 74 15 5 4 2 7 3 6 1 0
89 74 15 7 0 5 2 6 1 4 3
89 74 15 2 4 5 0 7 6 3 1
89 74 15 7 4 2 3 0 5 1 6
89 74 15 0 4 2 3 6 5 1 7
89 75 14 4 6 1 3 2 5 0 7
89 75 14 7 1 2 0 3 4 6 5
89 75 14 3 1 0 2 6 4 5 7
89 75 14 2 4 1 5 0 3 6 7
89 75 14 7 0 4 1 6 5 3 2
89 75 14 0 3 4 2 7 6 1 5
89 75 14 0 6 1 3 2 4 5 7
89 76 13 2 4 5 7 3 6 0 1
89 76 13 2 7 4 3 0 6 5 1
89 76 13 6 4 1 3 2 5 7 0
89 76 13 4 1 0 2 6 5 3 7
89 76 13 2 4 0 1 6 5 3 7
89 76 13 7 1 0 5 6 4 2 3
89 76 13 7 2 4 1 0 6 5 3
89 76 13 2 4 5 1 0 7 6 3
89 76 13 7 4 5 1 3 2 0 6
89 76 13 3 6 4 7 2 0 1 5
89 77 12 4 1 5 7 3 6 0 2
89 77 12 3 4 1 2 5 7 6 0
89 77 12 3 0 1 5 7 4 6 2
89 77 12 4 0 5 7 2 6 3 1
89 77 12 0 7 5 1 4 2 6 3
89 77 12 7 5 0 1 4 2 6 3
89 77 12 7 2 5 1 4 0 6 3
89 78 11 1 4 2 3 7 6 5 0
89 78 11 3 7 5 1 4 6 0 2
89 78 11 3 7 1 5 4 6 2 0
89 78 11 2 7 5 1 4 6 3 0
89 79 10 7 6 5 1 2 4 0 3
89 79 10 7 6 1 5 2 4 3 0
89 79 10 7 1 3 0 2 4 6 5
89 79 10 6 1 5 0 2 4 3 7
89 79 10 0 1 5 7 2 4 3 6
89 80 9 6 0 5 7 2 4 1 3
89 80 9 1 0 5 7 4 6 3 2
89 80 9 2 1 5 7 4 0 6 3
89 80 9 3 1 7 0 2 4 6 5
89 80 9 3 1 6 7 2 4 0 5
89 81 8 7 5 1 3 2 4 6 0
89 82 7 1 4 5 7 2 0 6 3
89 82 7 3 1 5 0 2 4 6 7
90 70 20 6 4 0 2 7 5 3 1
90 73 17 6 0 4 2 7 5 1 3
90 73 17 6 4 2 0 7 5 1 3
90 73 17 6 1 2 3 4 0 5 7
90 73 17 6 4 1 0 3 2 5 7
90 73 17 0 4 1 7 3 2 5 6
90 73 17 7 4 0 2 5 3 6 1
90 74 16 4 0 1 5 7 6 3 2
90 74 16 5 4 1 0 7 6 3 2
90 74 16 7 6 4 1 0 3 5 2
90 74 16 4 1 0 2 7 6 3 5
90 74 16 2 4 0 1 7 6 3 5
90 75 15 7 6 4 1 3 2 5 0
90 75 15 7 4 3 2 6 0 5 1
90 75 15 4 6 1 3 0 2 5 7
90 75 15 7 1 6 2 3 4 0 5
90 75 15 0 3 1 2 6 4 5 7
90 75 15 0 4 5 7 3 6 1 2
90 75 15 4 6 0 2 3 5 1 7
90 75 15 7 0 1 5 4 3 6 2
90 75 15 3 4 2 1 7 6 0 5
90 75 15 4 1 2 7 6 0 5 3
90 75 15 1 7 0 2 3 6 5 4
90 75 15 7 4 2 0 1 6 5 3
90 75 15 0 4 2 3 1 6 5 7
90 75 15 0 4 1 7 3 2 6 5
90 75 15 2 7 1 0 5 4 6 3
90 75 15 5 7 1 6 2 4 0 3
90 76 14 6 7 4 1 2 5 0 3
90 76 14 4 7 1 3 0 6 5 2
90 76 14 7 4 0 1 2 3 6 5
90 76 14 0 4 1 7 2 3 6 5
90 76 14 6 0 2 7 4 1 5 3
90 76 14 0 7 2 4 1 6 5 3
90 76 14 0 3 4 1 7 6 5 2
90 76 14 7 1 2 5 6 0 4 3
90 76 14 2 7 0 3 4 6 1 5
90 76 14 7 4 5 0 3 2 6 1
90 77 13 4 3 1 2 0 6 5 7
90 77 13 3 4 1 5 0 7 6 2
90 77 13 2 4 5 7 0 6 3 1
90 77 13 7 6 1 3 2 4 0 5
90 78 12 4 1 2 5 7 6 3 0
90 78 12 7 4 2 1 6 5 3 0
90 78 12 3 7 1 5 4 0 6 2
90 78 12 1 4 5 0 7 2 6 3
90 78 12 3 4 5 1 7 2 6 0
90 78 12 0 4 5 7 1 2 6 3
90 78 12 1 4 2 7 3 6 0 5
90 78 12 2 1 0 5 7 4 6 3
90 78 12 2 7 5 1 4 0 6 3
90 78 12 3 4 1 5 0 2 6 7
90 78 12 4 5 0 7 2 6 1 3
90 78 12 4 6 5 7 2 0 1 3
90 78 12 3 4 7 1 2 6 0 5
90 78 12 3 6 1 0 2 4 5 7
90 79 11 7 1 5 0 3 4 6 2
90 79 11 0 7 5 3 2 4 6 1
90 79 11 7 5 0 3 2 4 6 1
90 79 11 1 7 5 6 2 4 0 3
90 79 11 3 7 5 1 0 4 6 2
90 79 11 6 1 5 7 0 4 3 2
90 80 10 6 4 5 7 2 1 0 3
90 80 10 7 1 5 0 4 2 6 3
90 81 9 7 1 5 6 2 4 3 0
90 81 9 2 4 1 3 6 5 7 0
90 82 8 3 1 5 7 0 4 6 2
90 83 7 1 4 5 7 2 6 0 3
90 87 3 1 3 5 7 2 4 6 0