0 0 0 7 4 1 2 0 6 5 3
8 0 8 0 4 1 2 7 6 5 3
8 0 8 7 4 1 2 3 6 5 0
9 0 9 7 4 1 2 6 0 5 3
10 0 10 7 0 1 2 4 6 5 3
10 0 10 7 4 1 0 2 6 5 3
16 8 8 4 0 1 2 7 6 5 3
16 8 8 7 4 1 2 3 6 0 5
16 8 8 7 4 1 0 3 6 5 2
17 8 9 2 4 1 0 7 6 5 3
17 8 9 3 4 1 2 7 6 5 0
17 9 8 7 0 1 2 6 4 5 3
17 10 7 7 4 1 3 2 6 5 0
18 8 10 7 4 0 2 3 6 5 1
18 8 10 0 4 1 2 3 6 5 7
18 9 9 7 4 1 2 6 5 0 3
18 10 8 0 7 1 2 4 6 5 3
18 10 8 7 1 0 2 4 6 5 3
18 10 8 7 4 0 1 2 6 5 3
18 10 8 0 4 1 7 2 6 5 3
19 8 11 6 4 1 2 7 0 5 3
19 10 9 7 6 1 2 4 0 5 3
20 10 10 7 4 1 5 2 6 0 3
24 16 8 4 1 0 2 7 6 5 3
24 16 8 7 4 1 2 3 0 6 5
24 16 8 7 4 0 2 3 6 1 5
24 16 8 7 4 0 1 3 6 5 2
24 17 7 2 4 1 3 7 6 5 0
25 16 9 4 6 1 2 7 0 5 3
25 16 9 0 4 1 7 3 6 5 2
25 17 8 2 4 0 1 7 6 5 3
25 17 8 3 4 1 2 7 6 0 5
25 17 8 3 4 1 0 7 6 5 2
25 17 8 0 7 1 2 6 4 5 3
25 17 8 7 1 0 2 6 4 5 3
25 17 8 7 4 1 3 2 6 0 5
25 18 7 7 4 5 1 2 6 0 3
25 18 7 4 0 1 7 2 6 5 3
26 16 10 7 4 1 3 0 6 5 2
26 16 10 7 4 1 5 3 6 0 2
26 17 9 3 4 1 2 0 6 5 7
26 18 8 7 0 4 2 3 6 5 1
26 18 8 7 4 2 0 3 6 5 1
26 18 8 7 4 5 2 3 6 0 1
26 18 8 4 0 1 2 3 6 5 7
26 18 8 7 4 1 2 6 5 3 0
26 18 8 4 7 1 2 0 6 5 3
26 18 8 7 1 2 0 4 6 5 3
26 18 8 7 1 5 2 4 6 0 3
26 18 8 7 0 4 1 2 6 5 3
26 18 8 2 4 1 7 0 6 5 3
26 18 8 3 4 1 7 2 6 5 0
27 17 10 2 4 1 5 7 6 0 3
27 17 10 3 4 0 2 7 6 5 1
27 17 10 7 4 0 3 2 6 5 1
27 17 10 0 4 1 3 2 6 5 7
27 18 9 2 4 1 0 3 6 5 7
27 18 9 7 4 0 2 6 5 1 3
27 18 9 2 7 1 0 4 6 5 3
27 18 9 3 7 1 2 4 6 5 0
27 18 9 6 4 1 7 2 0 5 3
27 19 8 6 0 1 2 7 4 5 3
27 19 8 7 6 1 2 0 4 5 3
27 20 7 7 4 1 5 2 0 6 3
27 20 7 7 4 1 5 2 6 3 0
28 19 9 6 4 1 2 0 7 5 3
28 19 9 6 4 1 2 7 5 0 3
28 19 9 7 6 1 2 4 5 0 3
28 20 8 7 4 0 5 2 6 1 3
29 18 11 6 4 1 2 3 0 5 7
29 18 11 6 7 1 2 4 0 5 3
31 24 7 7 0 1 2 3 4 6 5
31 25 6 7 4 5 1 2 0 6 3
31 25 6 7 4 5 1 2 6 3 0
32 24 8 4 1 2 0 7 6 5 3
32 24 8 4 1 5 2 7 6 0 3
32 24 8 7 4 1 2 0 3 6 5
32 24 8 7 0 4 2 3 6 1 5
32 24 8 7 4 2 0 3 6 1 5
32 24 8 7 0 4 1 3 6 5 2
32 24 8 7 4 5 1 3 6 0 2
32 24 8 2 4 1 3 7 6 0 5
32 25 7 7 1 5 2 6 4 0 3
32 25 7 7 4 1 3 2 0 6 5
32 25 7 4 1 0 7 2 6 5 3
32 25 7 4 6 1 7 2 0 5 3
33 24 9 2 4 1 3 0 6 5 7
33 25 8 4 0 1 7 3 6 5 2
33 25 8 3 4 1 7 0 6 5 2
33 25 8 2 0 4 1 7 6 5 3
33 25 8 2 4 5 1 7 6 0 3
33 25 8 3 4 1 2 7 0 6 5
33 25 8 3 4 0 2 7 6 1 5
33 25 8 3 4 0 1 7 6 5 2
33 25 8 6 7 1 2 0 4 5 3
33 25 8 7 1 2 0 6 4 5 3
33 25 8 7 4 0 3 2 6 1 5
33 26 7 7 4 1 5 3 6 2 0
33 26 7 7 4 2 1 3 6 5 0
33 26 7 7 4 5 2 3 0 6 1
33 26 7 7 4 5 2 3 6 1 0
33 26 7 7 1 2 3 4 6 5 0
33 26 7 7 1 5 2 4 0 6 3
33 26 7 7 1 5 2 4 6 3 0
33 26 7 3 4 1 7 2 6 0 5
33 27 6 6 0 1 7 2 4 5 3
33 27 6 7 0 1 5 2 4 6 3
34 24 10 2 4 0 3 7 6 5 1
34 24 10 0 4 1 3 7 6 5 2
34 25 9 4 6 1 2 0 7 5 3
34 25 9 4 6 1 2 7 5 0 3
34 25 9 2 4 1 7 3 6 5 0
34 25 9 2 7 1 0 6 4 5 3
34 25 9 3 7 1 2 6 4 5 0
34 26 8 7 4 1 5 3 0 6 2
34 26 8 7 4 0 5 3 6 1 2
34 26 8 0 7 4 2 3 6 5 1
34 26 8 4 1 0 2 3 6 5 7
34 26 8 4 7 1 2 3 6 5 0
34 26 8 0 7 4 1 2 6 5 3
34 26 8 7 6 4 1 2 0 5 3
34 26 8 2 4 1 7 6 0 5 3
34 26 8 3 4 1 0 2 6 5 7
34 27 7 2 4 1 5 7 6 3 0
34 27 7 7 4 3 0 2 6 5 1
34 27 7 7 4 5 3 2 6 0 1
34 27 7 2 7 1 3 4 6 5 0
34 27 7 6 4 1 7 2 5 0 3
35 25 10 6 4 1 7 3 0 5 2
35 25 10 3 4 1 5 7 6 0 2
35 26 9 7 4 1 3 6 0 5 2
35 26 9 3 4 1 2 6 0 5 7
35 26 9 7 6 4 2 3 0 5 1
35 26 9 0 4 2 7 3 6 5 1
35 26 9 4 6 1 2 3 0 5 7
35 26 9 7 4 1 0 6 5 3 2
35 26 9 4 7 1 2 6 0 5 3
35 26 9 0 1 2 7 4 6 5 3
35 26 9 7 1 2 4 0 6 5 3
35 26 9 3 4 0 7 2 6 5 1
35 27 8 2 4 1 5 7 0 6 3
35 27 8 2 4 0 5 7 6 1 3
35 27 8 3 0 4 2 7 6 5 1
35 27 8 3 4 2 0 7 6 5 1
35 27 8 3 4 5 2 7 6 0 1
35 27 8 7 0 4 3 2 6 5 1
35 27 8 4 0 1 3 2 6 5 7
35 27 8 2 4 0 1 3 6 5 7
35 27 8 2 7 0 1 4 6 5 3
35 27 8 3 7 1 2 4 6 0 5
35 27 8 3 7 1 0 4 6 5 2
35 27 8 6 4 1 7 0 2 5 3
35 27 8 0 6 1 2 7 4 5 3
35 27 8 6 1 0 2 7 4 5 3
35 27 8 7 6 1 2 3 4 5 0
35 27 8 7 4 1 5 0 2 6 3
35 27 8 7 4 1 0 2 6 3 5
35 28 7 7 4 5 0 2 6 1 3
36 26 10 7 0 1 3 4 6 5 2
36 26 10 3 0 1 2 4 6 5 7
36 26 10 7 4 2 3 0 6 5 1
36 26 10 7 4 2 5 3 6 0 1
36 26 10 7 4 1 2 0 5 3 6
36 26 10 4 7 1 0 2 6 5 3
36 26 10 7 1 2 5 4 6 0 3
36 26 10 2 0 1 7 4 6 5 3
36 27 9 7 0 4 2 6 5 1 3
36 27 9 7 4 2 0 6 5 1 3
36 27 9 2 7 1 4 0 6 5 3
36 27 9 3 7 1 2 0 6 5 4
36 27 9 7 6 1 0 2 4 5 3
36 27 9 7 4 1 5 0 6 3 2
36 28 8 6 4 1 2 7 5 3 0
36 28 8 7 6 1 2 4 5 3 0
36 28 8 7 0 4 5 2 6 1 3
36 31 5 7 0 5 1 2 4 6 3
37 26 11 7 4 0 2 6 5 3 1
37 26 11 0 4 1 2 6 5 3 7
37 27 10 6 4 1 3 2 0 5 7
37 27 10 2 4 1 5 3 6 0 7
37 27 10 2 7 1 5 4 6 0 3
37 27 10 3 7 0 2 4 6 5 1
37 27 10 7 4 0 5 2 6 3 1
37 27 10 0 4 1 5 2 6 3 7
37 28 9 0 4 1 2 6 7 5 3
37 28 9 6 4 1 2 3 7 5 0
37 28 9 6 4 0 2 7 5 1 3
37 28 9 7 6 0 2 4 5 1 3
37 29 8 6 0 1 2 3 4 5 7
38 28 10 6 4 1 0 2 7 5 3
38 29 9 6 4 1 2 0 3 5 7
38 29 9 6 4 1 2 3 5 0 7
38 29 9 6 7 1 2 4 5 0 3
38 29 9 6 0 1 2 4 7 5 3
38 31 7 0 7 1 2 3 4 6 5
38 31 7 7 1 0 2 3 4 6 5
38 31 7 7 4 5 1 0 2 6 3
38 31 7 7 4 5 0 2 6 3 1
38 32 6 7 1 5 2 6 4 3 0
38 32 6 7 0 1 3 2 4 6 5
38 32 6 4 1 5 7 2 6 0 3
39 32 7 4 1 2 3 7 6 5 0
39 32 7 4 1 5 2 7 0 6 3
39 32 7 4 1 5 2 7 6 3 0
39 32 7 7 4 2 5 3 6 1 0
39 32 7 7 4 5 1 3 0 6 2
39 32 7 7 4 5 1 3 6 2 0
39 32 7 4 6 1 7 2 5 0 3
39 33 6 7 0 5 2 3 4 6 1
39 33 6 7 1 5 2 0 4 6 3
39 33 6 3 4 1 7 2 0 6 5
39 33 6 0 6 1 7 2 4 5 3
39 33 6 6 1 0 7 2 4 5 3
39 33 6 0 7 1 5 2 4 6 3
39 33 6 7 1 0 5 2 4 6 3
40 31 9 7 4 5 1 0 6 3 2
40 31 9 0 4 5 1 2 6 3 7
40 32 8 0 1 2 4 7 6 5 3
40 32 8 0 4 1 2 7 3 6 5
40 32 8 7 4 1 2 5 3 6 0
40 32 8 0 7 4 2 3 6 1 5
40 32 8 0 7 4 1 3 6 5 2
40 32 8 2 4 1 3 7 0 6 5
40 32 8 2 4 0 3 7 6 1 5
40 32 8 7 1 5 2 6 0 4 3
40 32 8 7 4 1 3 0 2 6 5
40 32 8 4 1 7 0 2 6 5 3
40 32 8 4 6 1 7 0 2 5 3
40 33 7 0 2 4 1 7 6 5 3
40 33 7 2 4 5 1 7 0 6 3
40 33 7 2 4 5 1 7 6 3 0
40 33 7 3 0 1 2 7 4 6 5
40 33 7 7 1 2 3 6 4 5 0
40 33 7 7 4 3 0 2 6 1 5
40 33 7 7 4 5 2 0 3 6 1
40 33 7 7 0 5 2 4 1 6 3
40 33 7 3 4 0 7 2 6 1 5
40 34 6 7 4 3 1 2 6 5 0
40 34 6 7 4 5 3 2 0 6 1
40 34 6 7 4 5 3 2 6 1 0
40 34 6 6 4 1 7 2 5 3 0
41 31 10 7 4 0 1 2 6 3 5
41 32 9 7 4 1 0 2 3 6 5
41 32 9 7 6 4 2 3 0 1 5
41 32 9 0 4 2 7 3 6 1 5
41 32 9 7 6 4 1 3 0 5 2
41 33 8 4 1 0 7 3 6 5 2
41 33 8 4 6 1 7 3 0 5 2
41 33 8 3 4 1 7 6 0 5 2
41 33 8 3 4 1 2 0 7 6 5
41 33 8 3 0 4 2 7 6 1 5
41 33 8 3 4 2 0 7 6 1 5
41 33 8 3 0 4 1 7 6 5 2
41 33 8 3 4 5 1 7 6 0 2
41 33 8 6 7 1 2 3 4 5 0
41 33 8 0 1 2 7 6 4 5 3
41 33 8 7 0 4 3 2 6 1 5
41 33 8 7 4 1 0 3 6 2 5
41 33 8 7 4 2 1 3 6 0 5
41 33 8 7 4 5 0 3 6 1 2
41 33 8 7 1 2 3 4 6 0 5
41 33 8 7 1 5 0 4 6 3 2
41 34 7 2 4 3 0 7 6 5 1
41 34 7 2 7 1 3 6 4 5 0
41 34 7 7 0 1 5 3 4 6 2
41 34 7 2 0 1 7 6 4 5 3
41 34 7 6 4 0 7 2 5 1 3
41 35 6 3 4 5 7 2 6 0 1
41 36 5 0 7 5 1 2 4 6 3
42 32 10 4 1 2 7 0 6 5 3
42 32 10 4 1 2 5 7 6 0 3
42 32 10 7 0 1 2 4 3 6 5
42 32 10 7 4 2 3 0 6 1 5
42 33 9 2 4 1 3 6 0 5 7
42 33 9 2 6 4 1 7 0 5 3
42 33 9 6 7 1 0 2 4 5 3
42 33 9 7 4 1 5 0 6 2 3
42 33 9 7 4 2 1 0 6 5 3
42 33 9 7 4 5 2 0 6 1 3
42 33 9 7 1 2 3 0 6 5 4
42 33 9 7 1 5 2 0 6 3 4
42 34 8 2 0 4 3 7 6 5 1
42 34 8 2 4 5 3 7 6 0 1
42 34 8 4 0 1 3 7 6 5 2
42 34 8 4 6 1 2 7 5 3 0
42 34 8 2 4 1 7 3 6 0 5
42 34 8 2 7 0 1 6 4 5 3
42 34 8 3 7 1 2 6 4 0 5
42 34 8 3 7 1 0 6 4 5 2
42 34 8 7 4 1 5 0 3 6 2
42 34 8 7 0 4 5 3 6 1 2
42 34 8 3 7 4 2 0 6 5 1
42 34 8 1 7 4 2 3 6 5 0
42 34 8 4 1 2 0 3 6 5 7
42 34 8 4 1 5 2 3 6 0 7
42 34 8 4 7 1 2 3 6 0 5
42 34 8 4 7 1 0 3 6 5 2
42 34 8 2 7 4 1 0 6 5 3
42 34 8 1 7 4 0 2 6 5 3
42 34 8 7 6 4 1 2 5 0 3
42 34 8 2 4 1 7 6 5 0 3
42 34 8 3 4 0 1 2 6 5 7
42 34 8 2 4 1 0 7 6 3 5
42 34 8 0 4 3 7 2 6 5 1
42 34 8 2 7 1 3 4 6 0 5
42 35 7 6 0 1 7 3 4 5 2
42 35 7 3 4 1 5 7 6 2 0
42 35 7 1 0 2 7 4 6 5 3
42 35 7 7 1 2 4 3 6 5 0
42 35 7 3 0 4 7 2 6 5 1
42 35 7 2 0 1 5 7 4 6 3
42 35 7 3 4 2 1 7 6 5 0
42 35 7 3 4 5 2 7 0 6 1
42 35 7 3 4 5 2 7 6 1 0
42 35 7 6 1 5 2 7 4 0 3
42 35 7 0 4 5 7 2 6 1 3
42 36 6 7 6 1 3 2 4 5 0
42 36 6 7 5 0 1 2 4 6 3
43 33 10 2 0 1 3 4 6 5 7
43 33 10 3 0 1 7 4 6 5 2
43 33 10 7 1 2 6 0 4 5 3
43 33 10 7 1 2 5 6 4 0 3
43 33 10 7 4 0 5 3 6 2 1
43 33 10 0 4 1 5 3 6 2 7
43 33 10 0 4 2 1 3 6 5 7
43 33 10 0 4 5 2 3 6 1 7
43 33 10 7 1 0 3 4 6 5 2
43 33 10 0 1 2 3 4 6 5 7
43 33 10 7 1 0 2 4 6 3 5
43 33 10 0 1 5 2 4 6 3 7
43 34 9 0 6 1 2 4 7 5 3
43 34 9 4 6 1 2 3 7 5 0
43 34 9 4 6 0 2 7 5 1 3
43 34 9 3 7 1 2 0 4 5 6
43 34 9 2 7 4 0 3 6 5 1
43 34 9 3 7 4 1 2 6 5 0
43 34 9 7 6 4 1 0 2 5 3
43 34 9 2 4 1 5 0 6 3 7
43 34 9 7 4 3 2 0 6 5 1
43 34 9 7 4 3 5 2 6 0 1
43 34 9 2 7 1 3 0 6 5 4
43 35 8 6 4 1 7 0 3 5 2
43 35 8 6 4 1 7 3 5 0 2
43 35 8 3 4 1 5 7 0 6 2
43 35 8 3 4 0 5 7 6 1 2
43 35 8 7 0 1 3 6 4 5 2
43 35 8 3 0 1 2 6 4 5 7
43 35 8 4 0 2 7 3 6 5 1
43 35 8 3 4 2 7 0 6 5 1
43 35 8 1 4 2 7 3 6 5 0
43 35 8 7 1 2 4 6 0 5 3
43 35 8 3 4 7 0 2 6 5 1
43 35 8 2 4 1 5 0 7 6 3
43 35 8 2 0 4 5 7 6 1 3
43 35 8 2 4 5 0 7 6 1 3
43 35 8 0 3 4 2 7 6 5 1
43 35 8 0 7 4 3 2 6 5 1
43 35 8 7 6 4 3 2 0 5 1
43 35 8 4 1 0 3 2 6 5 7
43 35 8 4 6 1 3 2 0 5 7
43 35 8 2 0 4 1 3 6 5 7
43 35 8 2 4 5 1 3 6 0 7
43 35 8 2 0 7 1 4 6 5 3
43 35 8 2 7 5 1 4 6 0 3
43 35 8 3 7 1 2 4 0 6 5
43 35 8 3 7 0 2 4 6 1 5
43 35 8 3 7 0 1 4 6 5 2
43 35 8 0 4 1 7 6 2 5 3
43 35 8 6 4 1 7 3 2 5 0
43 35 8 6 1 2 0 7 4 5 3
43 35 8 7 6 1 2 3 4 0 5
43 35 8 7 6 1 0 3 4 5 2
43 35 8 0 4 1 5 7 2 6 3
43 35 8 7 4 1 5 3 2 6 0
43 35 8 0 4 1 7 2 6 3 5
43 36 7 4 7 1 3 2 6 5 0
43 36 7 7 1 2 5 4 6 3 0
43 36 7 0 2 1 7 4 6 5 3
43 36 7 0 7 1 4 2 6 5 3
43 36 7 2 7 1 4 3 6 5 0
43 36 7 7 6 0 1 2 4 5 3
43 37 6 2 4 1 5 3 6 7 0
43 38 5 4 1 5 7 2 0 6 3
43 38 5 4 1 5 7 2 6 3 0
44 34 10 4 6 1 0 2 7 5 3
44 34 10 2 4 0 7 3 6 5 1
44 34 10 2 7 1 6 0 4 5 3
44 34 10 2 7 1 5 6 4 0 3
44 34 10 3 7 0 2 6 4 5 1
44 34 10 4 7 0 2 3 6 5 1
44 34 10 0 7 1 2 3 6 5 4
44 34 10 6 7 4 1 2 0 5 3
44 34 10 3 4 1 5 2 6 0 7
44 34 10 2 4 0 5 7 6 3 1
44 34 10 0 4 1 5 7 6 3 2
44 34 10 2 7 0 3 4 6 5 1
44 34 10 0 7 1 3 4 6 5 2
44 35 9 7 4 1 3 6 5 0 2
44 35 9 3 4 1 2 6 5 0 7
44 35 9 7 6 4 2 0 3 5 1
44 35 9 7 6 4 2 3 5 0 1
44 35 9 4 6 1 2 0 3 5 7
44 35 9 4 6 1 2 3 5 0 7
44 35 9 7 4 0 1 6 5 3 2
44 35 9 0 4 1 7 6 5 3 2
44 35 9 4 7 1 2 6 5 0 3
44 35 9 4 0 1 2 6 7 5 3
44 35 9 3 1 2 7 4 6 5 0
44 35 9 7 0 2 4 1 6 5 3
44 35 9 3 6 4 2 7 0 5 1
44 35 9 0 4 2 3 7 6 5 1
44 35 9 3 7 1 4 0 6 5 2
44 35 9 2 6 1 0 7 4 5 3
44 35 9 3 6 1 2 7 4 5 0
44 36 8 0 3 1 2 4 6 5 7
44 36 8 3 1 0 2 4 6 5 7
44 36 8 7 4 2 3 1 6 5 0
44 36 8 7 4 2 5 3 0 6 1
44 36 8 7 4 1 2 5 0 3 6
44 36 8 4 7 0 1 2 6 5 3
44 36 8 7 1 2 5 4 0 6 3
44 36 8 7 1 0 5 4 6 2 3
44 36 8 2 1 0 7 4 6 5 3
44 36 8 2 6 1 7 4 0 5 3
44 36 8 7 4 2 3 6 5 1 0
44 36 8 2 7 1 4 6 0 5 3
44 36 8 0 7 4 5 2 6 1 3
44 36 8 7 6 4 5 2 0 1 3
44 37 7 6 0 1 3 2 4 5 7
44 37 7 2 7 1 5 4 6 3 0
44 38 6 0 7 1 3 2 4 6 5
44 38 6 7 1 0 3 2 4 6 5
44 39 5 3 0 1 7 2 4 6 5
44 39 5 6 1 5 7 2 4 0 3
44 39 5 7 1 5 0 2 4 6 3
45 34 11 6 4 1 3 7 0 5 2
45 34 11 6 7 4 2 3 0 5 1
45 35 10 6 4 2 7 3 0 5 1
45 35 10 6 1 2 7 4 0 5 3
45 35 10 3 4 2 5 7 6 0 1
45 35 10 3 7 1 5 4 6 0 2
45 35 10 6 0 1 7 4 2 5 3
45 35 10 7 6 0 2 3 4 5 1
45 35 10 0 6 1 2 3 4 5 7
45 35 10 7 0 1 5 4 2 6 3
45 35 10 7 4 1 0 5 2 6 3
45 35 10 7 4 1 2 0 6 3 5
45 36 9 7 6 1 3 4 0 5 2
45 36 9 3 6 1 2 4 0 5 7
45 36 9 7 4 2 3 6 0 5 1
45 36 9 0 4 1 2 7 5 3 6
45 36 9 0 7 4 2 6 5 1 3
45 36 9 7 5 4 2 6 0 1 3
45 36 9 0 4 2 7 6 5 1 3
45 36 9 2 0 1 4 7 6 5 3
45 36 9 3 7 1 2 6 0 5 4
45 36 9 7 6 1 5 2 4 0 3
45 36 9 7 4 1 5 6 0 3 2
45 36 9 7 4 1 0 5 6 3 2
45 36 9 6 4 1 0 7 5 3 2
45 36 9 7 6 1 0 4 5 3 2
45 37 8 7 4 3 2 6 5 0 1
45 37 8 6 4 1 3 2 5 0 7
45 37 8 2 4 1 5 3 0 6 7
45 37 8 2 4 0 5 3 6 1 7
45 37 8 2 7 1 5 4 0 6 3
45 37 8 2 7 0 5 4 6 1 3
45 37 8 3 0 7 2 4 6 5 1
45 37 8 3 7 2 0 4 6 5 1
45 37 8 3 7 5 2 4 6 0 1
45 37 8 7 0 4 5 2 6 3 1
45 37 8 4 0 1 5 2 6 3 7
45 37 8 6 1 0 2 3 4 5 7
45 38 7 6 4 1 3 2 7 5 0
45 38 7 6 4 1 2 3 5 7 0
45 38 7 3 7 1 2 0 4 6 5
45 38 7 7 1 2 0 3 4 6 5
45 38 7 0 4 5 1 7 2 6 3
45 38 7 7 4 5 1 3 2 6 0
45 38 7 0 4 5 7 2 6 3 1
45 38 7 7 1 5 0 6 4 3 2
45 39 6 7 0 5 1 3 4 6 2
45 39 6 4 6 1 7 2 5 3 0
45 39 6 0 7 5 2 3 4 6 1
45 39 6 0 1 5 2 7 4 6 3
45 39 6 7 1 5 2 3 4 6 0
45 40 5 7 0 5 3 2 4 6 1
46 35 11 7 4 1 6 0 5 3 2
46 35 11 6 4 1 0 7 2 5 3
46 36 10 7 0 2 3 4 6 5 1
46 36 10 7 4 1 0 2 5 3 6
46 36 10 4 7 1 5 2 6 0 3
46 36 10 3 0 1 2 7 6 5 4
46 36 10 3 7 1 0 2 6 5 4
46 36 10 7 0 1 5 4 6 3 2
46 36 10 6 4 1 2 0 5 3 7
46 36 10 7 6 1 2 0 5 3 4
46 37 9 7 0 4 2 6 5 3 1
46 37 9 7 4 2 0 6 5 3 1
46 37 9 4 0 1 2 6 5 3 7
46 37 9 6 4 1 3 0 2 5 7
46 37 9 5 4 1 0 2 6 3 7
46 37 9 6 4 1 2 3 7 0 5
46 37 9 6 4 1 0 3 7 5 2
46 37 9 6 0 4 2 7 5 1 3
46 37 9 6 4 2 0 7 5 1 3
46 37 9 7 0 6 2 4 5 1 3
46 37 9 7 6 2 0 4 5 1 3
46 38 8 6 4 0 1 2 7 5 3
46 38 8 6 7 1 2 4 5 3 0
46 38 8 2 7 1 0 3 4 6 5
46 38 8 5 7 1 2 3 4 6 0
46 38 8 7 1 6 2 3 4 0 5
46 38 8 7 1 5 2 0 4 3 6
46 39 7 4 1 5 2 0 7 6 3
46 39 7 4 0 5 2 7 1 6 3
46 39 7 7 4 5 1 0 3 6 2
46 39 7 4 6 0 7 2 5 1 3
46 39 7 7 5 0 2 3 4 6 1
46 39 7 3 4 1 7 0 2 6 5
46 39 7 2 6 1 7 0 4 5 3
46 39 7 3 6 1 7 2 4 5 0
46 39 7 6 1 7 0 2 4 5 3
46 39 7 2 7 1 5 0 4 6 3
46 39 7 5 7 1 0 2 4 6 3
46 39 7 3 7 1 5 2 4 6 0
46 39 7 7 1 6 5 2 4 0 3
46 40 6 1 0 2 4 7 6 5 3
46 40 6 2 0 5 1 7 4 6 3
46 40 6 0 3 1 2 7 4 6 5
46 40 6 7 4 3 5 2 6 1 0
46 41 5 3 4 5 7 2 0 6 1
46 41 5 3 4 5 7 2 6 1 0
46 41 5 1 7 5 0 2 4 6 3
47 36 11 7 0 1 2 4 5 3 6
47 36 11 7 4 2 6 0 5 1 3
47 36 11 7 4 2 1 6 5 0 3
47 36 11 6 4 0 2 7 5 3 1
47 36 11 7 6 0 2 4 5 3 1
47 36 11 0 6 1 2 4 5 3 7
47 37 10 2 4 1 0 6 5 3 7
47 37 10 6 4 1 5 2 0 3 7
47 37 10 2 4 1 0 6 7 5 3
47 37 10 3 4 1 2 6 7 5 0
47 38 9 0 4 1 6 2 7 5 3
47 38 9 0 4 1 2 6 3 5 7
47 38 9 6 4 1 2 7 3 5 0
47 38 9 6 4 0 2 3 5 1 7
47 38 9 6 7 0 2 4 5 1 3
47 38 9 6 1 0 2 4 7 5 3
47 38 9 7 0 5 1 4 2 6 3
47 38 9 7 4 5 0 1 2 6 3
47 38 9 0 1 5 2 6 4 3 7
47 39 8 4 1 2 3 7 6 0 5
47 39 8 4 1 5 0 7 6 3 2
47 39 8 7 4 5 0 3 6 2 1
47 39 8 7 0 5 2 1 4 6 3
47 40 7 4 0 5 1 2 6 3 7
47 40 7 1 4 5 0 2 6 3 7
47 40 7 2 0 1 3 7 4 6 5
47 40 7 2 4 3 0 7 6 1 5
47 40 7 4 1 7 3 2 6 5 0
47 40 7 7 2 4 1 0 6 5 3
47 40 7 1 2 4 0 7 6 5 3
47 40 7 2 4 5 1 0 7 6 3
47 40 7 3 1 0 2 7 4 6 5
47 40 7 0 4 5 2 7 3 6 1
47 40 7 7 4 5 2 1 3 6 0
47 40 7 0 7 5 2 4 1 6 3
47 40 7 3 0 4 7 2 6 1 5
47 40 7 7 4 3 1 2 6 0 5
47 40 7 7 4 5 3 0 2 6 1
47 41 6 7 4 1 5 2 3 6 0
47 41 6 1 0 2 7 6 4 5 3
47 41 6 2 4 3 1 7 6 5 0
47 41 6 2 7 5 1 0 4 6 3
47 41 6 3 7 5 1 2 4 6 0
48 37 11 5 4 1 2 6 0 3 7
48 37 11 6 4 0 2 3 7 5 1
48 37 11 0 4 1 2 3 7 5 6
48 38 10 6 4 1 5 2 7 0 3
48 38 10 6 4 1 0 2 3 5 7
48 38 10 4 7 1 2 3 0 6 5
48 38 10 7 4 5 2 0 6 3 1
48 38 10 7 1 0 2 6 4 3 5
48 39 9 4 1 2 3 0 6 5 7
48 39 9 4 1 5 2 0 6 3 7
48 39 9 7 4 2 5 0 6 1 3
48 39 9 7 4 5 1 0 6 2 3
48 39 9 4 7 1 5 2 0 6 3
48 40 8 7 4 5 1 6 0 3 2
48 40 8 0 4 5 1 7 6 3 2
48 40 8 2 4 5 1 0 6 3 7
48 40 8 3 1 2 4 7 6 5 0
48 40 8 4 0 1 2 7 3 6 5
48 40 8 7 4 1 2 5 3 0 6
48 40 8 7 4 1 0 5 3 6 2
48 40 8 3 7 4 2 0 6 1 5
48 40 8 3 7 4 1 0 6 5 2
48 40 8 1 7 4 0 3 6 5 2
48 40 8 2 4 1 3 0 7 6 5
48 40 8 2 0 4 3 7 6 1 5
48 40 8 7 1 5 2 0 6 4 3
48 40 8 7 0 5 2 6 1 4 3
48 40 8 0 4 1 3 7 2 6 5
48 40 8 7 4 1 3 5 2 6 0
48 40 8 0 1 7 4 2 6 5 3
48 40 8 0 6 1 7 4 2 5 3
48 40 8 4 6 1 7 3 2 5 0
48 40 8 3 2 4 1 7 6 5 0
48 40 8 2 4 5 0 7 6 3 1
48 40 8 7 1 2 3 6 4 0 5
48 40 8 0 4 3 7 2 6 1 5
48 40 8 7 4 5 0 2 3 6 1
48 40 8 7 5 0 2 4 1 6 3
48 40 8 3 4 7 0 2 6 1 5
48 40 8 7 4 3 1 0 6 5 2
48 40 8 6 4 1 0 2 5 3 7
48 41 7 7 4 0 1 2 3 6 5
48 41 7 0 4 1 7 2 3 6 5
48 41 7 4 1 5 7 3 6 0 2
48 41 7 3 0 1 7 6 4 5 2
48 41 7 3 4 2 5 7 6 1 0
48 41 7 3 4 5 1 7 0 6 2
48 41 7 3 4 5 1 7 6 2 0
48 41 7 6 1 2 7 0 4 5 3
48 41 7 0 7 1 5 3 4 6 2
48 41 7 7 1 0 5 3 4 6 2
48 41 7 0 2 1 7 6 4 5 3
48 41 7 2 1 0 7 6 4 5 3
48 41 7 6 0 4 7 2 5 1 3
48 42 6 6 7 1 3 2 4 5 0
48 42 6 4 1 5 2 3 6 7 0
48 42 6 1 7 0 4 2 6 5 3
48 42 6 1 7 4 3 2 6 5 0
48 42 6 1 2 0 7 4 6 5 3
48 42 6 0 3 4 7 2 6 5 1
48 42 6 3 0 5 2 7 4 6 1
48 42 6 6 1 5 2 7 4 3 0
48 42 6 4 0 5 7 2 6 1 3
48 42 6 7 5 1 0 2 4 6 3
48 43 5 4 0 5 7 2 1 6 3
48 44 4 0 3 1 7 2 4 6 5
48 44 4 6 1 5 7 2 4 3 0
48 44 4 7 1 5 3 2 4 6 0
49 38 11 6 0 1 2 4 3 5 7
49 39 10 4 1 0 3 7 6 5 2
49 39 10 0 1 2 3 7 6 5 4
49 39 10 4 1 0 2 7 6 3 5
49 39 10 0 1 5 2 7 6 3 4
49 39 10 0 4 2 5 3 6 1 7
49 39 10 7 4 0 1 3 6 2 5
49 39 10 0 4 5 1 3 6 2 7
49 40 9 6 4 5 1 2 0 3 7
49 40 9 2 4 1 0 7 3 6 5
49 40 9 5 4 1 2 7 3 6 0
49 40 9 2 7 4 0 3 6 1 5
49 40 9 5 7 4 2 3 6 1 0
49 40 9 2 7 4 1 3 6 5 0
49 40 9 7 1 2 3 0 4 5 6
49 40 9 7 4 3 2 0 6 1 5
49 40 9 7 0 5 2 4 3 6 1
49 40 9 0 4 3 1 2 6 5 7
49 40 9 7 4 5 3 0 6 1 2
49 40 9 0 4 5 3 2 6 1 7
49 40 9 6 4 1 7 0 5 3 2
49 40 9 6 4 0 7 2 5 3 1
49 40 9 0 4 1 7 2 5 3 6
49 41 8 7 0 4 1 2 6 3 5
49 41 8 4 0 2 7 3 6 1 5
49 41 8 3 4 2 7 0 6 1 5
49 41 8 4 1 7 0 3 6 5 2
49 41 8 4 6 1 7 0 3 5 2
49 41 8 4 6 1 7 3 5 0 2
49 41 8 3 4 1 7 6 5 0 2
49 41 8 0 4 1 2 3 7 6 5
49 41 8 3 4 1 2 5 7 6 0
49 41 8 0 3 4 2 7 6 1 5
49 41 8 0 3 4 1 7 6 5 2
49 41 8 6 7 1 2 3 4 0 5
49 41 8 6 7 1 0 3 4 5 2
49 41 8 3 1 2 7 6 4 5 0
49 41 8 0 7 4 3 2 6 1 5
49 41 8 7 6 4 3 2 0 1 5
49 41 8 7 4 2 1 3 0 6 5
49 41 8 0 4 5 7 3 6 1 2
49 41 8 7 1 2 3 4 0 6 5
49 41 8 7 1 0 3 4 6 2 5
49 41 8 7 1 0 5 4 6 3 2
49 41 8 0 1 5 7 4 6 3 2
49 41 8 0 4 3 2 7 6 5 1
49 41 8 2 7 1 3 6 4 0 5
49 41 8 6 4 7 0 2 5 1 3
49 41 8 4 7 5 1 2 0 6 3
49 42 7 4 1 2 5 7 6 3 0
49 42 7 7 3 1 2 4 0 6 5
49 42 7 7 4 2 3 5 6 1 0
49 42 7 6 7 0 1 2 4 5 3
49 42 7 0 2 4 3 7 6 5 1
49 42 7 2 4 5 3 7 0 6 1
49 42 7 2 4 5 3 7 6 1 0
49 42 7 2 4 1 7 3 0 6 5
49 42 7 2 7 5 1 6 4 0 3
49 42 7 1 7 4 2 3 6 0 5
49 42 7 4 1 2 7 3 6 5 0
49 42 7 4 1 5 2 3 0 6 7
49 42 7 7 6 4 1 2 5 3 0
49 42 7 2 4 1 7 6 5 3 0
49 42 7 3 4 5 1 2 6 0 7
49 42 7 4 0 3 7 2 6 5 1
49 42 7 2 4 3 7 0 6 5 1
49 42 7 1 4 3 7 2 6 5 0
49 42 7 0 6 1 7 3 4 5 2
49 42 7 6 1 0 7 3 4 5 2
49 42 7 1 6 2 7 4 0 5 3
49 42 7 7 1 2 4 3 6 0 5
49 42 7 3 6 4 7 2 0 5 1
49 42 7 0 2 1 5 7 4 6 3
49 42 7 2 1 0 5 7 4 6 3
49 42 7 3 4 5 2 0 7 6 1
49 42 7 2 4 5 7 0 6 1 3
49 42 7 7 6 1 3 2 4 0 5
49 42 7 7 5 6 1 2 4 0 3
49 43 6 2 4 5 1 3 6 7 0
49 43 6 7 6 5 1 2 4 0 3
49 43 6 4 1 5 7 0 2 6 3
49 44 5 3 1 0 7 2 4 6 5
49 44 5 0 1 5 7 2 4 6 3
49 46 3 1 7 5 3 2 4 6 0
50 40 10 7 0 5 1 4 6 3 2
50 40 10 7 4 5 0 1 6 3 2
50 40 10 6 1 2 4 7 0 5 3
50 40 10 7 4 0 2 5 3 6 1
50 40 10 0 4 1 2 5 3 6 7
50 40 10 7 0 1 3 4 2 6 5
50 40 10 7 4 1 0 3 2 6 5
50 40 10 4 1 7 2 0 6 5 3
50 40 10 4 1 7 5 2 6 0 3
50 40 10 4 0 1 7 6 2 5 3
50 40 10 6 2 4 1 7 0 5 3
50 40 10 2 4 0 1 7 6 3 5
50 40 10 7 1 0 3 6 4 5 2
50 40 10 0 1 2 3 6 4 5 7
50 41 9 7 6 4 2 0 3 1 5
50 41 9 7 6 4 2 3 1 0 5
50 41 9 5 4 2 7 3 6 1 0
50 41 9 7 6 4 1 0 3 5 2
50 41 9 7 6 4 1 3 5 0 2
50 41 9 3 4 1 0 2 7 6 5
50 41 9 3 6 4 2 7 0 1 5
50 41 9 0 4 2 3 7 6 1 5
50 41 9 3 6 4 1 7 0 5 2
50 41 9 0 4 1 7 3 6 2 5
50 41 9 7 1 5 4 0 6 3 2
50 41 9 2 4 3 5 7 6 0 1
50 41 9 2 7 1 3 0 4 5 6
50 42 8 4 1 2 7 6 0 5 3
50 42 8 4 1 2 5 7 0 6 3
50 42 8 4 1 0 5 7 6 2 3
50 42 8 0 7 1 2 4 3 6 5
50 42 8 7 1 0 2 4 3 6 5
50 42 8 2 0 1 3 6 4 5 7
50 42 8 0 7 1 6 2 4 5 3
50 42 8 0 4 1 5 7 6 2 3
50 42 8 0 4 2 1 7 6 5 3
50 42 8 7 4 5 2 6 0 1 3
50 42 8 0 4 5 2 7 6 1 3
50 42 8 7 1 5 2 6 0 3 4
50 42 8 2 4 0 7 3 6 1 5
50 42 8 2 0 7 1 6 4 5 3
50 42 8 3 7 0 2 6 4 1 5
50 42 8 3 7 0 1 6 4 5 2
50 42 8 0 4 1 5 7 3 6 2
50 42 8 0 7 4 5 3 6 1 2
50 42 8 3 7 4 2 1 6 5 0
50 42 8 1 7 4 2 0 6 5 3
50 42 8 0 1 2 4 3 6 5 7
50 42 8 4 7 0 2 3 6 1 5
50 42 8 4 7 0 1 3 6 5 2
50 42 8 0 7 1 4 3 6 5 2
50 42 8 7 6 0 1 2 5 4 3
50 42 8 2 4 0 7 6 5 1 3
50 42 8 3 0 4 1 2 6 5 7
50 42 8 2 7 1 3 4 0 6 5
50 42 8 2 7 0 3 4 6 1 5
50 42 8 3 4 1 0 7 6 2 5
50 42 8 7 1 2 0 3 6 5 4
50 42 8 3 4 2 1 7 6 0 5
50 42 8 3 4 5 0 7 6 1 2
50 42 8 6 1 5 2 7 0 4 3
50 42 8 6 4 5 7 2 0 1 3
50 43 7 0 2 1 3 4 6 5 7
50 43 7 0 3 1 7 4 6 5 2
50 43 7 7 1 2 5 6 4 3 0
50 43 7 7 1 3 0 4 6 5 2
50 43 7 1 0 2 3 4 6 5 7
50 43 7 7 1 3 2 4 6 0 5
50 43 7 1 0 5 2 4 6 3 7
50 43 7 2 7 0 4 3 6 5 1
50 43 7 7 4 3 2 1 6 5 0
50 43 7 7 4 3 5 2 0 6 1
50 43 7 6 4 1 7 2 3 5 0
50 43 7 6 4 1 7 3 5 2 0
50 43 7 3 0 1 5 7 4 6 2
50 43 7 0 3 1 2 6 4 5 7
50 43 7 4 2 0 7 3 6 5 1
50 43 7 1 4 2 7 3 6 0 5
50 43 7 1 4 2 0 3 6 5 7
50 43 7 3 4 7 1 2 6 5 0
50 43 7 0 4 1 5 2 7 6 3
50 43 7 0 2 4 5 7 6 1 3
50 43 7 4 1 3 0 2 6 5 7
50 43 7 4 1 5 3 2 6 0 7
50 43 7 0 2 4 1 3 6 5 7
50 43 7 2 4 5 1 3 0 6 7
50 43 7 0 2 7 1 4 6 5 3
50 43 7 2 7 5 1 4 0 6 3
50 43 7 2 7 5 1 4 6 3 0
50 43 7 6 1 2 3 7 4 5 0
50 43 7 4 0 1 7 2 6 3 5
50 43 7 4 2 1 7 0 6 5 3
50 43 7 7 0 1 4 2 6 5 3
50 43 7 2 7 1 4 3 6 0 5
50 43 7 7 0 6 1 2 4 5 3
50 43 7 2 4 1 0 3 6 7 5
50 43 7 4 1 5 0 2 6 3 7
50 44 6 3 4 1 5 2 6 7 0
50 44 6 7 2 0 4 1 6 5 3
50 44 6 7 1 3 0 2 4 6 5
50 44 6 6 1 5 7 2 0 4 3
50 45 5 1 0 5 2 7 4 6 3
50 45 5 0 7 5 3 2 4 6 1
50 46 4 3 0 5 7 2 4 6 1
51 40 11 6 7 4 2 3 0 1 5
51 40 11 6 7 4 1 3 0 5 2
51 40 11 4 6 1 0 7 2 5 3
51 41 10 7 4 1 6 2 3 0 5
51 41 10 6 4 2 7 3 0 1 5
51 41 10 3 0 1 2 4 7 6 5
51 41 10 6 7 0 2 3 4 5 1
51 41 10 0 7 1 2 3 4 5 6
51 41 10 7 4 1 3 0 6 2 5
51 41 10 7 1 5 3 4 6 0 2
51 41 10 2 7 0 3 6 4 5 1
51 41 10 0 7 1 3 6 4 5 2
51 42 9 7 4 2 3 6 0 1 5
51 42 9 2 4 1 3 6 5 0 7
51 42 9 2 6 4 1 0 7 5 3
51 42 9 2 6 4 1 7 5 0 3
51 42 9 6 7 1 5 2 4 0 3
51 42 9 7 4 1 5 6 0 2 3
51 42 9 7 4 1 0 5 6 2 3
51 42 9 7 4 2 1 6 0 5 3
51 42 9 7 1 2 3 6 0 5 4
51 42 9 7 1 5 0 2 6 3 4
51 42 9 2 6 4 3 7 0 5 1
51 42 9 4 6 1 3 7 0 5 2
51 42 9 4 6 1 0 7 5 3 2
51 42 9 3 7 1 2 6 0 4 5
51 42 9 7 6 4 5 3 0 1 2
51 42 9 3 7 4 2 6 0 5 1
51 42 9 1 7 0 2 3 6 5 4
51 42 9 2 7 4 1 6 0 5 3
51 42 9 1 7 4 5 2 6 0 3
51 42 9 0 4 1 2 7 6 3 5
51 42 9 6 4 3 7 2 0 5 1
51 42 9 3 4 1 5 0 6 2 7
51 42 9 7 1 0 4 3 6 5 2
51 42 9 3 4 2 1 0 6 5 7
51 42 9 3 4 5 2 0 6 1 7
51 42 9 7 6 1 3 0 4 5 2
51 42 9 7 6 0 3 2 4 5 1
51 42 9 0 6 1 3 2 4 5 7
51 43 8 2 1 0 3 4 6 5 7
51 43 8 3 1 0 7 4 6 5 2
51 43 8 3 6 1 7 4 0 5 2
51 43 8 0 1 2 6 7 4 5 3
51 43 8 7 1 2 6 3 4 5 0
51 43 8 7 1 0 5 6 4 2 3
51 43 8 7 0 4 5 3 6 2 1
51 43 8 4 0 1 5 3 6 2 7
51 43 8 4 0 2 1 3 6 5 7
51 43 8 4 0 5 2 3 6 1 7
51 43 8 7 0 1 2 4 6 3 5
51 43 8 7 1 2 0 4 6 3 5
51 43 8 3 7 4 1 2 6 0 5
51 43 8 3 7 4 0 2 6 5 1
51 43 8 7 4 3 2 6 0 5 1
51 43 8 0 7 1 3 2 6 5 4
51 43 8 0 4 1 7 6 3 5 2
51 43 8 6 4 0 7 3 5 1 2
51 43 8 3 4 1 5 0 7 6 2
51 43 8 3 0 4 5 7 6 1 2
51 43 8 3 1 0 2 6 4 5 7
51 43 8 4 6 2 7 3 0 5 1
51 43 8 3 4 2 7 6 0 5 1
51 43 8 3 4 2 7 1 6 5 0
51 43 8 1 4 2 7 0 6 5 3
51 43 8 7 1 2 4 6 5 0 3
51 43 8 7 0 2 4 6 1 5 3
51 43 8 2 4 1 5 3 7 6 0
51 43 8 7 3 4 2 0 6 5 1
51 43 8 1 3 4 2 7 6 5 0
51 43 8 2 7 4 3 0 6 5 1
51 43 8 7 6 4 3 2 5 0 1
51 43 8 4 6 1 3 2 5 0 7
51 43 8 3 0 7 2 4 6 1 5
51 43 8 3 7 2 0 4 6 1 5
51 43 8 3 0 7 1 4 6 5 2
51 43 8 3 7 5 1 4 6 0 2
51 43 8 6 4 1 7 3 2 0 5
51 43 8 7 6 0 2 3 4 1 5
51 43 8 7 6 0 1 3 4 5 2
51 43 8 4 0 1 5 7 2 6 3
51 43 8 2 4 1 7 0 6 3 5
51 43 8 5 4 1 7 2 6 3 0
51 43 8 4 7 1 3 2 6 0 5
51 43 8 7 2 1 0 4 6 5 3
51 43 8 3 2 1 7 4 6 5 0
51 43 8 3 7 1 4 2 6 5 0
51 43 8 2 7 1 0 3 6 5 4
51 43 8 2 4 1 5 0 6 7 3
51 43 8 4 1 5 7 0 6 3 2
51 43 8 0 1 5 7 2 6 3 4
51 44 7 4 6 1 3 2 7 5 0
51 44 7 2 4 5 7 3 6 0 1
51 44 7 2 7 1 5 6 4 3 0
51 44 7 3 7 5 2 6 4 0 1
51 44 7 3 4 1 5 2 0 6 7
51 44 7 2 7 3 0 4 6 5 1
51 44 7 3 4 1 2 6 5 7 0
51 44 7 4 6 1 2 3 5 7 0
51 44 7 0 7 2 4 1 6 5 3
51 44 7 2 6 1 3 7 4 5 0
51 44 7 7 0 2 5 3 4 6 1
51 44 7 4 7 5 1 2 6 0 3
51 44 7 7 1 2 5 0 4 6 3
51 44 7 2 1 5 7 4 6 0 3
51 44 7 6 1 0 3 2 4 5 7
51 44 7 2 7 1 3 0 4 6 5
51 44 7 3 7 1 0 2 4 6 5
51 44 7 5 7 1 3 2 4 6 0
51 44 7 7 1 6 3 2 4 0 5
51 45 6 0 2 1 4 7 6 5 3
51 45 6 7 6 1 5 2 4 3 0
51 45 6 7 4 1 2 5 6 3 0
51 45 6 7 1 2 5 3 4 6 0
51 45 6 4 0 5 7 2 6 3 1
51 45 6 1 4 5 7 2 6 3 0
51 45 6 0 7 5 1 3 4 6 2
51 45 6 3 7 5 2 0 4 6 1
51 45 6 1 7 5 2 3 4 6 0
51 45 6 7 1 5 0 3 4 6 2
51 45 6 7 5 0 3 2 4 6 1
51 46 5 1 2 0 4 7 6 5 3
51 46 5 1 7 0 5 2 4 6 3
52 42 10 4 0 2 7 1 6 5 3
52 42 10 7 0 2 3 4 6 1 5
52 42 10 7 0 1 5 4 6 2 3
52 42 10 7 0 2 1 4 6 5 3
52 42 10 7 4 2 0 1 6 5 3
52 42 10 7 0 5 2 4 6 1 3
52 42 10 7 0 2 3 1 6 5 4
52 42 10 7 0 5 2 1 6 3 4
52 42 10 4 6 1 2 0 5 3 7
52 42 10 3 7 1 6 0 4 5 2
52 42 10 3 7 1 5 6 4 0 2
52 42 10 7 0 1 5 4 3 6 2
52 42 10 4 1 2 5 3 6 0 7
52 42 10 4 7 1 3 0 6 5 2
52 42 10 4 7 1 5 3 6 0 2
52 42 10 2 7 4 0 1 6 5 3
52 42 10 3 4 0 5 7 6 2 1
52 43 9 2 6 1 3 4 0 5 7
52 43 9 7 1 2 6 4 0 5 3
52 43 9 7 1 2 5 6 0 4 3
52 43 9 5 4 1 0 3 6 2 7
52 43 9 2 4 5 0 3 6 1 7
52 43 9 3 1 2 0 4 6 5 7
52 43 9 2 1 5 0 4 6 3 7
52 43 9 4 6 1 2 3 7 0 5
52 43 9 4 6 1 0 3 7 5 2
52 43 9 4 0 6 2 7 5 1 3
52 43 9 4 6 2 0 7 5 1 3
52 43 9 3 7 1 2 4 0 5 6
52 43 9 3 7 1 0 2 4 5 6
52 43 9 0 6 4 1 7 2 5 3
52 43 9 7 6 4 1 3 2 5 0
52 43 9 2 4 1 5 6 0 3 7
52 43 9 2 4 1 0 5 6 3 7
52 43 9 7 0 3 2 4 6 5 1
52 43 9 2 7 1 3 6 0 5 4
52 43 9 1 4 0 7 3 6 5 2
52 43 9 0 4 7 3 2 6 5 1
52 43 9 2 6 4 5 7 0 1 3
52 43 9 2 3 4 0 7 6 5 1
52 43 9 7 6 4 3 0 2 5 1
52 43 9 4 6 1 3 0 2 5 7
52 43 9 2 6 4 1 3 0 5 7
52 43 9 2 6 7 1 4 0 5 3
52 43 9 3 4 1 7 6 2 5 0
52 43 9 6 4 1 0 3 2 5 7
52 43 9 7 6 1 2 3 0 4 5
52 43 9 5 4 1 0 7 2 6 3
52 43 9 3 4 1 5 7 2 6 0
52 43 9 7 4 1 5 3 2 0 6
52 43 9 6 4 1 7 2 0 3 5
52 43 9 7 1 2 5 0 6 3 4
52 43 9 2 4 0 5 3 6 7 1
52 43 9 0 4 1 5 3 6 7 2
52 43 9 4 1 0 7 2 6 3 5
52 44 8 4 6 0 1 2 7 5 3
52 44 8 2 0 4 7 3 6 5 1
52 44 8 2 4 7 0 3 6 5 1
52 44 8 2 7 1 6 3 4 5 0
52 44 8 2 7 0 5 6 4 1 3
52 44 8 3 0 7 2 6 4 5 1
52 44 8 3 7 2 0 6 4 5 1
52 44 8 4 0 7 2 3 6 5 1
52 44 8 4 7 2 0 3 6 5 1
52 44 8 4 7 5 2 3 6 0 1
52 44 8 7 0 1 2 3 6 5 4
52 44 8 6 7 4 1 2 5 0 3
52 44 8 6 0 4 1 2 7 5 3
52 44 8 3 4 0 5 2 6 1 7
52 44 8 2 0 4 5 7 6 3 1
52 44 8 4 0 1 5 7 6 3 2
52 44 8 2 0 7 3 4 6 5 1
52 44 8 2 7 5 3 4 6 0 1
52 44 8 7 4 1 3 6 5 2 0
52 44 8 7 6 4 2 3 5 1 0
52 44 8 7 4 3 1 6 5 0 2
52 44 8 4 0 1 7 6 5 3 2
52 44 8 4 7 1 2 6 5 3 0
52 44 8 3 1 2 7 4 6 0 5
52 44 8 7 6 2 4 1 0 5 3
52 44 8 4 0 2 3 7 6 5 1
52 44 8 1 4 2 3 7 6 5 0
52 44 8 3 7 1 4 6 0 5 2
52 44 8 2 6 0 1 7 4 5 3
52 44 8 3 6 1 2 7 4 0 5
52 44 8 3 6 1 0 7 4 5 2
52 44 8 4 3 1 2 0 6 5 7
52 44 8 3 1 5 2 4 6 0 7
52 44 8 7 4 2 3 1 6 0 5
52 44 8 7 4 2 5 0 3 6 1
52 44 8 7 0 1 2 5 4 3 6
52 44 8 4 0 7 1 2 6 5 3
52 44 8 7 0 2 5 4 1 6 3
52 44 8 7 1 5 0 4 6 2 3
52 44 8 2 1 7 0 4 6 5 3
52 44 8 2 6 1 7 4 5 0 3
52 44 8 2 7 1 4 6 5 0 3
52 44 8 2 0 1 4 6 7 5 3
52 44 8 2 7 4 5 0 6 1 3
52 44 8 7 6 4 5 2 1 0 3
52 44 8 2 7 1 0 4 6 3 5
52 44 8 7 1 5 6 2 4 0 3
52 45 7 6 0 2 7 3 4 5 1
52 45 7 3 7 1 5 4 6 2 0
52 45 7 7 6 5 2 3 4 0 1
52 45 7 2 1 0 4 7 6 5 3
52 45 7 7 6 0 5 2 4 1 3
52 45 7 7 4 0 1 5 6 3 2
52 45 7 7 4 3 2 6 5 1 0
52 45 7 6 4 1 3 2 5 7 0
52 45 7 2 0 1 5 3 4 6 7
52 45 7 3 7 2 1 4 6 5 0
52 45 7 3 7 5 2 4 0 6 1
52 45 7 3 7 5 2 4 6 1 0
52 45 7 6 1 5 2 3 4 0 7
52 45 7 3 7 1 2 5 4 6 0
52 45 7 0 1 2 7 3 4 6 5
52 45 7 4 0 5 1 7 2 6 3
52 45 7 1 4 5 0 7 2 6 3
52 45 7 7 4 5 0 3 2 6 1
52 45 7 2 4 5 7 0 6 3 1
52 45 7 0 1 5 7 6 4 3 2
52 45 7 7 5 0 1 3 4 6 2
52 45 7 2 7 5 0 3 4 6 1
52 45 7 2 1 5 0 7 4 6 3
52 45 7 3 1 5 2 7 4 6 0
52 45 7 7 1 5 2 3 4 0 6
52 46 6 2 7 1 5 3 4 6 0
52 46 6 7 4 5 1 2 3 6 0
52 46 6 3 6 1 7 2 4 0 5
52 46 6 6 1 7 3 2 4 5 0
52 46 6 5 7 0 1 2 4 6 3
52 46 6 7 1 6 5 2 4 3 0
52 46 6 0 2 5 1 7 4 6 3
52 46 6 7 3 1 2 0 4 6 5
52 46 6 3 4 5 7 0 2 6 1
52 47 5 1 2 4 3 7 6 5 0
52 47 5 3 7 5 0 2 4 6 1
52 49 3 1 0 5 7 2 4 6 3
53 42 11 4 6 0 2 7 5 3 1
53 42 11 0 6 1 2 7 5 3 4
53 43 10 7 0 2 6 1 4 5 3
53 43 10 6 4 5 2 3 0 1 7
53 43 10 6 1 5 2 4 0 3 7
53 43 10 2 6 1 0 4 7 5 3
53 43 10 3 6 1 2 4 7 5 0
53 43 10 3 0 1 2 7 4 5 6
53 43 10 2 7 4 5 3 6 0 1
53 43 10 3 7 0 1 2 6 5 4
53 43 10 2 0 1 5 4 6 3 7
53 43 10 2 0 1 3 7 6 5 4
53 43 10 6 0 1 7 4 3 5 2
53 43 10 3 0 2 7 4 6 5 1
53 43 10 3 4 7 2 0 6 5 1
53 43 10 3 4 7 5 2 6 0 1
53 43 10 2 0 1 5 4 7 6 3
53 43 10 2 4 1 0 5 7 6 3
53 43 10 6 3 4 2 7 0 5 1
53 43 10 6 7 4 3 2 0 5 1
53 43 10 7 4 1 0 6 2 5 3
53 43 10 6 4 0 7 3 2 5 1
53 43 10 0 4 1 7 3 2 5 6
53 43 10 6 1 2 5 7 4 0 3
53 43 10 7 6 1 5 3 4 0 2
53 43 10 7 4 0 5 3 2 6 1
53 43 10 0 4 1 5 3 2 6 7
53 43 10 4 7 0 3 2 6 5 1
53 43 10 0 1 2 5 4 6 3 7
53 43 10 6 2 1 7 4 0 5 3
53 43 10 6 7 1 4 2 0 5 3
53 44 9 0 6 1 4 2 7 5 3
53 44 9 2 7 1 6 4 0 5 3
53 44 9 2 7 1 5 6 0 4 3
53 44 9 6 7 4 1 0 2 5 3
53 44 9 5 4 1 0 7 6 3 2
53 44 9 7 4 0 3 6 5 1 2
53 44 9 3 4 0 2 6 5 1 7
53 44 9 0 6 4 2 7 3 5 1
53 44 9 7 6 4 2 1 3 5 0
53 44 9 7 6 0 2 3 5 4 1
53 44 9 0 6 1 2 4 3 5 7
53 44 9 4 6 1 2 7 3 5 0
53 44 9 4 6 0 2 3 5 1 7
53 44 9 7 0 4 1 6 5 3 2
53 44 9 4 7 0 2 6 5 1 3
53 44 9 4 1 0 2 6 7 5 3
53 44 9 3 1 2 7 0 6 5 4
53 44 9 3 6 4 2 0 7 5 1
53 44 9 3 6 4 2 7 5 0 1
53 44 9 3 0 1 4 7 6 5 2
53 44 9 3 6 1 2 0 4 5 7
53 44 9 2 3 1 0 4 6 5 7
53 44 9 7 3 1 2 4 6 5 0
53 44 9 7 4 2 3 6 5 0 1
53 44 9 5 7 4 0 2 6 1 3
53 44 9 3 7 4 5 2 6 1 0
53 44 9 7 6 4 5 0 2 1 3
53 44 9 2 7 1 5 0 6 3 4
53 44 9 4 7 1 3 2 0 6 5
53 45 8 6 0 1 3 7 4 5 2
53 45 8 6 4 2 7 0 3 5 1
53 45 8 6 4 2 7 3 5 0 1
53 45 8 6 1 2 7 4 5 0 3
53 45 8 6 0 2 7 4 1 5 3
53 45 8 3 4 2 5 7 0 6 1
53 45 8 3 7 1 5 4 0 6 2
53 45 8 3 7 0 5 4 6 1 2
53 45 8 6 1 0 7 4 2 5 3
53 45 8 7 0 6 2 3 4 5 1
53 45 8 7 6 2 0 3 4 5 1
53 45 8 0 7 1 5 4 2 6 3
53 45 8 7 1 0 5 4 2 6 3
53 45 8 7 2 1 5 4 0 6 3
53 45 8 7 4 0 1 5 2 6 3
53 45 8 0 4 1 7 5 2 6 3
53 45 8 7 0 2 3 6 4 5 1
53 45 8 7 5 4 2 0 6 1 3
53 45 8 4 0 2 7 6 5 1 3
53 45 8 6 4 2 7 0 5 1 3
53 45 8 2 6 1 4 7 0 5 3
53 45 8 7 6 1 5 2 0 4 3
53 45 8 7 0 1 5 6 4 3 2
53 45 8 0 4 1 7 5 6 3 2
53 45 8 6 4 0 3 2 5 1 7
53 45 8 2 4 1 5 0 3 6 7
53 45 8 2 0 4 5 3 6 1 7
53 45 8 2 0 7 5 4 6 1 3
53 45 8 2 7 5 0 4 6 1 3
53 45 8 0 3 7 2 4 6 5 1
53 45 8 0 7 4 5 2 6 3 1
53 45 8 7 6 4 5 2 0 3 1
53 45 8 4 1 0 5 2 6 3 7
53 45 8 4 6 1 5 2 0 3 7
53 45 8 6 1 2 0 3 4 5 7
53 45 8 6 4 1 3 2 7 0 5
53 45 8 6 4 1 0 3 5 7 2
53 45 8 3 4 5 1 7 2 6 0
53 45 8 7 4 5 1 3 2 0 6
53 45 8 6 4 5 7 2 0 3 1
53 45 8 7 1 0 5 6 4 3 2
53 45 8 4 6 1 0 2 5 3 7
53 45 8 0 1 5 2 3 4 6 7
53 46 7 7 2 0 3 4 6 5 1
53 46 7 7 4 1 6 2 5 3 0
53 46 7 4 7 1 5 2 6 3 0
53 46 7 6 4 5 1 2 7 0 3
53 46 7 2 7 0 1 3 4 6 5
53 46 7 5 7 1 0 3 4 6 2
53 46 7 7 1 6 2 3 4 5 0
53 46 7 0 1 5 2 7 4 3 6
53 46 7 0 1 5 2 4 7 6 3
53 46 7 4 1 5 2 3 7 6 0
53 46 7 0 4 5 2 7 1 6 3
53 46 7 0 4 5 1 7 3 6 2
53 46 7 4 0 6 7 2 5 1 3
53 46 7 7 5 2 0 3 4 6 1
53 46 7 0 4 1 7 3 2 6 5
53 46 7 3 4 1 7 5 2 6 0
53 46 7 2 6 1 7 3 4 5 0
53 46 7 3 6 1 0 2 4 5 7
53 46 7 3 7 1 5 2 4 0 6
53 46 7 1 6 2 4 7 0 5 3
53 46 7 2 5 0 1 7 4 6 3
53 46 7 2 3 1 0 7 4 6 5
53 46 7 5 3 1 2 7 4 6 0
53 46 7 3 4 5 0 2 6 1 7
53 46 7 1 7 5 2 0 4 6 3
53 46 7 1 7 5 6 2 4 0 3
53 47 6 7 4 5 3 1 2 6 0
53 47 6 1 0 5 2 6 4 3 7
53 47 6 0 7 5 2 1 4 6 3
53 47 6 2 4 3 5 7 6 1 0
53 47 6 0 4 5 1 2 7 6 3
53 47 6 0 3 4 7 2 6 1 5
53 47 6 1 2 0 7 6 4 5 3
53 47 6 2 7 5 1 3 4 6 0
53 47 6 3 7 5 1 2 4 0 6
53 48 5 0 3 5 2 7 4 6 1
53 48 5 7 5 1 3 2 4 6 0
53 48 5 0 4 5 7 2 1 6 3
53 48 5 2 3 1 7 0 4 6 5
53 48 5 5 3 1 7 2 4 6 0
53 50 3 0 3 5 7 2 4 6 1
54 43 11 6 4 1 5 3 0 2 7
54 43 11 6 4 2 1 3 0 5 7
54 43 11 6 1 2 3 4 0 5 7
54 43 11 4 6 0 2 3 7 5 1
54 43 11 0 6 1 2 3 7 5 4
54 43 11 7 0 4 1 6 2 5 3
54 43 11 7 6 4 0 1 2 5 3
54 43 11 6 4 1 0 7 3 5 2
54 44 10 4 6 1 5 2 7 0 3
54 44 10 2 0 1 6 7 4 5 3
54 44 10 7 6 4 0 2 3 5 1
54 44 10 4 6 1 0 2 3 5 7
54 44 10 5 4 1 7 6 0 3 2
54 44 10 2 6 1 5 7 4 0 3
54 44 10 3 6 0 2 7 4 5 1
54 44 10 6 3 1 2 4 0 5 7
54 44 10 7 4 0 3 1 6 5 2
54 44 10 0 4 2 3 1 6 5 7
54 44 10 7 4 2 3 0 5 1 6
54 44 10 6 7 4 5 2 0 1 3
54 44 10 2 7 0 5 4 6 3 1
54 44 10 0 7 1 5 4 6 3 2
54 45 9 6 4 1 3 0 7 5 2
54 45 9 6 4 1 3 7 5 0 2
54 45 9 6 7 4 2 0 3 5 1
54 45 9 6 7 4 2 3 5 0 1
54 45 9 6 0 4 2 3 7 5 1
54 45 9 2 6 1 0 3 4 5 7
54 45 9 7 4 1 2 6 0 3 5
54 45 9 7 6 1 3 4 5 0 2
54 45 9 3 6 1 2 4 5 0 7
54 45 9 4 0 1 2 7 5 3 6
54 45 9 6 7 4 2 0 5 1 3
54 45 9 7 5 4 2 6 1 0 3
54 45 9 3 4 2 7 6 5 1 0
54 45 9 3 7 1 2 6 5 0 4
54 45 9 3 0 1 2 6 7 5 4
54 45 9 7 4 1 5 6 3 0 2
54 45 9 7 4 1 3 5 6 0 2
54 45 9 6 4 0 1 7 5 3 2
54 45 9 7 6 0 1 4 5 3 2
54 45 9 0 6 1 7 4 5 3 2
54 45 9 3 6 7 2 4 0 5 1
54 45 9 0 7 2 3 4 6 5 1
54 45 9 3 7 2 4 0 6 5 1
54 45 9 6 4 1 2 0 5 7 3
54 45 9 7 1 2 3 0 4 6 5
54 45 9 0 4 5 1 3 2 6 7
54 45 9 7 1 5 6 0 4 3 2
54 45 9 7 1 5 3 6 4 0 2
54 45 9 4 6 1 7 0 5 3 2
54 45 9 4 6 0 7 2 5 3 1
54 45 9 0 6 1 7 2 5 3 4
54 45 9 4 7 5 2 3 0 6 1
54 46 8 7 4 1 6 5 0 3 2
54 46 8 6 4 1 3 7 2 5 0
54 46 8 7 4 0 1 2 5 3 6
54 46 8 4 7 0 5 2 6 1 3
54 46 8 0 3 1 2 7 6 5 4
54 46 8 3 1 0 2 7 6 5 4
54 46 8 6 4 1 2 5 0 3 7
54 46 8 7 6 1 2 5 0 3 4
54 46 8 7 4 2 1 6 5 3 0
54 46 8 5 4 0 1 2 6 3 7
54 46 8 6 4 1 2 3 0 7 5
54 46 8 6 4 2 3 7 5 1 0
54 46 8 7 6 2 3 4 5 1 0
54 46 8 5 7 1 2 3 4 0 6
54 46 8 5 7 1 2 0 4 6 3
54 46 8 7 1 5 2 4 0 3 6
54 46 8 7 1 5 0 2 4 3 6
54 46 8 4 1 5 0 2 7 6 3
54 46 8 4 5 0 2 7 1 6 3
54 46 8 4 6 7 0 2 5 1 3
54 46 8 7 5 6 2 3 4 0 1
54 46 8 3 6 1 7 0 4 5 2
54 46 8 3 6 0 7 2 4 5 1
54 46 8 0 1 7 6 2 4 5 3
54 46 8 3 7 1 5 0 4 6 2
54 46 8 3 7 0 5 2 4 6 1
54 46 8 7 1 6 5 2 0 4 3
54 46 8 7 4 3 5 0 6 1 2
54 46 8 3 4 5 7 0 6 1 2
54 47 7 6 0 1 5 2 4 3 7
54 47 7 0 7 5 1 4 2 6 3
54 47 7 7 2 5 1 4 0 6 3
54 47 7 0 4 5 7 1 2 6 3
54 47 7 6 1 5 2 0 4 3 7
54 47 7 7 5 0 2 1 4 6 3
54 47 7 7 4 5 2 1 0 6 3
54 47 7 4 6 5 1 2 0 3 7
54 47 7 1 4 0 5 2 6 3 7
54 47 7 0 2 1 3 7 4 6 5
54 47 7 2 1 0 3 7 4 6 5
54 47 7 7 2 4 1 3 6 5 0
54 47 7 2 4 5 1 3 7 6 0
54 47 7 3 1 2 0 7 4 6 5
54 47 7 4 0 5 2 7 3 6 1
54 47 7 1 4 5 2 7 3 6 0
54 47 7 7 4 5 0 1 3 6 2
54 47 7 4 7 5 2 0 1 6 3
54 47 7 3 6 4 7 2 0 1 5
54 47 7 7 4 3 1 2 0 6 5
54 47 7 0 4 5 3 7 2 6 1
54 47 7 1 4 2 7 6 0 5 3
54 47 7 2 4 3 1 7 6 0 5
54 47 7 3 7 5 1 0 4 6 2
54 48 6 1 7 0 4 3 6 5 2
54 48 6 1 0 7 4 2 6 5 3
54 48 6 0 4 5 7 2 3 6 1
54 48 6 4 0 1 7 2 3 6 5
54 48 6 4 1 5 7 3 0 6 2
54 48 6 4 1 5 7 3 6 2 0
54 48 6 0 3 1 7 6 4 5 2
54 48 6 3 0 5 1 7 4 6 2
54 48 6 2 1 5 7 6 4 0 3
54 48 6 1 7 5 4 2 6 0 3
54 48 6 1 2 7 0 4 6 5 3
54 48 6 1 2 5 7 4 6 0 3
54 48 6 1 3 4 7 2 6 5 0
54 48 6 4 6 5 7 2 0 1 3
54 48 6 0 5 1 7 2 4 6 3
54 48 6 4 5 0 7 2 1 6 3
54 48 6 7 3 1 0 2 4 6 5
54 48 6 6 1 5 0 2 4 3 7
54 48 6 7 1 5 3 2 4 0 6
54 49 5 7 6 5 1 2 4 3 0
54 49 5 2 1 5 7 0 4 6 3
54 49 5 3 1 5 7 2 4 6 0
54 49 5 1 7 5 3 2 4 0 6
55 44 11 6 7 1 2 3 0 5 4
55 44 11 6 4 1 5 7 0 3 2
55 44 11 6 7 1 3 4 0 5 2
55 44 11 7 0 4 2 6 3 5 1
55 44 11 4 0 1 2 6 3 5 7
55 44 11 6 4 2 3 7 0 5 1
55 44 11 0 4 2 3 6 5 1 7
55 45 10 7 4 1 6 5 2 0 3
55 45 10 2 4 1 0 7 5 3 6
55 45 10 2 7 4 0 6 5 1 3
55 45 10 3 7 4 2 6 5 1 0
55 45 10 5 4 2 7 6 0 1 3
55 45 10 0 4 1 6 7 5 3 2
55 45 10 7 6 1 4 0 5 3 2
55 45 10 3 7 2 5 4 6 0 1
55 45 10 6 4 0 3 2 7 5 1
55 45 10 0 4 1 3 2 7 5 6
55 45 10 6 4 0 2 3 5 7 1
55 45 10 0 4 1 2 3 5 7 6
55 45 10 7 1 2 6 3 4 0 5
55 45 10 7 4 0 1 3 2 6 5
55 46 9 6 4 0 1 7 2 5 3
55 46 9 7 6 2 3 4 0 5 1
55 46 9 3 6 1 2 7 0 5 4
55 46 9 7 6 1 5 4 0 3 2
55 46 9 0 7 4 2 6 5 3 1
55 46 9 7 5 4 2 6 0 3 1
55 46 9 0 4 2 7 6 5 3 1
55 46 9 4 1 0 2 6 5 3 7
55 46 9 4 5 1 2 6 0 3 7
55 46 9 0 4 1 3 6 2 5 7
55 46 9 6 4 0 2 3 7 1 5
55 46 9 6 4 0 1 3 7 5 2
55 46 9 0 6 4 2 7 5 1 3
55 46 9 6 5 4 2 7 0 1 3
55 46 9 0 7 6 2 4 5 1 3
55 46 9 7 5 6 2 4 0 1 3
55 46 9 0 6 2 7 4 5 1 3
55 46 9 6 7 1 0 4 5 3 2
55 46 9 5 7 0 2 3 4 6 1
55 46 9 7 1 6 2 3 0 4 5
55 46 9 7 0 5 2 1 4 3 6
55 46 9 4 0 5 2 1 7 6 3
55 46 9 7 0 5 1 4 3 6 2
55 46 9 3 0 1 7 4 2 6 5
55 46 9 6 1 7 5 2 4 0 3
55 46 9 2 7 1 0 5 4 6 3
55 46 9 5 7 1 6 2 4 0 3
55 46 9 4 3 1 2 7 0 6 5
55 46 9 0 4 3 5 2 6 1 7
55 47 8 7 4 2 6 5 0 1 3
55 47 8 6 4 3 2 7 5 0 1
55 47 8 7 6 3 2 4 5 0 1
55 47 8 6 4 1 5 2 3 0 7
55 47 8 2 4 1 3 6 7 5 0
55 47 8 4 0 1 6 2 7 5 3
55 47 8 6 1 5 2 4 7 0 3
55 47 8 7 5 0 1 4 2 6 3
55 47 8 7 4 0 5 1 2 6 3
55 47 8 2 1 5 0 6 4 3 7
55 47 8 4 1 2 3 7 0 6 5
55 47 8 4 1 0 3 7 6 2 5
55 47 8 4 1 0 5 7 6 3 2
55 47 8 0 1 5 4 7 6 3 2
55 47 8 0 4 5 7 3 6 2 1
55 47 8 4 5 0 1 2 6 3 7
55 47 8 1 4 5 3 2 6 0 7
55 47 8 0 4 3 2 7 6 1 5
55 47 8 4 1 7 3 2 6 0 5
55 47 8 7 2 4 1 6 0 5 3
55 47 8 1 2 4 7 0 6 5 3
55 47 8 1 2 4 5 7 6 0 3
55 47 8 3 1 6 2 7 4 0 5
55 47 8 2 4 5 0 7 3 6 1
55 47 8 7 4 5 2 1 3 0 6
55 47 8 2 7 5 0 4 1 6 3
55 47 8 3 7 5 2 4 1 6 0
55 47 8 1 7 5 2 4 0 6 3
55 47 8 7 4 1 5 2 3 0 6
55 47 8 2 4 3 1 0 6 5 7
55 47 8 2 7 5 0 1 4 6 3
55 47 8 3 7 0 1 2 4 6 5
55 48 7 6 4 1 5 2 7 3 0
55 48 7 4 0 1 5 2 7 6 3
55 48 7 7 0 5 1 6 4 3 2
55 48 7 3 1 2 4 7 6 0 5
55 48 7 3 7 4 2 5 6 1 0
55 48 7 0 4 1 3 2 7 6 5
55 48 7 0 2 4 3 7 6 1 5
55 48 7 2 1 7 4 0 6 5 3
55 48 7 3 2 4 1 7 6 0 5
55 48 7 3 2 4 0 7 6 5 1
55 48 7 4 0 3 7 2 6 1 5
55 48 7 2 4 3 7 0 6 1 5
55 48 7 7 4 0 5 2 3 6 1
55 48 7 3 4 7 5 2 6 1 0
55 48 7 0 4 3 1 7 6 5 2
55 48 7 7 0 4 1 2 3 6 5
55 48 7 2 4 1 7 0 3 6 5
55 48 7 5 4 1 7 2 3 6 0
55 48 7 3 1 0 7 6 4 5 2
55 48 7 3 4 5 1 0 7 6 2
55 48 7 6 1 2 7 3 4 5 0
55 48 7 6 2 1 7 0 4 5 3
55 48 7 0 6 4 7 2 5 1 3
55 48 7 6 5 4 7 2 0 1 3
55 48 7 6 7 1 3 2 4 0 5
55 48 7 4 1 5 0 3 6 7 2
55 48 7 1 7 4 3 2 6 0 5
55 48 7 2 3 4 7 0 6 5 1
55 48 7 3 5 0 2 7 4 6 1
55 48 7 6 1 5 0 7 4 3 2
55 48 7 4 5 0 7 2 6 1 3
55 48 7 4 3 1 7 2 0 6 5
55 48 7 6 1 5 7 0 4 3 2
55 48 7 0 1 5 7 2 4 3 6
55 48 7 7 1 5 3 0 4 6 2
55 48 7 0 1 5 3 2 4 6 7
55 49 6 6 0 5 1 2 4 3 7
55 49 6 7 4 3 2 5 6 1 0
55 49 6 7 3 5 2 4 0 6 1
55 49 6 1 0 5 7 4 6 3 2
55 49 6 4 0 5 1 2 7 6 3
55 49 6 6 7 5 1 2 4 0 3
55 49 6 2 0 5 3 7 4 6 1
55 49 6 2 0 1 7 3 4 6 5
55 49 6 2 7 5 1 6 4 3 0
55 49 6 3 4 5 1 2 0 6 7
55 49 6 3 4 5 1 2 6 7 0
55 49 6 4 3 0 7 2 6 5 1
55 49 6 1 4 3 7 2 6 0 5
55 49 6 1 4 3 0 2 6 5 7
55 49 6 6 1 5 7 3 4 0 2
55 49 6 1 6 2 7 0 4 5 3
55 49 6 7 5 6 1 2 4 3 0
55 49 6 0 1 5 7 4 2 6 3
55 49 6 4 1 5 7 3 2 6 0
55 49 6 3 1 7 0 2 4 6 5
55 49 6 3 1 6 7 2 4 0 5
55 49 6 1 7 5 3 0 4 6 2
55 50 5 6 0 5 7 2 4 1 3
55 50 5 7 1 3 5 2 4 6 0
55 50 5 3 5 0 7 2 4 6 1
56 45 11 5 4 1 2 7 0 3 6
56 45 11 5 7 4 2 6 0 1 3
56 46 10 0 4 1 6 7 2 5 3
56 46 10 7 4 1 3 2 5 0 6
56 46 10 3 7 1 5 2 6 0 4
56 46 10 7 6 1 0 2 5 3 4
56 46 10 5 4 1 2 0 6 3 7
56 46 10 5 4 1 3 2 6 0 7
56 46 10 0 4 1 6 3 7 5 2
56 46 10 0 4 2 6 7 5 1 3
56 46 10 7 6 2 4 0 5 1 3
56 46 10 6 7 1 2 0 5 3 4
56 46 10 2 7 1 6 3 4 0 5
56 46 10 3 4 1 0 7 2 6 5
56 46 10 6 1 7 2 0 4 5 3
56 47 9 0 7 1 2 4 5 3 6
56 47 9 7 1 0 2 4 5 3 6
56 47 9 7 5 1 2 4 0 3 6
56 47 9 7 4 2 6 3 5 1 0
56 47 9 7 4 0 1 6 5 2 3
56 47 9 6 0 4 2 7 5 3 1
56 47 9 6 4 2 0 7 5 3 1
56 47 9 7 0 6 2 4 5 3 1
56 47 9 7 6 2 0 4 5 3 1
56 47 9 6 0 1 2 4 5 3 7
56 47 9 2 4 0 1 6 5 3 7
56 47 9 6 4 1 5 0 2 3 7
56 47 9 2 4 0 1 6 7 5 3
56 47 9 3 4 1 2 6 7 0 5
56 47 9 3 4 1 0 6 7 5 2
56 47 9 2 4 1 6 0 7 5 3
56 47 9 3 4 1 6 2 7 5 0
56 47 9 6 4 1 2 7 3 0 5
56 47 9 6 0 4 2 3 5 1 7
56 47 9 6 4 2 0 3 5 1 7
56 47 9 6 0 7 2 4 5 1 3
56 47 9 6 7 2 0 4 5 1 3
56 47 9 6 1 2 0 4 7 5 3
56 47 9 1 4 5 2 0 6 3 7
56 47 9 4 1 7 3 0 6 5 2
56 47 9 7 2 4 0 1 6 5 3
56 47 9 2 0 5 1 4 7 6 3
56 47 9 2 4 5 0 1 7 6 3
56 47 9 0 4 5 2 1 3 6 7
56 47 9 7 0 5 3 4 2 6 1
56 47 9 0 4 1 5 2 3 6 7
56 48 8 5 0 1 2 6 4 3 7
56 48 8 6 4 5 2 3 7 0 1
56 48 8 6 4 1 5 2 0 7 3
56 48 8 6 4 0 5 2 7 1 3
56 48 8 6 4 0 1 2 3 5 7
56 48 8 4 7 1 2 0 3 6 5
56 48 8 4 0 1 2 3 7 6 5
56 48 8 7 4 5 2 6 0 3 1
56 48 8 0 4 5 2 7 6 3 1
56 48 8 7 4 5 2 1 6 3 0
56 48 8 7 0 1 2 6 4 3 5
56 48 8 7 1 2 0 6 4 3 5
56 48 8 7 1 3 2 6 4 0 5
56 48 8 4 1 5 2 6 0 3 7
56 48 8 0 4 2 5 7 6 1 3
56 48 8 7 4 5 1 6 0 2 3
56 48 8 0 4 5 1 7 6 2 3
56 48 8 4 7 1 5 0 2 6 3
56 48 8 7 4 5 1 6 3 0 2
56 48 8 4 0 5 1 7 6 3 2
56 48 8 1 4 5 0 7 6 3 2
56 48 8 2 4 5 1 6 0 3 7
56 48 8 3 1 2 0 7 6 5 4
56 48 8 3 1 2 4 0 6 5 7
56 48 8 4 1 0 2 7 3 6 5
56 48 8 7 4 0 2 5 3 1 6
56 48 8 7 4 0 1 5 3 6 2
56 48 8 0 4 1 7 5 3 6 2
56 48 8 2 4 1 3 5 7 6 0
56 48 8 0 1 5 2 7 6 4 3
56 48 8 7 1 5 2 3 6 4 0
56 48 8 0 7 5 2 6 1 4 3
56 48 8 4 0 1 3 7 2 6 5
56 48 8 7 4 1 3 5 2 0 6
56 48 8 3 1 7 4 2 6 5 0
56 48 8 4 6 1 7 3 2 0 5
56 48 8 3 2 4 1 0 6 5 7
56 48 8 7 1 0 3 6 4 2 5
56 48 8 5 4 3 7 2 6 1 0
56 48 8 7 5 2 0 4 1 6 3
56 48 8 7 4 3 1 6 0 5 2
56 48 8 6 4 0 1 2 5 3 7
56 48 8 7 4 6 1 2 3 0 5
56 48 8 3 4 5 0 7 6 2 1
56 48 8 7 1 6 5 3 4 0 2
56 48 8 3 2 1 7 6 4 5 0
56 48 8 2 1 7 0 6 4 5 3
56 48 8 4 1 5 2 0 6 7 3
56 48 8 1 7 4 3 0 6 5 2
56 48 8 7 3 4 0 2 6 5 1
56 48 8 6 3 4 7 2 0 5 1
56 48 8 6 1 0 7 2 4 3 5
56 49 7 4 1 3 0 7 6 5 2
56 49 7 1 0 2 3 7 6 5 4
56 49 7 4 1 3 2 7 6 0 5
56 49 7 1 0 5 2 7 6 3 4
56 49 7 6 4 5 1 2 3 0 7
56 49 7 2 4 1 5 7 3 6 0
56 49 7 2 7 0 4 3 6 1 5
56 49 7 2 7 4 5 3 6 1 0
56 49 7 0 7 5 2 4 3 6 1
56 49 7 4 0 3 1 2 6 5 7
56 49 7 4 0 5 3 2 6 1 7
56 49 7 6 0 4 7 2 5 3 1
56 49 7 6 4 3 7 2 5 0 1
56 49 7 4 0 1 7 2 5 3 6
56 49 7 4 2 0 7 3 6 1 5
56 49 7 3 4 2 7 5 6 1 0
56 49 7 4 1 7 2 3 6 5 0
56 49 7 4 6 1 7 2 3 5 0
56 49 7 4 6 1 7 3 5 2 0
56 49 7 3 4 1 7 6 5 2 0
56 49 7 3 1 2 7 6 4 0 5
56 49 7 7 0 2 1 3 4 6 5
56 49 7 4 0 5 7 3 6 1 2
56 49 7 7 1 3 0 4 6 2 5
56 49 7 7 1 3 5 4 6 0 2
56 49 7 4 0 3 2 7 6 5 1
56 49 7 1 4 3 2 7 6 5 0
56 49 7 6 4 7 3 2 5 1 0
56 49 7 4 7 5 1 0 2 6 3
56 49 7 7 4 2 3 5 6 0 1
56 49 7 7 4 2 0 5 6 1 3
56 49 7 6 0 7 1 2 4 5 3
56 49 7 7 2 4 3 0 6 5 1
56 49 7 2 4 5 3 0 7 6 1
56 49 7 1 7 4 2 3 0 6 5
56 49 7 1 7 0 2 3 6 4 5
56 49 7 4 1 5 2 0 3 6 7
56 49 7 4 0 5 2 3 1 6 7
56 49 7 4 6 3 7 2 0 5 1
56 49 7 2 4 3 7 1 6 5 0
56 49 7 1 4 3 7 0 6 5 2
56 49 7 1 6 2 7 4 5 0 3
56 49 7 7 1 0 4 3 6 2 5
56 49 7 3 6 4 7 2 5 0 1
56 49 7 7 2 1 5 0 4 6 3
56 49 7 0 4 5 2 3 7 6 1
56 49 7 3 4 5 2 1 7 6 0
56 49 7 2 4 5 7 6 0 1 3
56 49 7 2 4 5 7 3 6 1 0
56 49 7 7 6 0 3 2 4 1 5
56 49 7 2 4 5 0 3 6 7 1
56 49 7 7 6 5 1 2 0 4 3
56 49 7 1 7 0 3 2 4 6 5
56 50 6 3 4 1 5 2 7 6 0
56 50 6 1 0 2 4 3 6 5 7
56 50 6 6 4 5 7 2 1 0 3
56 50 6 7 1 3 2 4 6 5 0
56 50 6 1 2 0 3 4 6 5 7
56 50 6 7 0 3 5 2 4 6 1
56 50 6 0 3 1 5 7 4 6 2
56 50 6 1 4 2 7 3 0 6 5
56 50 6 4 1 3 7 2 6 5 0
56 50 6 4 1 5 3 2 0 6 7
56 50 6 4 1 5 3 2 6 7 0
56 50 6 2 0 5 1 3 4 6 7
56 50 6 7 2 5 4 1 6 0 3
56 50 6 0 1 3 7 2 4 6 5
56 50 6 6 0 5 7 2 1 4 3
56 50 6 1 5 0 2 7 4 6 3
56 50 6 1 4 5 2 7 0 6 3
56 50 6 2 7 5 3 0 4 6 1
56 51 5 1 0 5 7 2 6 3 4
56 51 5 1 4 5 7 2 6 0 3
56 51 5 1 7 5 0 3 4 6 2
56 51 5 1 2 5 4 7 6 0 3
56 51 5 1 0 7 5 2 4 6 3
56 52 4 1 5 0 7 2 4 6 3
56 52 4 1 4 5 7 2 0 6 3
56 53 3 1 3 5 7 2 4 6 0