0 0 7 4 1 2 0 6 5 3
3 2 7 4 1 2 3 6 5 0
2 1 7 4 1 0 3 6 5 2
1 1 7 4 0 1 3 6 5 2
5 1 7 4 5 1 3 6 0 2
6 1 7 4 5 1 3 0 6 2
3 1 7 4 5 1 0 3 6 2
2 2 7 4 5 1 2 3 6 0
6 1 7 4 5 1 2 3 0 6
3 1 7 4 5 1 2 0 3 6
4 1 7 0 5 1 2 4 3 6
7 1 0 7 5 1 2 4 3 6
1 2 1 7 5 0 2 4 3 6
3 3 1 7 5 3 2 4 0 6
6 1 1 7 5 3 2 4 6 0
3 1 1 7 5 0 2 4 6 3
5 1 1 7 0 5 2 4 6 3
7 1 1 0 7 5 2 4 6 3
1 1 0 1 7 5 2 4 6 3
3 3 3 1 7 5 2 4 6 0
6 1 3 1 7 5 2 4 0 6
7 1 3 1 0 5 2 4 7 6
5 1 3 1 5 0 2 4 7 6
7 3 3 1 5 7 2 4 0 6
4 1 3 1 5 7 2 0 4 6
1 1 3 0 5 7 2 1 4 6
3 1 0 3 5 7 2 1 4 6
1 3 1 3 5 7 2 0 4 6
4 1 1 3 5 7 2 4 0 6
6 1 1 3 5 7 2 4 6 0