0 0 0 2 0 4 5 7 3 1 6
8 0 8 0 2 4 5 7 3 1 6
8 0 8 2 3 4 5 7 0 1 6
9 0 9 2 4 0 5 7 3 1 6
16 8 8 7 2 4 5 0 3 1 6
16 8 8 2 3 4 5 0 7 1 6
16 8 8 2 3 4 5 7 1 0 6
17 8 9 5 2 4 0 7 3 1 6
17 8 9 6 2 4 5 7 3 1 0
17 9 8 2 4 5 0 7 3 1 6
18 8 10 3 2 4 5 7 0 1 6
18 9 9 2 4 1 5 7 3 0 6
22 16 6 2 3 4 5 7 1 6 0
23 16 7 0 3 4 5 2 7 1 6
24 16 8 7 2 4 5 3 0 1 6
24 16 8 7 2 4 5 6 3 1 0
24 16 8 2 3 4 5 6 7 1 0
24 16 8 2 3 0 5 7 1 4 6
24 17 7 5 2 0 4 7 3 1 6
24 17 7 5 2 4 6 7 3 1 0
24 17 7 2 4 5 6 7 3 1 0
25 16 9 7 2 4 0 5 3 1 6
25 17 8 6 2 4 5 7 3 0 1
25 17 8 6 2 4 0 7 3 1 5
25 18 7 2 4 1 5 7 3 6 0
26 16 10 7 0 4 5 2 3 1 6
26 16 10 2 3 4 0 5 7 1 6
26 17 9 6 2 4 5 0 3 1 7
26 17 9 0 4 5 2 7 3 1 6
26 17 9 2 4 5 7 0 3 1 6
26 18 8 3 2 4 5 0 7 1 6
26 18 8 3 2 4 5 7 1 0 6
27 16 11 2 0 4 5 3 7 1 6
27 17 10 5 2 4 7 0 3 1 6
27 17 10 5 2 4 1 7 3 0 6
27 17 10 6 2 0 5 7 3 1 4
27 17 10 2 4 5 1 7 3 0 6
27 18 9 3 0 4 5 7 2 1 6
27 18 9 2 4 1 5 7 0 3 6
29 22 7 2 3 4 0 7 1 6 5
30 22 8 2 3 4 5 0 1 6 7
31 22 9 2 3 0 5 7 1 6 4
31 22 9 0 3 4 5 7 1 6 2
31 23 8 3 0 4 5 2 7 1 6
31 23 8 5 3 4 0 2 7 1 6
31 23 8 6 3 4 5 2 7 1 0
31 24 7 2 3 5 0 7 1 4 6
31 24 7 5 2 1 4 7 3 0 6
31 25 6 7 2 0 4 5 3 1 6
31 25 6 7 2 4 6 5 3 1 0
32 23 9 7 3 4 5 2 0 1 6
32 24 8 7 2 4 5 3 1 0 6
32 24 8 7 2 4 5 6 3 0 1
32 24 8 7 2 4 0 6 3 1 5
32 24 8 2 3 4 5 6 7 0 1
32 24 8 2 3 4 0 6 7 1 5
32 24 8 2 0 3 5 7 1 4 6
32 24 8 5 0 2 4 7 3 1 6
32 24 8 5 2 4 6 7 3 0 1
32 24 8 2 4 5 6 7 3 0 1
32 25 7 6 2 0 4 7 3 1 5
32 26 6 0 4 5 7 2 3 1 6
33 24 9 7 0 4 5 3 2 1 6
33 24 9 5 2 4 6 0 3 1 7
33 24 9 2 4 5 6 0 3 1 7
33 25 8 0 2 4 7 5 3 1 6
33 25 8 6 2 4 5 7 0 3 1
33 25 8 6 2 0 5 7 3 4 1
33 25 8 2 4 1 0 7 3 6 5
33 26 7 2 3 0 4 5 7 1 6
33 26 7 2 3 4 6 5 7 1 0
33 26 7 2 4 5 7 3 0 1 6
33 26 7 2 4 5 7 6 3 1 0
33 26 7 3 2 4 5 7 1 6 0
33 27 6 2 4 5 1 7 3 6 0
34 24 10 7 2 0 5 6 3 1 4
34 24 10 0 2 4 5 6 3 1 7
34 24 10 2 3 0 5 6 7 1 4
34 24 10 0 3 4 5 6 7 1 2
34 24 10 5 2 0 6 7 3 1 4
34 24 10 0 2 4 6 7 3 1 5
34 24 10 0 4 5 6 7 3 1 2
34 25 9 7 2 4 1 5 3 0 6
34 25 9 2 4 1 5 0 3 6 7
34 26 8 0 7 4 5 2 3 1 6
34 26 8 7 4 0 5 2 3 1 6
34 26 8 6 2 4 5 3 0 1 7
34 26 8 4 0 5 2 7 3 1 6
34 26 8 7 4 5 2 0 3 1 6
34 26 8 0 2 4 5 3 7 1 6
34 26 8 3 2 4 5 6 7 1 0
34 26 8 3 2 0 5 7 1 4 6
34 27 7 5 2 4 1 7 3 6 0
35 24 11 2 4 0 6 7 3 1 5
35 25 10 6 2 4 7 0 3 1 5
35 25 10 6 2 4 1 7 3 0 5
35 25 10 2 4 0 5 7 3 6 1
35 25 10 0 4 1 5 7 3 6 2
35 26 9 0 3 4 2 5 7 1 6
35 26 9 6 2 4 0 5 3 1 7
35 26 9 6 4 5 2 7 3 1 0
35 26 9 2 0 5 7 4 3 1 6
35 26 9 3 2 4 0 5 7 1 6
35 27 8 5 2 4 7 3 0 1 6
35 27 8 5 2 4 7 6 3 1 0
35 27 8 5 2 4 1 7 0 3 6
35 27 8 5 2 0 1 7 3 4 6
35 27 8 6 2 5 0 7 3 1 4
35 27 8 6 2 1 5 7 3 0 4
35 27 8 2 4 5 1 7 0 3 6
35 27 8 0 3 4 5 7 2 1 6
35 27 8 2 0 1 5 7 4 3 6
36 26 10 2 3 4 1 5 7 0 6
36 26 10 6 0 4 5 2 3 1 7
36 26 10 3 4 5 2 7 0 1 6
36 27 9 2 4 0 5 3 7 1 6
36 27 9 2 7 4 5 3 0 1 6
36 27 9 5 0 4 7 2 3 1 6
36 27 9 6 0 2 5 7 3 1 4
36 27 9 2 4 0 1 7 3 5 6
36 27 9 3 4 0 5 7 2 1 6
36 27 9 2 4 1 5 0 7 3 6
36 29 7 2 3 0 4 7 1 6 5
36 30 6 0 3 4 5 2 1 6 7
37 29 8 0 3 4 2 7 1 6 5
37 29 8 2 3 4 7 0 1 6 5
37 30 7 2 3 4 5 1 0 6 7
37 31 6 2 3 5 0 7 1 6 4
37 31 6 5 3 4 6 2 7 1 0
37 31 6 2 3 5 6 7 1 4 0
37 31 6 5 2 1 4 7 3 6 0
37 31 6 7 2 1 4 5 3 0 6
38 31 7 7 3 4 5 0 1 6 2
38 31 7 5 3 0 4 2 7 1 6
38 31 7 6 3 4 5 2 7 0 1
38 31 7 6 3 4 0 2 7 1 5
38 31 7 5 2 1 4 7 0 3 6
38 31 7 7 0 2 4 5 3 1 6
38 31 7 7 2 4 6 5 3 0 1
38 32 6 4 0 5 7 2 3 1 6
39 29 10 2 3 4 6 7 1 0 5
39 30 9 2 3 4 0 5 1 6 7
39 31 8 2 0 3 5 7 1 6 4
39 31 8 2 3 6 5 7 1 0 4
39 31 8 3 0 4 5 7 1 6 2
39 31 8 5 3 4 0 7 1 6 2
39 31 8 1 3 4 5 7 0 6 2
39 31 8 3 4 0 5 2 7 1 6
39 31 8 3 7 4 5 2 0 1 6
39 31 8 0 3 5 2 7 1 4 6
39 31 8 2 3 5 7 0 1 4 6
39 32 7 7 3 4 5 2 1 0 6
39 32 7 7 2 4 5 3 1 6 0
39 32 7 7 2 0 4 6 3 1 5
39 32 7 0 2 3 5 7 1 4 6
39 32 7 6 2 1 4 7 3 0 5
39 32 7 6 4 5 7 2 3 1 0
39 33 6 2 0 3 4 5 7 1 6
39 33 6 2 0 5 7 3 4 1 6
40 30 10 2 0 4 5 3 1 6 7
40 31 9 5 3 4 1 2 7 0 6
40 31 9 6 3 4 5 0 7 1 2
40 31 9 6 3 0 5 2 7 1 4
40 31 9 2 3 5 4 7 1 0 6
40 31 9 7 2 4 6 0 3 1 5
40 31 9 7 2 0 6 5 3 1 4
40 31 9 0 2 4 6 5 3 1 7
40 32 8 7 3 4 5 0 2 1 6
40 32 8 7 2 0 5 3 1 4 6
40 32 8 7 2 4 5 6 0 3 1
40 32 8 7 2 0 5 6 3 4 1
40 32 8 2 3 4 5 6 0 7 1
40 32 8 2 3 0 5 6 7 4 1
40 32 8 2 3 0 4 6 7 1 5
40 32 8 2 1 3 5 7 0 4 6
40 32 8 0 5 2 4 7 3 1 6
40 32 8 5 3 2 4 7 0 1 6
40 32 8 5 2 4 6 7 0 3 1
40 32 8 5 2 0 6 7 3 4 1
40 32 8 2 4 5 6 7 0 3 1
40 32 8 6 0 2 4 7 3 1 5
40 32 8 7 4 5 0 2 3 1 6
40 32 8 3 4 5 7 2 0 1 6
40 33 7 0 4 5 6 2 3 1 7
40 33 7 2 3 1 4 5 7 0 6
40 33 7 2 4 5 7 3 1 0 6
40 33 7 2 4 5 7 6 3 0 1
40 33 7 2 4 5 0 7 3 6 1
40 34 6 7 2 4 1 5 3 6 0
41 31 10 5 3 4 2 0 7 1 6
41 32 9 0 2 4 7 6 3 1 5
41 32 9 0 3 4 2 6 7 1 5
41 32 9 2 4 0 6 7 3 5 1
41 33 8 5 2 4 6 3 0 1 7
41 33 8 2 4 5 6 3 0 1 7
41 33 8 2 0 4 7 5 3 1 6
41 33 8 6 2 4 7 5 3 1 0
41 33 8 6 2 4 5 0 7 3 1
41 33 8 6 2 5 0 7 3 4 1
41 33 8 2 4 0 1 7 3 6 5
41 33 8 2 3 4 6 5 7 0 1
41 33 8 2 4 5 0 6 3 1 7
41 33 8 3 2 4 0 7 1 6 5
41 33 8 2 4 5 1 0 3 6 7
41 34 7 2 3 5 0 6 7 1 4
41 34 7 7 2 4 1 5 0 3 6
41 34 7 7 2 0 1 5 3 4 6
41 34 7 0 4 1 5 2 3 6 7
41 34 7 4 3 5 2 7 0 1 6
41 35 6 6 2 0 4 5 3 1 7
41 35 6 2 3 5 7 4 0 1 6
41 35 6 3 2 0 4 5 7 1 6
41 35 6 3 2 4 6 5 7 1 0
41 35 6 6 2 5 4 7 3 1 0
42 32 10 7 2 4 1 6 3 0 5
42 32 10 2 3 4 6 0 7 1 5
42 32 10 2 3 4 1 6 7 0 5
42 33 9 0 7 4 5 3 2 1 6
42 33 9 7 4 0 5 3 2 1 6
42 33 9 3 2 4 7 5 0 1 6
42 33 9 6 0 4 5 7 2 3 1
42 33 9 6 0 2 5 7 3 4 1
42 33 9 0 4 1 2 7 3 6 5
42 33 9 2 4 1 7 0 3 6 5
42 33 9 0 4 5 7 6 3 1 2
42 33 9 3 2 4 5 0 1 6 7
42 33 9 0 4 5 1 7 3 6 2
42 34 8 7 2 5 0 6 3 1 4
42 34 8 7 2 1 5 6 3 0 4
42 34 8 2 0 3 5 6 7 1 4
42 34 8 2 3 1 5 6 7 0 4
42 34 8 5 2 6 0 7 3 1 4
42 34 8 5 2 1 6 7 3 0 4
42 34 8 4 0 5 6 7 3 1 2
42 34 8 7 4 5 6 0 3 1 2
42 34 8 2 4 1 5 3 0 6 7
42 34 8 7 4 1 5 2 3 0 6
42 34 8 6 2 4 5 3 1 0 7
42 34 8 7 4 5 2 3 0 1 6
42 34 8 7 4 5 2 6 3 1 0
42 34 8 3 2 4 5 6 7 0 1
42 34 8 3 2 4 0 6 7 1 5
42 34 8 3 2 5 0 7 1 4 6
42 34 8 5 2 4 0 7 3 6 1
42 35 7 6 2 4 1 7 3 5 0
42 35 7 0 2 5 7 4 3 1 6
42 35 7 6 2 1 5 7 3 4 0
42 35 7 2 0 5 1 7 4 3 6
42 36 6 2 3 4 1 5 7 6 0
42 36 6 5 3 4 7 2 0 1 6
42 37 5 0 3 4 7 2 1 6 5
42 37 5 2 3 5 4 7 1 6 0
42 37 5 7 2 1 4 5 3 6 0
43 33 10 5 0 4 6 2 3 1 7
43 33 10 5 2 4 0 6 3 1 7
43 33 10 2 0 5 6 4 3 1 7
43 33 10 2 3 0 6 5 7 1 4
43 33 10 0 3 4 6 5 7 1 2
43 33 10 2 4 0 7 6 3 1 5
43 33 10 3 2 0 5 7 1 6 4
43 33 10 0 2 4 5 7 1 6 3
43 34 9 7 0 2 5 6 3 1 4
43 34 9 2 0 4 5 6 3 1 7
43 34 9 3 0 4 5 6 7 1 2
43 34 9 5 3 4 0 6 7 1 2
43 34 9 5 0 2 6 7 3 1 4
43 34 9 2 0 4 6 7 3 1 5
43 34 9 6 4 5 0 7 3 1 2
43 34 9 2 7 4 5 0 3 1 6
43 34 9 5 7 4 0 2 3 1 6
43 34 9 6 7 4 5 2 3 1 0
43 34 9 6 0 4 5 3 2 1 7
43 34 9 4 5 0 2 7 3 1 6
43 34 9 5 2 4 0 3 7 1 6
43 34 9 6 2 4 5 3 7 1 0
43 34 9 3 0 2 5 7 1 4 6
43 34 9 5 2 4 1 0 3 6 7
43 35 8 6 2 4 7 3 0 1 5
43 35 8 6 2 4 1 7 0 3 5
43 35 8 6 2 0 1 7 3 4 5
43 35 8 2 0 4 5 7 3 6 1
43 35 8 4 0 1 5 7 3 6 2
43 35 8 7 4 1 5 0 3 6 2
43 35 8 3 0 4 2 5 7 1 6
43 35 8 6 4 5 2 7 3 0 1
43 35 8 2 5 0 7 4 3 1 6
43 35 8 0 2 4 3 5 7 1 6
43 35 8 5 2 4 7 3 1 0 6
43 35 8 5 0 4 7 3 2 1 6
43 35 8 5 2 4 7 6 3 0 1
43 35 8 5 2 4 1 0 7 3 6
43 35 8 5 2 1 0 7 3 4 6
43 35 8 6 2 1 5 7 0 3 4
43 35 8 2 4 5 1 0 7 3 6
43 35 8 0 2 1 5 7 4 3 6
43 35 8 2 1 0 5 7 4 3 6
43 36 7 2 3 4 1 5 0 7 6
43 36 7 6 3 4 5 2 0 1 7
43 36 7 3 0 5 2 7 4 1 6
43 36 7 0 5 4 7 2 3 1 6
43 36 7 5 4 0 7 2 3 1 6
43 36 7 2 0 3 4 7 1 6 5
43 36 7 3 0 4 5 2 1 6 7
43 36 7 5 3 4 0 2 1 6 7
43 36 7 7 3 4 5 2 1 6 0
43 36 7 1 3 4 5 2 0 6 7
43 37 6 2 3 4 7 1 0 6 5
43 37 6 2 3 4 7 5 1 6 0
43 37 6 7 2 1 4 5 0 3 6
43 38 5 4 3 5 7 2 0 1 6
44 33 11 2 4 1 6 7 3 0 5
44 34 10 3 2 4 5 6 0 1 7
44 34 10 7 3 4 5 6 0 1 2
44 34 10 3 2 4 6 7 0 1 5
44 34 10 3 4 5 6 7 0 1 2
44 34 10 2 0 1 5 4 3 6 7
44 34 10 2 4 1 0 5 3 6 7
44 34 10 7 0 5 2 4 3 1 6
44 34 10 3 2 0 5 6 7 1 4
44 34 10 0 2 4 5 6 7 1 3
44 34 10 5 2 0 1 7 3 6 4
44 34 10 0 2 4 1 7 3 6 5
44 35 9 2 4 6 0 7 3 1 5
44 35 9 6 0 4 7 2 3 1 5
44 35 9 2 4 6 5 7 3 0 1
44 35 9 5 4 1 0 7 3 6 2
44 35 9 6 3 4 2 5 7 1 0
44 35 9 6 2 4 1 5 3 0 7
44 35 9 6 4 5 2 0 3 1 7
44 35 9 3 2 4 1 5 7 0 6
44 35 9 5 0 4 1 7 2 3 6
44 35 9 5 0 2 1 7 3 4 6
44 35 9 0 2 5 6 7 3 1 4
44 35 9 6 2 5 7 0 3 1 4
44 35 9 5 3 4 0 7 2 1 6
44 35 9 6 3 4 5 7 2 1 0
44 36 8 2 3 0 1 5 7 4 6
44 36 8 0 6 4 5 2 3 1 7
44 36 8 6 4 0 5 2 3 1 7
44 36 8 3 4 5 2 0 7 1 6
44 36 8 3 4 5 2 7 1 0 6
44 36 8 2 4 5 0 3 7 1 6
44 36 8 6 3 2 5 7 0 1 4
44 36 8 3 4 5 0 7 2 1 6
44 36 8 0 4 1 5 2 7 3 6
44 36 8 2 3 6 4 7 1 0 5
44 37 7 7 3 4 2 0 1 6 5
44 37 7 0 3 5 2 7 1 6 4
44 37 7 2 3 5 7 0 1 6 4
44 37 7 5 3 4 6 2 7 0 1
44 37 7 2 3 5 6 7 1 0 4
44 39 5 0 3 5 7 2 1 4 6
44 39 5 0 2 3 4 5 7 1 6
45 35 10 3 4 1 5 7 0 6 2
45 35 10 7 3 4 2 5 0 1 6
45 35 10 5 2 0 7 6 3 1 4
45 35 10 6 2 5 1 7 3 0 4
45 36 9 2 4 1 5 3 7 0 6
45 36 9 2 7 4 5 3 1 0 6
45 36 9 0 6 2 5 7 3 1 4
45 36 9 2 0 4 1 7 3 5 6
45 36 9 2 4 1 0 7 3 5 6
45 36 9 3 4 1 5 7 2 0 6
45 36 9 2 4 1 5 6 7 3 0
45 37 8 3 0 4 2 7 1 6 5
45 37 8 5 3 4 2 7 1 6 0
45 37 8 1 3 4 2 7 0 6 5
45 37 8 2 3 4 5 1 6 0 7
45 37 8 2 0 4 5 1 3 6 7
45 37 8 2 3 5 6 0 1 4 7
45 37 8 5 2 1 0 7 3 6 4
45 37 8 5 2 1 4 0 3 6 7
45 38 7 7 3 4 5 1 0 6 2
45 38 7 5 0 3 4 2 7 1 6
45 38 7 5 3 1 4 2 7 0 6
45 38 7 6 3 4 5 2 0 7 1
45 38 7 6 3 0 5 2 7 4 1
45 38 7 6 3 0 4 2 7 1 5
45 38 7 5 2 1 4 0 7 3 6
45 38 7 0 7 2 4 5 3 1 6
45 38 7 7 3 2 4 5 0 1 6
45 38 7 7 2 4 6 5 0 3 1
45 38 7 7 2 0 6 5 3 4 1
45 38 7 4 5 0 7 2 3 1 6
45 39 6 1 3 4 5 0 7 6 2
45 39 6 2 3 5 7 1 0 4 6
45 39 6 2 3 5 7 6 1 4 0
45 39 6 6 2 1 4 7 3 5 0
45 39 6 6 4 5 7 2 3 0 1
45 39 6 2 7 3 4 5 0 1 6
45 39 6 0 2 5 7 3 4 1 6
45 40 5 5 3 4 1 2 7 6 0
45 40 5 3 0 5 7 2 4 1 6
45 40 5 2 4 5 7 3 1 6 0
46 35 11 6 4 0 2 7 3 1 5
46 36 10 2 4 1 0 5 7 3 6
46 37 9 2 0 4 7 3 1 6 5
46 37 9 5 3 4 6 0 7 1 2
46 37 9 5 3 0 6 2 7 1 4
46 37 9 0 3 4 6 2 7 1 5
46 37 9 0 3 5 6 7 1 4 2
46 37 9 5 2 0 4 7 3 6 1
46 37 9 0 2 1 4 7 3 6 5
46 38 8 5 0 1 4 7 2 3 6
46 39 7 2 3 4 6 7 1 5 0
46 39 7 2 3 0 4 5 1 6 7
46 39 7 0 2 3 5 7 1 6 4
46 39 7 2 3 6 5 7 1 4 0
46 39 7 5 3 0 4 7 1 6 2
46 39 7 1 3 4 5 7 6 0 2
46 39 7 1 0 4 5 7 3 6 2
46 39 7 3 4 5 0 2 7 1 6
46 39 7 7 3 5 2 0 1 4 6
46 39 7 7 3 0 5 2 1 4 6
46 39 7 7 2 1 4 6 3 0 5
46 39 7 7 2 3 5 0 1 4 6
46 39 7 6 2 1 4 7 0 3 5
46 39 7 6 4 5 0 2 3 1 7
46 39 7 2 5 0 7 3 4 1 6
46 40 6 6 3 5 0 2 7 1 4
46 40 6 7 4 5 6 2 3 1 0
46 40 6 3 4 5 7 2 1 0 6
46 40 6 2 3 1 4 5 0 7 6
46 40 6 2 3 1 4 5 7 6 0
46 41 5 2 3 5 7 0 4 1 6
47 36 11 2 0 1 5 4 7 3 6
47 37 10 2 3 0 6 7 1 4 5
47 38 9 7 3 4 0 5 1 6 2
47 38 9 6 3 4 1 2 7 0 5
47 39 8 2 3 4 6 7 0 1 5
47 39 8 0 3 4 2 5 1 6 7
47 39 8 2 1 3 5 7 0 6 4
47 39 8 2 3 6 5 7 0 1 4
47 39 8 3 4 0 5 7 1 6 2
47 39 8 3 1 4 5 7 0 6 2
47 39 8 5 3 4 7 0 1 6 2
47 39 8 3 4 1 5 2 7 0 6
47 39 8 3 7 4 5 2 1 0 6
47 39 8 3 0 5 2 7 1 4 6
47 39 8 6 3 5 2 7 1 4 0
47 39 8 1 3 5 2 7 0 4 6
47 39 8 7 2 4 0 3 1 6 5
47 39 8 7 0 2 4 6 3 1 5
47 39 8 5 2 3 0 7 1 4 6
47 39 8 6 2 3 5 7 1 4 0
47 39 8 1 2 3 5 7 0 4 6
47 39 8 6 4 5 7 0 3 1 2
47 40 7 5 3 4 1 2 0 7 6
47 40 7 5 3 0 1 2 7 4 6
47 40 7 6 3 1 5 2 7 0 4
47 40 7 2 3 5 4 7 0 1 6
47 40 7 7 2 6 0 5 3 1 4
47 40 7 7 2 1 6 5 3 0 4
47 40 7 7 2 4 5 0 6 3 1
47 40 7 2 3 4 5 0 6 7 1
47 40 7 2 3 5 0 6 7 4 1
47 40 7 2 0 3 4 6 7 1 5
47 40 7 2 0 5 6 7 4 3 1
47 40 7 3 4 5 7 0 2 1 6
47 40 7 4 0 5 6 2 3 1 7
47 40 7 2 4 5 7 6 0 3 1
47 40 7 7 2 4 0 5 3 6 1
47 41 6 0 4 5 1 2 3 6 7
47 41 6 2 3 5 4 6 7 1 0
47 41 6 6 2 1 4 5 3 0 7
47 41 6 2 3 5 7 4 1 0 6
47 41 6 3 2 1 4 5 7 0 6
47 43 4 5 3 4 7 2 1 6 0
48 38 10 7 0 4 5 3 1 6 2
48 38 10 6 3 4 2 0 7 1 5
48 39 9 3 7 4 5 0 2 1 6
48 39 9 2 0 5 7 3 1 4 6
48 39 9 7 2 4 5 0 1 6 3
48 39 9 6 4 0 7 2 3 1 5
48 40 8 0 2 4 5 3 1 6 7
48 40 8 2 4 0 5 3 1 6 7
48 40 8 2 1 4 5 3 0 6 7
48 40 8 6 3 4 5 7 0 1 2
48 40 8 6 0 3 5 2 7 1 4
48 40 8 2 3 0 4 7 1 5 6
48 40 8 7 2 4 6 3 0 1 5
48 40 8 7 0 2 6 5 3 1 4
48 40 8 2 0 4 6 5 3 1 7
48 40 8 7 3 4 5 6 2 1 0
48 40 8 7 2 5 0 3 1 4 6
48 40 8 7 2 5 0 6 3 4 1
48 40 8 2 0 4 5 6 3 7 1
48 40 8 2 0 3 5 6 7 4 1
48 40 8 2 3 1 4 6 7 0 5
48 40 8 2 1 3 5 0 7 4 6
48 40 8 2 1 3 5 7 4 0 6
48 40 8 7 5 2 4 0 3 1 6
48 40 8 5 3 2 4 0 7 1 6
48 40 8 5 3 2 4 7 1 0 6
48 40 8 5 2 4 6 0 7 3 1
48 40 8 5 2 6 0 7 3 4 1
48 40 8 2 4 5 6 0 7 3 1
48 40 8 0 6 2 4 7 3 1 5
48 40 8 6 3 2 4 7 0 1 5
48 40 8 2 4 0 7 3 1 5 6
48 40 8 2 4 0 7 6 3 5 1
48 40 8 0 4 5 2 7 3 6 1
48 40 8 2 4 5 7 0 3 6 1
48 41 7 2 0 5 6 3 4 1 7
48 41 7 2 3 4 7 5 0 1 6
48 41 7 6 2 4 7 5 3 0 1
48 41 7 6 2 5 1 7 3 4 0
48 41 7 2 3 4 6 5 0 7 1
48 41 7 3 2 0 4 7 1 6 5
48 41 7 2 4 5 1 3 0 6 7
48 41 7 7 2 1 0 5 3 4 6
48 41 7 4 0 1 5 2 3 6 7
48 41 7 4 3 5 2 0 7 1 6
48 41 7 4 3 5 2 7 1 0 6
48 41 7 6 0 2 4 5 3 1 7
48 41 7 3 0 2 4 5 7 1 6
48 41 7 3 2 4 6 5 7 0 1
48 41 7 6 2 5 4 7 3 0 1
48 42 6 0 4 1 7 2 3 6 5
48 42 6 7 2 5 4 6 3 1 0
48 42 6 5 2 6 4 7 3 1 0
48 42 6 7 4 1 5 2 3 6 0
48 42 6 6 2 4 5 3 1 7 0
48 42 6 5 3 4 7 2 1 0 6
48 42 6 3 0 4 7 2 1 6 5
48 42 6 1 3 4 7 2 0 6 5
48 43 5 4 3 5 7 2 1 0 6
48 44 4 0 3 5 7 2 1 6 4
49 39 10 2 3 4 6 5 1 0 7
49 39 10 5 3 4 6 7 1 0 2
49 39 10 7 2 0 5 3 1 6 4
49 40 9 3 2 4 6 5 0 1 7
49 40 9 7 0 2 5 3 1 4 6
49 40 9 7 0 4 5 6 2 3 1
49 40 9 7 0 2 5 6 3 4 1
49 40 9 6 5 2 4 7 3 1 0
49 40 9 5 0 4 6 7 2 3 1
49 40 9 5 0 2 6 7 3 4 1
49 40 9 7 4 5 1 2 3 0 6
49 40 9 3 4 5 6 2 0 1 7
49 40 9 7 2 4 1 0 3 6 5
49 40 9 7 2 0 1 5 3 6 4
49 40 9 0 2 4 1 5 3 6 7
49 41 8 5 3 4 2 7 0 1 6
49 41 8 5 3 4 2 6 7 1 0
49 41 8 2 0 4 7 6 3 1 5
49 41 8 5 2 4 6 3 1 0 7
49 41 8 2 4 5 6 3 1 0 7
49 41 8 2 4 0 7 5 3 1 6
49 41 8 0 2 4 5 6 7 3 1
49 41 8 6 2 4 5 1 7 3 0
49 41 8 2 0 4 1 7 3 6 5
49 41 8 2 3 0 6 5 7 4 1
49 41 8 0 3 5 2 6 7 1 4
49 41 8 7 2 4 1 0 5 3 6
49 41 8 7 0 4 1 5 2 3 6
49 41 8 7 0 2 1 5 3 4 6
49 41 8 5 4 1 0 2 3 6 7
49 41 8 6 2 5 4 0 3 1 7
49 42 7 7 2 4 1 6 3 5 0
49 42 7 2 3 4 1 6 7 5 0
49 42 7 3 2 4 7 5 1 0 6
49 42 7 2 4 1 7 3 0 6 5
49 42 7 2 4 1 7 5 3 6 0
49 42 7 4 0 5 7 6 3 1 2
49 42 7 4 0 5 1 7 3 6 2
49 42 7 7 4 5 1 0 3 6 2
49 42 7 1 4 5 0 7 3 6 2
49 42 7 7 2 1 5 6 3 4 0
49 42 7 0 2 3 5 6 7 1 4
49 42 7 2 3 1 5 6 7 4 0
49 42 7 5 2 1 6 7 3 4 0
49 42 7 4 3 5 6 7 0 1 2
49 42 7 2 0 1 5 3 4 6 7
49 42 7 7 0 5 2 3 4 1 6
49 42 7 3 2 4 5 6 0 7 1
49 42 7 3 2 0 4 6 7 1 5
49 42 7 3 2 5 6 7 1 4 0
49 42 7 4 2 5 7 0 3 1 6
49 42 7 0 2 5 1 7 4 3 6
49 42 7 2 3 4 0 5 7 6 1
49 42 7 5 3 4 7 0 2 1 6
49 42 7 7 3 4 0 2 1 6 5
49 42 7 2 3 5 4 0 1 6 7
49 42 7 7 2 1 0 5 3 6 4
49 43 6 5 2 4 7 3 1 6 0
49 43 6 0 3 5 2 7 4 1 6
49 43 6 0 2 3 4 7 1 6 5
49 43 6 5 3 0 4 2 1 6 7
49 43 6 1 3 4 5 0 2 6 7
49 43 6 1 3 4 5 2 6 0 7
49 43 6 1 0 4 5 2 3 6 7
49 43 6 4 3 5 7 0 2 1 6
49 44 5 6 2 4 1 5 3 7 0
49 44 5 2 3 5 7 1 0 6 4
49 44 5 2 3 5 7 4 1 6 0
49 45 4 0 3 5 7 2 4 1 6
50 40 10 6 3 4 0 5 7 1 2
50 40 10 7 0 4 6 2 3 1 5
50 40 10 7 3 4 0 5 2 1 6
50 40 10 4 5 2 0 7 3 1 6
50 40 10 3 5 2 4 7 0 1 6
50 41 9 3 0 4 2 6 7 1 5
50 41 9 2 0 4 6 7 3 5 1
50 41 9 2 4 6 0 7 3 5 1
50 41 9 5 0 4 6 3 2 1 7
50 41 9 6 2 0 7 5 3 1 4
50 41 9 6 2 4 0 5 7 3 1
50 41 9 0 2 5 6 7 3 4 1
50 41 9 6 2 5 7 0 3 4 1
50 41 9 2 4 6 1 7 3 0 5
50 41 9 2 4 0 5 6 3 1 7
50 41 9 0 4 5 2 6 3 1 7
50 41 9 0 2 4 3 7 1 6 5
50 41 9 3 2 4 7 0 1 6 5
50 41 9 2 0 5 1 4 3 6 7
50 41 9 2 4 5 0 1 3 6 7
50 41 9 2 3 5 6 0 7 1 4
50 41 9 2 3 5 1 6 7 0 4
50 41 9 3 4 1 5 2 0 6 7
50 41 9 3 2 4 6 0 7 1 5
50 41 9 3 2 0 6 5 7 1 4
50 41 9 0 2 4 6 5 7 1 3
50 41 9 0 2 5 4 7 3 1 6
50 42 8 7 2 4 1 6 0 3 5
50 42 8 7 2 0 1 6 3 4 5
50 42 8 2 3 4 1 6 0 7 5
50 42 8 2 3 0 1 6 7 4 5
50 42 8 7 4 5 0 3 2 1 6
50 42 8 3 2 4 7 0 5 1 6
50 42 8 3 0 4 7 5 2 1 6
50 42 8 6 3 2 5 7 0 4 1
50 42 8 4 0 1 2 7 3 6 5
50 42 8 7 4 1 2 0 3 6 5
50 42 8 3 2 4 5 1 0 6 7
50 42 8 0 2 5 7 6 3 1 4
50 42 8 7 2 1 5 6 0 3 4
50 42 8 2 7 3 5 6 0 1 4
50 42 8 2 3 1 5 6 0 7 4
50 42 8 5 2 1 6 7 0 3 4
50 42 8 7 4 5 6 3 0 1 2
50 42 8 2 4 1 5 3 6 0 7
50 42 8 7 4 1 5 2 0 3 6
50 42 8 6 2 0 5 3 1 4 7
50 42 8 7 4 5 2 3 1 0 6
50 42 8 7 4 5 2 6 3 0 1
50 42 8 7 4 5 0 6 3 1 2
50 42 8 3 2 0 5 6 7 4 1
50 42 8 6 2 4 0 7 3 5 1
50 42 8 6 2 5 7 4 3 1 0
50 42 8 6 2 1 0 7 3 4 5
50 42 8 2 5 0 1 7 4 3 6
50 42 8 2 3 4 1 0 7 6 5
50 42 8 0 3 5 4 7 1 6 2
50 42 8 7 2 1 4 0 3 6 5
50 42 8 7 2 0 4 5 3 6 1
50 42 8 0 2 1 4 5 3 6 7
50 43 7 5 3 4 6 2 0 1 7
50 43 7 5 2 0 4 6 3 1 7
50 43 7 2 3 5 6 4 0 1 7
50 43 7 2 0 3 6 5 7 1 4
50 43 7 3 2 5 0 7 1 6 4
50 43 7 5 7 4 6 2 3 1 0
50 43 7 5 2 0 4 3 7 1 6
50 43 7 5 2 4 6 3 7 1 0
50 43 7 2 3 4 5 7 0 6 1
50 43 7 4 3 1 5 7 0 6 2
50 43 7 0 2 4 1 5 7 3 6
50 43 7 0 4 5 1 2 7 3 6
50 43 7 2 1 5 0 7 4 3 6
50 43 7 2 0 4 1 5 3 7 6
50 43 7 6 3 4 5 2 1 0 7
50 43 7 5 4 1 7 2 3 0 6
50 43 7 2 1 3 4 7 0 6 5
50 43 7 3 4 0 5 2 1 6 7
50 43 7 3 1 4 5 2 0 6 7
50 43 7 2 3 4 7 1 6 0 5
50 43 7 2 0 4 7 1 3 6 5
50 43 7 2 3 4 7 5 1 0 6
50 43 7 7 2 1 4 0 5 3 6
50 43 7 7 0 1 4 5 2 3 6
50 44 6 6 3 4 7 2 0 1 5
50 44 6 3 2 4 1 5 0 7 6
50 44 6 3 2 4 1 5 7 6 0
50 44 6 3 4 5 2 7 1 6 0
50 44 6 7 3 5 2 0 1 6 4
50 44 6 3 0 5 7 2 1 4 6
50 44 6 6 3 5 7 2 1 4 0
50 44 6 1 3 5 7 2 0 4 6
50 44 6 5 2 3 4 0 7 1 6
50 44 6 6 2 3 4 5 7 1 0
50 45 5 5 3 1 4 2 7 6 0
50 45 5 1 3 4 5 2 7 6 0
50 45 5 2 3 5 7 1 4 0 6
50 46 4 3 4 5 7 2 1 6 0
51 40 11 6 0 4 5 3 7 1 2
51 41 10 3 2 4 7 6 0 1 5
51 41 10 7 3 4 2 6 0 1 5
51 41 10 6 0 4 5 2 7 3 1
51 41 10 2 4 5 1 6 3 0 7
51 41 10 3 2 4 6 7 1 0 5
51 42 9 7 4 1 5 3 2 0 6
51 42 9 0 6 4 5 7 2 3 1
51 42 9 6 4 0 5 7 2 3 1
51 42 9 0 6 2 5 7 3 4 1
51 42 9 5 4 1 2 7 3 6 0
51 42 9 2 0 1 7 4 3 6 5
51 42 9 3 4 5 7 6 0 1 2
51 42 9 3 2 4 0 5 1 6 7
51 42 9 3 4 5 1 7 0 6 2
51 42 9 0 2 6 5 7 3 1 4
51 42 9 4 5 0 6 7 3 1 2
51 42 9 0 2 4 3 6 7 1 5
51 42 9 0 2 5 3 7 1 4 6
51 42 9 3 2 5 7 0 1 4 6
51 42 9 3 2 5 4 7 1 0 6
51 42 9 0 2 4 5 7 3 6 1
51 42 9 5 2 4 7 0 3 6 1
51 42 9 6 2 4 1 0 3 5 7
51 42 9 7 2 5 0 4 3 1 6
51 42 9 3 2 5 7 4 0 1 6
51 42 9 6 2 1 5 0 3 4 7
51 42 9 2 3 0 1 5 7 6 4
51 42 9 0 3 4 1 5 7 6 2
51 43 8 0 5 4 6 2 3 1 7
51 43 8 5 4 0 6 2 3 1 7
51 43 8 0 2 5 6 4 3 1 7
51 43 8 2 3 6 0 5 7 1 4
51 43 8 2 3 1 6 5 7 0 4
51 43 8 3 0 4 6 5 7 1 2
51 43 8 2 4 1 7 6 3 0 5
51 43 8 3 0 2 5 7 1 6 4
51 43 8 3 2 6 5 7 1 0 4
51 43 8 2 0 4 5 7 1 6 3
51 43 8 7 3 2 5 6 0 1 4
51 43 8 2 3 4 5 6 0 1 7
51 43 8 5 3 0 4 6 7 1 2
51 43 8 5 3 2 6 7 0 1 4
51 43 8 5 7 0 4 2 3 1 6
51 43 8 6 7 4 5 2 3 0 1
51 43 8 6 7 4 0 2 3 1 5
51 43 8 6 2 4 5 3 7 0 1
51 43 8 6 2 4 0 3 7 1 5
51 43 8 0 3 2 5 7 1 4 6
51 43 8 5 2 4 1 3 0 6 7
51 43 8 6 2 4 7 3 1 0 5
51 43 8 6 0 4 7 3 2 1 5
51 43 8 6 2 4 1 0 7 3 5
51 43 8 4 1 0 5 7 3 6 2
51 43 8 7 4 1 5 3 0 6 2
51 43 8 3 4 0 2 5 7 1 6
51 43 8 3 7 4 2 5 0 1 6
51 43 8 6 4 5 2 7 0 3 1
51 43 8 2 5 1 7 4 3 0 6
51 43 8 2 0 4 3 5 7 1 6
51 43 8 5 2 4 3 0 7 1 6
51 43 8 6 2 4 3 5 7 1 0
51 43 8 5 2 0 7 3 1 4 6
51 43 8 0 5 4 7 3 2 1 6
51 43 8 5 4 0 7 3 2 1 6
51 43 8 5 2 4 7 6 0 3 1
51 43 8 5 2 0 7 6 3 4 1
51 43 8 5 2 4 1 6 7 3 0
51 43 8 6 2 1 5 0 7 3 4
51 43 8 2 4 5 1 6 7 3 0
51 43 8 7 2 1 5 0 4 3 6
51 43 8 2 3 4 1 0 5 7 6
51 43 8 6 3 4 5 0 2 1 7
51 43 8 3 5 0 2 7 4 1 6
51 43 8 2 5 4 7 0 3 1 6
51 43 8 6 5 4 7 2 3 1 0
51 43 8 5 4 7 0 2 3 1 6
51 43 8 7 3 0 5 2 1 6 4
51 43 8 2 3 0 7 5 1 6 4
51 43 8 0 3 4 7 5 1 6 2
51 44 7 3 2 4 5 0 6 1 7
51 44 7 3 0 5 6 7 4 1 2
51 44 7 2 3 1 5 4 0 6 7
51 44 7 7 3 5 2 4 0 1 6
51 44 7 0 6 4 7 2 3 1 5
51 44 7 6 2 4 1 5 0 3 7
51 44 7 6 2 0 1 5 3 4 7
51 44 7 3 2 0 1 5 7 4 6
51 44 7 6 2 5 7 3 0 1 4
51 44 7 5 3 4 6 7 2 1 0
51 44 7 2 0 3 1 5 7 4 6
51 44 7 2 4 5 6 3 7 1 0
51 44 7 3 4 5 6 7 2 1 0
51 44 7 2 3 6 4 7 1 5 0
51 44 7 7 3 4 2 1 0 6 5
51 44 7 7 3 4 2 5 1 6 0
51 44 7 3 0 5 2 7 1 6 4
51 44 7 4 3 5 2 7 1 6 0
51 44 7 1 3 5 2 7 0 6 4
51 44 7 5 3 4 6 2 0 7 1
51 44 7 5 3 0 6 2 7 4 1
51 44 7 2 3 5 6 7 0 1 4
51 44 7 7 3 5 0 2 1 4 6
51 44 7 4 2 3 0 5 7 1 6
51 44 7 7 2 3 4 5 0 1 6
51 45 6 1 3 4 2 0 7 6 5
51 45 6 2 3 4 5 1 6 7 0
51 45 6 0 3 5 6 2 1 4 7
51 45 6 6 3 5 0 2 7 4 1
51 45 6 0 2 1 4 5 7 3 6
51 45 6 2 3 5 7 6 1 0 4
51 45 6 6 4 5 7 2 0 3 1
51 45 6 2 7 3 4 5 1 0 6
51 45 6 3 2 5 7 0 4 1 6
51 45 6 5 3 4 0 2 7 6 1
51 45 6 3 5 0 7 2 4 1 6
51 46 5 6 3 5 4 2 7 1 0
51 46 5 2 3 5 7 6 4 1 0
51 47 4 6 2 1 4 5 3 7 0
51 48 3 4 3 5 7 2 1 6 0
52 41 11 5 0 4 2 3 7 1 6
52 42 10 5 7 4 0 3 2 1 6
52 42 10 6 7 4 5 3 2 1 0
52 42 10 3 4 1 2 7 0 6 5
52 42 10 7 2 5 6 0 3 1 4
52 42 10 7 2 5 1 6 3 0 4
52 42 10 5 2 6 7 0 3 1 4
52 42 10 5 2 6 1 7 3 0 4
52 42 10 7 0 5 6 4 3 1 2
52 42 10 3 2 4 1 6 7 0 5
52 42 10 6 2 0 1 7 3 5 4
52 42 10 0 2 4 1 7 3 5 6
52 42 10 0 2 1 5 7 3 4 6
52 43 9 2 5 0 6 4 3 1 7
52 43 9 2 4 7 0 6 3 1 5
52 43 9 5 2 4 0 7 1 6 3
52 43 9 1 2 4 5 7 0 6 3
52 43 9 0 7 2 5 6 3 1 4
52 43 9 3 4 0 5 6 7 1 2
52 43 9 3 7 4 5 6 0 1 2
52 43 9 0 5 2 6 7 3 1 4
52 43 9 6 4 0 5 7 3 1 2
52 43 9 2 7 4 5 6 3 1 0
52 43 9 0 6 4 5 3 2 1 7
52 43 9 6 4 0 5 3 2 1 7
52 43 9 4 5 1 2 7 3 0 6
52 43 9 6 2 4 5 0 7 1 3
52 43 9 3 1 2 5 7 0 4 6
52 43 9 5 0 4 1 2 3 6 7
52 43 9 6 0 4 1 7 2 3 5
52 43 9 6 0 2 1 7 3 4 5
52 43 9 6 4 0 2 7 3 5 1
52 43 9 2 5 7 0 4 3 1 6
52 43 9 7 2 4 3 5 0 1 6
52 43 9 6 0 1 5 7 2 3 4
52 43 9 5 2 1 0 7 4 3 6
52 43 9 6 2 1 5 7 4 3 0
52 43 9 7 5 4 0 2 3 1 6
52 43 9 3 5 4 7 2 0 1 6
52 43 9 5 3 4 2 0 1 6 7
52 43 9 5 3 4 6 2 1 0 7
52 44 8 2 4 1 6 7 3 5 0
52 44 8 3 2 4 5 6 1 0 7
52 44 8 7 3 4 5 0 6 1 2
52 44 8 7 3 4 5 6 1 0 2
52 44 8 3 4 5 6 0 7 1 2
52 44 8 3 4 5 6 7 1 0 2
52 44 8 0 2 1 5 4 3 6 7
52 44 8 2 1 0 5 4 3 6 7
52 44 8 2 4 0 1 5 3 6 7
52 44 8 0 7 5 2 4 3 1 6
52 44 8 3 2 5 0 6 7 1 4
52 44 8 3 2 1 5 6 7 0 4
52 44 8 5 0 2 1 7 3 6 4
52 44 8 1 2 4 0 7 3 6 5
52 44 8 2 4 6 5 7 3 1 0
52 44 8 5 4 0 1 7 3 6 2
52 44 8 6 3 4 2 5 7 0 1
52 44 8 6 4 5 2 3 0 1 7
52 44 8 5 3 2 1 7 0 4 6
52 44 8 2 0 5 6 7 3 1 4
52 44 8 6 0 5 7 2 3 1 4
52 44 8 5 3 0 4 7 2 1 6
52 44 8 6 3 4 5 7 2 0 1
52 44 8 6 3 4 0 7 2 1 5
52 44 8 2 3 1 0 5 7 4 6
52 44 8 6 4 1 5 2 3 0 7
52 44 8 0 4 5 2 3 7 1 6
52 44 8 3 4 5 2 6 7 1 0
52 44 8 6 3 2 5 0 7 1 4
52 44 8 6 3 2 5 7 1 0 4
52 44 8 4 0 1 5 2 7 3 6
52 44 8 2 3 6 4 7 0 1 5
52 44 8 2 0 5 7 3 1 6 4
52 44 8 2 3 0 6 7 1 5 4
52 45 7 3 0 1 5 7 4 6 2
52 45 7 2 4 1 5 3 7 6 0
52 45 7 2 7 4 5 3 1 6 0
52 45 7 3 4 1 5 7 2 6 0
52 45 7 1 3 4 2 7 6 0 5
52 45 7 1 0 4 2 7 3 6 5
52 45 7 2 3 5 6 1 0 4 7
52 45 7 5 2 1 4 3 0 6 7
52 45 7 0 5 3 4 2 7 1 6
52 45 7 5 7 3 4 2 0 1 6
52 45 7 5 3 1 4 2 0 7 6
52 45 7 6 0 3 4 2 7 1 5
52 45 7 6 3 1 4 2 7 0 5
52 45 7 5 2 1 4 6 7 3 0
52 45 7 7 3 2 4 5 1 0 6
52 45 7 7 2 6 0 5 3 4 1
52 45 7 4 5 1 7 2 3 0 6
52 45 7 0 3 4 5 1 7 6 2
52 45 7 2 0 5 7 1 3 4 6
52 45 7 2 3 5 0 6 1 4 7
52 45 7 6 4 0 7 2 3 5 1
52 45 7 2 7 3 4 0 5 1 6
52 45 7 6 2 5 7 3 4 1 0
52 45 7 2 4 5 0 3 1 6 7
52 45 7 2 4 5 7 0 1 6 3
52 46 6 2 0 3 4 5 1 6 7
52 46 6 1 3 4 5 7 6 2 0
52 46 6 3 4 5 6 2 7 1 0
52 46 6 7 2 1 4 6 3 5 0
52 46 6 2 0 1 4 5 3 7 6
52 47 5 1 3 5 2 7 4 0 6
52 47 5 7 2 6 4 5 3 1 0
52 47 5 3 2 1 4 5 0 7 6
52 47 5 3 2 1 4 5 7 6 0
53 42 11 2 0 4 6 3 7 1 5
53 42 11 7 4 0 2 6 3 1 5
53 43 10 5 2 4 1 6 3 0 7
53 43 10 7 3 4 6 5 0 1 2
53 43 10 5 3 4 1 6 7 0 2
53 43 10 6 4 5 1 7 3 0 2
53 43 10 2 7 4 0 5 3 1 6
53 43 10 5 7 4 1 2 3 0 6
53 43 10 6 7 4 5 0 3 1 2
53 43 10 6 7 0 5 2 3 1 4
53 43 10 5 2 4 1 3 7 0 6
53 43 10 6 2 0 5 3 7 1 4
53 43 10 5 2 4 0 1 3 6 7
53 43 10 7 0 1 5 4 3 6 2
53 43 10 7 4 1 0 5 3 6 2
53 43 10 5 0 4 1 2 7 3 6
53 43 10 5 2 4 0 1 7 3 6
53 43 10 5 2 1 7 0 3 4 6
53 43 10 2 0 5 1 4 7 3 6
53 43 10 2 4 5 0 1 7 3 6
53 43 10 4 2 1 5 7 0 3 6
53 44 9 2 4 1 6 7 0 3 5
53 44 9 3 0 4 5 6 2 1 7
53 44 9 7 0 4 5 6 3 1 2
53 44 9 3 0 4 6 7 2 1 5
53 44 9 0 4 1 2 5 3 6 7
53 44 9 7 5 0 2 4 3 1 6
53 44 9 3 0 2 5 6 7 1 4
53 44 9 2 0 4 5 6 7 1 3
53 44 9 5 2 4 0 6 7 1 3
53 44 9 2 4 6 5 7 0 3 1
53 44 9 5 4 1 7 0 3 6 2
53 44 9 0 5 4 1 7 2 3 6
53 44 9 5 4 0 1 7 2 3 6
53 44 9 0 5 2 1 7 3 4 6
53 44 9 4 2 5 6 7 3 1 0
53 44 9 2 6 4 5 0 3 1 7
53 44 9 5 6 4 0 2 3 1 7
53 44 9 7 6 4 5 2 3 1 0
53 44 9 3 4 0 2 7 1 5 6
53 44 9 0 4 5 3 7 2 1 6
53 44 9 5 4 1 0 2 7 3 6
53 44 9 6 4 1 5 2 7 3 0
53 45 8 3 4 1 5 0 7 6 2
53 45 8 3 4 1 5 7 6 0 2
53 45 8 7 3 4 2 0 5 1 6
53 45 8 7 3 4 2 5 1 0 6
53 45 8 7 0 4 2 5 3 1 6
53 45 8 5 0 2 7 6 3 1 4
53 45 8 5 2 7 0 6 3 1 4
53 45 8 5 2 1 7 6 3 0 4
53 45 8 6 2 5 1 7 0 3 4
53 45 8 2 4 1 5 3 0 7 6
53 45 8 2 3 4 1 7 0 5 6
53 45 8 3 4 0 2 7 1 6 5
53 45 8 3 1 4 2 7 0 6 5
53 45 8 5 3 4 2 7 1 0 6
53 45 8 2 3 0 5 1 6 4 7
53 45 8 0 2 4 5 1 3 6 7
53 45 8 2 4 0 5 1 3 6 7
53 45 8 7 3 4 5 1 6 0 2
53 45 8 7 0 4 5 1 3 6 2
53 45 8 6 3 4 5 0 2 7 1
53 45 8 6 0 4 5 2 3 7 1
53 45 8 6 0 3 5 2 7 4 1
53 45 8 5 7 2 4 0 3 1 6
53 45 8 6 7 2 4 5 3 1 0
53 45 8 7 3 2 4 0 5 1 6
53 45 8 7 2 4 6 0 5 3 1
53 45 8 7 0 4 6 5 2 3 1
53 45 8 7 0 2 6 5 3 4 1
53 45 8 4 5 7 0 2 3 1 6
53 45 8 1 3 4 0 5 7 6 2
53 45 8 0 3 5 7 6 1 4 2
53 45 8 6 2 1 0 7 3 5 4
53 45 8 6 2 1 4 0 3 5 7
53 45 8 7 2 5 0 3 4 1 6
53 45 8 5 3 4 1 0 7 6 2
53 45 8 5 3 0 1 2 7 6 4
53 45 8 0 3 4 1 2 7 6 5
53 45 8 0 4 5 7 3 1 6 2
53 46 7 2 4 1 6 5 7 3 0
53 46 7 0 2 4 7 3 1 6 5
53 46 7 2 4 0 7 3 1 6 5
53 46 7 2 1 4 7 3 0 6 5
53 46 7 5 3 6 0 2 7 1 4
53 46 7 5 3 1 6 2 7 0 4
53 46 7 7 3 5 6 0 1 4 2
53 46 7 5 2 6 4 7 3 0 1
53 46 7 2 3 6 4 5 1 0 7
53 46 7 7 2 3 5 0 1 6 4
53 46 7 5 0 3 4 7 1 6 2
53 46 7 1 3 0 5 7 6 4 2
53 46 7 1 4 0 5 7 3 6 2
53 46 7 7 3 5 2 1 0 4 6
53 46 7 7 3 5 2 6 1 4 0
53 46 7 7 2 1 4 6 0 3 5
53 46 7 7 2 3 5 1 0 4 6
53 46 7 7 2 3 5 6 1 4 0
53 46 7 6 2 1 4 0 7 3 5
53 46 7 2 5 1 7 3 4 0 6
53 46 7 0 3 5 6 2 7 1 4
53 46 7 7 4 5 6 2 3 0 1
53 46 7 3 4 0 7 2 1 5 6
53 46 7 2 3 1 4 0 5 7 6
53 46 7 2 3 1 0 5 7 6 4
53 47 6 6 3 4 1 2 7 5 0
53 47 6 5 3 4 7 1 0 6 2
53 47 6 3 4 1 5 2 7 6 0
53 47 6 3 7 4 5 2 1 6 0
53 47 6 1 3 5 2 0 7 4 6
53 47 6 5 2 3 6 7 1 4 0
53 47 6 1 2 3 5 0 7 4 6
53 47 6 1 2 3 5 7 4 0 6
53 47 6 6 3 1 5 2 7 4 0
53 47 6 7 2 1 6 5 3 4 0
53 47 6 2 3 5 1 6 7 4 0
53 47 6 0 2 3 4 6 7 1 5
53 47 6 4 3 5 6 2 0 1 7
53 47 6 2 0 5 7 6 4 3 1
53 47 6 4 0 5 1 2 3 6 7
53 47 6 1 4 5 0 2 3 6 7
53 47 6 6 2 1 4 5 0 3 7
53 48 5 0 4 5 7 2 3 6 1
53 48 5 1 3 4 7 0 2 6 5
53 48 5 1 3 4 7 2 6 0 5
53 48 5 1 0 4 7 2 3 6 5
53 48 5 3 0 5 7 2 1 6 4
53 48 5 1 3 5 7 2 0 6 4
53 50 3 1 3 5 7 2 4 0 6
53 50 3 2 3 5 7 1 4 6 0
54 43 11 5 7 4 2 0 3 1 6
54 44 10 2 4 1 6 5 3 0 7
54 44 10 7 2 4 5 6 0 1 3
54 44 10 3 2 4 1 7 0 6 5
54 44 10 0 4 6 2 7 3 1 5
54 44 10 2 4 6 7 0 3 1 5
54 44 10 6 3 0 2 5 7 1 4
54 44 10 6 0 5 2 4 3 1 7
54 44 10 3 2 5 6 7 0 1 4
54 44 10 5 3 4 1 7 2 0 6
54 44 10 6 3 0 5 7 2 1 4
54 44 10 3 6 4 5 2 0 1 7
54 44 10 3 0 5 2 4 7 1 6
54 44 10 2 4 5 3 0 7 1 6
54 44 10 2 4 5 1 3 7 0 6
54 44 10 3 4 5 1 7 2 0 6
54 44 10 7 0 4 2 3 1 6 5
54 45 9 2 7 0 5 3 1 4 6
54 45 9 7 6 2 5 0 3 1 4
54 45 9 3 4 1 5 7 0 2 6
54 45 9 2 4 1 5 6 7 0 3
54 45 9 2 4 1 0 6 7 3 5
54 45 9 5 3 0 2 7 1 6 4
54 45 9 0 2 1 5 7 3 6 4
54 45 9 5 2 1 7 0 3 6 4
54 45 9 5 0 1 4 2 3 6 7
54 45 9 4 7 2 0 5 3 1 6
54 45 9 3 7 2 4 5 0 1 6
54 45 9 1 0 4 5 3 7 6 2
54 45 9 2 3 0 7 6 1 4 5
54 45 9 6 2 0 4 7 3 5 1
54 45 9 0 2 1 4 7 3 5 6
54 45 9 4 2 5 7 3 0 1 6
54 46 8 2 4 0 1 5 7 3 6
54 46 8 5 3 4 6 7 0 1 2
54 46 8 5 0 3 6 2 7 1 4
54 46 8 3 0 4 6 2 7 1 5
54 46 8 3 0 5 6 7 1 4 2
54 46 8 6 3 5 0 7 1 4 2
54 46 8 1 3 5 6 7 0 4 2
54 46 8 5 0 2 4 7 3 6 1
54 46 8 2 0 1 4 7 3 6 5
54 46 8 0 5 1 4 7 2 3 6
54 46 8 5 1 0 4 7 2 3 6
54 46 8 2 3 4 0 7 1 5 6
54 46 8 5 2 3 0 7 1 6 4
54 46 8 4 2 3 5 7 1 6 0
54 46 8 1 2 3 5 7 0 6 4
54 46 8 2 3 6 0 7 1 4 5
54 46 8 5 3 6 4 7 1 0 2
54 46 8 0 1 4 5 7 3 6 2
54 46 8 0 4 5 3 2 7 1 6
54 46 8 7 0 3 5 2 1 4 6
54 46 8 7 2 3 0 5 1 4 6
54 46 8 6 0 1 4 7 2 3 5
54 46 8 2 5 7 0 3 4 1 6
54 46 8 6 3 5 1 2 7 0 4
54 46 8 2 3 1 4 0 7 6 5
54 46 8 2 3 5 0 7 4 1 6
54 47 7 7 3 0 4 5 1 6 2
54 47 7 6 3 4 1 2 0 7 5
54 47 7 6 3 0 1 2 7 4 5
54 47 7 2 1 3 5 7 6 0 4
54 47 7 3 4 5 0 7 1 6 2
54 47 7 6 3 5 2 7 1 0 4
54 47 7 1 0 5 2 7 3 4 6
54 47 7 7 2 0 4 3 1 6 5
54 47 7 6 2 3 5 7 1 0 4
54 47 7 6 2 3 0 7 1 4 5
54 47 7 1 0 3 5 7 2 4 6
54 47 7 6 4 5 7 3 0 1 2
54 47 7 5 3 1 0 2 7 4 6
54 47 7 6 3 1 5 2 0 7 4
54 47 7 2 3 5 4 0 7 1 6
54 47 7 7 2 1 6 5 0 3 4
54 47 7 0 2 4 5 7 6 3 1
54 47 7 7 2 4 5 1 6 3 0
54 47 7 0 3 4 5 2 6 7 1
54 47 7 2 7 3 4 6 0 1 5
54 47 7 0 2 5 6 7 4 3 1
54 47 7 0 4 5 7 3 2 1 6
54 47 7 3 4 5 7 6 2 1 0
54 47 7 2 4 5 7 0 6 3 1
54 47 7 7 4 5 1 2 3 6 0
54 47 7 2 3 5 4 6 7 0 1
54 47 7 2 3 0 7 4 1 5 6
54 47 7 5 3 0 7 2 1 6 4
54 48 6 2 1 3 5 7 4 6 0
54 48 6 5 3 2 4 7 1 6 0
54 48 6 2 4 5 7 3 0 6 1
54 48 6 2 4 5 7 1 3 6 0
54 48 6 2 0 5 1 3 4 6 7
54 48 6 4 3 1 5 2 0 6 7
54 48 6 3 2 4 6 5 0 7 1
54 48 6 4 0 1 7 2 3 6 5
54 48 6 5 3 0 7 2 1 4 6
54 48 6 3 4 0 7 2 1 6 5
54 48 6 3 1 4 7 2 0 6 5
54 48 6 4 3 0 7 2 1 5 6
54 48 6 7 3 5 0 2 1 6 4
54 49 5 5 4 1 7 2 3 6 0
54 49 5 1 4 5 2 7 3 6 0
54 49 5 0 3 5 4 2 1 6 7
54 49 5 1 3 4 5 2 6 7 0
54 49 5 6 3 5 7 2 4 1 0
54 53 1 1 3 5 7 2 4 6 0