0 0 0 2 0 4 5 7 3 1 6
14 0 14 2 3 4 5 7 0 1 6
16 0 16 0 2 4 5 7 3 1 6
16 0 16 2 4 0 5 7 3 1 6
27 14 13 2 3 4 5 0 7 1 6
27 14 13 2 3 4 5 7 1 0 6
31 16 15 7 2 4 5 0 3 1 6
31 16 15 5 2 4 0 7 3 1 6
31 16 15 2 4 5 0 7 3 1 6
31 16 15 2 4 1 5 7 3 0 6
32 16 16 6 2 4 5 7 3 1 0
33 16 17 3 2 4 5 7 0 1 6
38 27 11 2 3 4 5 7 1 6 0
39 27 12 0 3 4 5 2 7 1 6
39 27 12 2 3 4 5 6 7 1 0
40 27 13 2 3 4 0 5 7 1 6
40 27 13 2 3 0 5 7 1 4 6
43 31 12 5 2 4 6 7 3 1 0
44 27 17 2 0 4 5 3 7 1 6
44 31 13 7 2 4 5 6 3 1 0
44 31 13 5 2 0 4 7 3 1 6
44 31 13 2 4 1 5 7 3 6 0
45 31 14 7 2 4 0 5 3 1 6
45 31 14 2 4 5 6 7 3 1 0
45 31 14 2 4 5 7 0 3 1 6
46 31 15 7 2 4 5 3 0 1 6
46 31 15 7 0 4 5 2 3 1 6
46 31 15 5 2 4 1 7 3 0 6
47 31 16 5 2 4 7 0 3 1 6
47 31 16 2 4 5 1 7 3 0 6
47 31 16 2 4 1 5 7 0 3 6
47 32 15 6 2 4 0 7 3 1 5
47 33 14 3 2 4 5 0 7 1 6
47 33 14 3 2 4 5 7 1 0 6
47 33 14 3 0 4 5 7 2 1 6
48 32 16 6 2 4 5 7 3 0 1
48 32 16 6 2 4 5 0 3 1 7
49 31 18 0 4 5 2 7 3 1 6
49 40 9 2 3 4 6 5 7 1 0
50 40 10 2 3 0 4 5 7 1 6
51 32 19 6 2 0 5 7 3 1 4
51 38 13 2 3 4 0 7 1 6 5
51 38 13 2 3 4 5 0 1 6 7
51 39 12 3 0 4 5 2 7 1 6
51 39 12 6 3 4 5 2 7 1 0
51 39 12 2 3 4 0 6 7 1 5
52 39 13 5 3 4 0 2 7 1 6
52 39 13 7 3 4 5 2 0 1 6
52 39 13 2 3 4 5 6 7 0 1
52 40 12 2 3 4 1 5 7 0 6
52 40 12 2 3 5 0 7 1 4 6
53 38 15 2 3 0 5 7 1 6 4
54 38 16 0 3 4 5 7 1 6 2
54 40 14 0 3 4 2 5 7 1 6
54 40 14 2 0 3 5 7 1 4 6
55 39 16 2 3 0 5 6 7 1 4
55 45 10 7 2 4 6 5 3 1 0
56 39 17 0 3 4 5 6 7 1 2
56 44 12 5 2 1 4 7 3 0 6
56 45 11 7 2 0 4 5 3 1 6
56 45 11 0 4 5 7 2 3 1 6
57 43 14 5 2 4 6 7 3 0 1
57 43 14 5 2 4 6 0 3 1 7
57 44 13 7 2 4 0 6 3 1 5
57 45 12 2 4 5 7 6 3 1 0
57 46 11 5 2 4 1 7 3 6 0
58 44 14 7 2 4 5 6 3 0 1
58 44 14 5 0 2 4 7 3 1 6
58 45 13 7 2 4 1 5 3 0 6
58 45 13 2 4 5 7 3 0 1 6
58 45 13 2 0 5 7 4 3 1 6
59 44 15 0 2 4 5 3 7 1 6
59 44 15 2 4 1 0 7 3 6 5
59 44 15 2 4 1 5 0 3 6 7
59 46 13 7 4 0 5 2 3 1 6
59 47 12 2 4 5 1 7 3 6 0
59 47 12 3 2 4 5 6 7 1 0
59 47 12 3 2 4 5 7 1 6 0
59 50 9 2 0 3 4 5 7 1 6
59 50 9 2 3 1 4 5 7 0 6
60 43 17 5 2 0 6 7 3 1 4
60 43 17 0 2 4 6 7 3 1 5
60 44 16 2 4 0 5 3 7 1 6
60 44 16 2 7 4 5 3 0 1 6
60 44 16 0 2 4 5 6 3 1 7
60 45 15 0 2 4 7 5 3 1 6
60 46 14 7 2 4 5 3 1 0 6
60 46 14 0 7 4 5 2 3 1 6
60 46 14 5 2 4 1 7 0 3 6
60 47 13 5 2 4 7 6 3 1 0
60 47 13 3 2 4 0 5 7 1 6
60 49 11 2 3 4 6 5 7 0 1
60 52 8 2 3 4 1 5 7 6 0
61 44 17 7 2 0 5 6 3 1 4
61 45 16 2 4 5 6 7 3 0 1
61 45 16 2 4 5 6 0 3 1 7
61 46 15 7 0 4 5 3 2 1 6
61 46 15 5 2 0 1 7 3 4 6
61 47 14 5 0 4 7 2 3 1 6
61 47 14 2 0 1 5 7 4 3 6
61 47 14 6 2 0 4 7 3 1 5
61 47 14 3 2 0 5 7 1 4 6
61 47 14 0 3 4 5 7 2 1 6
61 47 14 3 4 0 5 7 2 1 6
62 44 18 2 4 0 5 7 3 6 1
62 44 18 0 4 1 5 7 3 6 2
62 47 15 5 2 4 7 3 0 1 6
62 47 15 2 4 5 1 7 0 3 6
62 47 15 2 4 1 5 0 7 3 6
62 48 14 6 2 4 0 5 3 1 7
62 51 11 0 3 4 5 2 1 6 7
62 51 11 2 3 0 4 6 7 1 5
62 52 10 7 3 4 5 2 1 0 6
62 52 10 2 3 4 1 5 0 7 6
63 45 18 2 4 0 6 7 3 1 5
63 47 16 2 4 0 1 7 3 5 6
63 47 16 6 2 4 1 7 3 0 5
63 48 15 6 2 4 5 3 0 1 7
63 49 14 2 3 4 6 0 7 1 5
63 49 14 2 3 0 6 5 7 1 4
63 51 12 2 3 0 4 7 1 6 5
63 51 12 2 3 4 5 1 0 6 7
63 51 12 2 3 4 0 5 1 6 7
63 51 12 3 4 0 5 2 7 1 6
63 51 12 3 7 4 5 2 0 1 6
63 51 12 6 3 4 5 2 7 0 1
63 52 11 2 3 5 7 0 1 4 6
64 48 16 6 0 4 5 2 3 1 7
64 49 15 7 4 5 2 0 3 1 6
64 49 15 0 3 4 6 5 7 1 2
64 51 13 2 3 4 1 6 7 0 5
64 52 12 5 3 0 4 2 7 1 6
64 52 12 5 3 4 6 2 7 1 0
64 52 12 7 3 4 5 0 2 1 6
64 52 12 2 3 0 1 5 7 4 6
64 52 12 2 3 5 6 7 1 4 0
65 45 20 0 4 5 6 7 3 1 2
65 47 18 6 2 4 7 0 3 1 5
65 48 17 6 2 4 5 7 0 3 1
65 48 17 6 2 0 5 7 3 4 1
65 51 14 2 3 4 7 0 1 6 5
65 51 14 6 3 4 0 2 7 1 5
65 51 14 6 3 0 5 2 7 1 4
65 52 13 5 3 4 1 2 7 0 6
65 52 13 2 3 4 5 6 0 7 1
65 53 12 2 3 5 0 7 1 6 4
66 49 17 4 0 5 2 7 3 1 6
66 49 17 6 4 5 2 7 3 1 0
66 49 17 3 4 5 2 7 0 1 6
66 51 15 2 3 4 6 7 1 0 5
66 51 15 6 3 4 5 0 7 1 2
66 51 15 0 3 4 2 6 7 1 5
66 52 14 2 3 0 5 6 7 4 1
66 52 14 2 3 5 4 7 1 0 6
66 54 12 7 3 4 5 0 1 6 2
66 56 10 5 2 1 4 7 3 6 0
66 56 10 7 2 1 4 5 3 0 6
66 59 7 2 3 1 4 5 7 6 0
67 51 16 6 2 5 0 7 3 1 4
67 51 16 6 2 1 5 7 3 0 4
67 51 16 0 3 4 2 7 1 6 5
67 51 16 2 0 4 5 3 1 6 7
67 52 15 0 3 5 2 7 1 4 6
67 53 14 2 0 3 5 7 1 6 4
67 53 14 2 3 6 5 7 1 0 4
67 54 13 1 3 4 5 7 0 6 2
67 54 13 3 0 4 2 5 7 1 6
67 54 13 6 3 4 2 5 7 1 0
67 54 13 2 1 3 5 7 0 4 6
67 55 12 7 2 4 6 5 3 0 1
67 56 11 4 0 5 7 2 3 1 6
67 56 11 6 4 5 7 2 3 1 0
67 56 11 3 4 5 7 2 0 1 6
67 58 9 7 2 4 1 5 3 6 0
67 58 9 2 3 5 7 4 0 1 6
68 51 17 6 0 2 5 7 3 1 4
68 52 16 5 3 4 2 0 7 1 6
68 54 14 3 0 4 5 7 1 6 2
68 55 13 2 0 3 5 6 7 1 4
68 55 13 2 3 5 0 6 7 1 4
68 55 13 2 3 1 5 6 7 0 4
68 56 12 7 0 2 4 5 3 1 6
68 59 9 0 2 3 4 5 7 1 6
68 59 9 2 3 1 4 5 0 7 6
69 54 15 5 3 4 0 7 1 6 2
69 54 15 7 3 4 2 5 0 1 6
69 54 15 0 2 3 5 7 1 4 6
69 55 14 0 2 4 6 5 3 1 7
69 56 13 5 2 1 4 7 0 3 6
69 56 13 7 4 5 0 2 3 1 6
69 57 12 7 2 0 4 6 3 1 5
69 58 11 2 0 5 7 3 4 1 6
69 59 10 2 7 3 4 5 0 1 6
69 60 9 3 2 4 6 5 7 1 0
70 55 15 7 2 4 6 0 3 1 5
70 55 15 7 2 0 6 5 3 1 4
70 56 14 5 3 4 0 6 7 1 2
70 57 13 5 2 4 6 3 0 1 7
70 57 13 2 4 5 7 6 3 0 1
70 57 13 5 2 4 1 0 3 6 7
70 58 12 7 2 4 1 5 0 3 6
70 58 12 2 4 5 7 3 1 0 6
70 58 12 0 2 5 7 4 3 1 6
70 58 12 2 5 0 7 4 3 1 6
70 60 10 3 2 0 4 5 7 1 6
70 62 8 7 3 4 5 2 1 6 0
71 56 15 3 0 4 5 6 7 1 2
71 57 14 5 2 4 0 6 3 1 7
71 57 14 7 2 4 1 6 3 0 5
71 57 14 2 4 5 0 6 3 1 7
71 57 14 5 2 4 0 7 3 6 1
71 58 13 5 3 2 4 7 0 1 6
71 58 13 7 2 0 1 5 3 4 6
71 59 12 7 4 1 5 2 3 0 6
71 59 12 3 2 4 0 6 7 1 5
71 60 11 2 3 4 6 5 0 7 1
71 60 11 2 3 4 0 5 7 6 1
71 61 10 5 3 4 7 2 0 1 6
71 63 8 0 3 5 7 2 1 4 6
72 56 16 7 3 4 5 6 0 1 2
72 57 15 5 2 4 6 7 0 3 1
72 59 13 0 4 1 5 2 3 6 7
72 59 13 3 2 4 5 6 7 0 1
72 59 13 3 2 4 0 7 1 6 5
72 60 12 7 2 4 5 3 1 6 0
72 60 12 0 2 4 3 5 7 1 6
72 60 12 3 2 4 1 5 7 0 6
72 62 10 1 3 4 5 2 0 6 7
72 62 10 2 0 3 4 6 7 1 5
72 62 10 2 3 1 4 6 7 0 5
72 62 10 7 3 0 5 2 1 4 6
72 63 9 2 3 0 4 5 1 6 7
72 63 9 2 3 4 7 5 1 6 0
72 63 9 2 3 5 7 1 0 4 6
72 63 9 2 3 5 7 6 1 4 0
73 57 16 5 2 0 6 7 3 4 1
73 57 16 0 2 4 7 6 3 1 5
73 57 16 0 4 5 7 6 3 1 2
73 57 16 5 2 0 1 7 3 6 4
73 57 16 0 2 4 1 7 3 6 5
73 58 15 7 2 4 5 6 0 3 1
73 58 15 0 5 2 4 7 3 1 6
73 59 14 5 2 4 0 3 7 1 6
73 59 14 2 4 1 0 5 3 6 7
73 59 14 2 4 5 1 0 3 6 7
73 59 14 3 2 4 5 0 1 6 7
73 60 13 5 2 4 1 0 7 3 6
73 60 13 2 3 0 6 5 7 4 1
73 60 13 2 3 4 1 0 7 6 5
73 60 13 2 3 0 1 5 7 6 4
73 61 12 0 5 4 7 2 3 1 6
73 61 12 5 4 0 7 2 3 1 6
73 62 11 6 2 0 4 5 3 1 7
73 62 11 3 0 4 5 2 1 6 7
73 62 11 2 3 4 1 0 5 7 6
73 62 11 2 0 4 1 5 3 7 6
74 58 16 7 2 0 5 6 3 4 1
74 59 15 6 2 4 5 3 7 1 0
74 59 15 2 4 0 1 7 3 6 5
74 59 15 2 4 1 5 3 0 6 7
74 59 15 2 0 1 5 4 3 6 7
74 59 15 2 4 5 0 7 3 6 1
74 60 14 5 2 1 6 7 3 0 4
74 60 14 2 0 4 5 6 3 1 7
74 60 14 2 0 4 7 5 3 1 6
74 60 14 6 2 4 7 5 3 1 0
74 60 14 6 7 4 5 2 3 1 0
74 60 14 5 2 4 7 6 3 0 1
74 60 14 0 3 4 1 5 7 6 2
74 61 13 2 1 0 5 7 4 3 6
74 61 13 6 2 1 4 7 3 0 5
74 61 13 3 2 5 0 7 1 4 6
74 61 13 3 4 5 0 7 2 1 6
74 61 13 3 4 1 5 7 2 0 6
74 62 12 5 3 4 0 2 1 6 7
74 63 11 2 0 3 6 5 7 1 4
74 63 11 2 3 1 6 5 7 0 4
74 63 11 2 0 3 4 7 1 6 5
74 63 11 2 3 4 5 1 6 0 7
74 63 11 3 4 5 0 2 7 1 6
74 63 11 3 4 1 5 2 7 0 6
74 63 11 3 7 4 5 2 1 0 6
74 64 10 2 3 4 1 6 7 5 0
74 65 9 5 3 4 1 2 7 6 0
74 66 8 7 2 1 4 5 3 6 0
74 67 7 3 0 5 7 2 4 1 6
75 57 18 5 0 4 6 2 3 1 7
75 57 18 2 4 0 7 6 3 1 5
75 59 16 2 4 1 7 0 3 6 5
75 59 16 3 2 0 5 6 7 1 4
75 59 16 3 2 0 5 7 1 6 4
75 60 15 5 2 6 0 7 3 1 4
75 60 15 2 0 4 6 7 3 1 5
75 60 15 2 4 5 0 3 7 1 6
75 60 15 2 4 1 5 3 7 0 6
75 60 15 2 7 4 5 0 3 1 6
75 60 15 2 7 4 5 3 1 0 6
75 60 15 3 2 4 5 6 0 1 7
75 60 15 3 2 4 7 5 0 1 6
75 60 15 7 2 0 5 3 1 4 6
75 60 15 5 7 4 0 2 3 1 6
75 61 14 7 2 5 0 6 3 1 4
75 61 14 7 2 1 5 6 3 0 4
75 61 14 3 0 2 5 7 1 4 6
75 61 14 6 3 4 5 7 2 1 0
75 62 13 2 0 5 1 7 4 3 6
75 62 13 6 2 4 1 5 3 0 7
75 63 12 2 3 6 0 5 7 1 4
75 63 12 2 3 6 4 7 1 0 5
75 63 12 2 3 4 6 5 1 0 7
75 63 12 6 3 0 5 2 7 4 1
75 64 11 2 3 4 1 6 0 7 5
75 64 11 5 3 1 4 2 7 0 6
75 64 11 2 0 3 1 5 7 4 6
75 65 10 2 3 5 4 7 1 6 0
75 67 8 3 4 5 7 2 1 0 6
75 67 8 2 3 5 7 0 4 1 6
75 67 8 2 3 5 7 4 1 0 6
76 59 17 2 4 1 6 7 3 0 5
76 59 17 0 4 5 1 7 3 6 2
76 59 17 0 2 4 5 6 7 1 3
76 60 16 5 0 2 6 7 3 1 4
76 60 16 3 2 4 6 7 0 1 5
76 60 16 5 0 4 1 7 2 3 6
76 61 15 2 4 5 6 3 0 1 7
76 61 15 0 4 5 6 2 3 1 7
76 61 15 7 4 0 5 3 2 1 6
76 61 15 5 2 1 0 7 3 4 6
76 61 15 0 2 1 5 7 4 3 6
76 61 15 6 0 2 4 7 3 1 5
76 61 15 5 3 4 0 7 2 1 6
76 62 14 7 4 1 5 0 3 6 2
76 62 14 5 2 4 7 3 1 0 6
76 62 14 5 0 4 7 3 2 1 6
76 62 14 2 4 5 1 0 7 3 6
76 62 14 0 4 1 5 2 7 3 6
76 62 14 2 4 1 5 6 7 3 0
76 63 13 6 2 4 1 7 3 5 0
76 63 13 0 3 4 2 5 1 6 7
76 63 13 3 7 4 5 0 2 1 6
76 63 13 6 3 4 5 2 0 7 1
76 64 12 6 3 4 5 2 0 1 7
76 64 12 7 3 4 5 6 2 1 0
76 64 12 2 3 1 0 5 7 4 6
76 65 11 0 3 4 7 2 1 6 5
76 65 11 6 3 5 0 2 7 1 4
76 65 11 6 3 1 5 2 7 0 4
76 65 11 5 3 0 1 2 7 4 6
76 65 11 2 3 5 7 0 1 6 4
76 67 9 4 3 5 7 2 0 1 6
77 59 18 0 4 1 2 7 3 6 5
77 59 18 0 2 4 5 7 1 6 3
77 60 17 5 2 0 7 6 3 1 4
77 61 16 7 0 2 5 6 3 1 4
77 61 16 0 7 4 5 3 2 1 6
77 61 16 5 0 2 1 7 3 4 6
77 62 15 2 4 1 0 5 7 3 6
77 63 14 6 2 4 5 3 1 0 7
77 63 14 2 3 4 6 7 0 1 5
77 63 14 2 0 4 5 1 3 6 7
77 63 14 2 0 5 7 3 1 4 6
77 64 13 3 0 4 6 5 7 1 2
77 64 13 2 3 0 1 6 7 4 5
77 64 13 5 0 3 4 2 7 1 6
77 65 12 2 3 4 7 1 0 6 5
77 65 12 5 3 4 1 2 0 7 6
77 65 12 2 3 4 5 0 6 7 1
77 66 11 7 2 1 4 5 0 3 6
77 66 11 2 3 1 0 5 7 6 4
77 67 10 1 3 4 5 0 7 6 2
77 67 10 3 4 5 7 0 2 1 6
77 68 9 2 3 5 4 6 7 1 0
77 68 9 6 2 3 4 5 7 1 0
78 61 17 2 4 5 6 7 0 3 1
78 61 17 2 4 0 6 7 3 5 1
78 61 17 2 0 5 6 4 3 1 7
78 62 16 2 0 4 5 7 3 6 1
78 62 16 4 0 1 5 7 3 6 2
78 62 16 3 4 1 5 7 0 6 2
78 62 16 2 0 1 5 4 7 3 6
78 63 15 2 0 4 1 7 3 5 6
78 63 15 6 2 4 1 7 0 3 5
78 64 14 6 4 0 5 2 3 1 7
78 64 14 5 3 4 6 0 7 1 2
78 64 14 6 3 4 0 5 7 1 2
78 64 14 5 3 4 6 2 7 0 1
78 64 14 2 3 5 6 7 1 0 4
78 64 14 2 3 5 6 0 1 4 7
78 65 13 6 0 3 5 2 7 1 4
78 66 12 2 3 4 6 7 1 5 0
78 66 12 7 3 4 5 1 0 6 2
78 66 12 5 2 1 4 0 3 6 7
78 66 12 2 3 1 4 0 7 6 5
78 66 12 2 3 0 4 5 7 6 1
78 67 11 1 3 4 5 7 6 0 2
78 67 11 2 1 3 5 7 4 0 6
78 67 11 6 4 5 7 2 3 0 1
78 68 10 5 2 3 4 0 7 1 6
78 68 10 2 3 1 4 0 5 7 6
78 68 10 2 0 1 4 5 3 7 6
78 69 9 2 7 3 4 5 1 0 6
78 71 7 1 3 5 7 2 0 4 6
79 62 17 2 4 6 5 7 3 0 1
79 62 17 5 4 1 0 7 3 6 2
79 63 16 2 4 6 0 7 3 1 5
79 63 16 2 4 1 0 7 3 5 6
79 63 16 6 2 0 1 7 3 4 5
79 63 16 6 0 4 5 3 2 1 7
79 63 16 0 3 4 6 2 7 1 5
79 63 16 2 0 4 6 3 7 1 5
79 64 15 0 6 4 5 2 3 1 7
79 64 15 7 4 5 2 6 3 1 0
79 64 15 7 3 4 6 5 0 1 2
79 64 15 7 3 4 0 5 2 1 6
79 65 14 6 3 0 4 2 7 1 5
79 65 14 2 0 4 5 6 3 7 1
79 66 13 3 0 5 2 7 4 1 6
79 66 13 5 3 4 2 6 7 1 0
79 66 13 2 3 5 0 6 7 4 1
79 66 13 2 3 5 4 7 0 1 6
79 66 13 2 3 0 4 7 1 5 6
79 66 13 0 3 1 4 5 7 6 2
79 67 12 6 2 5 4 7 3 1 0
79 67 12 7 3 5 2 0 1 4 6
79 67 12 2 3 6 5 7 1 4 0
79 67 12 2 1 3 5 0 7 4 6
79 67 12 4 5 0 7 2 3 1 6
79 67 12 7 2 4 0 5 3 6 1
79 68 11 2 3 1 5 6 7 4 0
79 68 11 7 3 2 4 5 0 1 6
79 68 11 4 2 3 0 5 7 1 6
79 68 11 7 2 3 4 5 0 1 6
79 70 9 3 2 1 4 5 7 0 6
79 71 8 3 0 5 7 2 1 4 6
79 71 8 6 3 5 7 2 1 4 0
79 72 7 2 3 5 7 1 4 0 6
80 64 16 7 4 5 2 3 0 1 6
80 64 16 7 0 5 2 4 3 1 6
80 64 16 5 3 0 6 2 7 1 4
80 65 15 6 3 4 1 2 7 0 5
80 65 15 0 3 5 2 7 1 6 4
80 66 14 3 4 5 2 0 7 1 6
80 66 14 3 4 5 2 7 1 0 6
80 66 14 3 0 4 2 6 7 1 5
80 66 14 2 0 3 5 6 7 4 1
80 66 14 7 3 4 0 5 1 6 2
80 66 14 5 2 1 0 7 3 6 4
80 67 13 2 1 4 5 3 0 6 7
80 67 13 1 3 5 2 7 0 4 6
80 67 13 2 1 3 5 7 0 6 4
80 67 13 1 0 4 5 7 3 6 2
80 67 13 6 3 4 2 5 7 0 1
80 67 13 7 2 4 6 5 0 3 1
80 67 13 6 4 5 0 2 3 1 7
80 67 13 0 2 4 1 5 3 6 7
80 69 11 7 2 1 4 6 3 0 5
80 69 11 2 7 3 4 0 5 1 6
80 69 11 3 2 4 6 5 7 0 1
80 70 10 2 4 5 7 3 1 6 0
80 71 9 5 3 4 7 2 1 0 6
80 72 8 3 2 4 1 5 7 6 0
80 72 8 1 3 4 5 2 6 0 7
80 72 8 2 0 3 4 5 1 6 7
81 64 17 2 3 0 6 7 1 4 5
81 64 17 0 3 5 6 7 1 4 2
81 65 16 7 4 5 6 0 3 1 2
81 65 16 6 2 4 7 3 0 1 5
81 65 16 6 0 4 7 2 3 1 5
81 65 16 6 2 4 5 0 7 3 1
81 65 16 6 2 5 0 7 3 4 1
81 66 15 4 3 5 2 7 0 1 6
81 66 15 6 3 4 5 7 0 1 2
81 66 15 6 3 4 2 0 7 1 5
81 66 15 5 2 0 4 7 3 6 1
81 66 15 0 2 1 4 7 3 6 5
81 67 14 6 2 1 5 7 3 4 0
81 67 14 7 3 4 2 0 1 6 5
81 67 14 5 3 4 2 7 1 6 0
81 67 14 1 3 4 2 7 0 6 5
81 67 14 0 2 4 5 3 1 6 7
81 67 14 3 0 5 2 7 1 4 6
81 67 14 6 3 5 2 7 1 4 0
81 67 14 0 2 3 5 7 1 6 4
81 67 14 3 4 0 2 5 7 1 6
81 67 14 3 7 4 2 5 0 1 6
81 67 14 7 2 0 6 5 3 4 1
81 67 14 6 4 5 7 0 3 1 2
81 67 14 7 2 4 1 0 3 6 5
81 67 14 7 2 0 1 5 3 6 4
81 68 13 3 1 4 5 7 0 6 2
81 68 13 0 2 3 5 6 7 1 4
81 68 13 2 3 1 5 6 0 7 4
81 68 13 0 7 2 4 5 3 1 6
81 69 12 7 3 4 2 5 1 0 6
81 69 12 2 0 4 6 5 3 1 7
81 69 12 5 2 1 4 0 7 3 6
81 69 12 7 4 5 6 2 3 1 0
81 69 12 0 2 5 7 3 4 1 6
81 69 12 2 5 0 7 3 4 1 6
81 70 11 2 5 1 7 4 3 0 6
81 70 11 3 0 2 4 5 7 1 6
81 71 10 7 4 1 5 2 3 6 0
81 71 10 7 3 5 0 2 1 4 6
81 72 9 1 3 4 5 0 2 6 7
81 72 9 2 3 1 4 6 7 5 0
81 72 9 2 3 6 4 5 1 0 7
81 74 7 5 3 4 7 2 1 6 0
81 74 7 0 3 5 7 2 4 1 6
81 75 6 3 4 5 7 2 1 6 0
81 75 6 2 3 5 7 4 1 6 0
81 78 3 1 3 5 7 2 4 0 6
82 65 17 4 0 5 6 7 3 1 2
82 65 17 6 4 5 0 7 3 1 2
82 65 17 6 0 4 5 7 2 3 1
82 65 17 6 0 2 5 7 3 4 1
82 65 17 2 0 4 7 3 1 6 5
82 66 16 7 3 4 2 6 0 1 5
82 67 15 6 2 5 7 0 3 1 4
82 67 15 3 0 4 2 7 1 6 5
82 67 15 2 4 0 5 3 1 6 7
82 67 15 2 3 6 5 7 0 1 4
82 68 14 3 4 0 5 7 1 6 2
82 68 14 2 7 3 5 6 0 1 4
82 68 14 2 3 5 1 6 7 0 4
82 69 13 5 3 0 4 7 1 6 2
82 69 13 5 3 4 7 0 1 6 2
82 69 13 7 2 3 5 0 1 4 6
82 69 13 3 2 4 6 5 0 1 7
82 69 13 7 4 5 1 2 3 0 6
82 69 13 7 0 2 4 6 3 1 5
82 70 12 7 2 1 6 5 3 0 4
82 70 12 5 3 0 4 6 7 1 2
82 70 12 5 2 4 6 3 1 0 7
82 70 12 5 2 4 1 3 0 6 7
82 70 12 6 2 5 7 4 3 1 0
82 70 12 3 2 5 7 4 0 1 6
82 70 12 7 3 4 0 2 1 6 5
82 70 12 7 3 0 5 2 1 6 4
82 71 11 5 2 0 4 6 3 1 7
82 71 11 7 2 4 1 6 3 5 0
82 71 11 3 2 0 4 6 7 1 5
82 71 11 5 3 4 7 0 2 1 6
82 72 10 3 2 4 1 5 0 7 6
82 72 10 1 0 4 5 2 3 6 7
82 72 10 0 2 3 4 6 7 1 5
82 72 10 2 3 1 4 6 0 7 5
82 72 10 2 3 5 7 6 1 0 4
82 73 9 2 3 4 1 6 5 7 0
82 74 8 3 5 0 7 2 4 1 6
82 81 1 1 3 5 7 2 4 6 0