0 0 0 0 3 6 5 7 4 2 1
11 0 11 1 3 6 5 7 4 2 0
13 0 13 7 3 6 5 0 4 2 1
15 0 15 3 0 6 5 7 4 2 1
16 0 16 5 3 6 0 7 4 2 1
19 0 19 4 3 6 5 7 0 2 1
21 11 10 1 3 6 5 7 4 0 2
22 11 11 1 3 6 5 0 4 2 7
23 11 12 1 3 0 5 7 4 2 6
24 11 13 1 3 6 0 7 4 2 5
24 13 11 7 3 6 5 1 4 2 0
27 13 14 7 3 6 5 4 0 2 1
28 16 12 5 3 6 1 7 4 2 0
29 13 16 7 3 6 0 5 4 2 1
30 15 15 3 6 0 5 7 4 2 1
30 16 14 5 3 6 7 0 4 2 1
30 21 9 1 3 0 5 7 4 6 2
31 13 18 7 0 6 5 3 4 2 1
32 15 17 3 4 6 5 7 0 2 1
32 16 16 5 3 0 6 7 4 2 1
32 23 9 1 3 5 0 7 4 2 6
32 23 9 1 3 2 5 7 4 0 6
33 16 17 5 3 6 2 7 4 0 1
33 21 12 1 3 6 5 7 0 4 2
33 22 11 1 3 6 5 4 0 2 7
34 19 15 4 3 6 5 7 2 0 1
34 23 11 1 0 3 5 7 4 2 6
35 19 16 4 3 6 5 0 7 2 1
35 22 13 0 3 6 5 1 4 2 7
35 22 13 1 3 6 0 5 4 2 7
35 24 11 7 3 6 5 1 4 0 2
36 24 12 1 3 6 7 0 4 2 5
37 22 15 1 0 6 5 3 4 2 7
37 24 13 7 3 0 5 1 4 2 6
38 19 19 4 0 6 5 7 3 2 1
38 24 14 1 3 0 6 7 4 2 5
38 24 14 7 3 6 0 1 4 2 5
38 30 8 1 3 5 0 7 4 6 2
39 24 15 1 3 6 2 7 4 0 5
39 27 12 7 3 6 5 4 2 0 1
39 32 7 1 3 2 5 7 4 6 0
40 29 11 7 3 6 1 5 4 2 0
40 30 10 5 3 6 7 1 4 2 0
40 30 10 1 0 3 5 7 4 6 2
40 32 8 1 3 5 7 0 4 2 6
41 24 17 0 3 6 1 7 4 2 5
41 28 13 5 3 6 1 7 4 0 2
41 32 9 1 3 5 6 7 4 2 0
42 28 14 5 3 6 1 0 4 2 7
42 33 9 1 3 6 5 4 2 0 7
42 35 7 1 3 6 7 5 4 2 0
43 27 16 7 0 6 5 4 3 2 1
43 28 15 5 3 0 1 7 4 2 6
43 29 14 0 3 6 7 5 4 2 1
43 30 13 5 3 6 7 4 0 2 1
43 32 11 1 3 5 2 7 4 0 6
43 32 11 1 3 2 5 7 0 4 6
44 29 15 7 3 0 6 5 4 2 1
44 30 14 3 6 5 0 7 4 2 1
44 30 14 3 6 2 5 7 4 0 1
44 33 11 1 3 6 5 0 7 4 2
45 29 16 7 3 6 2 5 4 0 1
45 32 13 0 3 5 1 7 4 2 6
45 35 10 7 3 0 5 1 4 6 2
45 38 7 1 3 5 2 7 4 6 0
45 38 7 1 3 5 7 0 4 6 2
46 33 13 5 3 6 2 7 4 1 0
46 33 13 1 0 6 5 4 3 2 7
46 35 11 1 3 0 6 5 4 2 7
46 40 6 1 3 5 7 6 4 2 0
47 30 17 5 0 6 7 3 4 2 1
47 31 16 7 6 0 5 3 4 2 1
47 32 15 3 4 6 5 7 2 0 1
47 32 15 5 3 2 6 7 4 0 1
47 33 14 5 3 0 2 7 4 6 1
47 33 14 1 0 6 5 7 3 4 2
47 34 13 4 3 6 5 7 2 1 0
47 34 13 0 1 3 5 7 4 2 6
47 34 13 1 4 3 5 7 0 2 6
47 35 12 1 3 6 2 5 4 0 7
47 36 11 1 3 6 7 4 0 2 5
47 37 10 7 3 5 0 1 4 2 6
47 37 10 7 3 2 5 1 4 0 6
47 40 7 1 3 5 7 4 0 2 6
47 45 2 1 3 5 7 2 4 6 0