0 0 0 0 3 6 5 7 4 2 1
7 0 7 7 3 6 5 0 4 2 1
7 0 7 1 3 6 5 7 4 2 0
8 0 8 3 0 6 5 7 4 2 1
8 0 8 5 3 6 0 7 4 2 1
10 0 10 4 3 6 5 7 0 2 1
13 7 6 1 3 6 5 7 4 0 2
13 7 6 1 3 6 0 7 4 2 5
14 7 7 7 3 6 5 1 4 2 0
14 7 7 1 3 6 5 0 4 2 7
14 8 6 5 3 6 1 7 4 2 0
15 7 8 7 3 6 5 4 0 2 1
15 7 8 1 3 0 5 7 4 2 6
15 8 7 5 3 0 6 7 4 2 1
16 7 9 7 3 6 0 5 4 2 1
16 8 8 3 6 0 5 7 4 2 1
16 8 8 5 3 6 7 0 4 2 1
17 7 10 7 0 6 5 3 4 2 1
17 8 9 3 4 6 5 7 0 2 1
17 8 9 5 3 6 2 7 4 0 1
18 10 8 4 3 6 5 0 7 2 1
18 10 8 4 3 6 5 7 2 0 1
18 13 5 1 3 0 5 7 4 6 2
19 10 9 4 0 6 5 7 3 2 1
19 13 6 1 3 0 6 7 4 2 5
20 13 7 1 3 6 5 7 0 4 2
20 13 7 1 3 6 7 0 4 2 5
20 15 5 1 3 5 0 7 4 2 6
21 13 8 0 3 6 1 7 4 2 5
21 13 8 1 3 6 2 7 4 0 5
21 14 7 7 3 6 5 1 4 0 2
21 14 7 7 3 6 0 1 4 2 5
21 14 7 1 3 6 5 4 0 2 7
21 14 7 0 3 6 5 1 4 2 7
21 14 7 5 3 6 1 7 4 0 2
21 15 6 1 3 2 5 7 4 0 6
22 14 8 1 3 6 0 5 4 2 7
22 14 8 5 3 6 1 0 4 2 7
22 15 7 1 0 3 5 7 4 2 6
22 15 7 5 3 2 6 7 4 0 1
22 16 6 7 3 6 1 5 4 2 0
22 16 6 0 3 6 7 5 4 2 1
22 16 6 5 3 6 7 1 4 2 0
22 18 4 1 3 5 0 7 4 6 2
23 14 9 7 3 0 5 1 4 2 6
23 14 9 1 0 6 5 3 4 2 7
23 14 9 5 3 0 1 7 4 2 6
23 15 8 7 3 6 5 4 2 0 1
23 15 8 5 0 3 6 7 4 2 1
23 16 7 7 3 0 6 5 4 2 1
23 16 7 3 6 5 0 7 4 2 1
23 16 7 5 3 6 7 4 0 2 1
23 17 6 5 3 6 2 7 4 1 0
23 17 6 5 3 0 2 7 4 6 1
24 15 9 7 0 6 5 4 3 2 1
24 16 8 3 6 2 5 7 4 0 1
24 18 6 1 0 3 5 7 4 6 2
24 20 4 1 3 5 6 7 4 2 0
25 16 9 7 3 6 2 5 4 0 1
25 16 9 5 0 6 7 3 4 2 1
25 17 8 0 7 6 5 3 4 2 1
25 17 8 7 6 0 5 3 4 2 1
25 17 8 5 3 6 2 7 0 4 1
25 18 7 4 3 6 5 7 2 1 0
25 18 7 4 3 0 5 7 2 6 1
25 19 6 1 3 2 6 7 4 0 5
25 20 5 1 3 6 7 5 4 2 0
25 21 4 1 3 2 5 7 4 6 0
25 22 3 1 3 5 2 7 4 6 0
26 17 9 7 4 6 5 3 0 2 1
26 17 9 3 4 6 5 0 7 2 1
26 17 9 3 4 6 5 7 2 0 1
26 18 8 0 3 6 5 4 7 2 1
26 18 8 4 3 6 5 1 7 2 0
26 19 7 1 0 3 6 7 4 2 5
26 20 6 1 3 6 7 4 0 2 5
26 20 6 0 3 6 7 1 4 2 5
26 20 6 1 3 5 7 0 4 2 6
26 21 5 1 3 6 2 7 4 5 0
26 21 5 1 3 0 2 7 4 6 5
27 20 7 1 3 6 5 0 7 4 2
27 20 7 0 3 5 1 7 4 2 6
27 20 7 1 3 5 2 7 4 0 6
27 21 6 7 3 0 5 1 4 6 2
27 21 6 5 3 0 1 7 4 6 2
27 22 5 1 3 5 7 0 4 6 2
28 18 10 4 3 6 0 5 7 2 1
28 19 9 0 4 6 5 7 3 2 1
28 19 9 4 6 0 5 7 3 2 1
28 20 8 1 0 6 5 7 3 4 2
28 20 8 1 0 6 7 3 4 2 5
28 21 7 7 3 6 1 0 4 2 5
28 21 7 1 3 6 2 7 0 4 5
28 21 7 7 3 0 6 1 4 2 5
28 21 7 1 3 6 5 4 2 0 7
28 21 7 1 3 2 5 7 0 4 6
28 22 6 1 3 0 6 5 4 2 7
28 22 6 5 3 2 6 7 4 1 0
28 22 6 5 3 6 7 1 4 0 2
28 22 6 0 3 5 1 7 4 6 2
29 18 11 4 0 6 5 3 7 2 1
29 21 8 3 0 6 1 7 4 2 5
29 21 8 7 3 6 5 1 0 4 2
29 21 8 1 0 6 5 4 3 2 7
29 21 8 3 0 6 5 1 4 2 7
29 21 8 5 3 6 0 1 4 2 7
29 21 8 5 3 6 1 7 0 4 2
29 22 7 0 3 6 1 5 4 2 7
29 22 7 1 4 3 5 7 0 2 6
29 22 7 7 3 6 1 5 4 0 2
29 22 7 3 0 6 7 5 4 2 1
29 22 7 1 3 5 6 7 4 0 2
29 23 6 7 3 5 0 1 4 2 6
29 23 6 3 6 5 1 7 4 2 0
29 23 6 5 3 2 0 7 4 6 1
29 27 2 1 3 5 7 2 4 6 0