0 0 0 1 2 7 3 6 4 5 0
10 0 10 1 2 7 3 6 4 0 5
12 0 12 1 2 7 0 6 4 5 3
12 0 12 1 2 7 3 0 4 5 6
12 0 12 1 2 0 3 6 4 5 7
17 0 17 0 2 7 3 6 4 5 1
19 10 9 1 2 0 3 6 4 7 5
21 10 11 1 2 7 3 6 0 4 5
21 12 9 1 2 3 0 6 4 5 7
21 12 9 1 2 5 3 6 4 0 7
23 12 11 1 2 0 7 6 4 5 3
23 12 11 1 0 7 3 2 4 5 6
23 12 11 1 0 2 3 6 4 5 7
24 12 12 1 2 7 5 6 4 0 3
24 12 12 1 2 7 3 4 0 5 6
26 12 14 0 2 7 3 1 4 5 6
26 12 14 1 2 7 0 3 4 5 6
27 12 15 1 2 7 6 0 4 5 3
27 19 8 1 2 3 0 6 4 7 5
28 12 16 0 2 7 1 6 4 5 3
28 21 7 1 2 5 3 6 4 7 0
29 19 10 1 0 2 3 6 4 7 5
29 21 8 1 2 3 7 6 4 5 0
31 21 10 1 2 7 3 0 6 4 5
31 21 10 1 2 5 3 6 0 4 7
31 23 8 1 2 5 7 6 4 0 3
32 17 15 2 0 7 3 6 4 5 1
32 17 15 6 2 7 3 0 4 5 1
32 17 15 3 2 7 0 6 4 5 1
32 21 11 1 2 3 5 6 4 0 7
33 17 16 4 2 7 3 6 0 5 1
33 21 12 1 2 3 6 0 4 5 7
33 23 10 1 7 0 3 2 4 5 6
33 24 9 1 2 7 5 6 4 3 0
34 21 13 1 0 7 3 6 2 4 5
34 21 13 0 2 3 1 6 4 5 7
34 23 11 1 0 2 7 6 4 5 3
34 23 11 0 1 7 3 2 4 5 6
34 23 11 1 4 7 3 2 0 5 6
34 23 11 1 4 2 3 6 0 5 7
34 27 7 1 2 3 5 6 4 7 0
35 24 11 1 2 7 3 4 5 0 6
35 24 11 1 0 7 3 4 2 5 6
36 23 13 0 1 2 3 6 4 5 7
36 24 12 1 2 7 5 6 0 4 3
36 24 12 1 2 0 5 6 4 7 3
37 26 11 1 2 0 7 3 4 5 6
37 26 11 1 2 7 6 3 4 5 0
38 26 12 1 2 7 5 3 4 0 6
38 27 11 1 2 3 6 0 4 7 5
38 31 7 1 2 7 3 5 6 4 0
38 31 7 1 2 5 7 6 4 3 0
39 26 13 2 0 7 3 1 4 5 6
39 26 13 3 2 7 0 1 4 5 6
39 27 12 0 2 3 1 6 4 7 5
39 27 12 1 2 3 7 6 4 0 5
39 28 11 1 2 5 0 6 4 7 3
39 28 11 1 2 5 3 0 4 7 6
39 29 10 1 4 2 3 6 0 7 5
39 29 10 1 2 3 7 0 4 5 6
40 26 14 6 2 7 3 1 4 5 0
40 27 13 1 0 7 6 2 4 5 3
40 31 9 1 2 5 3 0 6 4 7
40 33 7 1 7 5 3 2 4 0 6
41 27 14 1 2 7 6 4 0 5 3
41 28 13 3 2 7 1 6 4 5 0
41 29 12 0 1 2 3 6 4 7 5
41 31 10 1 2 5 7 6 0 4 3
42 26 16 4 2 7 3 1 0 5 6
42 26 16 0 2 7 1 3 4 5 6
42 28 14 2 0 7 1 6 4 5 3
42 28 14 6 2 7 1 0 4 5 3
42 31 11 1 0 5 3 6 2 4 7
42 32 10 1 2 3 5 6 0 4 7
42 33 9 1 7 3 0 2 4 5 6
43 27 16 0 2 7 6 1 4 5 3
43 28 15 0 2 5 3 6 4 7 1
43 33 10 1 2 3 6 7 4 5 0
43 34 9 1 4 2 3 6 5 0 7
44 31 13 0 2 7 3 1 6 4 5
44 31 13 1 0 7 3 2 6 4 5
44 31 13 1 2 7 0 3 6 4 5
44 32 12 1 2 0 5 6 4 3 7
44 33 11 1 2 3 6 4 0 5 7
44 33 11 1 2 7 5 0 4 3 6
44 34 10 3 1 7 0 2 4 5 6
44 34 10 1 4 7 3 2 5 0 6
44 34 10 1 4 2 3 0 6 5 7
44 35 9 1 2 7 3 4 5 6 0
44 38 6 1 2 3 6 5 4 7 0
45 28 17 4 2 7 1 6 0 5 3
45 29 16 0 2 3 7 6 4 5 1
45 32 13 3 2 0 7 6 4 5 1
45 33 12 4 2 7 3 6 5 0 1
45 33 12 1 2 7 0 6 4 3 5
45 34 11 6 1 7 3 2 4 5 0
45 34 11 1 2 3 5 0 4 7 6
45 35 10 1 2 0 3 4 5 7 6
45 37 8 1 2 5 7 3 4 0 6
45 38 7 1 2 7 3 5 6 0 4
45 40 5 1 7 5 3 2 4 6 0
46 32 14 3 2 7 5 6 4 0 1
46 33 13 4 2 7 3 0 6 5 1
46 33 13 0 2 3 6 1 4 5 7
46 33 13 1 0 3 6 2 4 5 7
46 34 12 2 0 3 1 6 4 5 7
46 34 12 7 2 3 1 6 4 5 0
46 34 12 2 1 7 3 0 4 5 6
46 34 12 1 4 7 3 0 2 5 6
46 38 8 1 2 7 5 3 4 6 0
47 32 15 2 7 0 3 6 4 5 1
47 32 15 2 4 7 3 6 0 5 1
47 32 15 6 0 7 3 2 4 5 1
47 34 13 1 7 0 3 6 2 4 5
47 34 13 6 2 3 1 0 4 5 7
47 34 13 4 2 3 1 6 0 5 7
47 34 13 0 1 2 7 6 4 5 3
47 34 13 1 4 2 7 6 0 5 3
47 35 12 1 7 0 3 4 2 5 6
47 36 11 1 2 7 5 0 6 4 3
47 36 11 1 0 7 5 6 2 4 3
47 38 9 1 2 0 3 5 6 4 7
47 38 9 1 2 5 7 0 4 3 6
48 32 16 6 2 7 3 4 0 5 1
48 35 13 0 1 7 3 4 2 5 6
48 36 12 1 0 2 5 6 4 7 3
48 37 11 1 0 2 7 3 4 5 6
48 38 10 1 2 3 6 4 0 7 5
48 38 10 1 2 7 0 5 6 4 3
48 39 9 1 4 2 3 0 6 7 5
48 39 9 1 0 3 7 2 4 5 6
49 32 17 3 2 7 6 0 4 5 1
49 33 16 4 0 7 3 6 2 5 1
49 34 15 0 1 7 3 6 2 4 5
49 34 15 4 1 7 3 2 0 5 6
49 34 15 0 2 3 5 6 4 7 1
49 36 13 7 1 2 3 6 4 5 0
49 37 12 1 2 7 6 3 4 0 5
49 38 11 1 2 5 0 6 4 3 7
49 39 10 5 2 3 1 6 4 7 0
49 39 10 1 0 5 3 2 4 7 6
49 39 10 1 4 2 3 6 7 0 5
49 39 10 1 2 3 7 4 0 5 6
49 40 9 1 2 5 3 7 6 4 0
49 40 9 1 7 5 3 2 0 4 6
50 32 18 6 2 7 0 3 4 5 1
50 33 17 0 2 7 5 6 4 3 1
50 36 14 6 1 2 3 0 4 5 7
50 36 14 3 1 2 0 6 4 5 7
50 36 14 4 1 2 3 6 0 5 7
50 38 12 1 2 7 5 3 0 4 6
50 38 12 1 2 0 5 3 4 7 6
50 38 12 0 2 3 6 1 4 7 5
50 39 11 3 2 0 7 1 4 5 6
50 39 11 2 0 3 1 6 4 7 5
50 39 11 1 2 3 7 6 0 4 5
50 39 11 1 2 5 3 4 0 7 6
50 41 9 1 2 5 7 0 6 4 3
50 41 9 1 0 5 7 6 2 4 3
50 43 7 1 4 2 3 6 5 7 0
51 37 14 1 2 0 6 3 4 5 7
51 39 12 3 2 7 6 1 4 5 0
51 39 12 3 2 7 5 1 4 0 6
51 39 12 6 2 3 1 0 4 7 5
51 39 12 4 2 3 1 6 0 7 5
51 39 12 1 2 0 7 6 4 3 5
51 39 12 0 2 3 7 1 4 5 6
51 40 11 1 0 5 3 2 6 4 7
51 42 9 1 2 3 5 0 6 4 7
51 42 9 1 7 3 6 2 4 5 0
51 42 9 1 7 3 5 2 4 0 6
51 44 7 1 2 3 6 5 4 0 7
51 44 7 1 2 3 0 5 4 7 6
51 45 6 1 2 5 7 3 4 6 0
51 45 6 1 2 0 3 5 6 7 4
52 38 14 1 0 3 6 2 4 7 5
52 38 14 0 2 7 3 5 6 4 1
52 39 13 0 2 5 3 1 4 7 6
52 39 13 1 2 5 0 3 4 7 6
52 39 13 1 2 3 0 7 4 5 6
52 40 12 1 7 0 6 2 4 5 3
52 40 12 0 2 5 3 1 6 4 7
52 40 12 1 2 5 0 3 6 4 7
52 41 11 5 1 2 3 6 4 7 0
52 44 8 3 1 0 7 2 4 5 6
52 44 8 1 4 7 3 2 5 6 0
52 45 7 1 7 5 0 2 4 6 3
52 47 5 1 2 4 3 5 6 0 7
53 38 15 0 2 5 7 6 4 3 1
53 39 14 2 7 0 3 1 4 5 6
53 39 14 3 2 7 1 0 4 5 6
53 39 14 1 2 5 6 0 4 7 3
53 40 13 0 1 7 6 2 4 5 3
53 40 13 1 4 7 6 2 0 5 3
53 42 11 1 0 3 5 6 2 4 7
53 43 10 1 2 3 6 7 4 0 5
53 44 9 1 2 3 6 4 5 0 7
53 44 9 3 1 7 6 2 4 5 0
53 44 9 3 1 7 5 2 4 0 6
53 47 6 1 2 3 0 5 6 4 7
54 39 15 2 4 7 3 1 0 5 6
54 39 15 0 2 5 1 6 4 7 3
54 40 14 6 2 7 3 1 4 0 5
54 40 14 6 2 7 0 1 4 5 3
54 41 13 1 2 7 6 4 5 0 3
54 41 13 1 0 7 6 4 2 5 3
54 41 13 3 2 7 1 6 4 0 5
54 41 13 6 1 2 3 0 4 7 5
54 41 13 3 1 2 0 6 4 7 5
54 41 13 4 1 2 3 6 0 7 5
54 42 12 4 2 7 3 1 5 0 6
54 42 12 1 5 0 3 6 2 4 7
54 43 11 1 4 0 3 6 5 2 7
54 44 10 1 2 7 5 3 6 4 0
54 44 10 1 2 7 4 3 6 0 5
54 44 10 1 0 7 5 2 4 3 6
54 44 10 1 4 2 3 7 6 5 0
54 45 9 1 2 3 0 4 5 7 6
54 45 9 1 2 7 3 5 0 6 4
54 48 6 1 4 2 3 5 6 7 0
54 48 6 1 3 0 7 2 4 5 6
55 42 13 0 1 5 3 6 2 4 7
55 42 13 0 7 3 1 2 4 5 6
55 44 11 1 2 7 5 4 0 3 6
55 44 11 1 2 7 0 4 5 6 3
55 44 11 1 2 7 3 0 5 6 4
55 45 10 3 2 5 7 6 4 0 1
55 45 10 4 2 7 3 6 5 1 0
55 45 10 1 0 3 5 2 4 7 6
55 45 10 1 2 5 7 3 0 4 6
55 45 10 1 7 5 3 0 4 6 2
55 47 8 1 0 2 3 5 6 4 7
55 47 8 1 0 5 7 2 4 3 6
55 52 3 1 2 4 3 5 6 7 0
56 37 19 0 2 7 6 3 4 5 1
56 40 16 6 2 0 3 1 4 5 7
56 41 15 3 2 0 1 6 4 5 7
56 42 14 4 2 7 3 0 1 5 6
56 42 14 2 0 7 1 3 4 5 6
56 42 14 6 2 7 1 3 4 5 0
56 42 14 6 0 7 1 2 4 5 3
56 42 14 1 7 3 2 0 4 5 6
56 43 13 2 0 5 3 6 4 7 1
56 44 12 5 2 7 3 1 6 4 0
56 44 12 1 7 0 3 2 6 4 5
56 44 12 1 6 7 3 2 0 4 5
56 44 12 1 2 0 7 3 6 4 5
56 44 12 1 0 2 5 6 4 3 7
56 44 12 1 4 0 3 2 5 7 6
56 44 12 1 2 0 3 4 5 6 7
56 44 12 1 2 0 6 5 4 7 3
56 45 11 4 2 0 3 6 5 7 1
56 45 11 6 1 7 3 2 4 0 5
56 45 11 6 1 7 0 2 4 5 3
56 45 11 1 2 3 5 4 0 7 6
56 45 11 1 0 2 3 4 5 7 6
56 46 10 3 2 7 5 6 4 1 0
56 46 10 1 3 0 6 2 4 5 7
56 46 10 1 2 7 5 0 4 6 3
56 47 9 4 2 3 1 6 5 0 7
56 47 9 1 7 5 3 4 2 0 6
56 47 9 1 2 5 7 4 0 3 6
56 51 5 1 7 3 5 2 4 6 0
56 51 5 1 2 3 0 5 6 7 4
57 42 15 4 0 7 3 1 2 5 6
57 42 15 2 7 0 1 6 4 5 3
57 42 15 6 2 7 1 4 0 5 3
57 43 14 6 2 5 3 0 4 7 1
57 43 14 3 2 5 0 6 4 7 1
57 43 14 4 2 5 3 6 0 7 1
57 44 13 2 0 7 3 1 6 4 5
57 44 13 0 1 7 3 2 6 4 5
57 44 13 1 0 3 6 4 2 5 7
57 44 13 0 2 7 5 1 4 3 6
57 44 13 1 2 7 0 5 4 3 6
57 44 13 0 4 2 3 1 6 5 7
57 44 13 1 0 2 3 4 6 5 7
57 44 13 1 4 2 0 3 6 5 7
57 44 13 0 2 3 6 5 4 7 1
57 45 12 1 7 0 3 2 4 6 5
57 46 11 4 2 7 3 1 6 5 0
57 46 11 7 2 3 1 6 4 0 5
57 47 10 4 2 3 1 0 6 5 7
57 48 9 1 2 7 4 5 6 0 3
57 48 9 0 1 3 7 2 4 5 6
57 48 9 1 4 3 7 2 0 5 6
57 52 5 3 1 5 7 2 4 0 6
57 54 3 1 3 5 7 2 4 0 6
57 56 1 1 2 3 4 5 6 7 0