0 0 0 1 2 7 3 6 4 5 0
7 0 7 1 2 7 3 6 4 0 5
7 0 7 1 2 7 0 6 4 5 3
8 0 8 1 2 7 3 0 4 5 6
9 0 9 1 2 0 3 6 4 5 7
10 0 10 0 2 7 3 6 4 5 1
13 7 6 1 2 0 3 6 4 7 5
13 7 6 1 2 0 7 6 4 5 3
14 7 7 1 2 7 3 6 0 4 5
15 8 7 1 2 7 3 4 0 5 6
15 9 6 1 2 3 0 6 4 5 7
15 9 6 1 2 5 3 6 4 0 7
16 7 9 0 2 7 1 6 4 5 3
16 7 9 1 2 7 6 0 4 5 3
16 7 9 1 2 7 5 6 4 0 3
16 8 8 0 2 7 3 1 4 5 6
16 8 8 1 0 7 3 2 4 5 6
16 9 7 1 0 2 3 6 4 5 7
17 8 9 1 2 7 0 3 4 5 6
18 10 8 2 0 7 3 6 4 5 1
18 10 8 6 2 7 3 0 4 5 1
18 13 5 1 2 3 0 6 4 7 5
18 13 5 1 2 5 7 6 4 0 3
19 10 9 3 2 7 0 6 4 5 1
19 13 6 1 0 2 7 6 4 5 3
20 10 10 4 2 7 3 6 0 5 1
20 13 7 1 0 2 3 6 4 7 5
20 14 6 1 2 7 3 0 6 4 5
20 15 5 1 2 3 7 6 4 5 0
20 15 5 1 2 5 3 6 4 7 0
22 14 8 1 0 7 3 6 2 4 5
22 15 7 1 2 7 3 4 5 0 6
22 15 7 1 2 5 3 6 0 4 7
22 16 6 1 2 7 5 6 4 3 0
22 16 6 1 2 0 5 6 4 7 3
22 16 6 1 7 0 3 2 4 5 6
22 18 4 1 2 3 5 6 4 7 0
22 18 4 1 2 5 7 6 4 3 0
23 15 8 1 0 7 3 4 2 5 6
23 15 8 0 2 3 1 6 4 5 7
23 15 8 1 2 3 6 0 4 5 7
23 15 8 1 2 3 5 6 4 0 7
23 16 7 1 2 7 6 4 0 5 3
23 16 7 1 2 7 6 3 4 5 0
23 16 7 1 2 7 5 6 0 4 3
23 16 7 0 1 7 3 2 4 5 6
23 16 7 1 4 7 3 2 0 5 6
23 17 6 1 2 0 7 3 4 5 6
24 16 8 2 0 7 1 6 4 5 3
24 16 8 6 2 7 1 0 4 5 3
24 16 8 0 2 7 6 1 4 5 3
24 16 8 1 0 7 6 2 4 5 3
24 16 8 2 0 7 3 1 4 5 6
24 16 8 0 1 2 3 6 4 5 7
24 16 8 1 4 2 3 6 0 5 7
24 18 6 1 2 5 7 6 0 4 3
25 16 9 3 2 7 1 6 4 5 0
25 16 9 3 2 7 0 1 4 5 6
25 16 9 6 2 7 3 1 4 5 0
25 18 7 0 2 3 1 6 4 7 5
25 18 7 1 2 3 6 0 4 7 5
25 20 5 1 2 7 3 5 6 4 0
26 16 10 4 2 7 1 6 0 5 3
26 16 10 4 2 7 3 1 0 5 6
26 17 9 0 2 7 1 3 4 5 6
26 17 9 1 2 7 5 3 4 0 6
26 18 8 2 7 0 3 6 4 5 1
26 18 8 6 2 7 3 4 0 5 1
26 18 8 1 2 3 7 6 4 0 5
26 19 7 3 2 0 7 6 4 5 1
26 19 7 0 1 2 7 6 4 5 3
26 19 7 1 4 2 7 6 0 5 3
26 20 6 1 2 5 0 6 4 7 3
27 18 9 2 4 7 3 6 0 5 1
27 18 9 6 0 7 3 2 4 5 1
27 20 7 4 2 7 3 0 6 5 1
27 20 7 1 4 2 3 6 0 7 5
27 20 7 0 2 7 3 1 6 4 5
27 20 7 1 2 3 7 0 4 5 6
27 20 7 1 2 5 3 0 4 7 6
27 22 5 1 7 5 3 2 4 0 6
28 18 10 6 2 7 0 3 4 5 1
28 20 8 4 2 7 3 6 5 0 1
28 20 8 0 1 2 3 6 4 7 5
28 20 8 1 2 7 0 3 6 4 5
28 22 6 1 2 7 3 4 5 6 0
28 22 6 1 2 0 3 4 5 7 6
28 22 6 1 2 5 3 0 6 4 7
28 22 6 1 7 3 0 2 4 5 6
28 22 6 1 2 3 5 0 4 7 6
28 22 6 1 2 5 0 6 4 3 7
28 22 6 1 2 5 7 0 4 3 6
28 23 5 1 2 5 7 3 4 0 6
29 19 10 3 2 7 6 0 4 5 1
29 19 10 3 2 7 5 6 4 0 1
29 20 9 4 0 7 3 6 2 5 1
29 20 9 1 0 7 3 2 6 4 5
29 20 9 0 2 3 7 6 4 5 1
29 20 9 0 2 5 3 6 4 7 1
29 22 7 1 0 5 3 6 2 4 7
29 22 7 1 2 7 0 6 4 3 5
29 22 7 1 0 2 5 6 4 7 3
29 23 6 1 2 3 6 4 0 5 7
29 23 6 1 2 3 6 7 4 5 0
29 23 6 1 2 3 5 6 0 4 7
29 23 6 1 2 7 5 0 6 4 3
29 23 6 1 0 2 7 3 4 5 6
29 25 4 1 2 3 6 5 4 7 0
30 22 8 1 7 0 3 6 2 4 5
30 22 8 1 2 7 5 0 4 3 6
30 22 8 0 2 3 5 6 4 7 1
30 22 8 1 2 0 7 6 4 3 5
30 22 8 0 2 5 7 6 4 3 1
30 23 7 6 2 3 1 0 4 5 7
30 23 7 0 2 3 6 1 4 5 7
30 23 7 1 2 0 5 6 4 3 7
30 23 7 1 2 7 6 4 5 0 3
30 23 7 1 2 7 6 3 4 0 5
30 23 7 1 4 7 3 2 5 0 6
30 24 6 1 7 0 6 2 4 5 3
30 24 6 1 2 5 7 0 6 4 3
30 24 6 1 0 5 7 6 2 4 3
30 25 5 1 2 3 6 4 0 7 5
30 25 5 1 2 7 3 5 6 0 4
30 25 5 1 2 7 0 5 6 4 3
30 27 3 1 7 5 3 2 4 6 0
31 22 9 0 1 7 3 6 2 4 5
31 23 8 1 7 0 3 4 2 5 6
31 23 8 2 0 3 1 6 4 5 7
31 23 8 7 2 3 1 6 4 5 0
31 23 8 1 0 3 6 2 4 5 7
31 23 8 1 0 7 6 4 2 5 3
31 23 8 1 0 7 5 6 2 4 3
31 23 8 2 1 7 3 0 4 5 6
31 23 8 3 1 7 0 2 4 5 6
31 23 8 6 1 7 3 2 4 5 0
31 23 8 1 4 7 3 0 2 5 6
31 24 7 0 1 7 6 2 4 5 3
31 24 7 1 4 7 6 2 0 5 3
31 24 7 1 4 2 3 0 6 5 7
31 25 6 6 2 3 1 0 4 7 5
31 25 6 0 2 3 6 1 4 7 5
31 26 5 1 2 7 5 3 4 6 0
31 28 3 1 2 5 7 3 4 6 0
32 22 10 0 2 7 5 6 4 3 1
32 23 9 0 1 7 3 4 2 5 6
32 23 9 4 2 3 1 6 0 5 7
32 23 9 1 2 0 6 3 4 5 7
32 24 8 2 7 0 1 6 4 5 3
32 24 8 6 2 7 1 4 0 5 3
32 24 8 6 2 7 1 3 4 5 0
32 24 8 2 0 7 6 1 4 5 3
32 24 8 2 7 0 3 1 4 5 6
32 24 8 6 1 2 3 0 4 5 7
32 24 8 1 4 2 3 6 5 0 7
32 25 7 3 2 0 7 1 4 5 6
32 25 7 3 2 7 6 1 4 5 0
32 25 7 2 0 3 1 6 4 7 5
32 25 7 5 2 3 1 6 4 7 0
32 25 7 1 2 0 3 5 6 4 7
32 26 6 1 2 0 5 3 4 7 6
32 26 6 1 2 3 7 6 0 4 5
32 26 6 3 2 5 7 6 4 0 1
33 23 10 0 2 7 6 3 4 5 1
33 23 10 4 1 7 3 2 0 5 6
33 24 9 2 4 7 1 6 0 5 3
33 24 9 6 0 7 1 2 4 5 3
33 24 9 6 2 7 0 1 4 5 3
33 24 9 2 4 7 3 1 0 5 6
33 24 9 3 1 2 0 6 4 5 7
33 24 9 7 1 2 3 6 4 5 0
33 25 8 3 2 7 1 6 4 0 5
33 25 8 6 2 7 3 1 4 0 5
33 25 8 4 2 3 1 6 0 7 5
33 25 8 1 0 3 6 2 4 7 5
33 25 8 0 2 7 3 5 6 4 1
33 26 7 4 2 7 1 0 6 5 3
33 26 7 1 2 7 5 3 0 4 6
33 26 7 2 7 5 3 6 4 0 1
33 26 7 3 0 2 7 6 4 5 1
33 26 7 6 1 2 7 0 4 5 3
33 26 7 1 4 2 7 0 6 5 3
33 26 7 1 4 2 7 6 5 0 3
33 27 6 1 4 2 3 0 6 7 5
33 27 6 1 2 3 7 4 0 5 6
33 27 6 1 2 5 3 4 0 7 6
33 27 6 1 7 5 3 2 0 4 6
33 28 5 1 2 7 5 3 6 4 0
33 28 5 1 2 3 0 4 5 7 6
33 28 5 1 7 3 6 2 4 5 0
33 28 5 1 2 3 5 4 0 7 6
33 29 4 1 2 3 0 5 4 7 6
34 24 10 4 2 7 6 1 0 5 3
34 25 9 3 2 7 1 0 4 5 6
34 26 8 4 2 7 1 6 5 0 3
34 26 8 4 2 7 3 0 1 5 6
34 26 8 4 2 7 3 1 5 0 6
34 26 8 2 0 7 1 3 4 5 6
34 26 8 2 7 3 0 6 4 5 1
34 26 8 6 2 7 3 4 5 0 1
34 26 8 3 1 2 7 6 4 5 0
34 26 8 0 2 5 1 6 4 7 3
34 26 8 1 2 5 6 0 4 7 3
34 27 7 0 6 7 3 2 4 5 1
34 27 7 6 7 0 3 2 4 5 1
34 27 7 0 2 7 3 4 6 5 1
34 27 7 4 2 7 3 1 6 5 0
34 27 7 0 2 3 7 1 4 5 6
34 27 7 1 0 3 7 2 4 5 6
34 27 7 0 2 5 3 1 4 7 6
34 27 7 1 0 5 3 2 4 7 6
34 28 6 1 2 0 7 3 6 4 5
34 28 6 1 2 5 3 7 6 4 0
34 28 6 0 2 3 5 1 4 7 6
34 28 6 1 2 5 7 4 0 3 6
34 28 6 0 2 5 7 1 4 3 6
34 28 6 1 0 5 7 2 4 3 6
34 28 6 1 2 5 7 3 0 4 6
34 29 5 1 2 3 5 0 6 4 7
34 29 5 1 2 3 6 5 4 0 7
34 30 4 1 2 0 3 5 6 7 4
34 30 4 1 7 5 0 2 4 6 3
35 24 11 4 1 2 3 6 0 5 7
35 25 10 3 2 0 1 6 4 5 7
35 25 10 3 2 7 5 1 4 0 6
35 25 10 6 2 0 3 1 4 5 7
35 26 9 4 0 7 1 6 2 5 3
35 26 9 4 0 7 3 1 2 5 6
35 26 9 6 0 7 3 4 2 5 1
35 26 9 7 1 2 0 6 4 5 3
35 27 8 2 4 7 3 0 6 5 1
35 27 8 6 4 7 3 2 0 5 1
35 27 8 1 4 2 3 6 7 0 5
35 27 8 2 0 7 3 1 6 4 5
35 27 8 3 2 7 0 1 6 4 5
35 27 8 5 2 7 3 1 6 4 0
35 27 8 1 2 3 0 7 4 5 6
35 27 8 1 2 5 0 3 4 7 6
35 28 7 6 2 0 7 3 4 5 1
35 28 7 4 2 7 3 6 5 1 0
35 28 7 4 2 0 3 6 5 7 1
35 28 7 1 2 7 4 3 6 0 5
35 28 7 1 2 7 0 4 5 6 3
35 28 7 1 0 2 3 4 5 7 6
35 28 7 0 2 5 3 1 6 4 7
35 29 6 1 2 3 6 4 5 0 7
35 29 6 1 2 3 6 7 4 0 5
35 30 5 1 4 7 3 2 5 6 0
35 30 5 1 7 5 6 2 4 0 3
35 30 5 1 2 0 7 5 6 4 3
36 26 10 4 2 7 1 3 0 5 6
36 26 10 4 1 2 7 6 0 5 3
36 27 9 2 4 7 3 6 5 0 1
36 27 9 4 2 7 0 3 6 5 1
36 28 8 6 1 2 3 0 4 7 5
36 28 8 0 2 7 1 3 6 4 5
36 28 8 1 2 7 3 0 5 6 4
36 28 8 1 0 5 3 2 6 4 7
36 28 8 1 2 5 0 3 6 4 7
36 28 8 0 7 3 1 2 4 5 6
36 28 8 1 7 3 5 2 4 0 6
36 28 8 1 0 3 5 2 4 7 6
36 28 8 0 2 5 1 6 4 3 7
36 28 8 1 2 5 6 0 4 3 7
36 28 8 1 2 5 0 7 4 3 6
36 29 7 3 2 7 5 6 4 1 0
36 29 7 3 2 0 5 6 4 7 1
36 29 7 1 7 0 3 2 6 4 5
36 29 7 1 6 7 3 2 0 4 5
36 29 7 2 0 3 7 6 4 5 1
36 29 7 6 2 3 7 0 4 5 1
36 29 7 2 0 5 3 6 4 7 1
36 29 7 6 2 5 3 0 4 7 1
36 29 7 1 4 2 5 6 0 7 3
36 29 7 1 0 3 6 4 2 5 7
36 29 7 1 0 3 5 6 2 4 7
36 29 7 0 2 7 5 1 6 4 3
36 29 7 0 1 2 7 3 4 5 6
36 29 7 1 4 2 7 3 0 5 6
36 29 7 1 2 0 6 5 4 7 3
36 29 7 0 2 3 6 5 4 7 1
36 30 6 6 2 3 5 0 4 7 1
36 30 6 1 0 2 7 6 4 3 5
36 30 6 2 0 5 7 6 4 3 1
36 30 6 6 2 5 7 0 4 3 1
36 30 6 1 2 7 6 4 5 3 0
36 30 6 1 2 0 6 4 5 7 3
36 30 6 1 2 0 6 3 4 7 5
36 30 6 1 7 6 0 2 4 5 3
36 30 6 1 2 5 7 3 6 4 0
36 30 6 1 2 3 6 4 7 0 5
36 30 6 1 0 3 6 4 2 7 5
36 30 6 1 2 7 3 5 0 6 4
36 30 6 1 2 7 4 5 6 0 3
36 30 6 1 7 5 3 0 4 6 2
36 31 5 1 3 0 6 2 4 5 7
36 31 5 6 2 3 1 5 4 7 0
36 31 5 1 2 5 0 3 4 6 7
36 31 5 1 2 5 7 0 4 6 3
36 32 4 1 2 3 0 5 6 4 7
37 27 10 4 0 7 3 2 6 5 1
37 27 10 6 2 7 3 1 0 4 5
37 28 9 3 1 2 0 6 4 7 5
37 28 9 5 1 2 3 6 4 7 0
37 28 9 1 2 0 3 4 5 6 7
37 28 9 1 7 3 2 0 4 5 6
37 29 8 3 2 7 6 4 0 5 1
37 29 8 3 2 7 5 6 0 4 1
37 29 8 0 1 7 3 2 6 4 5
37 29 8 7 2 3 0 6 4 5 1
37 29 8 3 2 5 0 6 4 7 1
37 29 8 0 1 5 3 6 2 4 7
37 29 8 1 5 0 3 6 2 4 7
37 29 8 0 1 2 5 6 4 7 3
37 30 7 1 7 3 0 6 2 4 5
37 30 7 1 2 7 5 4 0 3 6
37 30 7 2 0 3 5 6 4 7 1
37 30 7 5 2 3 0 6 4 7 1
37 30 7 6 2 3 1 4 0 5 7
37 30 7 6 2 3 1 7 4 5 0
37 30 7 1 0 2 5 6 4 3 7
37 30 7 1 2 7 6 3 0 4 5
37 30 7 1 4 0 3 2 5 7 6
37 30 7 0 2 5 7 1 6 4 3
37 30 7 1 0 5 7 2 6 4 3
37 30 7 0 1 5 7 6 2 4 3
37 30 7 1 5 0 7 6 2 4 3
37 30 7 0 2 7 1 5 6 4 3
37 30 7 1 7 0 3 2 4 6 5
37 30 7 0 7 5 3 2 4 6 1
37 31 6 3 1 0 7 2 4 5 6
37 31 6 3 1 7 6 2 4 5 0
37 31 6 6 2 3 1 4 0 7 5
37 31 6 1 2 7 0 3 4 6 5
37 32 5 1 2 4 3 5 6 0 7
37 32 5 1 2 3 7 0 6 4 5
37 32 5 3 2 5 7 6 4 1 0
37 33 4 1 2 3 6 4 5 7 0
37 34 3 1 2 3 0 5 6 7 4
38 28 10 6 2 7 5 3 4 0 1
38 28 10 4 1 2 3 6 0 7 5
38 28 10 0 2 7 3 4 5 6 1
38 29 9 3 0 7 6 2 4 5 1
38 29 9 0 4 7 3 6 2 5 1
38 29 9 4 7 0 3 6 2 5 1
38 29 9 4 2 3 7 6 0 5 1
38 29 9 4 2 5 3 6 0 7 1
38 29 9 0 2 7 1 6 4 3 5
38 29 9 1 2 7 6 0 4 3 5
38 29 9 1 2 0 6 7 4 5 3
38 29 9 0 2 3 6 7 4 5 1
38 29 9 1 0 7 5 2 6 4 3
38 30 8 1 7 4 3 6 2 0 5
38 30 8 0 2 7 5 1 4 3 6
38 30 8 1 0 7 5 2 4 3 6
38 30 8 1 2 7 0 5 4 3 6
38 30 8 4 2 3 5 6 0 7 1
38 30 8 7 2 5 0 6 4 3 1
38 30 8 2 0 3 6 1 4 5 7
38 30 8 6 2 3 0 1 4 5 7
38 30 8 7 2 3 6 1 4 5 0
38 30 8 1 2 5 0 7 6 4 3
38 31 7 1 7 3 0 4 2 5 6
38 31 7 1 7 5 3 4 2 0 6
38 31 7 2 3 0 1 6 4 5 7
38 31 7 7 2 3 1 6 4 0 5
38 31 7 0 1 3 6 2 4 5 7
38 31 7 1 4 3 6 2 0 5 7
38 31 7 6 1 7 3 2 4 0 5
38 31 7 6 1 7 0 2 4 5 3
38 31 7 1 4 7 6 2 5 0 3
38 31 7 1 4 2 3 7 6 5 0
38 31 7 2 0 3 6 1 4 7 5
38 31 7 6 2 3 0 1 4 7 5
38 31 7 5 2 3 6 1 4 7 0
38 31 7 1 2 7 5 0 4 6 3
38 31 7 1 2 0 7 3 4 6 5
38 31 7 0 2 5 7 3 4 6 1
38 32 6 4 2 3 1 0 6 5 7
38 32 6 1 2 5 6 3 4 0 7
38 32 6 1 4 2 3 6 5 7 0
38 32 6 3 2 5 7 1 4 0 6
38 32 6 1 0 2 3 5 6 4 7
38 33 5 4 2 3 1 0 6 7 5
38 33 5 1 3 0 6 2 4 7 5
38 33 5 1 4 2 3 5 6 7 0
38 33 5 1 2 0 3 5 4 7 6
38 34 4 1 3 0 7 2 4 5 6
38 37 1 1 2 3 4 5 6 7 0