0 0 0 7 0 2 5 4 3 6 1
7 0 7 7 3 2 5 4 0 6 1
8 0 8 0 7 2 5 4 3 6 1
8 0 8 7 2 0 5 4 3 6 1
13 7 6 7 3 2 5 0 4 6 1
15 7 8 7 3 2 5 4 6 0 1
15 8 7 7 2 5 0 4 3 6 1
16 8 8 4 7 2 5 0 3 6 1
16 8 8 1 7 2 5 4 3 6 0
16 8 8 7 2 6 5 4 3 0 1
17 8 9 5 7 2 0 4 3 6 1
18 8 10 3 7 2 5 4 0 6 1
19 13 6 0 3 2 5 7 4 6 1
19 13 6 7 3 2 5 1 4 6 0
21 13 8 7 3 2 0 5 4 6 1
21 15 6 7 2 5 1 4 3 6 0
22 13 9 7 0 2 5 3 4 6 1
22 15 7 7 3 2 5 4 6 1 0
22 15 7 0 2 5 7 4 3 6 1
23 15 8 7 3 0 5 4 6 2 1
23 16 7 1 7 2 0 4 3 6 5
23 16 7 7 2 6 5 4 3 1 0
24 15 9 7 2 5 4 0 3 6 1
24 16 8 4 7 2 5 3 0 6 1
24 16 8 4 7 2 5 1 3 6 0
24 16 8 1 7 2 5 4 3 0 6
24 16 8 1 7 2 5 0 3 6 4
24 16 8 7 2 6 5 4 0 3 1
24 17 7 5 7 2 1 4 3 6 0
25 15 10 7 2 5 6 4 3 0 1
25 16 9 1 7 0 5 4 3 6 2
25 17 8 5 7 0 2 4 3 6 1
25 18 7 3 7 2 5 0 4 6 1
25 19 6 1 3 2 5 7 4 6 0
25 19 6 7 3 2 0 1 4 6 5
26 16 10 4 0 2 5 7 3 6 1
26 16 10 4 7 2 0 5 3 6 1
26 18 8 3 7 2 5 4 6 0 1
26 18 8 3 0 2 5 4 7 6 1
26 19 7 3 0 2 5 7 4 6 1
26 19 7 5 3 2 0 7 4 6 1
26 19 7 7 3 2 5 1 4 0 6
26 21 5 7 3 2 1 5 4 6 0
27 17 10 5 7 2 4 0 3 6 1
27 19 8 7 3 0 5 1 4 6 2
27 19 8 0 3 2 5 1 4 6 7
27 21 6 7 3 0 2 5 4 6 1
27 21 6 0 3 2 7 5 4 6 1
28 17 11 5 7 2 6 4 3 0 1
28 19 9 4 3 2 5 7 0 6 1
28 22 6 2 0 5 7 4 3 6 1
28 22 6 4 2 5 7 0 3 6 1
28 22 6 1 2 5 7 4 3 6 0
29 21 8 7 2 5 1 4 3 0 6
29 21 8 7 2 5 1 0 3 6 4
29 22 7 0 7 2 5 3 4 6 1
29 22 7 7 2 0 5 3 4 6 1
30 21 9 7 3 2 6 5 4 0 1
30 21 9 0 2 5 1 4 3 6 7
30 22 8 7 4 2 5 3 0 6 1
30 22 8 7 3 2 0 4 6 1 5
30 22 8 3 2 5 7 4 0 6 1
30 23 7 7 0 3 5 4 6 2 1
30 23 7 7 3 5 0 4 6 2 1
30 23 7 1 7 0 2 4 3 6 5
30 25 5 1 3 2 0 7 4 6 5
31 21 10 7 2 0 1 4 3 6 5
31 22 9 7 3 2 5 0 6 1 4
31 23 8 7 2 6 0 4 3 1 5
31 24 7 7 2 5 4 3 0 6 1
31 24 7 0 2 5 4 7 3 6 1
31 24 7 7 2 5 4 1 3 6 0
31 24 7 1 7 2 5 3 0 6 4
31 25 6 1 7 5 0 4 3 6 2
31 25 6 1 3 2 5 7 4 0 6
31 25 6 1 3 2 5 0 4 6 7
31 25 6 7 3 0 2 1 4 6 5
31 25 6 0 3 2 7 1 4 6 5
31 26 5 5 3 2 1 7 4 6 0
32 22 10 7 3 0 5 4 6 1 2
32 22 10 0 3 2 5 4 6 1 7
32 23 9 0 7 2 1 4 3 6 5
32 23 9 1 7 2 4 0 3 6 5
32 23 9 7 2 6 5 0 3 1 4
32 24 8 7 0 5 4 2 3 6 1
32 24 8 4 7 2 5 3 6 0 1
32 24 8 4 0 2 5 3 7 6 1
32 24 8 4 7 2 0 1 3 6 5
32 24 8 1 7 2 5 4 0 3 6
32 24 8 1 7 0 5 4 3 2 6
32 24 8 0 7 2 5 1 3 6 4
32 24 8 7 2 6 5 0 4 3 1
32 25 7 7 2 5 6 4 3 1 0
32 25 7 1 0 7 5 4 3 6 2
32 25 7 3 7 2 5 1 4 6 0
32 25 7 1 3 0 5 7 4 6 2
32 26 6 5 3 0 2 7 4 6 1
32 27 5 7 3 5 0 1 4 6 2
32 27 5 5 3 2 7 0 4 6 1
32 27 5 1 3 2 7 5 4 6 0
33 23 10 1 7 2 6 4 3 0 5
33 23 10 7 2 0 5 4 3 1 6
33 23 10 0 2 6 5 4 3 1 7
33 24 9 4 7 2 5 1 3 0 6
33 24 9 1 0 2 5 7 3 6 4
33 24 9 1 7 2 0 5 3 6 4
33 24 9 7 0 6 5 4 2 3 1
33 24 9 5 7 2 1 4 3 0 6
33 24 9 5 7 2 1 0 3 6 4
33 25 8 7 2 5 6 4 0 3 1
33 25 8 7 2 0 6 4 3 5 1
33 25 8 1 7 6 5 4 3 0 2
33 25 8 5 0 7 2 4 3 6 1
33 25 8 7 3 2 1 0 4 6 5
33 26 7 4 7 2 1 5 3 6 0
33 26 7 3 7 2 5 4 6 1 0
33 26 7 0 3 2 5 4 7 6 1
33 26 7 3 2 0 5 7 4 6 1
33 26 7 7 3 0 5 1 4 2 6
33 26 7 7 3 2 1 5 4 0 6
33 27 6 3 0 2 7 5 4 6 1
33 28 5 2 3 5 7 4 0 6 1
34 24 10 4 7 0 5 1 3 6 2
34 24 10 5 7 0 1 4 3 6 2
34 25 9 5 7 6 2 4 3 0 1
34 25 9 3 7 2 0 5 4 6 1
34 25 9 7 3 2 6 1 4 0 5
34 26 8 0 4 2 5 7 3 6 1
34 26 8 4 2 0 5 7 3 6 1
34 26 8 4 7 0 2 5 3 6 1
34 26 8 0 7 2 4 5 3 6 1
34 26 8 3 7 0 5 4 6 2 1
34 26 8 3 2 0 5 4 7 6 1
34 26 8 3 4 2 5 7 0 6 1
34 26 8 7 3 2 5 1 0 4 6
34 26 8 7 3 0 1 5 4 6 2
34 26 8 0 3 2 1 5 4 6 7
34 27 7 7 0 3 5 1 4 6 2
34 27 7 7 3 6 5 1 4 0 2
34 27 7 3 0 2 5 1 4 6 7
34 27 7 5 3 2 0 1 4 6 7
34 27 7 7 0 3 2 5 4 6 1
34 27 7 7 3 6 2 5 4 0 1
34 28 6 4 2 5 7 3 0 6 1
34 28 6 4 2 5 7 1 3 6 0
34 28 6 1 2 5 7 4 3 0 6
34 28 6 1 2 5 0 4 3 6 7
34 28 6 1 2 5 7 0 3 6 4
35 26 9 5 3 2 6 7 4 0 1
35 27 8 5 7 2 4 3 0 6 1
35 27 8 5 7 2 4 1 3 6 0
35 27 8 4 3 2 7 5 0 6 1
35 28 7 4 3 2 5 0 7 6 1
35 28 7 2 5 0 7 4 3 6 1
35 28 7 4 0 5 7 2 3 6 1
35 29 6 7 2 5 0 3 4 6 1
35 30 5 3 2 5 7 0 4 6 1
35 30 5 1 3 0 2 7 4 6 5
35 31 4 1 3 2 7 0 4 6 5
36 26 10 4 7 2 6 5 3 0 1
36 27 9 4 3 2 5 1 0 6 7
36 28 8 5 7 2 6 4 3 1 0
36 28 8 4 3 2 5 7 6 0 1
36 28 8 1 2 0 7 4 3 6 5
36 29 7 7 2 5 1 3 0 6 4
36 29 7 0 2 5 1 7 3 6 4
36 29 7 1 7 2 5 3 4 6 0
36 30 6 7 3 2 6 5 4 1 0
36 30 6 3 0 5 7 4 2 6 1
36 30 6 7 3 5 1 4 6 2 0
36 31 5 1 7 5 2 4 3 6 0
36 32 4 1 3 5 0 7 4 6 2
36 32 4 7 3 5 2 1 4 6 0
37 27 10 5 0 2 4 7 3 6 1
37 28 9 5 7 2 6 4 0 3 1
37 28 9 5 7 0 6 4 3 2 1
37 28 9 4 2 5 0 7 3 6 1
37 29 8 7 2 5 1 4 0 3 6
37 29 8 7 2 0 1 4 3 5 6
37 29 8 7 0 5 1 2 3 6 4
37 29 8 5 7 2 0 3 4 6 1
37 29 8 7 2 6 5 3 4 0 1
37 30 7 7 3 0 6 5 4 2 1
37 30 7 2 0 5 1 4 3 6 7
37 30 7 4 2 5 1 0 3 6 7
37 30 7 3 2 5 7 4 6 0 1
37 30 7 0 7 3 5 4 6 2 1
37 30 7 0 3 5 7 4 6 2 1
37 30 7 1 0 7 2 4 3 6 5
37 30 7 0 3 2 1 7 4 6 5
37 31 6 7 2 5 4 3 6 0 1
37 31 6 1 3 0 5 7 4 2 6
37 31 6 1 3 2 5 4 0 6 7
37 31 6 3 0 2 7 1 4 6 5
37 31 6 5 3 2 7 1 4 6 0
37 32 5 7 3 5 4 2 0 6 1
37 32 5 0 3 5 7 1 4 6 2
37 32 5 1 3 2 7 5 4 0 6
37 32 5 1 3 2 0 5 4 6 7
37 33 4 2 3 5 7 0 4 6 1
38 29 9 7 2 5 0 1 3 6 4
38 30 8 7 3 2 6 5 0 4 1
38 30 8 7 4 2 5 0 3 6 1
38 30 8 7 4 2 5 3 6 0 1
38 30 8 7 3 0 2 4 6 1 5
38 30 8 0 3 2 7 4 6 1 5
38 30 8 7 6 3 5 4 0 2 1
38 30 8 1 7 6 2 4 3 0 5
38 30 8 1 3 2 6 7 4 0 5
38 31 7 7 0 5 4 3 2 6 1
38 31 7 2 0 5 4 7 3 6 1
38 31 7 1 2 5 4 7 3 6 0
38 31 7 7 2 5 4 1 3 0 6
38 31 7 1 7 2 5 3 6 0 4
38 31 7 1 0 2 5 3 7 6 4
38 31 7 1 3 2 5 7 0 4 6
38 31 7 7 0 3 2 1 4 6 5
38 31 7 7 3 6 2 1 4 0 5
38 31 7 5 3 2 1 7 4 0 6
38 31 7 5 3 2 1 0 4 6 7
38 32 6 1 7 2 4 5 3 6 0
38 32 6 0 7 5 4 2 3 6 1
38 32 6 1 3 7 5 4 0 6 2
38 32 6 1 0 3 5 7 4 6 2
38 32 6 1 3 6 5 7 4 0 2
38 32 6 5 3 2 7 4 0 6 1
38 32 6 1 3 0 7 5 4 6 2
39 30 9 3 2 5 1 4 0 6 7
39 30 9 7 3 2 4 0 6 1 5
39 30 9 7 3 5 4 0 6 2 1
39 30 9 7 3 5 2 4 6 0 1
39 31 8 7 0 2 1 4 3 6 5
39 31 8 7 2 1 0 4 3 6 5
39 31 8 7 2 6 1 4 3 0 5
39 31 8 7 3 2 5 6 0 1 4
39 31 8 0 3 2 5 7 6 1 4
39 31 8 7 2 0 6 4 3 1 5
39 31 8 0 7 5 1 4 3 6 2
39 31 8 1 7 5 4 0 3 6 2
39 31 8 1 0 2 5 3 4 6 7
39 31 8 4 3 2 7 1 0 6 5
39 31 8 5 3 0 1 7 4 6 2
39 32 7 7 0 3 5 4 6 1 2
39 32 7 7 3 5 0 4 6 1 2
39 32 7 1 7 2 4 3 0 6 5
39 32 7 7 5 0 4 2 3 6 1
39 32 7 4 7 2 5 3 6 1 0
39 32 7 1 7 2 5 0 4 3 6
39 32 7 1 7 5 0 4 3 2 6
39 32 7 3 7 2 0 1 4 6 5
39 32 7 5 0 3 2 7 4 6 1
39 32 7 5 3 6 2 7 4 0 1
39 32 7 7 3 5 1 0 4 6 2
39 33 6 1 3 2 5 7 0 6 4
39 33 6 3 2 5 0 7 4 6 1
39 33 6 7 3 5 0 1 4 2 6
39 33 6 3 2 0 7 5 4 6 1
39 33 6 2 3 5 7 4 6 0 1
39 34 5 1 2 5 7 3 0 6 4
39 35 4 4 3 5 7 2 0 6 1
39 36 3 1 3 5 2 7 4 6 0
40 30 10 7 3 2 1 4 6 0 5
40 31 9 7 3 2 0 5 6 1 4
40 31 9 0 2 6 7 4 3 1 5
40 31 9 7 2 6 4 0 3 1 5
40 31 9 3 2 5 4 7 0 6 1
40 31 9 7 2 0 4 1 3 6 5
40 31 9 0 2 5 4 1 3 6 7
40 31 9 1 7 5 6 4 3 0 2
40 32 8 7 3 1 5 4 6 0 2
40 32 8 3 0 2 5 4 6 1 7
40 32 8 4 3 2 5 0 6 1 7
40 32 8 4 7 2 1 0 3 6 5
40 32 8 0 7 2 4 1 3 6 5
40 32 8 7 2 6 5 3 0 1 4
40 32 8 0 2 6 5 7 3 1 4
40 32 8 4 7 0 5 3 6 2 1
40 32 8 0 4 2 5 3 7 6 1
40 32 8 4 2 0 5 3 7 6 1
40 32 8 4 7 0 2 1 3 6 5
40 32 8 1 0 2 5 4 7 3 6
40 32 8 1 0 7 5 4 3 2 6
40 32 8 7 0 2 5 1 3 6 4
40 32 8 0 2 6 5 7 4 3 1
40 32 8 7 2 6 5 1 4 3 0
40 32 8 7 2 5 0 4 3 1 6
40 32 8 0 1 7 5 4 3 6 2
40 32 8 3 7 2 5 1 4 0 6
40 32 8 7 3 5 6 1 4 0 2
40 32 8 5 0 2 7 3 4 6 1
40 33 7 1 7 2 6 4 3 5 0
40 33 7 1 2 0 5 7 3 6 4
40 33 7 1 7 0 2 5 3 6 4
40 33 7 7 2 5 6 0 4 3 1
40 33 7 1 7 6 5 4 3 2 0
40 33 7 5 3 7 2 4 0 6 1
40 33 7 7 3 2 1 4 0 6 5
40 33 7 1 3 2 5 4 7 6 0
40 33 7 7 3 0 1 5 4 2 6
40 33 7 3 4 2 7 5 0 6 1
40 34 6 3 7 2 1 5 4 6 0
40 34 6 7 3 2 6 1 4 5 0
40 34 6 7 3 1 0 5 4 6 2
40 34 6 7 3 6 5 1 4 2 0
40 34 6 5 3 0 2 1 4 6 7
40 34 6 7 3 6 2 5 4 1 0
40 34 6 4 0 5 7 3 2 6 1
40 34 6 1 2 5 7 4 0 3 6
40 34 6 0 2 5 7 1 3 6 4
40 34 6 1 0 5 7 2 3 6 4
40 35 5 0 4 5 7 2 3 6 1
40 35 5 7 2 5 1 3 4 6 0
40 35 5 0 2 5 7 3 4 6 1
40 35 5 3 2 5 7 1 4 6 0
40 35 5 1 3 2 7 4 0 6 5
40 37 3 1 3 5 7 0 4 6 2
40 37 3 0 3 5 7 2 4 6 1
41 31 10 7 0 2 5 3 6 1 4
41 32 9 5 3 2 0 4 6 1 7
41 32 9 1 0 2 4 7 3 6 5
41 32 9 7 2 6 0 5 3 1 4
41 32 9 5 7 2 0 1 3 6 4
41 32 9 7 0 6 5 2 4 3 1
41 32 9 7 2 6 0 5 4 3 1
41 32 9 7 2 5 6 0 3 1 4
41 32 9 3 7 0 5 1 4 6 2
41 32 9 0 7 2 5 1 4 6 3
41 33 8 1 7 2 6 4 0 3 5
41 33 8 1 7 0 6 4 3 2 5
41 33 8 7 2 1 5 4 3 0 6
41 33 8 4 2 6 5 0 3 1 7
41 33 8 0 1 2 5 7 3 6 4
41 33 8 5 7 2 1 3 0 6 4
41 33 8 0 7 2 1 5 3 6 4
41 33 8 7 0 5 6 4 2 3 1
41 33 8 7 2 6 0 4 3 5 1
41 33 8 1 7 6 5 4 0 3 2
41 33 8 0 5 7 2 4 3 6 1
41 33 8 4 7 2 1 5 3 0 6
41 33 8 3 7 2 0 4 6 1 5
41 33 8 5 3 2 0 4 7 6 1
41 33 8 3 2 6 5 7 4 0 1
41 33 8 7 0 3 5 1 4 2 6
41 33 8 7 3 2 1 5 0 4 6
41 34 7 4 7 5 0 1 3 6 2
41 34 7 3 7 0 2 5 4 6 1
41 34 7 7 3 0 6 1 4 2 5
41 34 7 7 0 2 4 5 3 6 1
41 34 7 3 2 5 0 4 7 6 1
41 34 7 7 0 3 1 5 4 6 2
41 34 7 7 3 6 1 5 4 0 2
41 34 7 3 0 2 1 5 4 6 7
41 34 7 0 7 3 5 1 4 6 2
41 34 7 3 2 0 5 1 4 6 7
41 34 7 0 7 3 2 5 4 6 1
41 34 7 7 4 3 2 5 0 6 1
41 34 7 4 2 5 7 3 6 0 1
41 34 7 4 2 5 7 1 3 0 6
41 34 7 4 2 5 0 1 3 6 7
41 34 7 1 2 0 7 4 3 5 6
41 34 7 1 2 0 5 4 3 6 7
41 35 6 5 3 2 6 7 4 1 0
41 35 6 4 3 2 7 0 5 6 1
41 35 6 4 5 0 7 2 3 6 1
41 35 6 3 0 5 7 2 4 6 1
41 35 6 1 0 3 2 7 4 6 5
41 35 6 1 3 6 2 7 4 0 5
41 36 5 0 3 5 7 4 2 6 1
41 37 4 2 3 5 7 1 4 6 0
42 32 10 6 3 2 5 4 0 1 7
42 32 10 3 7 2 1 4 0 6 5
42 32 10 7 0 6 5 2 3 1 4
42 32 10 3 7 2 5 1 0 6 4
42 32 10 0 2 5 6 4 3 1 7
42 33 9 7 0 2 5 4 3 1 6
42 33 9 2 0 6 5 4 3 1 7
42 33 9 5 2 6 0 4 3 1 7
42 33 9 4 7 2 5 1 0 3 6
42 33 9 4 7 0 5 1 3 2 6
42 33 9 1 7 2 6 5 3 0 4
42 33 9 0 7 6 5 4 2 3 1
42 33 9 7 6 0 5 4 2 3 1
42 33 9 5 7 2 1 4 0 3 6
42 33 9 5 7 0 1 4 3 2 6
42 33 9 7 0 2 6 4 3 5 1
42 33 9 7 0 2 1 3 4 6 5
42 33 9 3 7 2 5 0 6 1 4
42 34 8 4 0 7 5 1 3 6 2
42 34 8 5 0 7 1 4 3 6 2
42 34 8 5 7 1 0 4 3 6 2
42 34 8 5 7 6 2 4 3 1 0
42 34 8 0 7 2 3 5 4 6 1
42 34 8 7 3 2 6 1 0 4 5
42 34 8 1 4 2 5 7 3 6 0
42 34 8 4 2 6 5 7 3 0 1
42 34 8 4 0 7 2 5 3 6 1
42 34 8 4 7 6 2 5 3 0 1
42 34 8 3 0 7 5 4 6 2 1
42 34 8 3 7 5 0 4 6 2 1
42 34 8 3 2 6 5 4 7 0 1
42 34 8 3 4 2 5 0 7 6 1
42 34 8 3 4 2 5 7 6 0 1
42 34 8 7 3 2 5 0 1 4 6
42 34 8 7 4 3 5 1 0 6 2
42 34 8 7 3 6 5 1 0 4 2
42 34 8 3 4 2 5 1 0 6 7
42 34 8 7 3 6 2 5 0 4 1
42 34 8 1 2 5 4 0 3 6 7
42 34 8 1 2 5 0 7 3 6 4
42 35 7 5 3 0 6 7 4 2 1
42 35 7 5 7 2 4 3 6 0 1
42 35 7 4 3 2 7 5 6 0 1
42 35 7 4 0 2 7 5 3 6 1
42 35 7 4 3 2 5 1 7 6 0
42 35 7 1 0 2 7 3 4 6 5
42 36 6 1 0 2 7 4 3 6 5
42 36 6 1 7 2 0 3 4 6 5
42 36 6 0 3 5 1 7 4 6 2
42 36 6 7 3 5 2 1 4 0 6
42 36 6 7 3 5 2 0 4 6 1
42 37 5 7 3 5 1 2 0 6 4
42 37 5 7 2 5 4 3 6 1 0
42 37 5 1 3 5 0 7 4 2 6
42 37 5 3 0 5 7 1 4 6 2
42 37 5 1 3 0 7 5 4 2 6
42 37 5 1 3 0 2 5 4 6 7
42 40 2 1 3 5 7 2 4 6 0