0 0 0 7 0 2 5 4 3 6 1
12 0 12 7 3 2 5 4 0 6 1
14 0 14 7 2 0 5 4 3 6 1
15 0 15 0 7 2 5 4 3 6 1
23 12 11 7 3 2 5 0 4 6 1
24 12 12 7 3 2 5 4 6 0 1
26 15 11 1 7 2 5 4 3 6 0
27 14 13 7 2 5 0 4 3 6 1
29 14 15 7 2 6 5 4 3 0 1
30 15 15 3 7 2 5 4 0 6 1
31 15 16 4 7 2 5 0 3 6 1
31 15 16 5 7 2 0 4 3 6 1
32 23 9 7 3 2 5 1 4 6 0
34 24 10 7 3 2 5 4 6 1 0
36 23 13 0 3 2 5 7 4 6 1
37 23 14 7 3 2 0 5 4 6 1
37 24 13 7 3 0 5 4 6 2 1
37 26 11 1 7 2 5 4 3 0 6
37 27 10 7 2 5 1 4 3 6 0
39 23 16 7 0 2 5 3 4 6 1
39 26 13 1 7 2 0 4 3 6 5
39 26 13 1 7 2 5 0 3 6 4
39 26 13 1 7 0 5 4 3 6 2
40 27 13 0 2 5 7 4 3 6 1
42 27 15 7 2 5 4 0 3 6 1
42 29 13 7 2 6 5 4 3 1 0
42 30 12 3 7 2 5 0 4 6 1
42 32 10 7 3 2 5 1 4 0 6
43 30 13 3 7 2 5 4 6 0 1
43 30 13 3 0 2 5 4 7 6 1
43 31 12 5 7 2 1 4 3 6 0
44 27 17 7 2 5 6 4 3 0 1
44 32 12 7 3 2 0 1 4 6 5
44 32 12 7 3 0 5 1 4 6 2
45 29 16 7 2 6 5 4 0 3 1
45 31 14 4 7 2 5 1 3 6 0
45 32 13 0 3 2 5 1 4 6 7
45 36 9 1 3 2 5 7 4 6 0
46 37 9 7 3 2 1 5 4 6 0
47 31 16 4 7 2 0 5 3 6 1
47 31 16 5 7 0 2 4 3 6 1
47 31 16 5 7 2 4 0 3 6 1
48 31 17 4 7 2 5 3 0 6 1
48 34 14 7 3 2 0 4 6 1 5
48 34 14 7 3 2 5 0 6 1 4
48 34 14 7 3 0 5 4 6 1 2
48 40 8 1 2 5 7 4 3 6 0
49 34 15 0 3 2 5 4 6 1 7
49 36 13 3 0 2 5 7 4 6 1
49 37 12 0 3 2 7 5 4 6 1
49 37 12 7 3 5 0 4 6 2 1
49 37 12 1 7 2 5 4 0 3 6
49 37 12 1 7 0 5 4 3 2 6
49 37 12 7 2 5 1 4 3 0 6
49 39 10 1 0 7 5 4 3 6 2
49 39 10 1 7 5 0 4 3 6 2
50 31 19 4 0 2 5 7 3 6 1
50 31 19 5 7 2 6 4 3 0 1
50 36 14 5 3 2 0 7 4 6 1
50 37 13 7 3 0 2 5 4 6 1
51 37 14 7 0 3 5 4 6 2 1
51 37 14 7 2 5 1 0 3 6 4
51 39 12 1 7 6 5 4 3 0 2
51 40 11 2 0 5 7 4 3 6 1
52 37 15 7 3 2 6 5 4 0 1
52 37 15 0 2 5 1 4 3 6 7
52 39 13 1 7 2 4 0 3 6 5
52 39 13 1 7 2 5 3 0 6 4
52 39 13 1 7 2 0 5 3 6 4
52 40 12 3 2 5 7 4 0 6 1
52 42 10 3 7 2 5 1 4 6 0
53 36 17 4 3 2 5 7 0 6 1
53 39 14 7 2 0 5 3 4 6 1
53 39 14 1 7 0 2 4 3 6 5
53 40 13 4 2 5 7 0 3 6 1
53 42 11 7 2 5 4 1 3 6 0
53 42 11 7 3 0 5 1 4 2 6
53 44 9 7 3 5 0 1 4 6 2
53 45 8 1 3 2 5 0 4 6 7
54 37 17 7 2 0 1 4 3 6 5
54 39 15 0 7 2 5 3 4 6 1
54 39 15 0 7 2 5 1 3 6 4
54 39 15 1 0 2 5 7 3 6 4
54 42 12 7 3 2 5 1 0 4 6
54 43 11 3 7 2 5 4 6 1 0
54 45 9 1 3 2 5 7 4 0 6
55 39 16 7 4 2 5 3 0 6 1
55 39 16 1 7 2 6 4 3 0 5
55 42 13 7 2 5 4 3 0 6 1
55 44 11 7 0 3 5 1 4 6 2
55 44 11 7 3 6 5 1 4 0 2
56 39 17 0 7 2 1 4 3 6 5
56 42 14 0 2 5 4 7 3 6 1
56 42 14 7 0 5 4 2 3 6 1
56 43 13 0 3 2 5 4 7 6 1
56 43 13 3 2 0 5 4 7 6 1
56 44 12 0 3 2 7 1 4 6 5
56 45 11 3 0 2 5 1 4 6 7
56 45 11 1 3 2 0 7 4 6 5
56 45 11 1 3 0 5 7 4 6 2
56 48 8 1 2 5 7 4 3 0 6
56 49 7 1 3 2 7 5 4 6 0
57 42 15 3 7 2 0 5 4 6 1
57 43 14 3 7 0 5 4 6 2 1
57 43 14 5 7 2 1 4 3 0 6
57 44 13 7 2 5 6 4 3 1 0
57 44 13 7 3 0 2 1 4 6 5
57 45 12 5 3 2 0 1 4 6 7
57 46 11 7 3 2 1 5 4 0 6
57 49 8 1 3 7 5 4 0 6 2
58 42 16 7 2 6 0 4 3 1 5
58 42 16 7 2 0 5 4 3 1 6
58 44 14 7 3 2 1 0 4 6 5
58 47 11 4 7 2 1 5 3 6 0
58 48 10 1 2 5 0 4 3 6 7
58 48 10 1 2 5 7 0 3 6 4
58 49 9 7 3 5 1 4 6 2 0
58 49 9 1 7 5 2 4 3 6 0
59 42 17 7 2 6 5 0 3 1 4
59 43 16 5 7 2 1 0 3 6 4
59 43 16 5 7 0 1 4 3 6 2
59 46 13 7 3 0 1 5 4 6 2
59 47 12 5 7 2 4 1 3 6 0
59 48 11 7 3 5 0 4 6 1 2
59 48 11 7 3 1 5 4 6 0 2
59 49 10 5 3 2 7 0 4 6 1
59 52 7 1 7 2 4 5 3 6 0
60 42 18 0 2 6 5 4 3 1 7
60 44 16 7 2 5 6 4 0 3 1
60 44 16 7 3 2 6 1 4 0 5
60 45 15 7 2 6 5 0 4 3 1
60 45 15 7 0 6 5 4 2 3 1
60 45 15 4 7 2 5 1 3 0 6
60 45 15 4 7 2 0 1 3 6 5
60 45 15 4 3 2 5 1 0 6 7
60 46 14 0 3 2 1 5 4 6 7
60 47 13 0 7 2 4 5 3 6 1
60 49 11 3 0 2 7 5 4 6 1
60 49 11 1 7 2 5 0 4 3 6
60 49 11 1 0 7 5 4 3 2 6
60 49 11 1 7 5 0 4 3 2 6
60 50 10 5 3 2 1 7 4 6 0
60 51 9 2 3 5 7 4 0 6 1
61 44 17 7 2 0 6 4 3 5 1
61 47 14 5 7 2 4 3 0 6 1
61 48 13 7 3 2 4 0 6 1 5
61 48 13 7 3 2 0 5 6 1 4
61 48 13 7 0 3 5 4 6 1 2
61 48 13 1 2 0 7 4 3 6 5
61 49 12 0 3 5 7 4 6 2 1
61 49 12 1 0 2 5 4 7 3 6
61 49 12 0 1 7 5 4 3 6 2
61 52 9 3 2 5 7 0 4 6 1
61 52 9 3 0 5 7 4 2 6 1
61 53 8 7 3 5 2 1 4 6 0
62 45 17 4 7 0 5 1 3 6 2
62 47 15 4 7 0 2 5 3 6 1
62 47 15 5 0 7 2 4 3 6 1
62 48 14 0 3 2 7 4 6 1 5
62 48 14 7 3 2 5 6 0 1 4
62 49 13 3 0 2 5 4 6 1 7
62 49 13 4 3 2 5 0 6 1 7
62 49 13 3 2 0 5 7 4 6 1
62 49 13 7 2 5 1 4 0 3 6
62 49 13 1 7 5 4 0 3 6 2
62 51 11 1 7 6 5 4 3 2 0
62 52 10 3 2 5 7 4 6 0 1
62 53 9 0 3 5 7 1 4 6 2
62 53 9 1 3 2 5 4 0 6 7
63 47 16 4 7 2 6 5 3 0 1
63 47 16 5 0 2 4 7 3 6 1
63 48 15 4 7 2 5 3 6 0 1
63 48 15 7 3 0 2 4 6 1 5
63 48 15 7 3 2 1 4 6 0 5
63 48 15 0 3 2 5 7 6 1 4
63 49 14 5 3 2 0 4 6 1 7
63 49 14 7 3 5 2 4 6 0 1
63 49 14 0 7 5 1 4 3 6 2
63 49 14 1 7 5 6 4 3 0 2
63 50 13 7 0 3 2 5 4 6 1
63 51 12 2 5 0 7 4 3 6 1
63 52 11 7 3 2 6 5 4 1 0
63 52 11 1 7 2 4 3 0 6 5
63 52 11 3 7 2 5 1 4 0 6
63 53 10 7 3 5 0 1 4 2 6
63 56 7 1 3 2 7 5 4 0 6
64 47 17 5 7 6 2 4 3 0 1
64 48 16 4 0 2 5 3 7 6 1
64 49 15 6 3 2 5 4 0 1 7
64 49 15 3 4 2 5 7 0 6 1
64 49 15 4 3 2 7 5 0 6 1
64 49 15 7 3 5 4 0 6 2 1
64 49 15 7 2 0 1 4 3 5 6
64 50 14 5 3 0 2 7 4 6 1
64 50 14 7 3 6 2 5 4 0 1
64 51 13 7 0 5 1 2 3 6 4
64 51 13 1 7 6 5 4 0 3 2
64 52 12 2 0 5 1 4 3 6 7
64 52 12 1 7 2 5 3 6 0 4
64 52 12 1 7 0 2 5 3 6 4
64 53 11 4 2 5 7 1 3 6 0
64 53 11 7 3 5 1 0 4 6 2
64 53 11 1 3 2 0 5 4 6 7
64 54 10 1 3 0 5 7 4 2 6
64 56 8 1 3 2 7 0 4 6 5
64 56 8 1 3 5 0 7 4 6 2
64 57 7 5 3 2 7 1 4 6 0
64 57 7 1 3 7 5 0 4 6 2
65 48 17 7 0 2 5 3 6 1 4
65 50 15 5 7 2 6 4 3 1 0
65 51 14 7 2 5 1 3 0 6 4
65 52 13 4 2 5 1 0 3 6 7
65 52 13 3 2 5 1 4 0 6 7
65 52 13 1 0 2 4 7 3 6 5
65 52 13 1 0 2 5 3 7 6 4
65 52 13 1 7 2 6 5 3 0 4
65 52 13 3 7 2 0 1 4 6 5
65 52 13 3 7 0 5 1 4 6 2
65 53 12 7 2 5 4 1 3 0 6
65 53 12 7 0 3 5 1 4 2 6
65 54 11 1 7 2 5 3 4 6 0
65 54 11 1 3 2 5 7 0 6 4
65 54 11 1 3 2 5 7 0 4 6
65 55 10 7 3 6 5 1 4 2 0
65 56 9 1 3 2 5 4 7 6 0
65 56 9 1 2 5 7 4 0 3 6
65 56 9 1 3 0 7 5 4 6 2
65 57 8 1 3 7 5 4 6 0 2
66 50 16 4 2 0 5 7 3 6 1
66 51 15 0 7 3 5 4 6 2 1
66 51 15 7 6 3 5 4 0 2 1
66 51 15 0 2 5 1 7 3 6 4
66 51 15 7 2 5 0 1 3 6 4
66 52 14 7 3 2 6 5 0 4 1
66 52 14 0 7 2 4 1 3 6 5
66 53 13 7 2 5 0 3 4 6 1
66 53 13 1 0 7 2 4 3 6 5
66 53 13 4 0 5 7 2 3 6 1
66 53 13 7 3 5 6 1 4 0 2
66 53 13 1 0 2 5 3 4 6 7
66 54 12 7 3 2 5 0 1 4 6
66 55 11 7 2 5 4 3 6 0 1
66 56 10 1 2 5 4 7 3 6 0
66 56 10 7 3 5 4 2 0 6 1
66 56 10 1 0 3 5 7 4 6 2
66 56 10 1 3 6 5 7 4 0 2
67 50 17 0 4 2 5 7 3 6 1
67 50 17 5 3 2 6 7 4 0 1
67 52 15 7 3 0 6 5 4 2 1
67 52 15 0 7 2 1 5 3 6 4
67 52 15 0 7 2 5 1 4 6 3
67 53 14 4 3 2 5 0 7 6 1
67 53 14 4 3 2 5 7 6 0 1
67 53 14 4 2 5 7 3 0 6 1
67 53 14 7 2 0 4 1 3 6 5
67 53 14 0 2 5 4 1 3 6 7
67 54 13 1 2 0 5 7 3 6 4
67 55 12 0 7 3 5 1 4 6 2
67 56 11 3 0 2 7 1 4 6 5
67 56 11 3 2 0 5 1 4 6 7
67 56 11 1 2 0 7 4 3 5 6
67 57 10 3 7 2 1 5 4 6 0
67 58 9 1 0 5 7 2 3 6 4
67 62 5 1 3 5 7 0 4 6 2
68 50 18 5 7 2 6 4 0 3 1
68 50 18 5 7 0 6 4 3 2 1
68 53 15 7 2 6 5 3 4 0 1
68 53 15 1 7 6 2 4 3 0 5
68 54 14 7 0 2 5 1 3 6 4
68 54 14 7 0 2 5 1 3 4 6
68 55 13 1 7 2 6 4 3 5 0
68 55 13 7 4 3 5 1 0 6 2
68 55 13 7 3 6 5 1 0 4 2
68 56 12 3 2 5 0 4 7 6 1
68 56 12 1 3 0 2 7 4 6 5
68 58 10 1 2 5 7 3 0 6 4
68 58 10 7 3 5 1 4 6 0 2
68 59 9 1 7 2 4 5 3 0 6
68 60 8 2 3 5 7 0 4 6 1
68 61 7 7 3 2 4 5 6 1 0
68 61 7 1 3 5 7 4 6 2 0
68 61 7 3 2 5 7 1 4 6 0
68 64 4 1 3 7 5 2 4 6 0
69 54 15 7 0 2 1 4 3 6 5
69 54 15 7 2 1 0 4 3 6 5
69 54 15 7 2 6 1 4 3 0 5
69 54 15 3 7 2 5 1 0 6 4
69 54 15 0 1 2 5 7 3 6 4
69 54 15 3 7 2 0 4 6 1 5
69 54 15 3 7 2 5 0 6 1 4
69 54 15 3 7 0 5 4 6 1 2
69 55 14 7 0 5 4 3 2 6 1
69 56 13 0 7 5 4 2 3 6 1
69 56 13 7 5 0 4 2 3 6 1
69 56 13 3 4 2 5 1 0 6 7
69 57 12 5 3 0 2 1 4 6 7
69 57 12 7 3 0 1 5 4 2 6
69 58 11 1 2 0 5 4 3 6 7
69 58 11 1 2 5 4 0 3 6 7
69 58 11 1 7 5 2 4 3 0 6
69 59 10 7 3 5 2 4 6 1 0
69 59 10 7 3 1 5 4 6 2 0
69 60 9 1 3 7 5 4 0 2 6
69 60 9 2 3 5 7 4 6 0 1
69 62 7 2 3 5 7 1 4 6 0
69 67 2 1 3 5 7 2 4 6 0