0 0 0 3 2 6 5 7 4 1 0
14 0 14 3 2 6 5 7 4 0 1
14 0 14 3 2 6 5 0 4 1 7
15 0 15 3 2 6 0 7 4 1 5
15 0 15 3 2 0 5 7 4 1 6
18 0 18 0 2 6 5 7 4 1 3
27 14 13 3 2 0 5 7 4 6 1
27 14 13 3 0 6 5 2 4 1 7
27 15 12 3 2 5 0 7 4 1 6
27 15 12 3 2 1 5 7 4 0 6
28 14 14 3 2 6 5 4 0 1 7
28 14 14 3 2 6 0 5 4 1 7
28 15 13 3 0 2 5 7 4 1 6
30 14 16 3 2 6 5 7 0 4 1
30 14 16 0 2 6 5 3 4 1 7
30 15 15 3 2 0 6 7 4 1 5
30 15 15 3 2 6 7 0 4 1 5
31 15 16 0 2 6 3 7 4 1 5
31 15 16 3 2 6 1 7 4 0 5
32 18 14 7 2 6 5 0 4 1 3
33 18 15 2 0 6 5 7 4 1 3
35 18 17 5 2 6 0 7 4 1 3
37 18 19 4 2 6 5 7 0 1 3
37 27 10 3 2 1 5 7 4 6 0
38 27 11 0 3 6 5 2 4 1 7
38 27 11 3 6 0 5 2 4 1 7
38 27 11 3 2 5 7 0 4 1 6
38 28 10 3 2 6 7 5 4 1 0
39 27 12 3 2 5 0 7 4 6 1
39 27 12 3 2 5 6 7 4 1 0
40 27 13 3 0 2 5 7 4 6 1
40 27 13 3 4 6 5 2 0 1 7
40 27 13 3 2 5 1 7 4 0 6
40 28 12 3 2 0 6 5 4 1 7
41 27 14 3 2 1 5 7 0 4 6
41 28 13 3 2 6 5 4 1 0 7
41 28 13 3 0 6 5 4 2 1 7
41 28 13 0 2 6 3 5 4 1 7
41 28 13 3 2 6 1 5 4 0 7
41 28 13 0 3 2 5 7 4 1 6
42 27 15 0 2 5 3 7 4 1 6
43 28 15 3 4 2 5 7 0 1 6
43 30 13 3 0 6 7 2 4 1 5
44 30 14 3 2 1 6 7 4 0 5
44 30 14 3 2 6 7 4 0 1 5
44 31 13 3 2 6 1 7 4 5 0
45 30 15 3 2 6 5 0 7 4 1
45 30 15 3 0 6 5 7 2 4 1
45 30 15 2 0 6 5 3 4 1 7
45 30 15 5 2 6 0 3 4 1 7
45 30 15 7 2 6 5 3 4 1 0
45 31 14 7 2 6 3 0 4 1 5
45 31 14 5 2 6 3 7 4 1 0
45 31 14 3 2 0 1 7 4 6 5
46 30 16 3 0 2 6 7 4 1 5
46 30 16 0 2 6 7 3 4 1 5
46 31 15 2 0 6 3 7 4 1 5
46 31 15 3 2 6 1 7 0 4 5
46 32 14 7 0 6 5 2 4 1 3
47 30 17 4 2 6 5 3 0 1 7
47 31 16 4 2 6 3 7 0 1 5
47 32 15 7 2 6 5 4 0 1 3
47 38 9 3 2 5 7 6 4 1 0
47 38 9 3 0 5 7 2 4 1 6
48 32 16 7 2 6 0 5 4 1 3
48 33 15 2 6 0 5 7 4 1 3
48 38 10 7 3 6 5 2 4 1 0
48 38 10 3 6 5 0 2 4 1 7
48 38 10 3 6 1 5 2 4 0 7
48 38 10 3 2 5 7 4 0 1 6
48 39 9 3 2 5 1 7 4 6 0
49 37 12 3 2 1 5 0 4 6 7
50 33 17 2 4 6 5 7 0 1 3
50 35 15 5 2 6 7 0 4 1 3
50 38 12 2 3 6 5 0 4 1 7
50 38 12 5 3 6 0 2 4 1 7
50 38 12 0 2 5 7 3 4 1 6
50 38 12 3 2 6 7 5 4 0 1
50 39 11 3 2 5 7 0 4 6 1
50 41 9 3 2 6 1 5 4 7 0
51 35 16 5 2 0 6 7 4 1 3
51 37 14 3 2 1 0 7 4 6 5
51 38 13 3 2 0 7 5 4 1 6
51 40 11 3 2 1 6 5 4 0 7
52 35 17 5 2 6 1 7 4 0 3
52 40 12 3 4 6 5 2 1 0 7
52 41 11 3 2 0 1 5 4 6 7
52 41 11 7 3 2 5 0 4 1 6
53 37 16 4 2 6 5 0 7 1 3
53 37 16 4 2 6 5 7 1 0 3
53 37 16 0 2 1 5 7 4 6 3
53 38 15 4 3 6 5 2 0 1 7
53 39 14 3 2 5 6 7 4 0 1
53 39 14 3 2 5 6 0 4 1 7
53 40 13 0 3 2 5 7 4 6 1
53 40 13 3 2 5 1 7 0 4 6
53 40 13 3 0 2 6 5 4 1 7
53 41 12 3 2 6 5 4 1 7 0
53 41 12 3 2 0 5 4 1 6 7
53 41 12 2 0 6 3 5 4 1 7
53 41 12 7 2 6 3 5 4 1 0
53 41 12 3 2 6 1 5 0 4 7
54 37 17 4 0 6 5 7 2 1 3
54 38 16 0 2 6 7 5 4 1 3
54 39 15 0 2 5 3 7 4 6 1
54 40 14 3 4 6 5 0 2 1 7
54 40 14 3 2 0 1 7 4 5 6
54 41 13 3 2 1 5 0 7 4 6
54 41 13 3 0 1 5 7 2 4 6
54 41 13 0 3 6 5 4 2 1 7
54 41 13 3 6 0 5 4 2 1 7
54 41 13 5 2 6 3 0 4 1 7
54 41 13 4 2 6 3 5 0 1 7
54 41 13 6 3 2 5 7 4 1 0
54 42 12 7 2 5 3 0 4 1 6
54 43 11 0 3 6 7 2 4 1 5
54 43 11 3 6 0 7 2 4 1 5
54 47 7 0 3 5 7 2 4 1 6
54 48 6 3 6 5 7 2 4 1 0
55 40 15 3 4 2 5 7 0 6 1
55 41 14 5 3 2 0 7 4 1 6
55 42 13 2 0 5 3 7 4 1 6
55 47 8 3 5 0 7 2 4 1 6
56 42 14 6 2 5 3 7 4 1 0
56 43 13 3 4 6 7 2 0 1 5
56 47 9 3 4 5 7 2 0 1 6
57 39 18 0 2 5 6 7 4 1 3
57 43 14 3 4 2 5 0 7 1 6
57 43 14 3 4 2 5 7 1 0 6
57 44 13 3 2 1 6 7 4 5 0
57 44 13 3 2 6 7 4 1 0 5
57 44 13 3 0 6 7 4 2 1 5
57 45 12 5 2 6 7 3 4 1 0
57 47 10 3 2 5 7 6 4 0 1
57 48 9 3 6 1 5 2 4 7 0
57 48 9 3 2 5 7 4 1 0 6
57 48 9 3 0 5 7 4 2 1 6
57 50 7 5 3 6 7 2 4 1 0
57 50 7 3 2 5 7 1 4 6 0
58 41 17 4 3 2 5 7 0 1 6
58 42 16 4 2 5 3 7 0 1 6
58 45 13 3 2 6 5 1 7 4 0
58 46 12 7 6 0 5 2 4 1 3
58 48 10 7 3 6 5 2 4 0 1
59 44 15 3 2 1 6 7 0 4 5
59 44 15 3 2 6 1 0 4 5 7
59 45 14 5 2 0 6 3 4 1 7
59 45 14 5 2 6 3 7 4 0 1
59 45 14 3 0 2 1 7 4 6 5
59 46 13 0 7 6 5 2 4 1 3
59 47 12 3 2 5 0 6 4 1 7
59 48 11 7 3 0 5 2 4 1 6
59 48 11 3 6 5 1 2 4 0 7
59 48 11 3 2 5 1 0 4 6 7
59 50 9 3 0 5 7 2 4 6 1
60 44 16 3 2 6 0 7 4 5 1
60 45 15 3 0 6 5 2 7 4 1
60 45 15 3 2 6 0 5 7 4 1
60 45 15 0 3 6 5 7 2 4 1
60 45 15 3 6 0 5 7 2 4 1
60 45 15 2 6 0 5 3 4 1 7
60 45 15 5 2 6 1 3 4 0 7
60 45 15 7 2 6 5 3 4 0 1
60 45 15 7 2 6 0 3 4 1 5
60 45 15 7 2 6 3 4 0 1 5
60 46 14 3 2 6 1 0 7 4 5
60 46 14 7 4 6 5 2 0 1 3
60 47 13 4 2 6 3 0 7 1 5
60 47 13 4 2 6 3 7 1 0 5
60 48 12 7 3 6 0 2 4 1 5
60 48 12 3 6 1 5 2 0 4 7
60 49 11 3 0 1 5 2 4 6 7
60 50 10 3 2 5 7 4 0 6 1
60 51 9 3 2 1 6 5 4 7 0
61 45 16 2 4 6 5 3 0 1 7
61 45 16 7 2 0 5 3 4 1 6
61 45 16 7 0 6 3 2 4 1 5
61 45 16 5 2 0 3 7 4 1 6
61 46 15 2 0 6 7 3 4 1 5
61 46 15 2 6 0 3 7 4 1 5
61 46 15 2 4 6 3 7 0 1 5
61 47 14 4 2 6 5 3 1 0 7
61 47 14 7 2 6 5 4 1 0 3
61 47 14 7 0 6 5 4 2 1 3
61 47 14 0 2 5 7 6 4 1 3
61 48 13 7 3 6 5 0 4 1 2
61 48 13 0 6 5 3 2 4 1 7
61 49 12 3 2 1 5 4 0 6 7
61 50 11 2 0 5 7 3 4 1 6
61 50 11 3 2 0 7 5 4 6 1
61 51 10 3 2 1 7 5 4 0 6
61 54 7 6 3 5 7 2 4 1 0
62 45 17 0 2 6 5 3 7 4 1
62 46 16 0 3 2 6 7 4 1 5
62 46 16 3 4 2 6 7 0 1 5
62 46 16 3 0 6 1 7 2 4 5
62 47 15 4 2 6 5 0 3 1 7
62 47 15 3 2 0 7 6 4 1 5
62 48 14 7 2 0 6 5 4 1 3
62 48 14 2 6 5 0 7 4 1 3
62 48 14 2 6 1 5 7 4 0 3
62 49 13 3 2 1 0 5 4 6 7
62 50 12 2 3 6 5 7 4 1 0
62 50 12 5 3 0 6 2 4 1 7
62 50 12 5 3 6 1 2 4 0 7
62 50 12 6 2 5 7 3 4 1 0
62 50 12 0 2 5 7 3 4 6 1
62 50 12 3 2 6 0 5 4 7 1
62 51 11 3 0 2 7 5 4 1 6
62 53 9 1 3 2 5 7 4 6 0
62 54 8 2 3 5 7 0 4 1 6
62 54 8 3 6 5 7 2 4 0 1
62 55 7 3 5 1 7 2 4 0 6
63 44 19 0 2 6 1 7 4 5 3
63 47 16 4 0 6 3 7 2 1 5
63 48 15 7 2 6 1 5 4 0 3
63 48 15 3 6 5 2 0 4 1 7
63 48 15 0 2 5 1 7 4 6 3
63 49 14 0 2 1 5 3 4 6 7
63 50 13 5 0 6 7 2 4 1 3
63 50 13 2 3 6 5 4 0 1 7
63 50 13 3 2 0 1 5 4 7 6
63 51 12 3 2 7 0 5 4 1 6
63 51 12 3 2 1 6 5 0 4 7
63 52 11 3 4 6 5 2 1 7 0
63 52 11 3 4 0 5 2 1 6 7
63 52 11 7 3 2 5 6 4 1 0
63 54 9 7 3 5 0 2 4 1 6
64 46 18 4 2 6 7 3 0 1 5
64 47 17 4 0 6 5 3 2 1 7
64 50 14 5 2 6 7 4 0 1 3
64 50 14 2 3 6 0 5 4 1 7
64 50 14 7 2 5 0 3 4 1 6
64 50 14 3 2 6 7 5 0 4 1
64 50 14 3 2 6 1 0 4 7 5
64 51 13 3 2 1 7 0 4 6 5
64 52 12 3 0 2 1 5 4 6 7
64 52 12 7 3 2 5 4 0 1 6
64 53 11 7 3 2 5 0 4 6 1
64 53 11 3 2 5 0 4 1 6 7
64 54 10 1 2 5 3 7 4 6 0
64 54 10 4 2 6 3 5 1 0 7
64 54 10 3 6 1 7 2 4 0 5
64 55 9 3 5 7 0 2 4 1 6
64 56 8 3 4 5 7 2 1 0 6
64 57 7 3 2 5 7 4 1 6 0
65 50 15 0 2 6 1 5 4 7 3
65 52 13 5 2 6 1 7 4 3 0
65 53 12 7 2 1 5 0 4 6 3
65 53 12 4 3 6 5 2 1 0 7
65 53 12 3 2 5 1 0 7 4 6
65 53 12 3 0 5 1 7 2 4 6
65 53 12 3 0 2 5 4 1 6 7
65 53 12 2 6 0 3 5 4 1 7
65 53 12 2 4 6 3 5 0 1 7
65 53 12 7 2 6 3 5 4 0 1
65 54 11 4 3 5 7 2 0 1 6
65 54 11 3 6 5 7 0 4 1 2
65 57 8 3 2 5 7 1 4 0 6
66 50 16 2 4 6 5 0 7 1 3
66 50 16 2 4 6 5 7 1 0 3
66 50 16 5 3 6 2 0 4 1 7
66 50 16 4 2 5 7 3 0 1 6
66 51 15 5 2 1 6 7 4 0 3
66 51 15 0 2 1 3 7 4 6 5
66 52 14 5 2 0 1 7 4 6 3
66 52 14 7 3 2 0 5 4 1 6
66 53 13 2 0 1 5 7 4 6 3
66 53 13 3 0 5 6 2 4 1 7
66 53 13 0 3 2 6 5 4 1 7
66 53 13 3 4 2 6 5 0 1 7
66 53 13 3 2 6 1 0 5 4 7
66 54 12 7 2 5 3 0 4 6 1
66 54 12 3 1 0 5 7 2 4 6
66 54 12 7 3 6 5 4 2 1 0
66 54 12 3 6 5 0 4 2 1 7
66 54 12 3 6 1 5 4 2 0 7
66 54 12 4 2 6 3 0 5 1 7
66 54 12 7 2 5 3 6 4 1 0
66 54 12 7 0 5 3 2 4 1 6
66 54 12 2 3 6 7 0 4 1 5
66 54 12 3 6 7 0 2 4 1 5
66 54 12 0 6 5 7 2 4 1 3
66 56 10 3 4 5 7 0 2 1 6
66 57 9 0 3 5 7 4 2 1 6
66 57 9 5 3 6 7 2 4 0 1
66 59 7 0 3 5 7 2 4 6 1
67 53 14 4 2 6 5 3 7 1 0
67 53 14 4 2 6 5 7 1 3 0
67 53 14 4 3 6 5 0 2 1 7
67 53 14 3 2 5 6 4 0 1 7
67 53 14 5 3 2 0 7 4 6 1
67 53 14 3 2 6 0 4 1 7 5
67 53 14 7 2 0 3 5 4 1 6
67 53 14 3 0 6 1 5 2 4 7
67 54 13 2 0 6 7 5 4 1 3
67 54 13 2 0 5 3 7 4 6 1
67 54 13 3 2 1 5 6 7 4 0
67 54 13 3 0 1 5 2 7 4 6
67 54 13 0 3 1 5 7 2 4 6
67 54 13 4 0 6 3 5 2 1 7
67 54 13 6 3 2 5 7 4 0 1
67 54 13 6 3 2 5 0 4 1 7
67 54 13 7 2 5 3 4 0 1 6
67 55 12 5 3 2 7 0 4 1 6
67 57 10 3 5 0 7 4 2 1 6
67 57 10 5 3 0 7 2 4 1 6
67 57 10 3 2 5 0 1 4 6 7
67 58 9 7 3 0 5 2 4 6 1
67 59 8 7 3 1 5 2 4 0 6
67 59 8 3 6 5 1 2 4 7 0
67 59 8 3 5 0 7 2 4 6 1
67 62 5 3 5 1 7 2 4 6 0
68 51 17 5 0 2 6 7 4 1 3
68 52 16 5 2 6 1 7 0 4 3
68 52 16 7 0 2 5 3 4 1 6
68 53 15 4 2 6 0 5 7 1 3
68 53 15 5 2 1 0 7 4 6 3
68 53 15 4 0 6 5 2 3 1 7
68 53 15 0 2 5 6 3 4 1 7
68 53 15 3 2 6 5 0 1 7 4
68 53 15 3 2 0 5 4 1 7 6
68 54 14 3 4 6 5 7 2 1 0
68 54 14 3 0 2 1 7 4 5 6
68 54 14 3 2 1 0 7 4 5 6
68 54 14 3 2 1 0 5 7 4 6
68 54 14 5 3 6 0 4 2 1 7
68 54 14 5 2 6 3 4 0 1 7
68 55 13 5 3 2 6 7 4 1 0
68 56 12 3 4 6 7 2 1 0 5
68 57 11 3 2 6 7 4 1 5 0
68 59 9 3 4 5 7 2 0 6 1
68 60 8 3 1 0 5 2 4 6 7
68 61 7 6 3 5 7 2 4 0 1
69 53 16 0 2 6 5 4 7 1 3
69 53 16 4 2 0 5 7 1 6 3
69 53 16 3 2 5 6 7 0 4 1
69 53 16 3 2 0 6 7 4 5 1
69 54 15 5 0 6 3 2 4 1 7
69 54 15 6 3 2 0 7 4 1 5
69 54 15 6 3 0 5 7 4 1 2
69 54 15 4 3 6 7 2 0 1 5
69 55 14 3 4 2 5 0 7 6 1
69 55 14 5 3 0 2 7 4 1 6
69 55 14 5 3 2 1 7 4 0 6
69 55 14 2 5 0 3 7 4 1 6
69 57 12 3 4 2 5 7 1 6 0
69 57 12 3 2 0 7 4 1 6 5
69 57 12 3 2 5 7 6 0 4 1
69 57 12 3 2 0 7 4 1 5 6
69 57 12 5 3 6 7 0 4 1 2
69 57 12 0 2 5 7 1 4 6 3
69 58 11 7 6 5 0 2 4 1 3
69 58 11 7 6 1 5 2 4 0 3
69 59 10 7 0 3 5 2 4 1 6
69 59 10 3 0 5 1 2 4 6 7
69 60 9 0 3 1 5 2 4 6 7
69 60 9 3 0 5 7 4 2 6 1
69 61 8 3 2 1 7 5 4 6 0
69 66 3 1 3 5 7 2 4 6 0