0 0 0 3 2 6 5 7 4 1 0
8 0 8 3 2 6 5 7 4 0 1
8 0 8 3 2 6 0 7 4 1 5
9 0 9 3 2 6 5 0 4 1 7
10 0 10 3 2 0 5 7 4 1 6
10 0 10 0 2 6 5 7 4 1 3
15 8 7 3 2 0 5 7 4 6 1
16 8 8 3 2 6 5 7 0 4 1
16 8 8 3 2 0 6 7 4 1 5
17 8 9 0 2 6 3 7 4 1 5
17 8 9 3 2 6 7 0 4 1 5
17 9 8 3 2 6 5 4 0 1 7
17 9 8 0 2 6 5 3 4 1 7
17 10 7 3 2 5 0 7 4 1 6
18 8 10 3 2 6 1 7 4 0 5
18 9 9 3 0 6 5 2 4 1 7
18 9 9 3 2 6 0 5 4 1 7
18 10 8 3 0 2 5 7 4 1 6
18 10 8 3 2 1 5 7 4 0 6
18 10 8 2 0 6 5 7 4 1 3
18 10 8 7 2 6 5 0 4 1 3
19 10 9 5 2 6 0 7 4 1 3
20 10 10 4 2 6 5 7 0 1 3
21 15 6 3 2 5 0 7 4 6 1
22 15 7 3 0 2 5 7 4 6 1
23 17 6 3 2 5 6 7 4 1 0
24 16 8 3 2 6 5 0 7 4 1
24 16 8 3 0 2 6 7 4 1 5
24 16 8 3 2 1 6 7 4 0 5
24 17 7 0 2 6 7 3 4 1 5
24 17 7 3 2 6 7 5 4 1 0
24 18 6 0 3 6 5 2 4 1 7
24 18 6 3 2 1 5 7 4 6 0
25 16 9 3 0 6 5 7 2 4 1
25 17 8 2 0 6 3 7 4 1 5
25 17 8 7 2 6 3 0 4 1 5
25 17 8 3 2 6 7 4 0 1 5
25 17 8 3 0 6 7 2 4 1 5
25 17 8 3 2 6 5 4 1 0 7
25 17 8 2 0 6 5 3 4 1 7
25 17 8 0 2 5 3 7 4 1 6
25 17 8 3 2 5 7 0 4 1 6
25 18 7 3 2 6 1 7 4 5 0
25 18 7 3 2 0 1 7 4 6 5
25 18 7 3 6 0 5 2 4 1 7
25 18 7 3 2 0 6 5 4 1 7
25 18 7 0 3 2 5 7 4 1 6
26 17 9 5 2 6 3 7 4 1 0
26 17 9 3 0 6 5 4 2 1 7
26 17 9 5 2 6 0 3 4 1 7
26 17 9 7 2 6 5 3 4 1 0
26 17 9 3 2 5 1 7 4 0 6
26 18 8 3 2 6 1 7 0 4 5
26 18 8 3 4 6 5 2 0 1 7
26 18 8 0 2 6 3 5 4 1 7
26 18 8 3 2 1 5 7 0 4 6
26 18 8 2 6 0 5 7 4 1 3
26 18 8 7 2 6 5 4 0 1 3
26 21 5 3 2 5 1 7 4 6 0
27 17 10 4 2 6 3 7 0 1 5
27 17 10 4 2 6 5 3 0 1 7
27 18 9 3 2 6 1 5 4 0 7
27 18 9 3 4 2 5 7 0 1 6
27 18 9 2 4 6 5 7 0 1 3
27 18 9 7 0 6 5 2 4 1 3
27 18 9 7 2 6 0 5 4 1 3
27 19 8 5 2 0 6 7 4 1 3
28 19 9 5 2 6 7 0 4 1 3
28 20 8 4 2 6 5 0 7 1 3
28 20 8 4 2 6 5 7 1 0 3
28 21 7 0 2 5 3 7 4 6 1
28 21 7 3 2 5 7 0 4 6 1
28 22 6 0 3 2 5 7 4 6 1
29 19 10 5 2 6 1 7 4 0 3
29 20 9 4 0 6 5 7 2 1 3
30 21 9 3 2 5 6 7 4 0 1
30 22 8 3 4 2 5 7 0 6 1
30 25 5 0 3 6 7 2 4 1 5
31 23 8 3 2 5 6 0 4 1 7
31 24 7 0 3 2 6 7 4 1 5
31 24 7 3 2 1 6 7 4 5 0
31 24 7 2 0 6 7 3 4 1 5
31 24 7 3 2 6 7 5 4 0 1
31 24 7 2 3 6 5 0 4 1 7
31 24 7 5 3 6 0 2 4 1 7
31 24 7 7 3 6 5 2 4 1 0
31 24 7 3 2 1 0 7 4 6 5
31 25 6 3 6 0 7 2 4 1 5
31 25 6 3 2 6 5 4 1 7 0
31 25 6 0 2 5 7 3 4 1 6
31 25 6 3 2 5 7 6 4 1 0
31 25 6 3 6 5 0 2 4 1 7
32 23 9 0 2 5 6 7 4 1 3
32 24 8 0 2 6 5 3 7 4 1
32 24 8 3 2 6 5 1 7 4 0
32 24 8 3 2 1 6 7 0 4 5
32 24 8 5 2 6 7 3 4 1 0
32 24 8 3 2 1 5 0 4 6 7
32 25 7 7 2 6 3 5 4 1 0
32 25 7 3 4 6 7 2 0 1 5
32 25 7 2 0 5 3 7 4 1 6
32 25 7 7 2 5 3 0 4 1 6
32 25 7 3 2 5 7 4 0 1 6
32 25 7 3 0 5 7 2 4 1 6
32 25 7 3 0 2 1 7 4 6 5
32 25 7 3 6 1 5 2 4 0 7
32 25 7 3 2 1 6 5 4 0 7
32 25 7 7 3 2 5 0 4 1 6
32 27 5 3 2 6 1 5 4 7 0
33 24 9 3 2 6 0 5 7 4 1
33 24 9 3 4 2 6 7 0 1 5
33 24 9 7 2 6 0 3 4 1 5
33 24 9 3 2 0 7 5 4 1 6
33 24 9 0 2 6 7 5 4 1 3
33 24 9 4 3 6 5 2 0 1 7
33 24 9 0 2 1 5 7 4 6 3
33 25 8 0 3 6 5 7 2 4 1
33 25 8 2 6 0 3 7 4 1 5
33 25 8 7 2 6 3 4 0 1 5
33 25 8 3 2 6 7 4 1 0 5
33 25 8 3 0 6 7 4 2 1 5
33 25 8 3 2 0 5 4 1 6 7
33 25 8 2 6 0 5 3 4 1 7
33 25 8 6 2 5 3 7 4 1 0
33 25 8 3 2 6 0 7 4 5 1
33 25 8 3 0 2 6 5 4 1 7
33 25 8 5 3 2 0 7 4 1 6
33 25 8 6 3 2 5 7 4 1 0
33 26 7 2 6 5 0 7 4 1 3
33 26 7 3 2 5 1 0 4 6 7
33 28 5 0 2 5 7 3 4 6 1
33 28 5 3 2 5 7 1 4 6 0
34 24 10 3 0 6 5 2 7 4 1
34 24 10 4 2 6 7 3 0 1 5
34 25 9 3 6 0 5 7 2 4 1
34 25 9 2 4 6 3 7 0 1 5
34 25 9 7 0 6 3 2 4 1 5
34 25 9 2 4 6 5 3 0 1 7
34 25 9 3 2 6 1 0 4 5 7
34 26 8 5 2 6 3 7 4 0 1
34 26 8 0 3 6 5 4 2 1 7
34 26 8 5 2 0 6 3 4 1 7
34 26 8 7 2 6 5 3 4 0 1
34 26 8 3 2 5 1 7 0 4 6
34 26 8 3 2 0 1 7 4 5 6
34 26 8 3 2 6 1 0 7 4 5
34 26 8 3 4 6 5 2 1 0 7
34 26 8 2 0 6 3 5 4 1 7
34 26 8 5 2 6 3 0 4 1 7
34 26 8 3 2 1 5 0 7 4 6
34 26 8 2 6 1 5 7 4 0 3
34 26 8 7 2 6 5 4 1 0 3
34 26 8 0 2 5 1 7 4 6 3
34 27 7 3 2 6 1 5 0 4 7
34 27 7 3 2 0 1 5 4 6 7
34 27 7 0 7 6 5 2 4 1 3
34 27 7 7 6 0 5 2 4 1 3
34 27 7 7 2 0 6 5 4 1 3
34 28 6 2 0 5 3 7 4 6 1
34 28 6 7 2 5 3 0 4 6 1
34 28 6 1 2 5 3 7 4 6 0
34 28 6 3 2 5 7 4 0 6 1
34 28 6 3 0 5 7 2 4 6 1
34 28 6 7 3 2 5 0 4 6 1
34 28 6 1 3 2 5 7 4 6 0
35 25 10 4 2 5 3 7 0 1 6
35 25 10 0 2 6 1 7 4 5 3
35 25 10 4 3 2 5 7 0 1 6
35 26 9 3 6 0 5 4 2 1 7
35 26 9 3 0 6 1 7 2 4 5
35 26 9 3 4 6 5 0 2 1 7
35 26 9 4 2 6 3 5 0 1 7
35 26 9 3 0 1 5 7 2 4 6
35 26 9 7 0 6 5 4 2 1 3
35 27 8 4 2 6 3 0 7 1 5
35 27 8 4 2 6 3 7 1 0 5
35 27 8 4 2 6 5 0 3 1 7
35 27 8 4 2 6 5 3 1 0 7
35 27 8 7 4 6 5 2 0 1 3
35 27 8 5 0 2 6 7 4 1 3
35 27 8 5 2 1 6 7 4 0 3
35 28 7 4 2 6 5 7 1 3 0
35 28 7 5 3 2 0 7 4 6 1
35 31 4 5 3 6 7 2 4 1 0
35 31 4 3 6 5 7 2 4 1 0
36 26 10 5 2 0 3 7 4 1 6
36 26 10 5 2 6 1 3 4 0 7
36 26 10 7 2 0 5 3 4 1 6
36 27 9 4 0 6 3 7 2 1 5
36 27 9 4 0 6 5 3 2 1 7
36 27 9 3 4 2 5 0 7 1 6
36 27 9 3 4 2 5 7 1 0 6
36 27 9 2 4 6 5 0 7 1 3
36 27 9 2 4 6 5 7 1 0 3
36 27 9 7 2 6 1 5 4 0 3
36 28 8 5 2 6 7 4 0 1 3
36 28 8 5 0 6 7 2 4 1 3
36 28 8 0 2 6 5 4 7 1 3
36 28 8 4 2 6 5 3 7 1 0
36 28 8 4 2 0 5 7 1 6 3
36 29 7 5 2 6 1 7 4 3 0
36 29 7 5 2 0 1 7 4 6 3
36 30 6 2 3 6 7 0 4 1 5
36 32 4 0 3 5 7 2 4 1 6
37 28 9 4 2 6 0 5 7 1 3
37 28 9 4 2 5 3 7 0 6 1
37 28 9 4 3 2 5 7 0 6 1
37 29 8 5 2 6 1 7 0 4 3
37 30 7 7 3 6 0 2 4 1 5
37 31 6 3 2 0 7 5 4 6 1
37 31 6 5 3 0 6 2 4 1 7
37 31 6 7 3 6 5 2 4 0 1
37 31 6 3 6 1 7 2 4 0 5
37 31 6 2 0 5 7 3 4 1 6
37 31 6 3 2 5 7 6 4 0 1
37 32 5 3 2 1 6 5 4 7 0
37 34 3 0 3 5 7 2 4 6 1
38 28 10 4 0 6 5 2 7 1 3
38 29 9 0 4 6 5 7 2 1 3
38 29 9 4 6 0 5 7 2 1 3
38 30 8 3 2 5 6 7 0 4 1
38 30 8 3 2 0 6 7 4 5 1
38 30 8 3 4 2 5 0 7 6 1
38 30 8 3 4 2 5 7 6 0 1
38 30 8 4 3 6 7 2 0 1 5
38 31 7 0 2 5 6 3 4 1 7
38 31 7 7 3 2 6 0 4 1 5
38 31 7 2 6 0 7 3 4 1 5
38 31 7 3 2 6 7 5 0 4 1
38 31 7 2 3 6 5 7 4 1 0
38 31 7 3 6 7 0 2 4 1 5
38 31 7 3 2 6 0 4 1 7 5
38 31 7 6 2 5 7 3 4 1 0
38 31 7 3 2 5 0 6 4 1 7
38 31 7 0 6 5 3 2 4 1 7
38 32 6 3 5 0 7 2 4 1 6
38 32 6 3 4 5 7 2 0 1 6
38 32 6 0 3 2 1 7 4 6 5
38 32 6 3 6 1 5 2 4 7 0
38 32 6 3 2 6 0 5 4 7 1
38 33 5 2 0 5 7 3 4 6 1
38 33 5 1 2 5 7 3 4 6 0
39 31 8 3 2 5 6 4 0 1 7
39 31 8 3 0 5 6 2 4 1 7
39 31 8 6 3 2 0 7 4 1 5
39 31 8 5 3 2 6 7 4 1 0
39 31 8 3 2 1 0 7 4 5 6
39 31 8 2 4 6 7 3 0 1 5
39 31 8 2 3 6 5 4 0 1 7
39 31 8 5 3 6 1 2 4 0 7
39 31 8 7 3 6 5 0 4 1 2
39 31 8 7 3 0 5 2 4 1 6
39 31 8 0 2 1 3 7 4 6 5
39 31 8 3 2 1 7 0 4 6 5
39 31 8 3 2 6 5 0 1 7 4
39 31 8 7 2 5 0 3 4 1 6
39 31 8 0 2 5 7 6 4 1 3
39 31 8 3 6 5 1 2 4 0 7
39 32 7 2 0 5 6 7 4 1 3
39 32 7 7 2 5 6 0 4 1 3
39 32 7 5 2 6 7 3 4 0 1
39 32 7 0 2 1 5 3 4 6 7
39 32 7 7 2 6 3 5 4 0 1
39 32 7 3 4 6 7 2 1 0 5
39 32 7 7 2 5 3 6 4 1 0
39 32 7 3 2 5 7 4 1 0 6
39 32 7 3 0 5 7 4 2 1 6
39 32 7 3 2 1 6 5 0 4 7
39 32 7 7 3 2 5 6 4 1 0
39 33 6 3 2 6 1 5 7 4 0
39 33 6 2 6 5 3 7 4 1 0
39 33 6 0 2 5 1 3 4 6 7
39 33 6 3 2 5 7 1 4 0 6
39 33 6 3 2 5 0 1 4 6 7
39 34 5 1 2 5 0 7 4 6 3
39 34 5 3 5 0 7 2 4 6 1
39 34 5 3 4 5 7 2 0 6 1
39 34 5 1 3 2 0 7 4 6 5
40 31 9 3 2 1 6 0 4 5 7
40 31 9 2 3 6 0 5 4 1 7
40 31 9 5 3 6 2 0 4 1 7
40 31 9 3 2 0 5 4 1 7 6
40 31 9 0 2 6 5 4 1 7 3
40 31 9 4 2 5 7 3 0 1 6
40 31 9 3 2 0 7 6 4 1 5
40 31 9 3 6 5 2 0 4 1 7
40 32 8 6 2 5 0 7 4 1 3
40 32 8 1 2 6 5 3 7 4 0
40 32 8 3 2 6 5 1 7 0 4
40 32 8 3 2 6 0 1 7 4 5
40 32 8 3 2 1 6 0 7 4 5
40 32 8 3 2 1 5 4 0 6 7
40 32 8 3 0 1 5 2 4 6 7
40 32 8 3 4 6 7 0 2 1 5
40 32 8 2 5 0 3 7 4 1 6
40 32 8 2 4 5 3 7 0 1 6
40 32 8 7 2 5 3 4 0 1 6
40 32 8 7 0 5 3 2 4 1 6
40 32 8 3 4 2 1 7 0 6 5
40 32 8 3 6 1 5 2 0 4 7
40 32 8 7 3 2 5 4 0 1 6
40 32 8 3 2 6 1 0 4 7 5
40 32 8 3 2 0 1 5 4 7 6
40 32 8 0 2 6 1 5 4 7 3
40 33 7 3 2 0 6 5 7 4 1
40 33 7 3 0 2 7 5 4 1 6
40 33 7 3 2 7 0 5 4 1 6
40 33 7 3 2 1 7 5 4 0 6
40 33 7 2 0 6 7 5 4 1 3
40 33 7 4 3 6 5 2 1 0 7
40 33 7 2 0 1 5 7 4 6 3
40 33 7 7 2 1 5 0 4 6 3
40 33 7 3 2 6 7 4 1 5 0
40 33 7 3 2 0 7 4 1 6 5
40 33 7 0 3 6 7 4 2 1 5
40 33 7 3 2 5 0 4 1 6 7
40 33 7 2 6 5 0 3 4 1 7
40 33 7 6 2 5 3 7 4 0 1
40 33 7 0 3 2 6 5 4 1 7
40 33 7 5 3 0 2 7 4 1 6
40 33 7 6 3 2 5 7 4 0 1
40 33 7 3 2 5 1 4 0 6 7
40 33 7 3 0 5 1 2 4 6 7
40 33 7 7 2 5 0 3 4 6 1
40 33 7 0 2 5 7 1 4 6 3
40 34 6 2 0 5 1 7 4 6 3
40 34 6 7 2 5 1 0 4 6 3
40 34 6 7 6 5 0 2 4 1 3
40 34 6 7 2 5 3 1 4 6 0
40 34 6 1 2 5 3 7 4 0 6
40 34 6 1 2 5 3 0 4 6 7
40 34 6 3 0 5 7 4 2 6 1
40 34 6 7 3 2 5 1 4 6 0
40 34 6 1 3 2 5 7 4 0 6
40 34 6 1 3 2 5 0 4 6 7
40 35 5 5 3 2 1 7 4 6 0
40 35 5 5 3 6 7 2 4 0 1
40 35 5 3 6 5 7 2 4 0 1
40 37 3 1 3 5 7 2 4 6 0