0 0 0 1 3 6 7 2 0 4 5
4 0 4 1 3 6 7 2 4 0 5
6 0 6 1 3 6 7 0 2 4 5
6 0 6 1 0 6 7 2 3 4 5
7 4 3 1 3 6 7 2 4 5 0
7 4 3 1 3 0 7 2 4 6 5
11 7 4 1 0 3 7 2 4 6 5
11 7 4 1 3 7 0 2 4 6 5
12 6 6 1 3 6 7 5 2 4 0
12 6 6 1 6 0 7 2 3 4 5
12 7 5 1 3 6 0 2 4 5 7
13 6 7 0 3 6 7 1 2 4 5
13 6 7 0 1 6 7 2 3 4 5
13 7 6 1 3 6 7 0 4 5 2
13 7 6 1 3 0 7 2 4 5 6
14 7 7 0 3 6 7 2 4 5 1
14 11 3 1 3 7 5 2 4 6 0
15 6 9 1 0 6 7 3 2 4 5
15 6 9 1 3 6 0 7 2 4 5
16 11 5 0 1 3 7 2 4 6 5
16 11 5 1 4 3 7 2 0 6 5
16 13 3 1 3 5 7 2 4 0 6
17 11 6 0 3 7 1 2 4 6 5
17 12 5 1 3 0 6 2 4 5 7
17 16 1 1 3 5 7 2 4 6 0