0 0 0 4 3 2 5 7 1 0 6
12 0 12 4 3 2 5 7 1 6 0
15 0 15 4 3 2 5 7 0 1 6
15 0 15 4 3 0 5 7 1 2 6
26 12 14 4 3 2 0 7 1 6 5
26 12 14 4 3 2 5 0 1 6 7
28 12 16 4 3 0 5 7 1 6 2
28 12 16 0 3 2 5 7 1 6 4
29 15 14 4 3 2 5 0 7 1 6
29 15 14 4 3 5 0 7 1 2 6
31 15 16 4 0 3 5 7 1 2 6
32 15 17 4 0 2 5 7 3 1 6
38 26 12 0 3 2 5 4 1 6 7
39 26 13 4 3 2 5 1 0 6 7
39 26 13 4 3 2 0 5 1 6 7
40 26 14 0 3 2 4 7 1 6 5
40 28 12 7 3 2 5 0 1 6 4
41 26 15 4 3 0 2 7 1 6 5
41 26 15 4 3 2 7 0 1 6 5
41 28 13 4 3 5 0 7 1 6 2
41 28 13 1 3 2 5 7 0 6 4
42 26 16 4 3 2 6 7 1 0 5
42 28 14 3 0 2 5 7 1 6 4
42 29 13 0 3 2 5 4 7 1 6
42 29 13 4 3 2 5 6 7 1 0
42 29 13 4 3 5 7 0 1 2 6
43 26 17 4 0 2 5 3 1 6 7
43 28 15 4 0 3 5 7 1 6 2
43 28 15 4 3 6 5 7 1 0 2
43 28 15 5 3 2 0 7 1 6 4
43 29 14 4 3 2 0 5 7 1 6
43 29 14 4 3 5 6 7 1 2 0
44 29 15 0 3 5 4 7 1 2 6
45 29 16 4 3 5 2 7 1 0 6
46 31 15 4 1 3 5 7 0 2 6
47 29 18 4 0 2 5 3 7 1 6
47 31 16 0 4 3 5 7 1 2 6
48 32 16 4 2 0 5 7 3 1 6
49 32 17 0 4 2 5 7 3 1 6
49 38 11 7 3 2 5 4 1 6 0
49 38 11 1 3 2 5 4 0 6 7
49 39 10 4 3 2 7 5 1 6 0
50 38 12 3 0 2 5 4 1 6 7
50 39 11 0 3 2 4 5 1 6 7
51 38 13 5 3 2 0 4 1 6 7
51 39 12 4 3 2 5 1 6 0 7
51 39 12 4 3 0 2 5 1 6 7
51 41 10 1 3 2 5 0 7 6 4
52 39 13 4 3 2 6 5 1 0 7
52 40 12 7 3 2 4 0 1 6 5
52 40 12 5 3 2 4 7 1 6 0
52 40 12 1 3 2 4 7 0 6 5
52 40 12 7 3 2 5 1 0 6 4
52 41 11 1 3 2 5 7 6 0 4
52 42 10 0 3 5 7 4 1 2 6
53 40 13 3 0 2 4 7 1 6 5
53 41 12 0 3 2 7 4 1 6 5
53 41 12 4 3 5 2 7 1 6 0
53 41 12 4 3 5 7 0 1 6 2
53 42 11 4 3 5 7 1 0 2 6
53 42 11 4 3 5 7 6 1 2 0
53 43 10 4 3 2 6 5 7 1 0
54 39 15 4 0 2 5 1 3 6 7
54 40 14 7 3 2 0 5 1 6 4
54 41 13 4 3 2 7 1 0 6 5
54 41 13 1 0 2 5 7 3 6 4
55 41 14 4 0 3 2 7 1 6 5
55 41 14 0 3 5 4 7 1 6 2
55 42 13 4 3 2 6 7 1 5 0
55 42 13 3 1 2 5 7 0 6 4
55 42 13 3 0 2 5 4 7 1 6
55 42 13 6 3 2 5 4 7 1 0
55 42 13 4 3 2 0 6 7 1 5
55 43 12 0 3 2 4 5 7 1 6
56 41 15 4 3 6 2 7 1 0 5
56 42 14 3 2 0 5 7 1 6 4
56 42 14 5 3 2 0 4 7 1 6
56 42 14 7 3 2 5 4 0 1 6
56 42 14 4 3 2 5 6 7 0 1
56 43 13 5 3 2 7 0 1 6 4
56 43 13 4 3 0 2 5 7 1 6
56 43 13 4 3 2 1 5 7 0 6
56 44 12 7 3 5 4 0 1 2 6
57 40 17 7 0 2 5 3 1 6 4
57 42 15 4 3 2 6 7 0 1 5
57 43 14 4 2 0 5 3 1 6 7
57 43 14 4 1 2 5 3 0 6 7
57 43 14 4 1 3 5 7 0 6 2
57 43 14 4 3 6 5 7 1 2 0
57 44 13 1 3 5 4 7 0 2 6
57 49 8 1 3 2 5 0 4 6 7
58 41 17 4 3 5 6 7 1 0 2
58 42 16 4 3 0 6 7 1 2 5
58 42 16 4 0 5 7 3 1 2 6
58 43 15 0 4 3 5 7 1 6 2
58 43 15 5 3 0 2 7 1 6 4
58 44 14 3 0 5 4 7 1 2 6
58 44 14 6 3 5 4 7 1 2 0
58 49 9 1 3 2 5 4 6 0 7
59 41 18 4 0 2 7 3 1 6 5
59 42 17 4 3 0 5 6 7 1 2
59 42 17 0 3 2 5 6 7 1 4
59 43 16 0 4 2 5 3 1 6 7
59 43 16 4 3 6 5 7 0 1 2
59 43 16 5 3 2 6 7 1 0 4
59 43 16 4 3 5 6 0 1 2 7
59 46 13 4 1 3 5 7 2 0 6
59 50 9 1 3 2 4 5 0 6 7
59 51 8 5 3 2 7 4 1 6 0
59 51 8 1 3 2 5 4 7 6 0
60 45 15 4 3 5 2 7 0 1 6
60 46 14 4 1 3 5 0 7 2 6
60 49 11 7 3 2 5 4 1 0 6
60 49 11 1 0 2 5 4 3 6 7
60 50 10 3 0 2 4 5 1 6 7
60 50 10 7 3 2 4 5 1 6 0
60 52 8 1 3 2 4 7 6 0 5
60 53 7 4 3 5 7 2 1 6 0
61 43 18 0 3 5 6 7 1 2 4
61 45 16 4 3 0 2 7 1 5 6
61 47 14 7 4 3 5 0 1 2 6
61 49 12 4 3 2 7 5 1 0 6
61 50 11 3 1 2 5 4 0 6 7
61 50 11 5 3 2 4 0 1 6 7
61 51 10 4 3 2 5 1 6 7 0
61 52 9 4 3 2 6 5 1 7 0
61 52 9 1 3 2 4 0 7 6 5
61 52 9 1 3 2 5 7 6 4 0
61 52 9 1 3 5 7 4 0 2 6
62 47 15 4 2 0 5 3 7 1 6
62 47 15 1 4 3 5 7 0 2 6
62 49 13 7 3 2 0 4 1 6 5
62 49 13 7 3 0 5 4 1 6 2
62 50 12 3 2 0 5 4 1 6 7
62 51 11 4 0 3 2 5 1 6 7
62 51 11 1 3 2 0 5 7 6 4
62 52 10 3 0 5 7 4 1 2 6
62 52 10 6 3 5 7 4 1 2 0
62 53 9 0 3 5 7 4 1 6 2
62 53 9 4 3 5 7 1 2 0 6
63 47 16 5 4 3 0 7 1 2 6
63 47 16 6 4 3 5 7 1 2 0
63 48 15 4 2 5 0 7 3 1 6
63 48 15 4 2 1 5 7 3 0 6
63 49 14 4 3 0 7 5 1 6 2
63 49 14 0 3 2 7 5 1 6 4
63 51 12 4 3 6 2 5 1 0 7
63 52 11 1 0 2 4 7 3 6 5
63 53 10 4 3 5 7 1 0 6 2
64 47 17 0 4 2 5 3 7 1 6
64 47 17 4 7 2 5 3 0 1 6
64 49 15 7 4 2 5 0 3 1 6
64 51 13 5 3 0 2 4 1 6 7
64 51 13 0 3 2 5 1 7 6 4
64 52 12 4 3 2 6 5 0 1 7
64 52 12 7 3 2 4 1 0 6 5
64 52 12 5 3 2 4 7 1 0 6
64 52 12 7 3 2 5 1 6 0 4
64 52 12 1 3 0 5 7 6 2 4
64 52 12 7 3 5 0 4 1 2 6
64 53 11 1 3 2 7 4 0 6 5
64 53 11 4 3 5 7 6 1 0 2
64 59 5 1 3 2 4 5 6 0 7
65 51 14 4 3 0 5 1 6 2 7
65 52 13 4 3 0 6 5 1 2 7
65 53 12 3 2 0 4 7 1 6 5
65 53 12 3 1 2 4 7 0 6 5
65 53 12 3 0 2 7 4 1 6 5
65 53 12 4 3 2 6 5 7 0 1
65 56 9 4 3 2 1 5 7 6 0
65 57 8 1 3 2 5 7 4 6 0
66 49 17 5 4 2 0 7 3 1 6
66 49 17 6 4 2 5 7 3 1 0
66 49 17 3 4 2 5 7 0 1 6
66 51 15 1 0 2 5 3 7 6 4
66 52 14 7 0 2 5 1 3 6 4
66 53 13 4 0 5 7 1 3 2 6
66 55 11 7 3 5 4 0 1 6 2
66 55 11 3 0 2 4 5 7 1 6
66 55 11 6 3 2 4 5 7 1 0
66 57 9 1 3 5 4 7 2 0 6
66 58 8 1 3 2 5 4 6 7 0
66 61 5 1 3 5 7 4 2 0 6
67 51 16 5 3 2 6 4 1 0 7
67 52 15 7 0 2 4 3 1 6 5
67 52 15 5 3 0 4 7 1 6 2
67 53 14 4 3 5 2 0 1 6 7
67 53 14 4 3 5 0 6 1 2 7
67 53 14 0 3 5 7 6 1 2 4
67 54 13 7 3 0 2 5 1 6 4
67 54 13 4 3 2 7 1 6 0 5
67 54 13 1 2 0 5 7 3 6 4
67 55 12 2 3 5 4 7 1 6 0
67 55 12 1 3 5 4 7 0 6 2
67 55 12 3 1 2 5 0 7 6 4
67 55 12 5 3 2 4 0 7 1 6
67 56 11 7 3 2 5 0 4 1 6
67 56 11 5 3 2 7 1 0 6 4
67 56 11 4 3 2 1 5 0 7 6
67 57 10 1 3 5 4 0 7 2 6
67 59 8 1 3 2 4 0 5 6 7
67 59 8 1 0 2 4 5 3 6 7
67 60 7 1 3 2 4 7 6 5 0
67 61 6 1 3 2 4 5 7 6 0
67 61 6 1 3 5 7 0 4 2 6
67 64 3 1 3 2 4 5 6 7 0
68 53 15 4 0 5 7 3 1 6 2
68 53 15 4 3 2 6 0 7 1 5
68 53 15 4 3 0 6 5 7 1 2
68 53 15 0 3 2 6 5 7 1 4
68 54 14 4 2 0 5 1 3 6 7
68 54 14 7 3 2 6 5 1 0 4
68 55 13 4 1 3 2 7 0 6 5
68 55 13 3 0 5 4 7 1 6 2
68 55 13 3 1 2 5 7 6 0 4
68 55 13 3 2 0 5 4 7 1 6
68 55 13 3 7 2 5 4 0 1 6
68 55 13 6 3 2 5 4 7 0 1
68 55 13 0 3 2 4 6 7 1 5
68 55 13 7 3 2 4 5 0 1 6
68 56 12 4 0 3 2 5 7 1 6
68 56 12 4 3 1 2 5 7 0 6
68 56 12 7 3 5 4 1 0 2 6
68 56 12 7 3 5 4 6 1 2 0
68 57 11 0 3 2 5 1 4 6 7
68 57 11 1 3 2 0 5 4 6 7
68 58 10 1 3 0 5 4 6 2 7
68 59 9 1 3 2 5 4 7 0 6
68 60 8 4 3 5 7 2 1 0 6
69 53 16 0 3 5 2 7 1 6 4
69 54 15 0 4 2 5 1 3 6 7
69 54 15 4 0 2 7 1 3 6 5
69 54 15 0 1 2 5 7 3 6 4
69 55 14 4 3 0 2 6 7 1 5
69 55 14 4 3 2 1 6 7 0 5
69 56 13 3 2 5 0 7 1 6 4
69 56 13 5 3 2 6 4 7 1 0
69 56 13 4 3 0 1 5 7 2 6
69 57 12 4 1 2 5 3 6 0 7
69 57 12 4 1 3 5 7 6 0 2
69 59 10 5 3 2 7 4 1 0 6
69 60 9 3 2 0 4 5 1 6 7
69 60 9 3 1 2 4 5 0 6 7
69 62 7 4 3 5 7 1 2 6 0
69 66 3 1 3 5 7 4 2 6 0
70 53 17 4 3 0 7 6 1 2 5
70 55 15 0 4 3 2 7 1 6 5
70 55 15 4 3 2 0 7 1 5 6
70 55 15 4 3 2 6 0 1 5 7
70 55 15 6 3 2 0 4 7 1 5
70 55 15 6 3 2 5 0 7 1 4
70 55 15 6 3 0 5 4 7 1 2
70 56 14 4 3 6 2 7 1 5 0
70 56 14 5 3 0 2 4 7 1 6
70 56 14 5 3 2 1 4 7 0 6
70 56 14 7 0 2 5 4 3 1 6
70 56 14 4 3 2 5 6 0 7 1
70 57 13 4 2 5 0 3 1 6 7
70 57 13 4 1 3 5 0 7 6 2
70 57 13 1 0 5 4 7 3 2 6
70 57 13 1 0 2 5 3 4 6 7
70 59 11 4 1 3 5 7 2 6 0
70 59 11 1 3 2 0 4 7 6 5
70 59 11 1 3 0 5 4 7 6 2
70 60 10 7 3 2 4 5 1 0 6
70 60 10 1 3 0 4 7 6 2 5
70 60 10 4 3 5 0 2 1 6 7
70 60 10 0 3 5 7 2 1 6 4
70 61 9 1 0 5 7 4 3 2 6
70 62 8 2 3 5 7 4 1 6 0
70 62 8 1 3 5 7 4 0 6 2
71 56 15 3 2 6 5 7 1 0 4
71 57 14 7 1 2 5 3 0 6 4
71 57 14 4 2 6 5 3 1 0 7
71 57 14 4 1 2 5 0 3 6 7
71 58 13 4 1 5 7 3 0 2 6
71 58 13 7 4 3 5 0 1 6 2
71 58 13 3 1 5 4 7 0 2 6
71 58 13 6 3 5 4 7 1 0 2
71 59 12 5 3 0 7 4 1 6 2
71 60 11 1 2 0 5 4 3 6 7
71 61 10 3 1 2 5 0 4 6 7
71 62 9 3 1 5 7 4 0 2 6
71 62 9 6 3 5 7 4 1 0 2
71 62 9 3 0 5 7 4 1 6 2
71 64 7 1 3 0 4 5 6 2 7
72 56 16 4 3 6 2 7 0 1 5
72 56 16 4 3 0 5 6 7 2 1
72 56 16 5 0 2 7 3 1 6 4
72 57 15 7 2 0 5 3 1 6 4
72 58 14 0 4 5 7 3 1 2 6
72 58 14 2 4 3 5 7 1 6 0
72 58 14 1 4 3 5 7 0 6 2
72 58 14 5 0 3 2 7 1 6 4
72 58 14 6 3 5 0 7 1 2 4
72 58 14 6 3 5 4 0 1 2 7
72 59 13 3 4 2 5 0 1 6 7
72 59 13 5 3 2 6 7 1 4 0
72 60 12 4 1 3 5 6 7 2 0
72 60 12 7 3 0 5 4 1 2 6
72 61 11 3 1 2 5 4 6 0 7
72 61 11 5 3 2 4 1 0 6 7
72 61 11 4 3 2 0 1 6 7 5
72 61 11 4 3 2 0 5 1 7 6
72 61 11 1 3 2 0 7 6 4 5
72 61 11 1 3 2 5 0 6 4 7
72 62 10 7 3 5 0 4 1 6 2
72 62 10 4 1 3 2 5 0 6 7
72 62 10 1 3 0 2 5 7 6 4
72 64 8 1 3 2 7 0 4 6 5
73 55 18 4 3 0 6 7 1 5 2
73 55 18 0 3 2 6 7 1 5 4
73 56 17 7 0 5 4 3 1 2 6
73 57 16 0 7 2 5 3 1 6 4
73 57 16 4 0 2 6 7 3 1 5
73 57 16 4 3 6 0 7 1 2 5
73 57 16 4 3 6 5 0 1 2 7
73 58 15 4 0 3 6 7 1 2 5
73 58 15 4 5 0 7 3 1 2 6
73 58 15 5 4 3 0 7 1 6 2
73 58 15 5 3 6 2 7 1 0 4
73 58 15 3 5 0 4 7 1 2 6
73 59 14 4 0 3 5 6 7 1 2
73 59 14 4 3 5 0 6 7 1 2
73 59 14 4 3 1 5 6 7 0 2
73 59 14 5 3 2 0 6 7 1 4
73 59 14 0 3 5 6 4 1 2 7
73 60 13 0 1 3 5 4 7 2 6
73 60 13 4 1 3 0 5 7 2 6
73 60 13 0 1 2 5 4 3 6 7
73 60 13 7 3 0 4 5 1 6 2
73 60 13 4 3 0 7 2 1 6 5
73 61 12 0 3 2 4 1 7 6 5
73 61 12 1 0 2 4 3 7 6 5
73 62 11 1 4 3 5 7 2 0 6
73 62 11 1 0 3 5 7 4 2 6
73 62 11 3 2 5 0 4 1 6 7
73 62 11 1 3 2 6 5 7 0 4
73 62 11 3 5 0 7 4 1 2 6
73 63 10 4 3 6 2 5 1 7 0
73 63 10 1 2 0 4 7 3 6 5
73 63 10 4 3 5 7 1 6 0 2
73 64 9 1 3 2 7 4 6 0 5
73 66 7 1 3 5 4 7 2 6 0
73 67 6 1 3 5 7 6 4 2 0
73 68 5 1 3 2 7 5 4 6 0
74 58 16 4 3 5 6 7 0 1 2
74 59 15 4 2 0 7 3 1 6 5
74 59 15 4 1 2 7 3 0 6 5
74 59 15 3 0 2 5 6 7 1 4
74 59 15 5 4 2 0 3 1 6 7
74 59 15 7 4 2 5 3 1 6 0
74 59 15 1 4 2 5 3 0 6 7
74 59 15 4 3 6 5 0 7 1 2
74 59 15 5 3 2 6 7 0 1 4
74 59 15 4 3 5 6 1 0 2 7
74 59 15 4 1 0 5 7 2 3 6
74 59 15 0 3 2 5 4 7 6 1
74 60 14 4 3 5 2 0 7 1 6
74 61 13 4 3 2 7 5 0 1 6
74 61 13 4 3 0 7 5 1 2 6
74 61 13 1 3 0 5 7 6 4 2
74 62 12 1 4 3 5 0 7 2 6
74 62 12 7 0 3 5 4 1 6 2
74 62 12 7 3 6 5 4 1 0 2
74 62 12 0 4 3 2 5 1 6 7
74 62 12 6 3 5 0 4 1 2 7
74 62 12 6 3 5 7 0 1 2 4
74 62 12 4 3 0 7 1 2 5 6
74 63 11 1 3 2 7 5 0 6 4
74 64 10 7 3 2 4 1 6 0 5
74 64 10 7 3 2 5 1 6 4 0
74 65 9 1 3 2 5 7 4 0 6
74 66 8 7 3 5 4 2 1 6 0
74 66 8 1 3 0 7 4 2 5 6
74 67 7 1 2 0 4 5 3 6 7
74 67 7 1 3 2 4 5 7 0 6
74 67 7 1 3 2 0 5 6 7 4
75 57 18 0 3 6 5 7 1 2 4
75 58 17 6 3 0 4 7 1 2 5
75 59 16 0 4 2 7 3 1 6 5
75 59 16 7 3 2 5 6 0 1 4
75 59 16 5 3 0 6 7 1 2 4
75 61 14 7 3 5 6 0 1 2 4
75 61 14 7 4 3 5 1 0 2 6
75 61 14 7 4 3 5 6 1 2 0
75 61 14 5 0 2 4 3 1 6 7
75 61 14 4 3 2 5 0 6 7 1
75 61 14 4 3 2 6 0 1 7 5
75 61 14 4 3 0 6 5 1 7 2
75 61 14 0 3 2 6 5 1 7 4
75 62 13 3 2 6 5 4 1 0 7
75 62 13 0 3 2 1 5 7 6 4
75 63 12 3 0 2 7 5 1 6 4
75 63 12 4 0 5 7 1 3 6 2
75 64 11 1 3 5 0 7 6 2 4
75 64 11 7 3 5 6 4 1 2 0
75 64 11 1 0 2 7 4 3 6 5
75 65 10 3 1 2 4 7 6 0 5
75 67 8 1 3 2 4 7 5 6 0
75 67 8 1 3 2 4 0 6 7 5
75 67 8 1 3 0 4 5 6 7 2
75 70 5 1 3 5 7 0 4 6 2
76 61 15 1 3 5 6 7 0 2 4
76 61 15 4 0 3 2 7 1 5 6
76 61 15 7 0 3 5 4 1 2 6
76 61 15 7 4 3 0 5 1 2 6
76 61 15 4 3 0 5 1 6 7 2
76 61 15 0 3 2 5 1 6 7 4
76 62 14 4 2 5 0 3 7 1 6
76 62 14 4 2 1 5 3 7 0 6
76 62 14 7 3 0 2 4 1 6 5
76 63 13 5 4 3 6 7 1 2 0
76 63 13 4 2 5 6 7 3 1 0
76 63 13 4 2 1 5 7 3 6 0
76 63 13 4 0 3 7 5 1 6 2
76 63 13 4 3 7 0 5 1 6 2
76 63 13 4 3 6 7 5 1 0 2
76 63 13 4 3 6 2 5 0 1 7
76 63 13 0 1 2 4 7 3 6 5
76 64 12 1 0 3 5 7 6 2 4
76 64 12 4 3 5 7 6 0 1 2
76 65 11 3 1 2 4 0 7 6 5
76 65 11 3 1 2 7 4 0 6 5
76 65 11 1 3 2 0 7 4 6 5
76 65 11 1 3 0 5 7 4 6 2
76 66 10 3 2 0 4 5 7 1 6
76 66 10 1 3 2 0 4 6 7 5
76 67 9 1 3 5 4 0 7 6 2
76 67 9 1 3 5 4 7 6 0 2
76 67 9 1 3 5 4 6 7 2 0
76 67 9 1 3 2 4 0 6 5 7
76 67 9 0 3 5 7 1 4 2 6
76 69 7 3 1 2 4 5 6 0 7
76 69 7 1 3 5 0 4 2 6 7
76 69 7 1 3 5 7 0 2 6 4
76 70 6 1 3 5 7 4 6 0 2
77 59 18 4 0 6 5 7 3 1 2
77 59 18 4 0 5 6 3 1 2 7
77 60 17 4 0 5 2 7 3 1 6
77 60 17 4 0 3 5 1 7 2 6
77 61 16 3 0 5 6 7 1 2 4
77 62 15 6 3 0 7 4 1 2 5
77 64 13 3 0 2 5 1 7 6 4
77 64 13 4 3 2 5 1 7 6 0
77 64 13 4 3 2 6 0 5 1 7
77 64 13 4 0 2 6 5 3 1 7
77 64 13 7 0 2 4 1 3 6 5
77 64 13 5 3 2 4 7 0 1 6
77 64 13 7 3 0 5 1 6 2 4
77 64 13 7 3 5 2 4 1 0 6
77 65 12 4 0 3 6 5 1 2 7
77 65 12 3 2 6 4 7 1 0 5
77 65 12 3 2 0 7 4 1 6 5
77 65 12 4 3 2 6 5 0 7 1
77 65 12 4 3 2 0 5 7 6 1
77 66 11 7 3 5 4 1 0 6 2
77 66 11 6 3 2 4 5 7 0 1
77 66 11 1 3 2 5 0 6 7 4
77 67 10 3 1 2 5 4 7 6 0
77 67 10 5 3 2 4 6 7 1 0
77 67 10 0 1 2 4 5 3 6 7
77 67 10 1 3 0 4 5 7 6 2
77 68 9 1 3 5 0 4 6 2 7
77 68 9 4 3 5 7 2 0 1 6
77 70 7 1 3 5 7 2 0 6 4
77 71 6 1 0 3 4 5 6 2 7
77 75 2 1 3 5 7 2 4 6 0