0 0 0 4 3 2 5 7 1 0 6
6 0 6 4 3 2 5 7 1 6 0
8 0 8 4 3 2 5 7 0 1 6
8 0 8 4 3 0 5 7 1 2 6
13 6 7 4 3 2 0 7 1 6 5
14 6 8 4 3 2 5 0 1 6 7
15 6 9 4 3 0 5 7 1 6 2
15 6 9 0 3 2 5 7 1 6 4
15 8 7 4 3 5 0 7 1 2 6
16 8 8 4 3 2 5 0 7 1 6
16 8 8 4 0 3 5 7 1 2 6
17 8 9 4 0 2 5 7 3 1 6
20 13 7 4 3 0 2 7 1 6 5
21 13 8 0 3 2 4 7 1 6 5
21 13 8 4 3 2 7 0 1 6 5
21 14 7 4 3 2 5 1 0 6 7
21 14 7 0 3 2 5 4 1 6 7
21 15 6 4 3 5 0 7 1 6 2
21 15 6 4 3 5 6 7 1 2 0
22 15 7 7 3 2 5 0 1 6 4
23 13 10 4 3 2 6 7 1 0 5
23 14 9 4 3 2 0 5 1 6 7
23 15 8 4 0 3 5 7 1 6 2
23 15 8 4 3 6 5 7 1 0 2
23 15 8 3 0 2 5 7 1 6 4
23 15 8 5 3 2 0 7 1 6 4
23 15 8 1 3 2 5 7 0 6 4
23 15 8 0 3 5 4 7 1 2 6
23 15 8 4 3 5 7 0 1 2 6
24 14 10 4 0 2 5 3 1 6 7
24 15 9 4 3 5 2 7 1 0 6
24 16 8 0 3 2 5 4 7 1 6
24 16 8 4 3 2 5 6 7 1 0
24 16 8 0 4 3 5 7 1 2 6
24 16 8 4 1 3 5 7 0 2 6
25 17 8 4 2 0 5 7 3 1 6
26 16 10 4 3 2 0 5 7 1 6
26 17 9 0 4 2 5 7 3 1 6
26 21 5 4 3 5 2 7 1 6 0
27 16 11 4 0 2 5 3 7 1 6
27 21 6 4 3 2 7 1 0 6 5
27 21 6 0 3 2 7 4 1 6 5
27 21 6 4 3 2 7 5 1 6 0
28 20 8 4 0 3 2 7 1 6 5
28 20 8 4 3 6 2 7 1 0 5
28 21 7 7 3 2 4 0 1 6 5
28 21 7 0 3 5 4 7 1 6 2
28 21 7 4 3 5 7 0 1 6 2
28 21 7 4 3 5 6 7 1 0 2
29 21 8 3 0 2 4 7 1 6 5
29 21 8 5 3 2 4 7 1 6 0
29 21 8 1 3 2 4 7 0 6 5
29 21 8 4 3 2 5 1 6 0 7
29 21 8 4 0 2 5 1 3 6 7
29 21 8 3 0 2 5 4 1 6 7
29 21 8 5 3 2 0 4 1 6 7
29 21 8 7 3 2 5 4 1 6 0
29 21 8 1 3 2 5 4 0 6 7
29 21 8 4 3 5 6 0 1 2 7
29 22 7 7 3 2 5 1 0 6 4
29 23 6 1 3 2 5 0 7 6 4
29 23 6 4 3 5 7 1 0 2 6
29 23 6 0 3 5 7 4 1 2 6
29 23 6 4 3 5 7 6 1 2 0
30 21 9 4 0 2 7 3 1 6 5
30 21 9 0 3 5 6 7 1 2 4
30 23 7 4 3 2 6 7 1 5 0
30 23 7 4 3 0 2 5 1 6 7
30 23 7 4 3 6 5 7 1 2 0
30 23 7 5 3 0 2 7 1 6 4
30 23 7 1 3 2 5 7 6 0 4
30 23 7 1 0 2 5 7 3 6 4
30 23 7 7 3 5 4 0 1 2 6
31 21 10 4 3 0 6 7 1 2 5
31 22 9 7 3 2 0 5 1 6 4
31 23 8 4 3 2 6 7 0 1 5
31 23 8 0 3 2 4 5 1 6 7
31 23 8 0 4 3 5 7 1 6 2
31 23 8 4 1 3 5 7 0 6 2
31 23 8 4 3 6 5 7 0 1 2
31 23 8 3 2 0 5 7 1 6 4
31 23 8 3 1 2 5 7 0 6 4
31 23 8 5 3 2 7 0 1 6 4
31 23 8 3 0 5 4 7 1 2 6
31 23 8 6 3 5 4 7 1 2 0
31 23 8 1 3 5 4 7 0 2 6
31 24 7 4 3 5 2 7 0 1 6
32 22 10 7 0 2 5 3 1 6 4
32 23 9 4 0 5 7 3 1 2 6
32 24 8 0 4 2 5 3 1 6 7
32 24 8 4 2 0 5 3 1 6 7
32 24 8 4 1 2 5 3 0 6 7
32 24 8 4 3 0 2 7 1 5 6
32 24 8 4 3 2 5 6 7 0 1
32 24 8 4 3 2 0 6 7 1 5
32 24 8 7 4 3 5 0 1 2 6
32 24 8 4 1 3 5 0 7 2 6
32 24 8 4 1 3 5 7 2 0 6
32 28 4 4 3 5 7 2 1 6 0
33 23 10 4 3 2 6 5 1 0 7
33 23 10 5 3 2 6 7 1 0 4
33 24 9 3 0 2 5 4 7 1 6
33 24 9 5 3 2 0 4 7 1 6
33 24 9 6 3 2 5 4 7 1 0
33 24 9 5 4 3 0 7 1 2 6
33 24 9 6 4 3 5 7 1 2 0
33 24 9 1 4 3 5 7 0 2 6
33 25 8 4 2 5 0 7 3 1 6
33 25 8 4 2 1 5 7 3 0 6
33 26 7 4 3 2 6 5 7 1 0
33 26 7 4 3 5 2 0 1 6 7
33 28 5 4 3 5 7 1 0 6 2
33 28 5 0 3 5 7 4 1 6 2
34 24 10 7 3 2 5 4 0 1 6
34 24 10 4 3 0 5 6 7 1 2
34 24 10 0 3 2 5 6 7 1 4
34 26 8 4 3 0 2 5 7 1 6
34 26 8 0 3 2 4 5 7 1 6
34 26 8 0 3 5 2 7 1 6 4
34 27 7 4 3 2 7 1 6 0 5
34 27 7 4 0 2 7 1 3 6 5
34 27 7 3 0 2 7 4 1 6 5
34 27 7 5 3 2 7 4 1 6 0
34 27 7 1 3 2 7 4 0 6 5
34 27 7 4 3 2 7 5 1 0 6
34 28 6 7 3 5 4 0 1 6 2
34 29 5 1 3 2 5 0 4 6 7
35 26 9 7 4 2 5 0 3 1 6
35 27 8 4 2 0 5 3 7 1 6
35 27 8 7 3 2 0 4 1 6 5
35 27 8 4 3 0 7 5 1 6 2
35 27 8 0 3 2 7 5 1 6 4
35 28 7 4 3 6 2 7 1 5 0
35 28 7 7 3 2 4 1 0 6 5
35 28 7 7 3 2 4 5 1 6 0
35 28 7 3 0 5 4 7 1 6 2
35 28 7 2 3 5 4 7 1 6 0
35 28 7 1 3 5 4 7 0 6 2
35 28 7 4 3 5 6 7 0 1 2
35 29 6 1 3 2 4 0 7 6 5
35 29 6 1 3 2 4 7 6 0 5
35 29 6 4 3 2 5 1 6 7 0
35 29 6 1 3 2 5 4 7 6 0
35 29 6 4 3 5 7 1 2 0 6
35 29 6 4 3 5 7 6 1 0 2
36 26 10 4 3 2 1 5 7 0 6
36 26 10 5 4 2 0 7 3 1 6
36 26 10 6 4 2 5 7 3 1 0
36 27 9 0 4 2 5 3 7 1 6
36 27 9 4 7 2 5 3 0 1 6
36 28 8 0 4 3 2 7 1 6 5
36 28 8 4 1 3 2 7 0 6 5
36 28 8 4 3 6 2 7 0 1 5
36 28 8 4 0 5 7 3 1 6 2
36 28 8 4 3 0 6 7 1 5 2
36 29 7 3 2 0 4 7 1 6 5
36 29 7 1 0 2 4 7 3 6 5
36 29 7 5 3 0 2 4 1 6 7
36 29 7 1 3 2 5 4 6 0 7
36 29 7 1 0 2 5 4 3 6 7
36 29 7 4 3 5 6 1 0 2 7
36 29 7 0 3 5 6 4 1 2 7
36 29 7 0 3 2 5 1 7 6 4
36 29 7 4 0 5 7 1 3 2 6
36 29 7 3 0 5 7 4 1 2 6
36 29 7 6 3 5 7 4 1 2 0
36 29 7 1 3 5 7 4 0 2 6
36 29 7 4 3 5 0 6 1 2 7
36 30 6 1 3 2 5 7 6 4 0
37 26 11 3 4 2 5 7 0 1 6
37 29 8 3 1 2 4 7 0 6 5
37 29 8 5 3 2 4 7 1 0 6
37 29 8 5 3 2 4 0 1 6 7
37 29 8 4 3 0 5 1 6 2 7
37 29 8 0 4 2 5 1 3 6 7
37 29 8 4 2 0 5 1 3 6 7
37 29 8 3 2 0 5 4 1 6 7
37 29 8 3 1 2 5 4 0 6 7
37 29 8 7 3 2 5 4 1 0 6
37 29 8 7 3 2 5 1 6 0 4
37 29 8 7 0 2 5 1 3 6 4
37 29 8 1 3 2 0 5 7 6 4
37 29 8 7 3 5 0 4 1 2 6
37 29 8 0 3 5 7 6 1 2 4
37 30 7 0 4 2 7 3 1 6 5
37 30 7 4 2 0 7 3 1 6 5
37 30 7 4 1 2 7 3 0 6 5
37 30 7 7 3 5 6 0 1 2 4
37 30 7 4 0 3 2 5 1 6 7
37 30 7 1 3 0 5 7 6 2 4
37 30 7 1 2 0 5 7 3 6 4
37 30 7 7 3 5 4 1 0 2 6
37 30 7 7 3 5 4 6 1 2 0
37 31 6 5 3 2 7 1 0 6 4
37 31 6 1 3 5 4 0 7 2 6
37 31 6 1 3 5 4 7 2 0 6
37 32 5 4 3 5 7 2 1 0 6
37 32 5 4 3 5 0 2 1 6 7
38 28 10 7 0 2 4 3 1 6 5
38 29 9 5 3 0 4 7 1 6 2
38 29 9 7 3 0 5 4 1 6 2
38 29 9 1 0 2 5 3 7 6 4
38 29 9 4 3 0 7 6 1 2 5
38 30 8 3 0 5 6 7 1 2 4
38 30 8 6 3 5 0 7 1 2 4
38 30 8 1 3 5 6 7 0 2 4
38 30 8 4 3 2 0 7 1 5 6
38 30 8 4 3 6 2 5 1 0 7
38 30 8 4 3 6 0 7 1 2 5
38 30 8 5 0 3 2 7 1 6 4
38 30 8 5 3 6 2 7 1 0 4
38 30 8 0 1 2 5 7 3 6 4
38 31 7 7 3 0 2 5 1 6 4
38 31 7 3 0 2 4 5 1 6 7
38 31 7 4 1 3 5 7 6 0 2
38 31 7 3 2 5 0 7 1 6 4
38 31 7 6 3 5 4 7 1 0 2
38 31 7 1 0 5 4 7 3 2 6
38 31 7 4 3 5 2 0 7 1 6
38 32 6 0 3 5 7 2 1 6 4
38 34 4 1 3 2 7 0 4 6 5
39 29 10 5 3 2 6 4 1 0 7
39 29 10 4 0 5 6 3 1 2 7
39 30 9 4 3 2 6 0 1 5 7
39 30 9 4 3 6 5 0 1 2 7
39 31 8 4 0 3 6 7 1 2 5
39 31 8 4 3 2 6 0 7 1 5
39 31 8 1 3 2 4 5 0 6 7
39 31 8 7 4 3 5 0 1 6 2
39 31 8 4 1 3 5 0 7 6 2
39 31 8 4 3 6 5 0 7 1 2
39 31 8 3 2 6 5 7 1 0 4
39 31 8 3 1 2 5 0 7 6 4
39 31 8 3 1 2 5 7 6 0 4
39 31 8 3 5 0 4 7 1 2 6
39 31 8 3 1 5 4 7 0 2 6
39 31 8 6 3 5 4 0 1 2 7
39 31 8 4 0 5 2 7 3 1 6
39 32 7 0 4 5 7 3 1 2 6
39 32 7 4 1 5 7 3 0 2 6
39 32 7 4 2 5 0 3 1 6 7
39 32 7 4 1 3 5 7 2 6 0
39 32 7 4 3 0 7 2 1 6 5
39 33 6 4 3 2 6 5 1 7 0
39 33 6 4 3 5 2 1 0 6 7
39 33 6 0 3 5 2 4 1 6 7
39 33 6 4 3 5 7 1 6 0 2
39 33 6 4 0 5 7 1 3 6 2
39 33 6 3 0 5 7 4 1 6 2
39 33 6 2 3 5 7 4 1 6 0
39 33 6 1 3 5 7 4 0 6 2
39 34 5 7 3 5 4 2 1 6 0
39 34 5 1 3 2 5 7 4 6 0
39 35 4 4 3 5 7 1 2 6 0
40 30 10 0 3 2 6 7 1 5 4
40 30 10 0 3 6 5 7 1 2 4
40 30 10 7 0 5 4 3 1 2 6
40 31 9 4 0 2 6 7 3 1 5
40 31 9 5 4 3 0 7 1 6 2
40 31 9 2 4 3 5 7 1 6 0
40 31 9 1 4 3 5 7 0 6 2
40 31 9 4 0 6 5 7 3 1 2
40 31 9 5 0 2 7 3 1 6 4
40 32 8 0 7 2 5 3 1 6 4
40 32 8 7 2 0 5 3 1 6 4
40 32 8 7 1 2 5 3 0 6 4
40 32 8 4 5 0 7 3 1 2 6
40 32 8 3 4 2 5 0 1 6 7
40 32 8 4 2 6 5 3 1 0 7
40 32 8 4 1 2 5 0 3 6 7
40 32 8 4 1 2 5 3 6 0 7
40 32 8 4 0 3 2 7 1 5 6
40 32 8 4 3 2 5 6 0 7 1
40 32 8 4 3 0 5 6 7 2 1
40 32 8 4 3 0 2 6 7 1 5
40 32 8 7 4 3 5 1 0 2 6
40 32 8 7 4 3 5 6 1 2 0
40 32 8 0 1 3 5 4 7 2 6
40 32 8 4 1 3 5 6 7 2 0
40 33 7 5 3 2 6 7 1 4 0
40 33 7 5 3 2 6 4 7 1 0
40 33 7 5 4 3 6 7 1 2 0
40 33 7 1 4 3 5 0 7 2 6
40 33 7 1 4 3 5 7 2 0 6
40 33 7 1 0 3 5 7 4 2 6
40 33 7 4 2 5 6 7 3 1 0
40 33 7 4 2 1 5 7 3 6 0
40 33 7 7 3 5 0 4 1 6 2
40 34 6 7 3 5 2 0 1 6 4
40 34 6 4 3 2 7 1 6 5 0
40 34 6 1 3 2 7 4 6 0 5
40 34 6 1 0 2 7 4 3 6 5
40 34 6 7 3 5 4 1 0 6 2
40 34 6 0 3 2 5 1 4 6 7
40 35 5 1 3 5 4 0 7 6 2
40 35 5 1 3 2 4 7 6 5 0
40 36 4 1 3 5 7 0 4 2 6
41 31 10 7 3 2 6 5 1 0 4
41 31 10 6 3 0 4 7 1 2 5
41 32 9 5 4 2 0 3 1 6 7
41 32 9 7 4 2 5 3 1 6 0
41 32 9 1 4 2 5 3 0 6 7
41 32 9 0 3 2 4 6 7 1 5
41 32 9 7 4 3 0 5 1 2 6
41 32 9 4 1 3 0 5 7 2 6
41 32 9 4 1 0 5 7 2 3 6
41 33 8 4 3 2 6 5 0 1 7
41 33 8 4 3 0 6 5 1 2 7
41 33 8 5 3 2 6 7 0 1 4
41 33 8 5 3 0 6 7 1 2 4
41 33 8 3 2 0 5 4 7 1 6
41 33 8 5 3 0 2 4 7 1 6
41 33 8 6 3 2 5 4 7 0 1
41 33 8 6 3 2 0 4 7 1 5
41 33 8 6 4 3 5 7 1 0 2
41 33 8 6 4 3 0 7 1 2 5
41 33 8 0 2 5 4 7 3 1 6
41 33 8 4 2 1 5 7 0 3 6
41 33 8 4 3 2 6 5 7 0 1
41 34 7 7 3 2 5 0 4 1 6
41 34 7 4 3 5 0 6 7 1 2
41 34 7 4 0 3 2 5 7 1 6
41 34 7 3 0 2 4 5 7 1 6
41 34 7 3 0 5 2 7 1 6 4
41 34 7 2 3 5 0 7 1 6 4
41 34 7 1 3 5 2 7 0 6 4
41 34 7 4 3 0 7 1 6 2 5
41 34 7 0 4 2 7 1 3 6 5
41 34 7 4 2 0 7 1 3 6 5
41 34 7 3 2 0 7 4 1 6 5
41 34 7 3 1 2 7 4 0 6 5
41 34 7 5 3 2 7 4 1 0 6
41 34 7 4 3 2 7 5 0 1 6
41 34 7 4 3 0 7 5 1 2 6
41 34 7 1 3 2 0 5 4 6 7
41 35 6 1 3 5 4 7 6 0 2
41 35 6 1 0 5 4 7 3 6 2
41 35 6 1 3 2 4 5 7 6 0
41 35 6 1 3 0 4 7 6 2 5
41 35 6 1 3 2 0 4 7 6 5
41 35 6 4 3 5 7 6 0 1 2
41 36 5 1 3 2 5 4 6 7 0
41 36 5 1 3 5 7 4 2 0 6
41 37 4 1 3 5 4 7 2 6 0
42 32 10 4 3 2 1 6 7 0 5
42 32 10 7 0 3 5 4 1 2 6
42 32 10 4 0 3 5 1 7 2 6
42 33 9 3 7 2 5 4 0 1 6
42 33 9 6 3 2 5 0 7 1 4
42 33 9 5 4 0 3 7 1 2 6
42 33 9 6 4 3 5 0 1 2 7
42 33 9 4 2 5 7 0 3 1 6
42 33 9 4 0 5 2 3 1 6 7
42 34 8 4 0 3 5 6 7 1 2
42 34 8 4 3 1 5 6 7 0 2
42 34 8 4 3 1 2 5 7 0 6
42 34 8 5 3 2 4 0 7 1 6
42 34 8 6 3 2 4 5 7 1 0
42 34 8 5 3 0 7 4 1 6 2
42 34 8 1 0 2 5 3 4 6 7
42 35 7 7 3 0 2 4 1 6 5
42 35 7 4 0 3 7 5 1 6 2
42 35 7 4 3 7 0 5 1 6 2
42 35 7 4 3 6 7 5 1 0 2
42 35 7 3 0 2 7 5 1 6 4
42 35 7 1 3 2 7 5 0 6 4
42 35 7 7 3 2 4 1 6 0 5
42 35 7 7 3 2 4 5 1 0 6
42 35 7 3 1 5 4 7 0 6 2
42 35 7 2 3 5 4 7 1 0 6
42 35 7 2 3 5 4 0 1 6 7
42 35 7 4 3 5 6 0 7 1 2
42 35 7 0 3 2 4 1 7 6 5
42 35 7 4 3 2 0 1 6 7 5
42 35 7 1 3 2 5 4 7 0 6
42 35 7 4 3 0 7 1 2 5 6
42 35 7 4 3 0 7 6 1 5 2
42 36 6 4 3 2 1 5 7 6 0
42 36 6 0 4 5 7 3 1 6 2
42 36 6 4 1 5 7 3 0 6 2
42 36 6 1 2 0 4 7 3 6 5
42 36 6 6 3 5 7 4 1 0 2
42 36 6 1 0 5 7 4 3 2 6
42 37 5 4 3 5 7 2 0 1 6
42 38 4 1 3 2 7 5 4 6 0
42 39 3 1 3 5 7 0 4 6 2
43 33 10 5 3 2 1 4 7 0 6
43 33 10 6 3 0 5 4 7 1 2
43 33 10 5 4 3 7 0 1 2 6
43 33 10 5 4 3 2 7 1 0 6
43 33 10 4 2 5 1 7 3 0 6
43 33 10 4 3 0 6 5 7 1 2
43 33 10 0 3 2 6 5 7 1 4
43 34 9 7 0 2 5 4 3 1 6
43 34 9 3 0 2 5 6 7 1 4
43 34 9 5 3 2 0 6 7 1 4
43 34 9 7 3 2 4 5 0 1 6
43 34 9 7 0 5 4 3 1 6 2
43 35 8 4 2 5 0 3 7 1 6
43 35 8 4 2 1 5 3 7 0 6
43 35 8 4 3 6 0 7 1 5 2
43 35 8 7 0 2 4 1 3 6 5
43 35 8 3 5 0 4 7 1 6 2
43 35 8 4 0 5 6 7 3 1 2
43 35 8 4 3 2 5 0 6 7 1
43 35 8 1 3 0 5 4 7 6 2
43 36 7 4 3 2 1 5 0 7 6
43 36 7 4 1 3 2 7 6 0 5
43 36 7 4 5 0 7 3 1 6 2
43 36 7 3 2 6 4 7 1 0 5
43 36 7 1 3 0 5 4 6 2 7
43 36 7 1 2 0 5 4 3 6 7
43 36 7 4 3 5 6 1 2 0 7
43 36 7 0 4 5 7 1 3 2 6
43 36 7 3 1 5 7 4 0 2 6
43 36 7 6 3 5 0 4 1 2 7
43 36 7 6 3 5 7 0 1 2 4
43 36 7 1 3 2 0 7 6 4 5
43 37 6 1 3 0 2 5 7 6 4
43 37 6 7 3 5 6 4 1 2 0
43 37 6 1 0 3 5 7 6 2 4
43 37 6 1 3 5 0 7 6 2 4
43 37 6 1 2 5 0 7 3 6 4
43 37 6 1 3 5 4 6 7 2 0
43 37 6 4 3 0 7 2 1 5 6
43 37 6 4 3 0 5 2 1 6 7
43 37 6 0 3 5 4 2 1 6 7
43 38 5 3 0 5 7 2 1 6 4
43 38 5 2 3 5 7 0 1 6 4
43 38 5 1 3 5 7 2 0 6 4
43 38 5 0 3 2 7 1 4 6 5
44 33 11 6 4 0 5 7 1 2 3
44 34 10 7 3 2 5 6 0 1 4
44 35 9 7 4 2 5 3 0 1 6
44 35 9 7 4 2 5 6 3 1 0
44 35 9 4 3 6 2 0 1 5 7
44 35 9 7 3 0 4 5 1 6 2
44 35 9 2 3 0 4 7 1 6 5
44 35 9 1 0 2 4 3 7 6 5
44 35 9 4 3 0 5 1 6 7 2
44 35 9 0 3 2 5 1 6 7 4
44 35 9 0 3 2 5 4 7 6 1
44 36 8 4 3 0 1 5 7 2 6
44 36 8 5 4 2 6 7 3 1 0
44 36 8 7 4 3 2 0 1 6 5
44 36 8 4 1 3 2 0 7 6 5
44 36 8 4 3 6 2 0 7 1 5
44 36 8 4 0 3 6 7 1 5 2
44 36 8 3 2 4 0 7 1 6 5
44 36 8 0 1 2 4 7 3 6 5
44 36 8 5 0 3 2 4 1 6 7
44 36 8 5 3 6 2 4 1 0 7
44 36 8 0 1 2 5 4 3 6 7
44 36 8 4 0 5 6 1 3 2 7
44 36 8 3 0 5 6 4 1 2 7
44 36 8 1 3 5 6 4 0 2 7
44 36 8 3 0 2 5 1 7 6 4
44 36 8 5 3 2 0 1 7 6 4
44 36 8 4 3 2 5 1 7 6 0
44 36 8 4 5 0 7 1 3 2 6
44 36 8 3 5 0 7 4 1 2 6
44 36 8 4 3 0 5 6 1 2 7
44 36 8 0 3 5 4 6 1 2 7
44 36 8 1 3 2 5 0 6 4 7
44 37 7 3 1 2 4 7 6 0 5
44 37 7 5 3 2 4 1 0 6 7
44 37 7 4 0 3 5 1 6 2 7
44 37 7 4 3 5 0 1 6 2 7
44 37 7 1 4 2 5 0 3 6 7
44 37 7 4 2 5 0 1 3 6 7
44 37 7 3 2 5 0 4 1 6 7
44 37 7 3 1 2 5 0 4 6 7
44 37 7 7 3 2 5 1 6 4 0
44 37 7 3 0 5 7 6 1 2 4
44 37 7 1 3 5 7 6 0 2 4
44 37 7 3 4 2 7 0 1 6 5
44 37 7 4 1 2 7 0 3 6 5
44 37 7 7 3 5 6 1 0 2 4
44 37 7 0 4 3 2 5 1 6 7
44 37 7 4 1 3 2 5 0 6 7
44 37 7 1 2 6 5 7 3 0 4
44 37 7 7 3 5 4 1 2 0 6
44 37 7 7 3 5 4 6 1 0 2
44 37 7 7 3 5 0 6 1 2 4
44 37 7 5 3 2 7 1 6 0 4
44 37 7 5 0 2 7 1 3 6 4
44 37 7 0 3 5 4 1 7 2 6
44 37 7 1 3 0 4 7 2 5 6
44 38 6 1 3 5 6 0 7 2 4
44 38 6 1 3 5 6 7 2 0 4
44 38 6 4 3 6 2 5 1 7 0
44 38 6 3 2 0 4 5 1 6 7
44 38 6 4 1 3 5 7 6 2 0
44 38 6 3 2 5 4 7 1 6 0
44 38 6 7 3 5 0 2 1 6 4
44 39 5 1 3 2 4 5 6 0 7
44 39 5 4 2 5 7 3 1 6 0
44 39 5 4 3 5 7 1 6 2 0
44 39 5 1 3 5 7 4 6 0 2
44 39 5 1 0 5 7 4 3 6 2
44 39 5 1 3 2 0 7 4 6 5
44 40 4 1 3 5 4 2 7 6 0
44 40 4 1 3 5 7 6 4 2 0
44 41 3 1 3 5 7 4 2 6 0
44 42 2 1 3 5 7 2 4 6 0