0 0 0 0 4 5 6 2 3 7 1
12 0 12 1 4 5 6 2 3 7 0
15 0 15 2 4 5 6 0 3 7 1
15 0 15 6 4 5 0 2 3 7 1
16 0 16 4 0 5 6 2 3 7 1
16 0 16 3 4 5 6 2 0 7 1
22 12 10 1 4 5 0 2 3 7 6
23 12 11 1 4 5 6 2 3 0 7
26 12 14 1 4 5 6 0 3 7 2
26 15 11 6 4 5 1 2 3 7 0
28 12 16 1 4 0 6 2 3 7 5
28 15 13 2 4 5 6 1 3 7 0
28 15 13 6 4 5 7 2 3 0 1
28 16 12 3 0 5 6 2 4 7 1
29 16 13 3 4 5 6 2 7 0 1
30 15 15 2 4 5 6 3 0 7 1
30 15 15 6 4 0 5 2 3 7 1
30 16 14 4 3 5 6 2 0 7 1
31 15 16 2 4 5 0 6 3 7 1
31 16 15 3 4 5 6 0 2 7 1
31 22 9 1 4 5 7 2 3 0 6
33 15 18 2 0 5 6 4 3 7 1
33 16 17 4 5 0 6 2 3 7 1
33 22 11 1 4 0 5 2 3 7 6
34 15 19 6 4 5 2 0 3 7 1
35 23 12 1 4 5 6 2 0 3 7
36 22 14 0 4 5 1 2 3 7 6
36 31 5 1 4 5 7 2 3 6 0
37 22 15 1 4 5 2 0 3 7 6
37 23 14 1 4 0 6 2 3 5 7
37 28 9 6 4 5 7 2 3 1 0
38 26 12 6 4 5 1 2 3 0 7
39 26 13 1 4 5 6 3 0 7 2
39 31 8 1 4 5 7 2 0 3 6
40 26 14 1 4 5 0 6 3 7 2
40 28 12 6 4 5 7 2 0 3 1
40 28 12 0 3 5 6 2 4 7 1
40 29 11 3 4 5 6 2 7 1 0
41 26 15 1 0 5 6 4 3 7 2
41 28 13 1 0 4 6 2 3 7 5
41 28 13 1 4 7 6 2 3 0 5
41 28 13 3 5 0 6 2 4 7 1
41 31 10 1 4 0 7 2 3 5 6
42 26 16 0 4 5 6 1 3 7 2
42 26 16 6 4 5 1 0 3 7 2
42 28 14 1 4 6 0 2 3 7 5
42 28 14 2 4 5 6 1 3 0 7
42 28 14 2 4 5 0 1 3 7 6
42 28 14 6 4 0 7 2 3 5 1
42 31 11 2 4 5 1 6 3 7 0
42 33 9 1 4 7 5 2 3 0 6
43 30 13 6 4 7 5 2 3 0 1
43 30 13 4 3 5 6 2 7 0 1
44 26 18 6 4 0 1 2 3 7 5
44 28 16 2 4 0 6 1 3 7 5
44 31 13 3 4 5 6 1 2 7 0
44 33 11 1 0 4 5 2 3 7 6
45 29 16 3 4 0 6 2 7 5 1
45 30 15 2 4 5 6 3 7 0 1
45 30 15 2 0 5 6 3 4 7 1
45 30 15 6 0 4 5 2 3 7 1
45 30 15 4 3 5 6 0 2 7 1
45 35 10 1 0 5 6 2 4 3 7
45 36 9 1 4 5 0 2 3 6 7
45 39 6 1 0 5 7 2 4 3 6
46 31 15 2 4 0 5 6 3 7 1
46 31 15 2 4 5 7 6 3 0 1
46 36 10 1 4 5 7 0 3 6 2
47 31 16 3 0 5 6 4 2 7 1
47 31 16 3 4 5 0 6 2 7 1
47 33 14 2 3 5 6 4 0 7 1
48 31 17 0 4 5 2 6 3 7 1
48 31 17 0 4 5 6 3 2 7 1
48 33 15 4 5 7 6 2 3 0 1
48 35 13 1 4 5 6 0 2 3 7
48 36 12 1 4 0 7 2 3 6 5
48 37 11 1 4 5 2 6 3 7 0
48 39 9 1 4 5 7 0 2 3 6
48 40 8 1 3 5 6 2 4 7 0
49 33 16 0 2 5 6 4 3 7 1
49 33 16 2 5 0 6 4 3 7 1
49 33 16 4 5 6 0 2 3 7 1
49 34 15 6 4 5 2 1 3 7 0
49 36 13 4 0 5 1 2 3 7 6
49 36 13 3 4 5 1 2 0 7 6
49 36 13 0 4 5 7 2 3 6 1
49 42 7 1 4 7 5 2 3 6 0
50 36 14 2 4 5 1 0 3 7 6
50 37 13 1 4 5 2 3 0 7 6
50 37 13 1 4 6 0 2 3 5 7
50 37 13 6 4 5 0 2 3 1 7
50 37 13 0 4 5 7 2 3 1 6
50 40 10 6 0 5 7 2 4 3 1
51 34 17 6 4 5 2 3 0 7 1
51 37 14 1 0 5 2 4 3 7 6
51 37 14 1 0 4 6 2 3 5 7
51 37 14 6 4 5 7 0 3 1 2
51 38 13 6 4 5 1 2 0 3 7
51 40 11 6 3 5 0 2 4 7 1
51 40 11 3 4 5 0 2 7 1 6
51 41 10 1 0 4 7 2 3 5 6
52 34 18 6 0 5 2 4 3 7 1
52 39 13 1 4 5 6 3 7 0 2
52 39 13 1 0 5 6 3 4 7 2
52 40 12 1 4 5 7 6 3 0 2
52 41 11 1 3 5 6 4 0 7 2
52 41 11 1 4 7 6 2 3 5 0
52 41 11 3 5 7 6 2 4 0 1
52 41 11 1 4 7 0 2 3 5 6
52 42 10 1 4 6 5 2 3 7 0
52 42 10 1 4 7 5 2 0 3 6
52 45 7 1 5 0 7 2 4 3 6
53 37 16 0 4 5 2 1 3 7 6
53 37 16 6 4 0 7 2 3 1 5
53 38 15 6 4 0 1 2 3 5 7
53 40 13 1 4 0 5 6 3 7 2
53 40 13 6 4 5 7 0 2 3 1
53 40 13 2 3 5 6 0 4 7 1
53 41 12 1 3 4 6 2 0 7 5
53 41 12 3 5 6 0 2 4 7 1
53 44 9 1 3 4 5 2 0 7 6
53 45 8 0 1 5 7 2 4 3 6
54 43 11 6 4 7 5 2 3 1 0
54 43 11 4 3 5 6 2 7 1 0
54 48 6 1 3 5 0 2 4 7 6
55 41 14 1 5 0 6 4 3 7 2
55 41 14 1 4 7 6 2 0 3 5
55 42 13 1 4 6 7 2 3 0 5
55 42 13 2 4 5 7 1 3 0 6
55 42 13 2 4 5 1 6 3 0 7
55 45 10 1 4 0 5 2 3 6 7
55 48 7 1 3 5 6 2 4 0 7
56 40 16 0 4 5 1 6 3 7 2
56 40 16 3 4 5 6 0 7 1 2
56 41 15 0 1 5 6 4 3 7 2
56 41 15 0 1 4 6 2 3 7 5
56 42 14 6 0 4 7 2 3 5 1
56 44 12 3 4 5 0 1 2 7 6
56 45 11 1 5 0 6 2 4 3 7
56 46 10 1 4 5 7 3 0 6 2
56 46 10 1 0 5 7 4 3 6 2
57 40 17 0 4 5 6 2 7 1 3
57 42 15 4 0 5 6 1 3 7 2
57 42 15 1 4 6 2 0 3 7 5
57 42 15 2 4 5 6 1 0 3 7
57 42 15 2 4 0 6 1 3 5 7
57 42 15 2 4 0 5 1 3 7 6
57 42 15 6 4 7 0 2 3 5 1
57 42 15 2 4 0 1 6 3 7 5
57 43 14 6 4 7 5 2 0 3 1
57 44 13 2 0 4 6 1 3 7 5
57 44 13 3 4 5 6 1 2 0 7
57 44 13 0 1 4 5 2 3 7 6
57 45 12 0 1 5 6 2 4 3 7
57 46 11 2 4 5 7 6 3 1 0
57 48 9 1 4 5 7 6 2 3 0
57 52 5 1 5 3 7 2 4 0 6
58 40 18 3 4 0 6 2 7 1 5
58 42 16 6 4 5 0 1 3 7 2
58 42 16 6 4 5 1 3 0 7 2
58 42 16 6 0 5 1 4 3 7 2
58 44 14 6 4 7 1 2 3 0 5
58 44 14 2 4 6 0 1 3 7 5
58 45 13 2 4 5 6 3 7 1 0
58 45 13 6 3 4 5 2 0 7 1
58 45 13 4 3 5 6 1 2 7 0
58 45 13 0 4 5 1 2 3 6 7
58 46 12 0 4 5 7 1 3 6 2
58 47 11 3 4 5 1 6 2 7 0
58 48 10 1 0 4 7 2 3 6 5
58 48 10 1 0 5 7 4 2 3 6
58 49 9 3 0 5 1 2 4 7 6
58 51 7 6 3 5 1 2 4 7 0
59 42 17 3 4 5 6 1 0 7 2
59 43 16 4 3 0 6 2 7 5 1
59 44 15 2 4 7 6 1 3 0 5
59 45 14 0 3 5 6 4 2 7 1
59 45 14 1 4 5 2 0 3 6 7
59 48 11 1 4 7 0 2 3 6 5
59 48 11 1 3 5 6 0 4 7 2
59 49 10 3 4 5 1 2 7 0 6
59 50 9 1 4 6 7 2 3 5 0
59 51 8 1 3 4 7 2 0 5 6
59 54 5 1 3 5 7 2 4 0 6
60 42 18 0 4 6 1 2 3 7 5
60 44 16 6 0 4 1 2 3 7 5
60 44 16 6 4 1 0 2 3 7 5
60 45 15 3 4 6 0 2 7 5 1
60 45 15 0 2 5 6 3 4 7 1
60 45 15 2 5 0 6 3 4 7 1
60 46 14 2 0 4 5 6 3 7 1
60 46 14 2 4 5 7 6 0 3 1
60 46 14 1 4 5 0 7 3 6 2
60 47 13 3 4 5 7 6 2 0 1
60 47 13 2 3 5 6 4 7 0 1
60 48 12 1 4 5 2 6 3 0 7
60 48 12 0 4 5 7 1 2 3 6
60 49 11 4 3 5 1 2 0 7 6
60 49 11 4 0 5 7 2 3 6 1
60 49 11 3 4 5 7 2 0 6 1
60 51 9 6 3 5 7 2 4 0 1
60 52 8 1 0 7 5 2 4 3 6
60 52 8 1 5 7 0 2 4 3 6
60 57 3 1 5 3 7 2 4 6 0
60 59 1 1 3 5 7 2 4 6 0