0 0 0 0 4 5 6 2 3 7 1
7 0 7 4 0 5 6 2 3 7 1
7 0 7 1 4 5 6 2 3 7 0
8 0 8 2 4 5 6 0 3 7 1
8 0 8 6 4 5 0 2 3 7 1
9 0 9 3 4 5 6 2 0 7 1
13 7 6 4 3 5 6 2 0 7 1
13 7 6 1 4 5 6 2 3 0 7
13 7 6 1 4 5 0 2 3 7 6
14 8 6 6 4 5 1 2 3 7 0
15 7 8 4 5 0 6 2 3 7 1
15 7 8 1 4 5 6 0 3 7 2
15 9 6 3 0 5 6 2 4 7 1
16 7 9 1 4 0 6 2 3 7 5
16 8 8 2 4 5 6 3 0 7 1
16 8 8 2 4 5 6 1 3 7 0
16 8 8 6 4 0 5 2 3 7 1
16 8 8 6 4 5 7 2 3 0 1
16 9 7 3 4 5 6 2 7 0 1
17 9 8 3 4 5 6 0 2 7 1
18 8 10 2 0 5 6 4 3 7 1
18 8 10 2 4 5 0 6 3 7 1
18 8 10 6 4 5 2 0 3 7 1
19 13 6 4 3 5 6 2 7 0 1
19 13 6 1 4 5 6 2 0 3 7
20 13 7 4 3 5 6 0 2 7 1
20 13 7 1 4 0 6 2 3 5 7
20 13 7 1 4 0 5 2 3 7 6
20 13 7 1 4 5 7 2 3 0 6
20 15 5 0 3 5 6 2 4 7 1
21 13 8 0 4 5 1 2 3 7 6
21 14 7 6 4 5 1 2 3 0 7
21 16 5 6 4 5 7 2 3 1 0
22 13 9 1 4 5 2 0 3 7 6
22 15 7 1 4 5 6 3 0 7 2
22 15 7 3 5 0 6 2 4 7 1
22 16 6 6 4 5 7 2 0 3 1
22 16 6 3 4 5 6 2 7 1 0
23 14 9 6 4 5 1 0 3 7 2
23 15 8 4 5 6 0 2 3 7 1
23 15 8 4 5 7 6 2 3 0 1
23 15 8 0 4 5 6 1 3 7 2
23 16 7 1 0 4 6 2 3 7 5
23 16 7 1 4 6 0 2 3 7 5
23 16 7 1 4 7 6 2 3 0 5
23 16 7 2 0 5 6 3 4 7 1
23 16 7 6 4 0 7 2 3 5 1
23 20 3 1 4 5 7 2 3 6 0
24 14 10 6 4 0 1 2 3 7 5
24 15 9 1 0 5 6 4 3 7 2
24 15 9 1 4 5 0 6 3 7 2
24 16 8 2 4 5 6 3 7 0 1
24 16 8 2 4 5 6 1 3 0 7
24 16 8 2 4 5 0 1 3 7 6
24 16 8 6 0 4 5 2 3 7 1
24 16 8 6 4 7 5 2 3 0 1
24 16 8 3 4 0 6 2 7 5 1
24 19 5 4 3 5 6 2 7 1 0
24 19 5 1 0 5 6 2 4 3 7
25 17 8 0 4 5 6 3 2 7 1
25 17 8 3 4 5 6 1 2 7 0
25 18 7 0 2 5 6 4 3 7 1
25 18 7 2 3 5 6 4 0 7 1
25 18 7 2 4 5 1 6 3 7 0
25 20 5 1 4 5 7 2 0 3 6
25 20 5 1 3 5 6 2 4 7 0
26 16 10 2 4 0 6 1 3 7 5
26 18 8 2 5 0 6 4 3 7 1
26 18 8 2 4 0 5 6 3 7 1
26 18 8 6 4 5 2 3 0 7 1
26 18 8 0 4 5 2 6 3 7 1
26 18 8 6 4 5 2 1 3 7 0
26 19 7 4 3 0 6 2 7 5 1
26 19 7 1 4 5 6 0 2 3 7
26 20 6 1 4 0 7 2 3 5 6
26 20 6 2 3 5 6 0 4 7 1
26 20 6 6 3 5 0 2 4 7 1
27 17 10 3 0 5 6 4 2 7 1
27 17 10 3 4 5 0 6 2 7 1
27 18 9 2 4 5 7 6 3 0 1
27 20 7 0 3 5 6 4 2 7 1
27 20 7 4 3 5 6 1 2 7 0
27 20 7 1 0 4 6 2 3 5 7
27 20 7 1 4 6 0 2 3 5 7
27 20 7 1 0 4 5 2 3 7 6
27 20 7 1 4 7 5 2 3 0 6
27 22 5 6 0 5 7 2 4 3 1
28 18 10 6 0 5 2 4 3 7 1
28 21 7 4 0 5 1 2 3 7 6
28 21 7 6 4 5 1 2 0 3 7
28 21 7 6 4 5 0 2 3 1 7
28 22 6 1 0 5 6 3 4 7 2
28 23 5 1 4 5 0 2 3 6 7
29 20 9 4 3 5 0 6 2 7 1
29 21 8 2 4 5 1 0 3 7 6
29 21 8 6 4 0 1 2 3 5 7
29 21 8 6 4 5 7 0 3 1 2
29 21 8 0 4 5 7 2 3 1 6
29 22 7 1 4 5 2 3 0 7 6
29 22 7 1 4 5 2 6 3 7 0
29 22 7 1 4 5 6 3 7 0 2
29 22 7 3 5 6 0 2 4 7 1
29 22 7 3 5 7 6 2 4 0 1
29 22 7 6 4 5 7 0 2 3 1
29 22 7 3 4 5 0 2 7 1 6
29 23 6 1 3 4 6 2 0 7 5
29 23 6 1 4 6 5 2 3 7 0
29 23 6 1 4 7 6 2 3 5 0
29 23 6 1 4 5 7 0 3 6 2
29 25 4 1 0 5 7 2 4 3 6
29 25 4 1 3 5 6 2 4 0 7
29 25 4 1 3 5 0 2 4 7 6
30 20 10 4 0 5 6 3 2 7 1
30 21 9 3 4 5 1 2 0 7 6
30 21 9 6 4 0 7 2 3 1 5
30 22 8 0 4 5 2 1 3 7 6
30 23 7 4 5 6 1 2 3 7 0
30 23 7 4 5 7 6 2 3 1 0
30 23 7 1 4 7 6 2 0 3 5
30 23 7 0 2 5 6 3 4 7 1
30 23 7 6 0 4 7 2 3 5 1
30 23 7 1 4 0 7 2 3 6 5
30 23 7 0 4 5 7 2 3 6 1
30 24 6 1 3 5 6 4 0 7 2
30 24 6 4 3 5 0 2 7 1 6
30 24 6 0 1 5 6 2 4 3 7
30 24 6 1 5 0 6 2 4 3 7
30 26 4 6 3 5 1 2 4 7 0
31 22 9 1 0 5 2 4 3 7 6
31 22 9 3 4 5 6 0 7 1 2
31 22 9 0 4 5 6 2 7 1 3
31 23 8 6 4 5 1 3 0 7 2
31 23 8 0 4 5 1 6 3 7 2
31 23 8 0 5 6 4 2 3 7 1
31 23 8 4 5 7 6 2 0 3 1
31 23 8 4 0 5 6 1 3 7 2
31 23 8 0 1 4 6 2 3 7 5
31 23 8 1 4 6 7 2 3 0 5
31 23 8 2 5 0 6 3 4 7 1
31 23 8 6 4 7 0 2 3 5 1
31 24 7 1 5 0 6 4 3 7 2
31 24 7 1 4 0 5 6 3 7 2
31 24 7 2 4 5 6 3 7 1 0
31 24 7 6 3 4 5 2 0 7 1
31 24 7 6 4 7 5 2 3 1 0
31 25 6 1 4 5 7 0 2 3 6
31 25 6 1 3 5 6 0 4 7 2
32 22 10 3 4 0 6 2 7 1 5
32 23 9 4 5 6 7 2 3 0 1
32 23 9 6 4 5 0 1 3 7 2
32 23 9 0 4 6 1 2 3 7 5
32 23 9 1 4 6 2 0 3 7 5
32 24 8 6 0 4 1 2 3 7 5
32 24 8 6 4 1 0 2 3 7 5
32 24 8 6 4 7 1 2 3 0 5
32 24 8 0 1 5 6 4 3 7 2
32 24 8 1 4 5 7 6 3 0 2
32 24 8 2 4 5 6 1 0 3 7
32 24 8 2 4 0 5 1 3 7 6
32 24 8 0 6 4 5 2 3 7 1
32 24 8 6 4 7 5 2 0 3 1
32 24 8 3 0 4 6 2 7 5 1
32 24 8 3 4 6 0 2 7 5 1
32 24 8 4 3 5 6 0 7 1 2
32 24 8 0 3 5 6 2 7 1 4
32 25 7 4 2 5 6 0 3 7 1
32 25 7 1 2 5 6 4 3 7 0
32 25 7 2 3 5 6 4 7 0 1
32 25 7 1 3 0 6 2 4 7 5
32 26 6 1 0 4 7 2 3 5 6
32 26 6 2 3 5 6 1 4 7 0
32 26 6 6 3 0 5 2 4 7 1
32 26 6 6 3 5 7 2 4 0 1
32 27 5 1 4 6 7 2 3 5 0
32 27 5 1 4 7 5 2 3 6 0
32 27 5 0 6 5 7 2 4 3 1
33 23 10 6 0 5 1 4 3 7 2
33 23 10 4 5 6 2 0 3 7 1
33 23 10 3 4 5 6 1 0 7 2
33 24 9 2 4 0 6 3 7 5 1
33 24 9 2 4 0 6 1 3 5 7
33 24 9 2 4 5 7 1 3 0 6
33 24 9 4 3 0 6 2 7 1 5
33 25 8 1 4 5 6 3 2 7 0
33 25 8 3 4 5 6 1 2 0 7
33 25 8 3 4 5 0 1 2 7 6
33 25 8 6 2 5 0 4 3 7 1
33 25 8 2 4 5 1 6 3 0 7
33 26 7 6 0 5 2 3 4 7 1
33 26 7 4 3 6 0 2 7 5 1
33 26 7 1 4 5 6 7 2 3 0
33 26 7 1 4 7 0 2 3 5 6
33 27 6 2 4 5 7 6 3 1 0
33 27 6 1 3 4 6 2 0 5 7
33 27 6 1 3 4 5 2 0 7 6
33 27 6 6 5 0 7 2 4 3 1
34 25 9 6 4 5 0 3 2 7 1
34 25 9 3 2 5 6 4 0 7 1
34 26 8 2 0 4 6 1 3 7 5
34 26 8 2 4 6 0 1 3 7 5
34 26 8 2 5 6 0 4 3 7 1
34 26 8 2 0 4 5 6 3 7 1
34 26 8 6 4 5 2 3 7 0 1
34 26 8 4 0 5 2 6 3 7 1
34 26 8 6 4 5 2 1 3 0 7
34 26 8 4 0 3 6 2 7 5 1
34 26 8 0 4 5 6 1 2 3 7
34 26 8 2 3 5 0 6 4 7 1
34 26 8 6 3 5 2 0 4 7 1
34 27 7 3 4 5 1 6 2 7 0
34 27 7 2 4 5 7 6 0 3 1
34 27 7 1 3 5 6 4 2 7 0
34 27 7 4 3 5 6 1 2 0 7
34 27 7 4 3 5 0 1 2 7 6
34 27 7 1 4 7 5 2 0 3 6
34 28 6 4 3 5 1 2 0 7 6
34 28 6 6 0 5 1 2 4 3 7
34 28 6 1 4 0 5 2 3 6 7
34 29 5 1 4 5 7 3 0 6 2
34 29 5 0 1 5 7 2 4 3 6
34 29 5 1 5 0 7 2 4 3 6
34 29 5 1 3 5 6 2 0 4 7
34 29 5 1 3 0 6 2 4 5 7
34 29 5 1 3 0 5 2 4 7 6
34 29 5 1 3 5 7 2 4 0 6
35 25 10 3 4 0 6 1 2 7 5
35 25 10 0 4 5 6 1 2 7 3
35 25 10 2 4 0 1 6 3 7 5
35 26 9 2 4 7 6 1 3 0 5
35 26 9 2 5 7 6 4 3 0 1
35 26 9 2 4 7 5 6 3 0 1
35 26 9 1 0 5 6 4 2 3 7
35 26 9 1 4 5 0 6 2 3 7
35 27 8 3 5 0 6 4 2 7 1
35 27 8 3 4 0 5 6 2 7 1
35 27 8 2 4 0 7 6 3 5 1
35 27 8 6 3 5 0 4 2 7 1
35 27 8 0 1 4 6 2 3 5 7
35 27 8 0 1 4 5 2 3 7 6
35 28 7 6 3 5 2 4 0 7 1
35 28 7 0 1 5 6 3 4 7 2
35 28 7 1 5 0 6 3 4 7 2
35 28 7 0 4 5 1 2 3 6 7
35 29 6 4 3 5 1 6 2 7 0
35 29 6 4 0 5 7 2 3 1 6
35 29 6 1 0 5 2 3 4 7 6
35 29 6 1 4 5 6 3 7 2 0
35 29 6 3 5 6 1 2 4 7 0
35 29 6 3 5 7 6 2 4 1 0
35 29 6 1 3 4 6 2 7 0 5
35 29 6 0 4 5 7 1 3 6 2
35 29 6 0 3 5 1 2 4 7 6
35 30 5 1 0 4 7 2 3 6 5
35 30 5 4 0 5 7 2 3 6 1
35 30 5 6 3 5 1 2 4 0 7
35 32 3 6 3 5 7 2 4 1 0
35 34 1 1 3 5 7 2 4 6 0