0 0 0 2 3 7 1 0 4 6 5
5 0 5 0 3 7 1 2 4 6 5
6 0 6 2 3 7 1 5 4 6 0
7 0 7 2 3 7 1 4 0 6 5
8 0 8 2 3 7 0 1 4 6 5
9 0 9 2 0 7 1 3 4 6 5
10 5 5 1 3 7 0 2 4 6 5
11 5 6 3 0 7 1 2 4 6 5
11 5 6 5 3 7 1 2 4 6 0
12 6 6 2 3 7 0 5 4 6 1
13 5 8 4 3 7 1 2 0 6 5
13 6 7 2 3 7 1 5 4 0 6
13 8 5 2 3 0 7 1 4 6 5
13 8 5 2 3 7 5 1 4 6 0
13 10 3 1 3 0 7 2 4 6 5
13 10 3 1 3 7 5 2 4 6 0
14 6 8 2 3 0 1 5 4 6 7
14 6 8 0 3 7 1 5 4 6 2
15 7 8 2 3 7 1 4 6 0 5
15 7 8 2 0 7 1 4 3 6 5
15 8 7 0 3 7 2 1 4 6 5
16 9 7 0 2 7 1 3 4 6 5
16 9 7 2 7 0 1 3 4 6 5
16 11 5 5 3 7 0 2 4 6 1
17 8 9 2 3 7 6 1 4 0 5
17 9 8 2 4 7 1 3 0 6 5
17 10 7 1 3 7 2 0 4 6 5
17 10 7 1 3 7 6 2 4 0 5
17 11 6 3 7 0 1 2 4 6 5
17 11 6 5 3 7 1 2 4 0 6
17 12 5 2 3 0 7 5 4 6 1
17 13 4 1 0 3 7 2 4 6 5
17 13 4 1 3 6 7 2 4 0 5
18 11 7 3 4 7 1 2 0 6 5
18 11 7 5 3 7 1 0 4 6 2
18 11 7 5 3 0 1 2 4 6 7
18 13 5 1 3 7 5 2 4 0 6
19 12 7 0 3 7 2 5 4 6 1
19 13 6 2 0 3 7 1 4 6 5
19 13 6 2 3 6 7 1 4 0 5
19 13 6 1 3 7 5 0 4 6 2
19 13 6 1 3 0 5 2 4 6 7
20 12 8 2 3 7 5 0 4 6 1
20 13 7 4 3 7 1 0 2 6 5
20 13 7 4 3 7 1 2 6 0 5
20 13 7 4 0 7 1 2 3 6 5
20 13 7 2 3 0 1 5 4 7 6
20 13 7 2 3 7 5 1 4 0 6
20 13 7 0 3 7 5 2 4 6 1
20 14 6 2 3 1 0 5 4 6 7
20 14 6 1 3 7 0 5 4 6 2
20 16 4 5 3 0 7 2 4 6 1
20 17 3 1 3 6 7 2 4 5 0
21 12 9 2 3 7 6 5 4 0 1
21 13 8 2 3 7 1 5 0 4 6
21 13 8 2 3 0 5 1 4 6 7
21 13 8 0 3 7 5 1 4 6 2
21 14 7 2 0 3 1 5 4 6 7
21 14 7 2 3 6 1 5 4 0 7
21 14 7 3 0 7 1 5 4 6 2
21 17 4 1 3 7 6 2 4 5 0
22 15 7 2 3 7 1 4 6 5 0
22 15 7 2 3 0 1 4 6 7 5
22 15 7 3 0 7 2 1 4 6 5
22 15 7 5 3 7 2 1 4 6 0
22 17 5 1 3 7 2 5 4 6 0
22 17 5 1 3 0 6 2 4 7 5
22 17 5 0 1 3 7 2 4 6 5
22 17 5 1 4 3 7 2 0 6 5
22 17 5 1 3 6 7 2 0 4 5
22 19 3 1 3 5 0 2 4 6 7
23 14 9 4 3 7 1 5 0 6 2
23 15 8 0 2 7 1 4 3 6 5
23 15 8 2 7 0 1 4 3 6 5
23 16 7 3 2 7 1 0 4 6 5
23 16 7 1 2 7 0 3 4 6 5
23 16 7 2 7 1 0 3 4 6 5
23 17 6 2 3 7 6 1 4 5 0
23 17 6 1 3 7 2 4 0 6 5
23 17 6 1 3 7 6 2 0 4 5
23 17 6 3 7 1 0 2 4 6 5
23 17 6 5 3 0 1 2 4 7 6
23 17 6 2 0 3 7 5 4 6 1
23 17 6 2 3 6 7 5 4 0 1
23 18 5 5 3 1 0 2 4 6 7
23 18 5 1 3 0 5 2 4 7 6
23 22 1 1 3 5 7 2 4 6 0