0 0 0 2 3 7 1 0 4 6 5
9 0 9 2 3 7 1 5 4 6 0
10 0 10 0 3 7 1 2 4 6 5
12 0 12 2 3 7 1 4 0 6 5
13 0 13 2 3 7 0 1 4 6 5
16 0 16 2 0 7 1 3 4 6 5
18 10 8 1 3 7 0 2 4 6 5
18 10 8 5 3 7 1 2 4 6 0
19 9 10 2 3 7 1 5 4 0 6
20 9 11 2 3 7 0 5 4 6 1
20 10 10 3 0 7 1 2 4 6 5
20 13 7 2 3 7 5 1 4 6 0
21 18 3 1 3 7 5 2 4 6 0
22 9 13 2 3 0 1 5 4 6 7
22 9 13 0 3 7 1 5 4 6 2
23 13 10 2 3 0 7 1 4 6 5
24 10 14 4 3 7 1 2 0 6 5
24 12 12 2 3 7 1 4 6 0 5
24 18 6 1 3 0 7 2 4 6 5
26 12 14 2 0 7 1 4 3 6 5
26 18 8 5 3 7 1 2 4 0 6
26 21 5 1 3 7 5 2 4 0 6
27 13 14 0 3 7 2 1 4 6 5
27 18 9 5 3 7 0 2 4 6 1
28 13 15 2 3 7 6 1 4 0 5
29 18 11 1 3 7 6 2 4 0 5
29 18 11 5 3 7 1 0 4 6 2
29 18 11 5 3 0 1 2 4 6 7
29 20 9 2 3 7 5 1 4 0 6
29 21 8 1 3 7 5 0 4 6 2
29 21 8 1 3 0 5 2 4 6 7
30 18 12 1 3 7 2 0 4 6 5
30 19 11 2 3 0 1 5 4 7 6
30 20 10 2 3 0 7 5 4 6 1
31 16 15 0 2 7 1 3 4 6 5
31 16 15 2 7 0 1 3 4 6 5
31 16 15 2 4 7 1 3 0 6 5
31 19 12 2 3 7 1 5 0 4 6
31 20 11 3 7 0 1 2 4 6 5
31 20 11 2 3 7 5 0 4 6 1
31 22 9 1 3 7 0 5 4 6 2
31 24 7 1 0 3 7 2 4 6 5
31 24 7 1 3 6 7 2 4 0 5
32 20 12 3 4 7 1 2 0 6 5
32 20 12 2 3 0 5 1 4 6 7
32 20 12 0 3 7 5 1 4 6 2
32 21 11 0 3 7 5 2 4 6 1
32 22 10 2 0 3 1 5 4 6 7
33 22 11 2 3 1 0 5 4 6 7
33 22 11 2 3 6 1 5 4 0 7
33 22 11 3 0 7 1 5 4 6 2
33 26 7 1 3 7 5 2 0 4 6
33 26 7 1 3 0 5 2 4 7 6
34 20 14 0 3 7 2 5 4 6 1
34 23 11 2 0 3 7 1 4 6 5
34 23 11 2 3 6 7 1 4 0 5
34 24 10 2 3 7 1 4 6 5 0
34 29 5 1 3 5 0 2 4 6 7
35 20 15 2 3 7 6 5 4 0 1
35 27 8 5 3 0 7 2 4 6 1
35 34 1 1 3 5 7 2 4 6 0