0 0 0 5 2 3 4 1 7 6 0
6 0 6 5 2 3 4 1 7 0 6
7 0 7 5 2 3 0 1 7 6 4
7 0 7 5 2 3 4 0 7 6 1
8 0 8 0 2 3 4 1 7 6 5
9 0 9 5 2 0 4 1 7 6 3
11 6 5 5 2 3 4 1 0 7 6
12 7 5 0 2 3 4 5 7 6 1
13 6 7 5 2 0 4 1 7 3 6
13 7 6 5 2 3 4 7 0 6 1
13 8 5 1 2 3 4 0 7 6 5
15 7 8 5 2 0 3 1 7 6 4
15 7 8 0 2 3 5 1 7 6 4
15 8 7 2 0 3 4 1 7 6 5
16 7 9 5 2 3 1 0 7 6 4
16 7 9 5 2 3 6 1 7 0 4
16 7 9 5 0 3 4 2 7 6 1
16 7 9 5 2 3 0 4 7 6 1
16 8 8 4 2 3 0 1 7 6 5
16 8 8 7 2 3 4 1 0 6 5
16 9 7 5 2 6 4 1 7 0 3
16 11 5 5 2 3 4 0 1 7 6
17 9 8 5 0 2 4 1 7 6 3
17 9 8 5 2 4 0 1 7 6 3
17 11 6 5 0 3 4 1 2 7 6
17 12 5 1 2 3 4 5 7 6 0
18 12 6 2 0 3 4 5 7 6 1
18 13 5 5 2 3 4 7 6 0 1
18 13 5 1 2 3 4 7 0 6 5
19 12 7 4 2 3 0 5 7 6 1
19 12 7 7 2 3 4 5 0 6 1
20 13 7 5 0 3 4 7 2 6 1
20 16 4 0 2 3 4 5 1 7 6
21 13 8 5 0 2 4 1 7 3 6
21 13 8 5 2 4 0 1 7 3 6
21 13 8 1 0 3 4 2 7 6 5
21 13 8 1 2 3 0 4 7 6 5
21 15 6 1 2 3 5 0 7 6 4
21 16 5 7 2 3 4 1 6 0 5
21 16 5 5 2 3 4 6 1 7 0
21 17 4 1 2 3 4 5 7 0 6
22 15 7 2 3 0 4 1 7 6 5
22 15 7 2 7 3 4 1 0 6 5
22 16 6 0 2 3 1 5 7 6 4
22 16 6 5 2 3 6 1 0 7 4
22 16 6 5 2 3 6 1 7 4 0
22 16 6 5 3 0 4 2 7 6 1
22 16 6 5 2 3 1 4 7 6 0
22 16 6 4 2 3 5 1 7 6 0
22 16 6 7 2 3 4 0 1 6 5
22 16 6 5 2 6 4 1 0 7 3
22 16 6 5 2 6 4 1 7 3 0
22 17 5 1 2 3 0 5 7 6 4
22 18 4 5 2 3 4 7 6 1 0
22 18 4 1 2 3 4 7 6 0 5
23 15 8 5 0 2 3 1 7 6 4
23 15 8 5 2 6 3 1 7 0 4
23 15 8 2 0 3 5 1 7 6 4
23 16 7 5 2 3 1 7 0 6 4
23 16 7 0 5 3 4 2 7 6 1
23 16 7 5 7 3 4 2 0 6 1
23 16 7 7 0 3 4 1 2 6 5
23 17 6 0 5 3 4 1 2 7 6
23 19 4 7 2 3 4 5 6 0 1
24 15 9 7 2 3 5 1 0 6 4
24 16 8 5 2 0 6 1 7 3 4
24 16 8 5 2 0 3 4 7 6 1
24 16 8 0 2 3 5 4 7 6 1
24 16 8 4 2 0 3 1 7 6 5
24 16 8 5 0 3 4 2 1 7 6
24 16 8 5 2 3 0 4 1 7 6
24 17 7 5 2 4 3 1 7 6 0
24 17 7 5 3 0 4 1 2 7 6
24 17 7 1 2 0 4 5 7 6 3
24 18 6 2 7 3 4 5 0 6 1
24 18 6 5 2 0 4 7 6 3 1
24 18 6 1 0 3 4 7 2 6 5
24 19 5 4 2 3 1 5 7 6 0
24 21 3 1 2 3 4 5 0 7 6
25 16 9 5 0 3 1 2 7 6 4
25 16 9 5 2 3 6 4 7 0 1
25 16 9 4 2 3 1 0 7 6 5
25 16 9 4 2 3 6 1 7 0 5
25 17 8 0 5 2 4 1 7 6 3
25 17 8 5 7 2 4 1 0 6 3
25 18 7 2 3 0 4 5 7 6 1
25 19 6 7 2 3 4 0 5 6 1
25 19 6 7 0 3 4 5 2 6 1
25 20 5 2 0 3 4 5 1 7 6
25 20 5 6 2 3 4 5 1 7 0
25 21 4 7 2 3 4 1 6 5 0
25 22 3 1 2 3 4 7 6 5 0
26 17 9 0 2 4 5 1 7 6 3
26 19 7 4 2 0 3 5 7 6 1
26 20 6 4 2 3 0 5 1 7 6
26 21 5 1 3 0 4 2 7 6 5
26 21 5 1 2 3 5 4 7 6 0
26 21 5 1 2 0 4 5 7 3 6
26 23 3 7 2 3 4 5 6 1 0
27 17 10 5 2 4 1 0 7 6 3
27 17 10 5 2 4 6 1 7 0 3
27 19 8 4 2 3 6 5 7 0 1
27 20 7 0 5 3 4 7 2 6 1
27 20 7 5 3 0 4 7 2 6 1
27 21 6 1 7 3 4 2 0 6 5
27 21 6 1 2 3 5 7 0 6 4
27 21 6 7 2 0 4 1 6 3 5
27 21 6 5 2 3 4 6 1 0 7
27 21 6 5 2 3 0 6 1 7 4
27 22 5 7 2 3 4 5 1 6 0
27 22 5 1 2 0 4 7 6 3 5
28 19 9 4 2 3 5 0 7 6 1
28 21 7 5 2 4 6 1 7 3 0
28 21 7 0 1 3 4 2 7 6 5
28 21 7 1 2 0 3 4 7 6 5
28 21 7 0 2 3 4 6 1 7 5
28 22 6 2 7 3 4 1 6 0 5
28 22 6 5 2 3 6 0 1 7 4
28 22 6 5 3 4 0 2 7 6 1
28 22 6 0 2 3 4 7 1 6 5
28 22 6 5 2 6 4 0 1 7 3
28 22 6 1 2 0 3 5 7 6 4
28 22 6 5 2 3 0 7 6 1 4
28 22 6 5 2 3 4 0 6 1 7
28 23 5 1 5 3 4 0 2 7 6
28 23 5 7 2 0 4 5 6 3 1
28 24 4 1 2 3 4 0 5 7 6
28 24 4 1 0 3 4 5 2 7 6
29 21 8 0 5 2 4 1 7 3 6
29 21 8 5 7 2 4 1 0 3 6
29 21 8 0 2 3 1 4 7 6 5
29 21 8 1 2 3 6 4 7 0 5
29 21 8 1 0 3 5 2 7 6 4
29 21 8 5 2 0 4 6 1 7 3
29 22 7 2 3 4 0 1 7 6 5
29 22 7 2 7 3 4 0 1 6 5
29 22 7 2 0 3 1 5 7 6 4
29 22 7 5 0 3 6 1 2 7 4
29 22 7 5 2 3 0 1 7 4 6
29 22 7 5 3 6 4 2 7 0 1
29 22 7 5 2 3 1 4 7 0 6
29 22 7 4 2 3 5 1 7 0 6
29 22 7 5 0 6 4 1 2 7 3
29 22 7 1 2 3 6 5 7 0 4
29 22 7 0 2 3 4 7 6 1 5
29 23 6 5 2 3 1 7 6 0 4
29 23 6 5 7 3 4 2 6 0 1
29 24 5 5 2 3 6 4 1 7 0
29 24 5 1 2 6 4 5 7 0 3
29 24 5 2 7 3 4 5 6 0 1
30 21 9 0 2 4 5 1 7 3 6
30 22 8 2 3 6 4 1 7 0 5
30 22 8 7 2 3 1 5 0 6 4
30 22 8 5 2 3 6 0 7 4 1
30 22 8 5 2 6 0 1 7 3 4
30 22 8 5 2 6 4 0 7 3 1
30 22 8 5 2 0 4 7 6 1 3
30 23 7 5 2 6 3 1 0 7 4
30 23 7 5 2 6 3 1 7 4 0
30 23 7 2 3 0 5 1 7 6 4
30 23 7 2 5 3 4 0 7 6 1
30 23 7 1 5 3 4 2 7 6 0
30 23 7 5 7 3 4 0 2 6 1
30 23 7 0 7 3 4 1 2 6 5
30 23 7 7 3 0 4 1 2 6 5
30 23 7 6 5 3 4 1 2 7 0
30 24 6 7 2 3 5 1 6 0 4
30 24 6 0 5 3 4 2 1 7 6
30 24 6 5 1 3 4 2 0 7 6
30 24 6 1 0 2 4 5 7 6 3
30 24 6 1 2 4 0 5 7 6 3
30 24 6 1 3 0 4 7 2 6 5
30 24 6 4 2 3 1 5 7 0 6
30 25 5 2 1 3 4 5 0 7 6
30 25 5 6 2 3 4 5 1 0 7
30 25 5 6 2 3 0 5 1 7 4
30 25 5 1 2 3 0 7 6 5 4
30 25 5 1 2 3 4 0 6 5 7
30 26 4 4 2 3 6 5 1 7 0
31 21 10 5 2 4 1 0 7 3 6
31 21 10 5 2 4 3 1 7 0 6
31 22 9 0 2 3 6 1 7 4 5
31 22 9 7 0 3 4 2 1 6 5
31 22 9 7 2 3 0 4 1 6 5
31 22 9 0 2 6 4 1 7 3 5
31 23 8 0 5 2 3 1 7 6 4
31 23 8 5 7 2 3 1 0 6 4
31 23 8 2 7 3 5 1 0 6 4
31 23 8 5 0 3 1 7 2 6 4
31 23 8 4 5 3 0 2 7 6 1
31 23 8 4 5 3 0 1 2 7 6
31 23 8 2 5 3 4 1 0 7 6
31 24 7 7 2 3 5 0 1 6 4
31 24 7 5 3 0 4 2 1 7 6
31 24 7 5 2 0 3 4 1 7 6
31 24 7 0 2 3 5 4 1 7 6
31 24 7 2 7 3 4 0 5 6 1
31 24 7 5 0 2 4 7 6 3 1
31 24 7 5 2 4 0 7 6 3 1
31 24 7 0 1 3 4 7 2 6 5
31 25 6 5 3 0 1 2 7 6 4
31 25 6 5 2 3 6 4 0 7 1
31 25 6 5 2 3 6 4 7 1 0
31 25 6 4 2 3 6 1 0 7 5
31 25 6 4 2 3 6 1 7 5 0
31 25 6 0 2 3 4 7 5 6 1
31 25 6 7 2 3 4 1 5 6 0
31 25 6 0 7 3 4 5 2 6 1
31 25 6 2 3 0 4 5 1 7 6
31 25 6 6 2 3 4 0 1 7 5
31 25 6 7 2 3 0 1 6 5 4
31 25 6 7 2 3 4 0 6 5 1
31 26 5 1 3 4 0 2 7 6 5
31 26 5 7 2 3 0 5 6 1 4
32 22 10 5 2 0 6 1 7 4 3
32 22 10 5 2 0 1 4 7 6 3
32 22 10 4 2 0 5 1 7 6 3
32 23 9 7 5 3 4 2 0 6 1
32 24 8 7 0 3 5 1 2 6 4
32 24 8 5 0 2 3 4 7 6 1
32 24 8 5 2 6 3 4 7 0 1
32 24 8 2 0 3 5 4 7 6 1
32 24 8 4 0 2 3 1 7 6 5
32 24 8 4 2 6 3 1 7 0 5
32 24 8 5 3 4 0 1 2 7 6
32 24 8 5 3 7 4 1 2 0 6
32 25 7 0 5 3 1 2 7 6 4
32 25 7 5 7 3 1 2 0 6 4
32 25 7 4 2 3 1 7 0 6 5
32 25 7 1 5 2 4 0 7 6 3
32 25 7 5 7 2 4 1 6 0 3
32 25 7 2 3 4 0 5 7 6 1
32 25 7 2 3 6 4 5 7 0 1
32 25 7 7 3 0 4 5 2 6 1
32 25 7 6 2 0 4 5 1 7 3
32 25 7 0 2 3 4 1 6 5 7
32 25 7 1 2 0 4 7 6 5 3
32 25 7 0 2 3 4 7 6 5 1
32 26 6 4 2 0 3 5 1 7 6
32 26 6 1 3 6 4 2 7 0 5
32 26 6 1 2 3 5 4 7 0 6
32 26 6 1 0 2 4 5 7 3 6
32 26 6 1 2 4 0 5 7 3 6
32 26 6 7 2 3 4 0 6 1 5
32 26 6 0 2 3 4 5 6 1 7
32 27 5 4 2 3 6 5 0 7 1
32 27 5 4 2 3 6 5 7 1 0
32 27 5 1 7 3 4 2 6 0 5
32 27 5 1 2 3 5 7 6 0 4
32 27 5 7 2 3 4 5 1 0 6
32 28 4 1 2 3 4 6 5 7 0
33 24 9 5 0 2 6 1 7 3 4
33 24 9 7 2 3 5 4 0 6 1
33 24 9 5 2 3 7 4 1 0 6
33 24 9 5 2 4 3 0 7 6 1
33 24 9 4 2 0 1 5 7 6 3
33 25 8 5 2 0 6 4 7 3 1
33 25 8 4 2 0 6 1 7 3 5
33 25 8 5 7 2 4 0 1 6 3
33 25 8 7 2 0 4 1 6 5 3
33 26 7 1 2 4 5 0 7 6 3
33 26 7 4 2 6 3 5 7 0 1
33 26 7 7 2 0 4 5 6 1 3
33 27 6 1 7 3 4 0 2 6 5
33 27 6 5 2 3 4 6 0 1 7
33 27 6 7 2 3 0 5 1 6 4
33 27 6 1 0 2 4 7 6 3 5
33 27 6 1 2 4 0 7 6 3 5
33 28 5 2 7 3 4 1 6 5 0
33 28 5 0 2 3 6 5 1 7 4
33 28 5 5 3 4 1 2 7 6 0
33 28 5 0 2 6 4 5 1 7 3
33 28 5 1 5 3 4 2 0 7 6
33 28 5 1 5 3 4 6 2 7 0
33 28 5 0 2 3 4 1 5 7 6
33 28 5 0 1 3 4 5 2 7 6
33 28 5 1 3 0 4 5 2 7 6
33 29 4 1 2 3 6 5 0 7 4
33 29 4 1 2 3 6 5 7 4 0
33 29 4 1 2 6 4 5 0 7 3
33 29 4 1 2 6 4 5 7 3 0
33 29 4 2 7 3 4 5 6 1 0
34 24 10 0 2 4 3 1 7 6 5
34 25 9 4 0 3 1 2 7 6 5
34 25 9 4 5 2 0 1 7 6 3
34 25 9 3 5 2 4 1 7 6 0
34 25 9 7 0 3 4 2 5 6 1
34 25 9 7 2 3 0 4 5 6 1
34 26 8 2 0 4 5 1 7 6 3
34 26 8 4 0 2 3 5 7 6 1
34 26 8 4 2 3 5 0 1 7 6
34 26 8 4 2 3 7 5 1 0 6
34 27 7 0 2 4 1 5 7 6 3
34 27 7 5 2 4 6 1 0 7 3
34 27 7 4 2 0 6 5 7 3 1
34 27 7 7 5 3 4 0 2 6 1
34 27 7 1 5 3 4 7 2 6 0
34 27 7 5 3 4 0 7 2 6 1
34 27 7 1 0 3 5 7 2 6 4
34 27 7 7 0 2 4 1 6 3 5
34 27 7 7 2 4 0 1 6 3 5
34 27 7 5 2 0 4 6 1 3 7
34 27 7 5 2 0 3 6 1 7 4
34 27 7 0 2 3 5 6 1 7 4
34 27 7 0 2 3 4 5 1 6 7
34 28 6 2 0 3 4 6 1 7 5
34 28 6 1 2 3 4 6 0 7 5
34 28 6 5 2 6 4 3 1 7 0
34 28 6 1 2 6 3 5 7 0 4
34 28 6 7 0 2 4 5 6 3 1
34 28 6 7 2 4 0 5 6 3 1
34 29 5 1 2 3 6 4 0 7 5
34 29 5 1 2 3 6 4 7 5 0
34 29 5 1 3 0 5 2 7 6 4
34 29 5 5 2 3 1 7 6 4 0
34 29 5 5 7 3 4 2 6 1 0
35 25 10 7 5 2 4 1 0 6 3
35 26 9 3 2 4 5 1 7 6 0
35 26 9 1 2 0 5 4 7 6 3
35 27 8 5 2 4 1 7 0 6 3
35 27 8 5 2 4 1 3 7 6 0
35 27 8 5 3 6 4 7 2 0 1
35 27 8 7 2 0 4 5 1 6 3
35 28 7 4 2 3 5 7 0 6 1
35 28 7 2 1 3 4 0 7 6 5
35 28 7 1 0 2 3 4 7 6 5
35 28 7 1 2 6 3 4 7 0 5
35 28 7 4 2 3 0 6 1 7 5
35 28 7 2 7 0 4 1 6 3 5
35 28 7 0 3 4 5 2 7 6 1
35 28 7 2 0 3 4 7 1 6 5
35 28 7 5 2 3 4 7 1 6 0
35 28 7 1 0 2 3 5 7 6 4
35 28 7 5 2 0 3 7 6 1 4
35 28 7 0 2 3 5 7 6 1 4
35 28 7 1 0 3 4 2 5 7 6
35 28 7 1 2 3 0 4 5 7 6
35 29 6 1 7 3 5 2 0 6 4
35 29 6 2 3 4 5 1 7 6 0
35 29 6 2 7 3 4 5 1 6 0
35 29 6 5 3 6 4 2 7 1 0
35 29 6 5 2 3 1 4 0 7 6
35 29 6 4 2 3 5 1 0 7 6
35 29 6 1 2 0 6 5 7 3 4
35 29 6 2 0 3 4 7 6 1 5
35 29 6 2 7 0 4 5 6 3 1
35 30 5 7 2 3 1 5 6 0 4
35 30 5 7 2 3 5 1 6 4 0
35 30 5 1 2 4 3 5 7 6 0
35 30 5 4 2 3 1 5 0 7 6
35 30 5 6 2 3 4 5 0 1 7
35 30 5 1 2 3 4 6 0 5 7
35 31 4 1 3 4 5 2 7 6 0
36 26 10 7 2 4 5 1 0 6 3
36 27 9 5 0 4 1 2 7 6 3
36 27 9 4 5 3 0 7 2 6 1
36 27 9 2 5 3 4 7 0 6 1
36 27 9 5 2 3 7 6 1 0 4
36 28 8 4 1 3 0 2 7 6 5
36 28 8 5 1 3 4 2 7 6 0
36 28 8 4 2 3 0 7 1 6 5
36 28 8 5 2 3 7 0 6 1 4
36 28 8 5 0 3 4 2 6 1 7
36 28 8 5 2 3 0 4 6 1 7
36 28 8 1 5 3 0 4 2 7 6
36 29 7 1 5 2 4 0 7 3 6
36 29 7 1 2 0 6 4 7 3 5
36 29 7 0 1 3 5 2 7 6 4
36 29 7 5 0 2 4 6 1 7 3
36 29 7 5 2 4 0 6 1 7 3
36 29 7 5 2 7 4 6 1 0 3
36 29 7 0 7 3 4 2 1 6 5
36 29 7 2 3 0 1 5 7 6 4
36 29 7 2 7 3 1 5 0 6 4
36 29 7 0 5 3 6 1 2 7 4
36 29 7 5 3 6 4 2 0 7 1
36 29 7 0 5 6 4 1 2 7 3
36 29 7 5 6 0 4 1 2 7 3
36 29 7 4 2 3 0 7 6 1 5
36 29 7 5 2 0 1 7 6 3 4
36 29 7 5 7 0 4 2 6 3 1
36 29 7 5 2 3 6 4 1 0 7
36 30 6 0 2 3 6 5 7 4 1
36 30 6 0 2 6 4 5 7 3 1
36 30 6 5 2 1 4 7 6 0 3
36 30 6 2 3 5 0 1 7 6 4
36 30 6 1 5 3 4 2 7 0 6
36 30 6 1 5 3 0 2 7 6 4
36 30 6 2 5 3 4 0 1 7 6
36 30 6 5 1 3 4 0 2 7 6
36 30 6 1 7 2 4 5 0 6 3
36 30 6 1 3 4 0 7 2 6 5
36 30 6 2 1 3 4 0 5 7 6
36 30 6 2 1 3 4 5 7 0 6
36 30 6 6 2 0 4 5 1 3 7
36 30 6 6 2 0 3 5 1 7 4
36 30 6 1 2 0 3 7 6 5 4
36 30 6 4 2 3 6 5 1 0 7
36 31 5 6 2 3 4 1 0 7 5
36 32 4 1 7 3 4 2 6 5 0
36 32 4 1 2 3 5 7 6 4 0
37 28 9 4 0 3 5 2 7 6 1
37 28 9 5 2 4 6 0 7 3 1
37 28 9 7 1 3 4 2 0 6 5
37 28 9 5 0 3 6 2 1 7 4
37 28 9 5 3 4 2 0 7 6 1
37 28 9 5 3 4 6 2 7 0 1
37 28 9 5 0 6 4 2 1 7 3
37 28 9 5 2 6 0 4 1 7 3
37 29 8 5 7 2 4 0 1 3 6
37 29 8 5 7 2 4 1 3 0 6
37 29 8 2 0 3 1 4 7 6 5
37 29 8 0 3 4 2 1 7 6 5
37 29 8 5 3 0 6 1 2 7 4
37 29 8 5 2 0 3 1 7 4 6
37 29 8 0 2 3 5 1 7 4 6
37 29 8 5 2 0 1 4 7 3 6
37 29 8 4 2 0 5 1 7 3 6
37 29 8 6 2 3 4 7 0 1 5
37 29 8 0 2 3 6 4 1 7 5
37 30 7 1 2 4 5 0 7 3 6
37 30 7 2 3 6 4 1 0 7 5
37 30 7 2 3 6 4 1 7 5 0
37 30 7 7 2 3 1 0 5 6 4
37 30 7 7 0 3 1 5 2 6 4
37 30 7 5 2 3 6 7 0 4 1
37 30 7 5 2 6 4 7 0 3 1
37 30 7 5 0 2 4 7 6 1 3
37 30 7 5 2 4 0 7 6 1 3
37 30 7 5 2 6 3 0 1 7 4
37 30 7 2 5 3 4 1 7 6 0
37 30 7 1 5 3 4 0 7 6 2
37 30 7 5 7 3 4 1 2 6 0
37 30 7 7 3 4 0 1 2 6 5
37 30 7 6 5 3 4 1 2 0 7
37 30 7 6 5 3 0 1 2 7 4
37 30 7 6 5 3 4 0 2 7 1
37 30 7 7 2 0 5 1 6 3 4
37 30 7 6 5 3 4 2 1 7 0
37 30 7 5 1 3 4 2 7 0 6
37 30 7 0 1 2 4 5 7 6 3
37 30 7 1 3 6 4 7 2 0 5
37 30 7 4 2 0 1 5 7 3 6
37 30 7 0 2 3 1 7 6 5 4
37 30 7 1 2 3 7 0 6 5 4
37 30 7 1 0 3 4 2 6 5 7
37 30 7 1 2 3 0 4 6 5 7
37 30 7 4 2 3 6 0 1 7 5
37 31 6 1 2 3 6 0 7 4 5
37 31 6 7 3 0 4 2 1 6 5
37 31 6 7 2 3 5 4 1 6 0
37 31 6 1 2 6 4 0 7 3 5
37 31 6 4 5 3 1 2 7 6 0
37 31 6 4 5 3 6 1 2 7 0
37 31 6 2 0 3 4 1 5 7 6
37 31 6 5 2 4 1 7 6 3 0
37 31 6 5 3 1 0 2 7 6 4
37 31 6 5 2 3 6 0 4 7 1
37 31 6 1 2 3 4 7 5 6 0
37 31 6 7 2 3 4 1 5 0 6
37 31 6 1 7 3 4 5 2 6 0
37 31 6 7 2 3 4 6 0 5 1
37 31 6 7 2 0 3 5 6 1 4
37 31 6 0 2 3 7 5 6 1 4
37 32 5 1 2 5 4 7 6 0 3
37 32 5 1 3 6 4 2 7 5 0
37 32 5 1 2 3 5 4 0 7 6
37 32 5 1 2 4 6 5 7 3 0
37 32 5 2 0 3 4 5 6 1 7
37 32 5 7 2 3 4 5 0 1 6
37 32 5 1 2 3 4 6 5 0 7
37 32 5 1 2 3 0 6 5 7 4
37 34 3 1 2 3 4 0 6 7 5
38 28 10 0 2 4 6 1 7 3 5
38 29 9 6 5 2 4 1 7 3 0
38 29 9 7 2 3 1 4 0 6 5
38 29 9 2 3 4 1 0 7 6 5
38 29 9 5 2 3 1 0 7 4 6
38 29 9 5 2 0 6 4 1 7 3
38 30 8 5 0 6 3 1 2 7 4
38 30 8 5 2 6 0 1 7 4 3
38 30 8 2 3 6 5 1 7 0 4
38 30 8 1 5 0 4 2 7 6 3
38 30 8 7 3 6 4 1 2 0 5
38 30 8 4 5 3 0 2 1 7 6
38 30 8 1 2 4 6 5 7 0 3
38 30 8 6 2 3 5 0 1 7 4
38 30 8 6 2 3 7 5 1 0 4
38 30 8 4 2 0 6 5 1 7 3
38 31 7 0 2 4 1 5 7 3 6
38 31 7 5 2 4 3 1 0 7 6
38 31 7 1 5 2 3 0 7 6 4
38 31 7 2 7 3 5 1 6 0 4
38 31 7 5 3 0 1 7 2 6 4
38 31 7 4 5 0 3 2 7 6 1
38 31 7 2 5 3 4 1 7 0 6
38 31 7 0 2 3 5 7 1 6 4
38 31 7 5 3 4 0 2 1 7 6
38 31 7 5 3 7 4 2 1 0 6
38 31 7 2 0 3 5 4 1 7 6
38 31 7 6 2 3 5 4 1 7 0
38 31 7 0 7 3 4 2 5 6 1
38 31 7 2 7 3 4 1 5 6 0
38 31 7 0 5 2 4 7 6 3 1
38 31 7 7 1 3 4 0 2 6 5
38 31 7 5 3 6 1 2 7 0 4
38 31 7 5 0 3 6 4 2 7 1
38 31 7 5 2 3 0 4 7 1 6
38 31 7 4 0 3 6 1 2 7 5
38 31 7 4 2 3 0 1 7 5 6
38 31 7 2 0 3 4 7 5 6 1
38 31 7 7 2 3 0 1 5 6 4
38 31 7 2 3 4 0 5 1 7 6
38 31 7 2 3 7 4 5 1 0 6
38 31 7 7 2 0 3 1 6 5 4
38 31 7 0 2 3 7 1 6 5 4
38 31 7 0 3 4 1 2 7 6 5
38 32 6 7 5 3 4 2 6 0 1
38 32 6 5 3 7 4 1 2 6 0
38 32 6 4 2 3 1 7 6 0 5
38 32 6 5 7 2 4 1 6 3 0
38 32 6 2 3 4 1 5 7 6 0
38 32 6 2 3 6 4 5 0 7 1
38 32 6 2 3 6 4 5 7 1 0
38 32 6 6 0 2 4 5 1 7 3
38 32 6 6 2 4 0 5 1 7 3
38 32 6 6 2 7 4 5 1 0 3
38 32 6 2 0 3 4 1 6 5 7
38 32 6 1 0 2 4 7 6 5 3
38 32 6 1 2 4 0 7 6 5 3
38 32 6 2 0 3 4 7 6 5 1
38 32 6 1 3 6 4 2 0 7 5
38 32 6 1 7 2 4 5 0 3 6
38 32 6 7 2 3 4 6 0 1 5
38 32 6 4 2 3 0 5 6 1 7
38 32 6 4 2 3 6 0 5 7 1
38 32 6 4 0 3 6 5 2 7 1
38 32 6 4 2 3 0 5 7 1 6
38 32 6 1 7 0 4 2 6 3 5
38 32 6 1 2 0 5 7 6 3 4
38 32 6 7 2 0 4 5 1 3 6
38 33 5 7 2 1 4 5 6 0 3
38 33 5 1 2 4 5 7 6 3 0
38 33 5 1 2 3 6 0 5 7 4
38 33 5 1 0 3 6 5 2 7 4
38 33 5 1 2 3 0 5 7 4 6
38 33 5 1 2 6 4 0 5 7 3
38 33 5 1 0 6 4 5 2 7 3
38 34 4 1 3 5 0 2 7 6 4
39 29 10 4 5 2 0 1 7 3 6
39 29 10 7 5 2 4 1 0 3 6
39 29 10 2 3 4 6 1 7 0 5
39 29 10 2 7 3 0 4 1 6 5
39 30 9 2 0 4 5 1 7 3 6
39 30 9 6 2 4 5 1 7 3 0
39 30 9 5 2 3 0 6 7 4 1
39 30 9 0 2 6 5 1 7 3 4
39 30 9 5 2 6 3 0 7 4 1
39 30 9 4 7 3 0 1 2 6 5
39 30 9 6 5 0 4 1 2 7 3
39 31 8 5 2 4 1 7 0 3 6
39 31 8 5 2 4 1 6 7 3 0
39 31 8 2 0 3 6 1 7 4 5
39 31 8 6 2 3 0 1 7 4 5
39 31 8 7 2 0 3 4 1 6 5
39 31 8 0 2 3 7 4 1 6 5
39 31 8 2 0 6 4 1 7 3 5
39 31 8 5 7 2 3 0 1 6 4
39 31 8 5 7 2 3 1 6 0 4
39 31 8 2 7 3 5 0 1 6 4
39 31 8 0 5 3 1 7 2 6 4
39 31 8 4 5 0 3 1 2 7 6
39 31 8 5 0 2 3 4 1 7 6
39 31 8 5 2 7 3 4 1 0 6
39 31 8 5 6 2 4 7 0 3 1
39 31 8 0 2 4 5 7 6 3 1
39 31 8 5 1 3 4 7 2 6 0
39 31 8 5 2 3 6 0 7 1 4
39 31 8 4 2 3 6 0 7 5 1
39 31 8 4 2 3 0 7 5 6 1
39 31 8 0 2 3 4 1 5 6 7
39 31 8 4 7 3 0 5 2 6 1
39 31 8 6 0 3 4 2 1 7 5
39 31 8 6 2 3 0 4 1 7 5
39 31 8 7 2 3 1 0 6 5 4
39 31 8 7 0 3 4 2 6 5 1
39 31 8 7 2 3 0 4 6 5 1
39 31 8 1 3 4 2 0 7 6 5
39 31 8 1 3 4 6 2 7 0 5
39 31 8 7 2 3 5 0 6 1 4
39 32 7 4 2 5 0 1 7 6 3
39 32 7 7 3 0 5 1 2 6 4
39 32 7 5 2 6 3 4 0 7 1
39 32 7 5 2 6 3 4 7 1 0
39 32 7 2 3 0 5 4 7 6 1
39 32 7 4 2 6 3 1 0 7 5
39 32 7 4 2 6 3 1 7 5 0
39 32 7 5 3 4 6 1 2 7 0
39 32 7 5 7 3 1 2 6 0 4
39 32 7 1 5 2 4 7 0 6 3
39 32 7 1 5 2 4 3 7 6 0
39 32 7 5 7 0 4 1 6 2 3
39 32 7 7 3 4 0 5 2 6 1
39 32 7 7 3 6 4 5 2 0 1
39 32 7 4 2 3 0 1 6 5 7
39 32 7 4 2 3 0 7 6 5 1
39 32 7 4 0 2 3 5 1 7 6
39 32 7 4 2 7 3 5 1 0 6
39 32 7 1 2 0 5 4 7 3 6
39 32 7 0 1 2 4 5 7 3 6
39 32 7 1 2 0 4 6 5 7 3
39 32 7 0 2 3 4 6 5 7 1
39 33 6 7 2 3 5 4 6 0 1
39 33 6 5 2 3 7 4 1 6 0
39 33 6 7 2 5 4 1 6 0 3
39 33 6 4 2 6 3 5 0 7 1
39 33 6 4 2 6 3 5 7 1 0
39 33 6 7 0 2 4 5 6 1 3
39 33 6 7 2 4 0 5 6 1 3
39 33 6 2 0 3 6 5 1 7 4
39 33 6 2 0 6 4 5 1 7 3
39 33 6 3 2 6 4 5 1 7 0
39 33 6 1 5 3 4 6 2 0 7
39 33 6 1 5 3 0 6 2 7 4
39 33 6 6 2 3 4 1 5 7 0
39 33 6 6 1 3 4 5 2 7 0
39 33 6 1 3 4 0 5 2 7 6
39 33 6 1 3 7 4 5 2 0 6
39 33 6 1 2 6 0 5 7 3 4
39 33 6 2 7 3 0 5 6 1 4
39 34 5 4 2 3 7 5 1 6 0
39 34 5 1 2 3 4 6 7 0 5
39 34 5 1 0 3 4 6 2 7 5
39 34 5 1 2 6 3 5 0 7 4
39 34 5 1 2 6 3 5 7 4 0
39 34 5 7 2 4 1 5 6 3 0
39 34 5 1 2 3 6 0 4 7 5
39 35 4 1 2 3 6 4 5 7 0
39 35 4 7 2 3 1 5 6 4 0
39 37 2 1 2 3 4 5 6 7 0