0 0 0 5 2 3 4 1 7 6 0
9 0 9 5 2 3 4 1 7 0 6
11 0 11 5 2 3 0 1 7 6 4
11 0 11 5 2 3 4 0 7 6 1
12 0 12 0 2 3 4 1 7 6 5
14 0 14 5 2 0 4 1 7 6 3
18 9 9 5 2 3 4 1 0 7 6
19 12 7 1 2 3 4 0 7 6 5
20 11 9 0 2 3 4 5 7 6 1
21 9 12 5 2 0 4 1 7 3 6
22 11 11 5 2 3 4 7 0 6 1
22 12 10 2 0 3 4 1 7 6 5
23 11 12 5 2 0 3 1 7 6 4
23 19 4 1 2 3 4 5 7 6 0
24 11 13 5 2 3 1 0 7 6 4
24 11 13 5 2 3 6 1 7 0 4
24 12 12 4 2 3 0 1 7 6 5
24 12 12 7 2 3 4 1 0 6 5
25 11 14 0 2 3 5 1 7 6 4
26 11 15 5 0 3 4 2 7 6 1
26 11 15 5 2 3 0 4 7 6 1
26 14 12 5 2 6 4 1 7 0 3
27 14 13 5 0 2 4 1 7 6 3
27 14 13 5 2 4 0 1 7 6 3
27 18 9 5 2 3 4 0 1 7 6
27 19 8 1 2 3 4 7 0 6 5
28 23 5 1 2 3 4 5 7 0 6
29 18 11 5 0 3 4 1 2 7 6
29 20 9 2 0 3 4 5 7 6 1
30 23 7 1 2 3 0 5 7 6 4
31 19 12 1 0 3 4 2 7 6 5
31 19 12 1 2 3 0 4 7 6 5
31 20 11 4 2 3 0 5 7 6 1
31 20 11 7 2 3 4 5 0 6 1
31 22 9 5 2 3 4 7 6 0 1
32 24 8 7 2 3 4 1 6 0 5
33 22 11 2 3 0 4 1 7 6 5
33 22 11 2 7 3 4 1 0 6 5
33 23 10 1 2 0 4 5 7 6 3
33 27 6 1 2 3 4 7 6 0 5
33 28 5 1 2 3 4 5 0 7 6
34 21 13 5 0 2 4 1 7 3 6
34 21 13 5 2 4 0 1 7 3 6
34 24 10 0 2 3 1 5 7 6 4
34 24 10 5 2 3 6 1 7 4 0
34 24 10 4 2 3 5 1 7 6 0
34 24 10 7 2 3 4 0 1 6 5
34 27 7 5 2 3 4 6 1 7 0
35 22 13 5 0 3 4 7 2 6 1
35 23 12 5 2 6 3 1 7 0 4
35 24 11 5 2 3 1 4 7 6 0
35 24 11 5 2 3 6 1 0 7 4
35 25 10 1 2 3 5 0 7 6 4
35 27 8 0 2 3 4 5 1 7 6
36 23 13 5 0 2 3 1 7 6 4
36 24 12 5 2 3 1 7 0 6 4
36 24 12 4 2 0 3 1 7 6 5
36 24 12 7 0 3 4 1 2 6 5
36 26 10 5 2 6 4 1 7 3 0
36 27 9 5 2 4 3 1 7 6 0
36 28 8 1 2 0 4 5 7 3 6
37 24 13 4 2 3 1 0 7 6 5
37 24 13 4 2 3 6 1 7 0 5
37 27 10 1 0 3 4 7 2 6 5
38 24 14 5 0 3 1 2 7 6 4
38 24 14 5 2 0 6 1 7 3 4
38 25 13 2 0 3 5 1 7 6 4
38 26 12 5 3 0 4 2 7 6 1
38 26 12 5 2 6 4 1 0 7 3
38 30 8 1 2 0 3 5 7 6 4
38 31 7 4 2 3 1 5 7 6 0
38 31 7 7 2 3 4 5 6 0 1
38 31 7 5 2 3 4 7 6 1 0
38 33 5 1 2 3 4 7 6 5 0
39 26 13 0 5 3 4 2 7 6 1
39 26 13 5 7 3 4 2 0 6 1
39 29 10 2 3 0 4 5 7 6 1
39 29 10 2 7 3 4 5 0 6 1
39 30 9 1 2 3 6 5 7 0 4
39 31 8 1 2 3 5 4 7 6 0
39 32 7 7 2 3 4 1 6 5 0
39 33 6 1 2 3 4 0 5 7 6
40 25 15 7 2 3 5 1 0 6 4
40 26 14 5 2 0 3 4 7 6 1
40 33 7 1 0 3 4 5 2 7 6
41 26 15 0 2 3 5 4 7 6 1
41 26 15 5 2 3 6 4 7 0 1
41 27 14 0 5 2 4 1 7 6 3
41 27 14 5 7 2 4 1 0 6 3
41 27 14 5 0 3 4 2 1 7 6
41 27 14 5 2 3 0 4 1 7 6
41 29 12 0 5 3 4 1 2 7 6
41 29 12 5 3 0 4 1 2 7 6
41 31 10 1 3 0 4 2 7 6 5
41 31 10 7 2 3 4 0 5 6 1
41 33 8 1 2 6 4 5 7 0 3
41 34 7 7 2 3 4 5 1 6 0
42 27 15 5 2 4 1 0 7 6 3
42 27 15 5 2 4 6 1 7 0 3
42 31 11 1 7 3 4 2 0 6 5
42 31 11 1 2 0 3 4 7 6 5
42 31 11 4 2 0 3 5 7 6 1
42 31 11 7 0 3 4 5 2 6 1
42 33 9 2 7 3 4 1 6 0 5
42 33 9 1 0 2 4 5 7 6 3
42 33 9 1 2 4 0 5 7 6 3
42 33 9 1 2 0 4 7 6 3 5
42 34 8 5 2 3 4 6 1 0 7
43 27 16 0 2 4 5 1 7 6 3
43 31 12 0 1 3 4 2 7 6 5
43 31 12 1 2 3 6 4 7 0 5
43 31 12 4 2 3 6 5 7 0 1
43 31 12 5 2 0 4 7 6 3 1
43 32 11 7 2 0 4 1 6 3 5
43 35 8 2 0 3 4 5 1 7 6
43 35 8 6 2 3 4 5 1 7 0
43 38 5 7 2 3 4 5 6 1 0
43 39 4 1 2 3 4 6 5 7 0
44 33 11 2 3 6 4 1 7 0 5
44 33 11 2 7 3 4 0 1 6 5
44 34 10 2 0 3 1 5 7 6 4
44 34 10 5 2 3 0 6 1 7 4
45 31 14 0 2 3 1 4 7 6 5
45 33 12 2 3 4 0 1 7 6 5
45 34 11 5 2 4 6 1 7 3 0
45 34 11 0 2 3 4 7 1 6 5
45 34 11 0 2 3 4 6 1 7 5
45 35 10 4 2 3 0 5 1 7 6
45 36 9 1 0 2 4 5 7 3 6
45 36 9 1 2 4 0 5 7 3 6
45 38 7 1 2 3 4 0 6 5 7
45 39 6 1 2 3 6 5 7 4 0
46 31 15 4 2 3 5 0 7 6 1
46 34 12 7 2 3 1 5 0 6 4
46 34 12 5 2 3 0 1 7 4 6
46 34 12 4 2 3 5 1 7 0 6
46 35 11 5 2 6 3 1 7 4 0
46 35 11 5 2 3 6 0 1 7 4
46 35 11 1 2 3 5 7 0 6 4
46 35 11 1 0 3 5 2 7 6 4
46 36 10 5 2 3 1 7 6 0 4
46 38 8 1 2 6 3 5 7 0 4
46 39 7 1 2 3 6 5 0 7 4
47 34 13 5 2 4 3 1 7 0 6
47 34 13 5 2 0 4 6 1 7 3
47 35 12 5 2 6 3 1 0 7 4
47 35 12 5 2 3 1 4 7 0 6
47 37 10 4 2 3 6 1 7 5 0
47 38 9 1 0 2 3 5 7 6 4
47 38 9 4 2 3 1 5 7 0 6
47 38 9 5 2 3 4 0 6 1 7
47 38 9 1 2 3 0 7 6 5 4
47 39 8 2 7 3 4 5 6 0 1
47 41 6 1 2 6 4 5 7 3 0
47 42 5 1 2 4 3 5 7 6 0
48 34 14 0 5 2 4 1 7 3 6
48 34 14 5 7 2 4 1 0 3 6
48 34 14 5 2 3 6 0 7 4 1
48 35 13 5 0 3 6 1 2 7 4
48 36 12 4 2 6 3 1 7 0 5
48 37 11 4 2 3 6 1 0 7 5
48 37 11 1 3 0 4 7 2 6 5
48 38 10 7 2 0 4 5 6 3 1
48 39 9 1 5 3 4 2 7 6 0
48 39 9 0 2 3 4 1 5 7 6
48 40 8 1 3 0 4 5 2 7 6
48 43 5 1 2 3 4 6 5 0 7
49 34 15 5 2 4 1 0 7 3 6
49 34 15 0 2 3 6 1 7 4 5
49 34 15 7 0 3 4 2 1 6 5
49 34 15 7 2 3 0 4 1 6 5
49 35 14 0 5 3 4 7 2 6 1
49 35 14 5 3 0 4 7 2 6 1
49 36 13 4 0 2 3 1 7 6 5
49 36 13 0 7 3 4 1 2 6 5
49 36 13 7 3 0 4 1 2 6 5
49 36 13 5 2 4 3 0 7 6 1
49 37 12 4 2 3 1 7 0 6 5
49 37 12 0 1 3 4 7 2 6 5
49 38 11 5 3 0 1 2 7 6 4
49 38 11 5 2 3 0 7 6 1 4
49 39 10 2 3 6 4 5 7 0 1
49 39 10 1 2 0 6 5 7 3 4
49 39 10 1 2 3 5 4 7 0 6
49 40 9 0 1 3 4 5 2 7 6
49 41 8 7 2 3 4 1 5 6 0
49 41 8 1 2 6 4 5 0 7 3
49 41 8 7 2 3 4 5 1 0 6
50 34 16 0 2 4 5 1 7 3 6
50 36 14 0 5 2 3 1 7 6 4
50 36 14 5 7 2 3 1 0 6 4
50 36 14 5 0 3 1 7 2 6 4
50 36 14 5 2 6 0 1 7 3 4
50 36 14 5 2 6 4 0 7 3 1
50 36 14 0 2 4 3 1 7 6 5
50 38 12 0 5 3 1 2 7 6 4
50 38 12 5 7 3 1 2 0 6 4
50 38 12 2 3 0 5 1 7 6 4
50 38 12 5 3 4 0 2 7 6 1
50 38 12 5 2 6 4 0 1 7 3
50 38 12 0 2 3 4 7 6 1 5
50 38 12 1 2 0 4 7 6 5 3
50 39 11 2 5 3 4 0 7 6 1
50 39 11 2 3 4 0 5 7 6 1
50 39 11 2 7 3 4 0 5 6 1
50 39 11 7 2 3 0 1 6 5 4
50 39 11 7 2 3 4 0 6 5 1
50 39 11 0 2 3 4 1 6 5 7
50 39 11 1 0 3 4 2 5 7 6
50 39 11 1 2 3 0 4 5 7 6
50 41 9 1 5 3 4 0 2 7 6
50 42 8 2 7 3 4 1 6 5 0
50 43 7 2 1 3 4 5 0 7 6
50 43 7 1 2 3 0 6 5 7 4
51 34 17 5 2 0 6 1 7 4 3
51 34 17 4 2 0 5 1 7 6 3
51 35 16 5 2 0 1 4 7 6 3
51 36 15 0 2 6 4 1 7 3 5
51 37 14 4 2 0 6 1 7 3 5
51 38 13 2 7 3 5 1 0 6 4
51 38 13 5 3 6 4 2 7 0 1
51 38 13 0 2 3 4 7 6 5 1
51 39 12 5 7 3 4 2 6 0 1
51 40 11 7 2 3 5 1 6 0 4
51 41 10 5 2 3 6 4 1 7 0
51 41 10 1 3 4 0 2 7 6 5
51 41 10 7 2 3 0 5 1 6 4
51 41 10 0 2 3 4 5 1 6 7
51 42 9 1 7 3 4 2 6 0 5
51 42 9 5 2 3 4 6 0 1 7
51 43 8 4 2 3 6 5 7 1 0
51 43 8 6 2 3 4 5 1 0 7
52 38 14 5 0 6 4 1 2 7 3
52 38 14 4 2 0 1 5 7 6 3
52 38 14 5 2 0 4 7 6 1 3
52 39 13 5 7 3 4 0 2 6 1
52 39 13 1 2 0 5 4 7 6 3
52 40 12 7 0 3 5 1 2 6 4
52 41 11 5 2 3 6 4 7 1 0
52 41 11 1 5 2 4 0 7 6 3
52 41 11 5 1 3 4 2 0 7 6
52 41 11 5 3 7 4 1 2 0 6
52 41 11 1 3 6 4 2 7 0 5
52 41 11 0 2 3 4 7 5 6 1
52 42 10 1 7 3 4 0 2 6 5
52 42 10 1 7 2 4 5 0 6 3
52 42 10 1 0 2 4 7 6 3 5
52 42 10 1 2 4 0 7 6 3 5
52 43 9 2 1 3 4 0 7 6 5
52 43 9 1 2 3 6 4 7 5 0
52 43 9 2 3 0 4 5 1 7 6
52 43 9 7 2 3 0 5 6 1 4
52 43 9 0 2 3 4 5 6 1 7
52 44 8 2 7 3 4 5 1 6 0
52 45 7 4 2 3 6 5 1 7 0
52 45 7 1 2 4 6 5 7 3 0
52 45 7 1 2 3 4 6 0 5 7
53 37 16 4 0 3 1 2 7 6 5
53 38 15 5 0 2 6 1 7 3 4
53 39 14 4 5 3 0 2 7 6 1
53 39 14 7 5 3 4 2 0 6 1
53 39 14 7 2 0 4 1 6 5 3
53 40 13 7 2 3 5 0 1 6 4
53 41 12 3 5 2 4 1 7 6 0
53 41 12 5 7 2 4 1 6 0 3
53 41 12 5 3 0 4 2 1 7 6
53 41 12 6 5 3 4 1 2 7 0
53 41 12 2 5 3 4 1 0 7 6
53 42 11 5 2 4 1 3 7 6 0
53 42 11 1 2 6 3 4 7 0 5
53 42 11 4 2 6 3 5 7 0 1
53 42 11 0 1 2 4 5 7 6 3
53 42 11 1 2 4 6 5 7 0 3
53 42 11 5 2 0 4 6 1 3 7
53 43 10 1 2 3 6 4 0 7 5
53 43 10 4 2 3 6 5 0 7 1
53 43 10 6 2 3 0 5 1 7 4
53 43 10 7 2 3 4 0 6 1 5
53 43 10 1 2 0 4 6 5 7 3
53 45 8 1 2 3 4 6 0 7 5
53 45 8 1 2 3 0 5 7 4 6
53 46 7 1 2 6 3 5 7 4 0
53 47 6 2 7 3 4 5 6 1 0
54 40 14 5 2 6 3 4 7 0 1
54 41 13 2 0 3 5 4 7 6 1
54 41 13 5 2 3 6 4 0 7 1
54 41 13 0 5 3 4 2 1 7 6
54 41 13 5 2 0 3 4 1 7 6
54 41 13 5 2 3 7 4 1 0 6
54 41 13 5 3 4 0 1 2 7 6
54 41 13 7 2 0 4 5 1 6 3
54 42 12 0 2 4 1 5 7 6 3
54 42 12 1 0 2 3 4 7 6 5
54 42 12 4 0 2 3 5 7 6 1
54 42 12 0 7 3 4 5 2 6 1
54 42 12 7 3 0 4 5 2 6 1
54 42 12 2 7 0 4 1 6 3 5
54 43 11 5 1 3 4 2 7 6 0
54 43 11 6 2 3 4 0 1 7 5
54 43 11 0 2 3 4 6 5 7 1
54 44 10 2 3 6 4 1 7 5 0
54 45 9 2 0 3 4 6 1 7 5
54 45 9 1 2 4 3 5 7 0 6
54 46 8 7 2 3 1 5 6 0 4
54 46 8 1 3 0 5 2 7 6 4
54 46 8 1 2 6 3 5 0 7 4
54 46 8 1 2 3 6 0 5 7 4
55 40 15 5 0 2 3 4 7 6 1
55 41 14 5 7 2 4 0 1 6 3
55 41 14 4 5 3 0 1 2 7 6
55 42 13 5 2 4 6 1 0 7 3
55 43 12 1 2 4 5 0 7 6 3
55 43 12 7 0 2 4 1 6 3 5
55 43 12 7 2 4 0 1 6 3 5
55 43 12 7 2 0 4 5 6 1 3
55 44 11 2 3 6 4 1 0 7 5
55 44 11 2 3 0 1 5 7 6 4
55 44 11 2 7 3 1 5 0 6 4
55 44 11 5 2 0 3 6 1 7 4
55 45 10 2 3 4 5 1 7 6 0
55 45 10 5 2 3 4 7 1 6 0
55 45 10 4 2 0 3 5 1 7 6
55 45 10 1 7 2 4 5 0 3 6
55 46 9 1 2 3 5 7 6 0 4
55 46 9 1 7 3 5 2 0 6 4
55 46 9 5 2 3 1 7 6 4 0
55 46 9 1 0 3 6 5 2 7 4
56 41 15 7 2 3 5 4 0 6 1
56 41 15 0 2 3 5 4 1 7 6
56 41 15 7 0 3 4 2 5 6 1
56 41 15 7 2 3 0 4 5 6 1
56 42 14 5 2 4 1 7 0 6 3
56 43 13 3 2 4 5 1 7 6 0
56 43 13 1 2 0 6 4 7 3 5
56 43 13 4 2 0 6 5 7 3 1
56 43 13 5 0 2 4 7 6 3 1
56 43 13 5 2 4 0 7 6 3 1
56 43 13 6 2 0 4 5 1 7 3
56 45 11 2 0 3 4 7 1 6 5
56 45 11 4 2 3 0 6 1 7 5
56 45 11 0 1 2 4 5 7 3 6
56 45 11 1 0 3 4 2 6 5 7
56 45 11 1 2 3 0 4 6 5 7
56 45 11 1 2 3 6 0 7 4 5
56 46 10 0 2 3 6 5 1 7 4
56 47 9 4 2 3 1 5 0 7 6
56 48 8 1 2 0 4 6 5 3 7
57 41 16 5 2 0 6 4 7 3 1
57 41 16 4 5 2 0 1 7 6 3
57 41 16 7 5 2 4 1 0 6 3
57 42 15 5 0 4 1 2 7 6 3
57 43 14 2 0 4 5 1 7 6 3
57 43 14 4 1 3 0 2 7 6 5
57 43 14 7 1 3 4 2 0 6 5
57 44 13 0 2 3 5 6 1 7 4
57 46 11 7 2 3 1 0 5 6 4
57 46 11 1 0 3 5 7 2 6 4
57 46 11 0 1 3 5 2 7 6 4
57 47 10 1 7 2 3 5 0 6 4
57 47 10 1 2 0 3 7 6 5 4
57 47 10 1 2 6 0 5 7 3 4
57 47 10 1 2 4 3 0 7 6 5
57 48 9 1 5 3 4 2 7 0 6
57 48 9 1 5 3 0 2 7 6 4
57 48 9 2 0 3 4 1 5 7 6
57 48 9 6 2 3 4 1 5 7 0
57 48 9 1 3 4 0 5 2 7 6
57 48 9 1 3 7 4 5 2 0 6
57 49 8 2 3 6 4 5 7 1 0
57 50 7 1 2 3 6 4 5 7 0
57 50 7 1 5 3 4 6 2 7 0
57 50 7 2 1 3 4 5 7 0 6
57 51 6 1 3 4 5 2 7 6 0
58 44 14 0 7 3 4 2 1 6 5
58 44 14 5 2 3 7 6 1 0 4
58 45 13 2 0 3 1 4 7 6 5
58 45 13 4 2 3 0 7 1 6 5
58 45 13 4 2 3 7 5 1 0 6
58 45 13 0 2 4 1 5 7 3 6
58 45 13 1 2 0 6 5 7 4 3
58 46 12 7 0 3 1 5 2 6 4
58 46 12 4 2 3 5 1 0 7 6
58 47 11 5 2 4 3 1 0 7 6
58 47 11 0 1 2 3 5 7 6 4
58 47 11 2 7 0 4 5 6 3 1
58 47 11 1 2 6 4 0 7 3 5
58 48 10 1 5 3 4 0 7 6 2
58 49 9 6 1 3 4 5 2 7 0
58 49 9 7 2 3 4 1 5 0 6
58 49 9 1 2 6 4 0 5 7 3
58 49 9 7 2 3 4 5 0 1 6
58 50 8 2 3 4 1 5 7 6 0
58 50 8 2 1 3 4 0 5 7 6
58 50 8 1 2 0 3 6 5 7 4
58 51 7 1 2 3 4 5 0 6 7
58 52 6 2 1 3 4 5 7 6 0
58 53 5 1 2 3 4 0 6 7 5
59 43 16 7 2 4 5 1 0 6 3
59 45 14 2 3 4 1 0 7 6 5
59 45 14 2 3 4 6 1 7 0 5
59 45 14 4 2 3 5 0 1 7 6
59 45 14 1 2 4 5 0 7 3 6
59 45 14 0 2 3 6 5 7 4 1
59 46 13 5 2 0 3 1 7 4 6
59 46 13 5 2 0 1 7 6 3 4
59 47 12 5 0 2 4 6 1 7 3
59 47 12 5 2 4 0 6 1 7 3
59 47 12 5 2 7 4 6 1 0 3
59 47 12 5 2 6 3 0 1 7 4
59 47 12 5 2 3 1 4 0 7 6
59 47 12 4 2 3 0 1 7 5 6
59 47 12 4 2 0 1 5 7 3 6
59 47 12 1 2 3 7 0 6 5 4
59 48 11 1 5 2 4 0 7 3 6
59 48 11 4 2 6 3 1 7 5 0
59 48 11 4 2 3 6 0 1 7 5
59 48 11 1 3 6 4 7 2 0 5
59 48 11 7 0 2 4 5 6 3 1
59 48 11 7 2 4 0 5 6 3 1
59 48 11 4 2 3 0 1 5 7 6
59 49 10 7 2 3 5 4 1 6 0
59 49 10 1 5 3 4 7 2 6 0
59 49 10 4 2 3 1 7 6 0 5
59 49 10 2 3 6 4 5 0 7 1
59 49 10 5 1 3 4 0 2 7 6
59 49 10 1 0 6 4 5 2 7 3
59 50 9 5 3 4 1 2 7 6 0
59 50 9 1 2 5 4 7 6 0 3
59 50 9 2 5 3 4 1 7 6 0
59 50 9 2 7 3 4 1 5 6 0
59 50 9 2 0 3 4 1 6 5 7
59 51 8 2 0 3 4 5 1 6 7
59 51 8 1 7 3 4 2 6 5 0
59 52 7 1 2 3 4 7 5 6 0
59 52 7 1 7 3 4 5 2 6 0
59 52 7 2 0 3 4 5 6 1 7
59 53 6 1 2 3 4 6 7 0 5
60 44 16 2 7 3 0 4 1 6 5
60 45 15 7 2 3 1 4 0 6 5
60 45 15 0 3 4 2 1 7 6 5
60 45 15 5 2 4 6 0 7 3 1
60 46 14 4 2 3 5 7 0 6 1
60 46 14 5 2 3 1 0 7 4 6
60 47 13 5 0 3 4 2 6 1 7
60 47 13 5 2 3 0 4 6 1 7
60 47 13 0 2 3 1 7 6 5 4
60 47 13 0 2 4 3 5 7 6 1
60 48 12 4 2 6 3 1 0 7 5
60 48 12 1 3 4 0 7 2 6 5
60 48 12 1 5 0 4 2 7 6 3
60 49 11 5 2 4 1 6 7 3 0
60 49 11 7 1 3 4 0 2 6 5
60 49 11 5 1 3 4 7 2 6 0
60 49 11 5 3 1 0 2 7 6 4
60 49 11 1 0 2 6 5 7 3 4
60 49 11 1 2 3 5 4 0 7 6
60 49 11 4 1 3 0 5 2 7 6
60 49 11 7 2 3 0 1 5 6 4
60 49 11 0 2 3 4 1 5 6 7
60 49 11 7 2 0 4 5 1 3 6
60 50 10 5 2 6 4 3 1 7 0
60 50 10 2 0 3 4 7 6 1 5
60 50 10 1 3 0 4 2 5 7 6
60 50 10 1 5 3 4 2 0 7 6
60 50 10 1 2 0 3 4 5 7 6
60 51 9 5 2 3 4 0 1 6 7
60 51 9 6 2 3 4 5 0 1 7
60 52 8 1 7 2 4 5 6 0 3
60 58 2 1 2 3 4 5 6 7 0