0 0 0 6 3 7 2 0 4 5 1
7 0 7 0 3 7 2 6 4 5 1
7 0 7 6 3 7 2 1 4 5 0
8 0 8 6 3 7 2 4 0 5 1
8 0 8 6 3 7 0 2 4 5 1
10 0 10 6 0 7 2 3 4 5 1
13 8 5 6 3 0 7 2 4 5 1
13 8 5 6 3 7 1 2 4 5 0
14 7 7 1 3 7 2 6 4 5 0
14 7 7 6 3 7 2 1 4 0 5
14 7 7 6 3 7 0 1 4 5 2
15 7 8 3 0 7 2 6 4 5 1
15 7 8 2 3 7 0 6 4 5 1
15 8 7 0 3 7 6 2 4 5 1
16 7 9 6 3 0 2 1 4 5 7
16 7 9 0 3 7 2 1 4 5 6
16 8 8 6 3 7 2 4 5 0 1
16 8 8 6 3 7 5 2 4 0 1
17 7 10 4 3 7 2 6 0 5 1
17 8 9 6 0 7 2 4 3 5 1
17 13 4 6 3 5 7 2 4 0 1
18 10 8 0 6 7 2 3 4 5 1
18 10 8 6 7 0 2 3 4 5 1
19 10 9 6 4 7 2 3 0 5 1
19 13 6 6 0 3 7 2 4 5 1
19 13 6 6 3 7 1 2 4 0 5
20 14 6 1 3 7 2 6 4 0 5
20 14 6 1 3 7 0 6 4 5 2
20 14 6 6 3 0 7 1 4 5 2
20 17 3 6 3 5 7 2 4 1 0
21 13 8 6 3 7 1 0 4 5 2
21 13 8 6 3 0 1 2 4 5 7
21 13 8 0 3 7 1 2 4 5 6
21 14 7 1 3 7 2 0 4 5 6
21 14 7 6 3 0 2 1 4 7 5
21 15 6 2 3 0 7 6 4 5 1
21 15 6 2 3 7 1 6 4 5 0
21 15 6 1 3 7 6 2 4 5 0
21 16 5 6 3 7 5 2 4 1 0
22 14 8 1 3 0 2 6 4 5 7
22 14 8 6 3 7 2 1 0 4 5
22 14 8 0 3 7 6 1 4 5 2
22 15 7 3 0 7 6 2 4 5 1
22 15 7 2 3 7 6 0 4 5 1
22 16 6 6 3 5 2 1 4 0 7
22 16 6 6 3 0 5 2 4 7 1
22 17 5 6 3 5 7 2 0 4 1
23 14 9 6 3 7 5 1 4 0 2
23 15 8 3 7 0 2 6 4 5 1
23 16 7 6 3 2 0 1 4 5 7
23 16 7 6 3 7 2 4 5 1 0
23 16 7 6 3 7 5 2 0 4 1
24 15 9 3 4 7 2 6 0 5 1
24 15 9 2 3 7 5 6 4 0 1
24 15 9 4 3 7 6 2 0 5 1
24 16 8 6 0 3 2 1 4 5 7
24 16 8 3 0 7 2 1 4 5 6
24 16 8 2 3 7 0 1 4 5 6
24 16 8 6 3 0 2 4 5 7 1
25 17 8 4 3 7 2 0 6 5 1
25 17 8 4 3 7 2 6 5 0 1
25 18 7 6 7 5 2 3 4 0 1
25 19 6 0 6 3 7 2 4 5 1
25 19 6 6 3 0 1 2 4 7 5
25 20 5 1 3 0 7 6 4 5 2
25 20 5 6 3 5 7 1 4 0 2
25 20 5 6 3 5 0 2 4 1 7
26 16 10 4 3 7 2 1 0 5 6
26 17 9 4 0 7 2 6 3 5 1
26 17 9 0 6 7 2 4 3 5 1
26 17 9 6 7 0 2 4 3 5 1
26 18 8 3 6 7 2 0 4 5 1
26 18 8 1 6 7 2 3 4 5 0
26 18 8 6 7 2 0 3 4 5 1
26 19 7 6 4 3 7 2 0 5 1
26 19 7 6 3 7 1 2 0 4 5
26 20 6 1 3 0 2 6 4 7 5
26 20 6 6 3 5 7 0 4 1 2
26 20 6 0 3 5 7 2 4 1 6
26 21 5 6 3 5 1 2 4 0 7
26 21 5 2 3 5 7 6 4 0 1
26 21 5 1 3 7 6 2 4 0 5
26 21 5 1 3 7 0 2 4 5 6
27 18 9 2 6 7 0 3 4 5 1
27 20 7 1 3 7 2 6 0 4 5
27 20 7 6 0 3 7 1 4 5 2
27 20 7 6 3 0 7 2 4 1 5
27 21 6 6 3 1 0 2 4 5 7
27 21 6 6 3 7 0 2 4 1 5
27 22 5 1 3 5 2 6 4 0 7
27 22 5 6 3 5 2 1 4 7 0
27 22 5 6 3 5 0 2 4 7 1
28 19 9 6 4 7 2 0 3 5 1
28 19 9 6 4 7 2 3 5 0 1
28 20 8 0 3 7 1 6 4 5 2
28 20 8 1 3 7 6 0 4 5 2
28 20 8 1 3 7 5 6 4 0 2
28 21 7 6 0 3 1 2 4 5 7
28 21 7 3 0 7 1 2 4 5 6
28 21 7 2 3 7 1 0 4 5 6
28 21 7 1 3 7 2 4 0 5 6
28 21 7 6 0 3 2 1 4 7 5
28 21 7 6 3 2 0 1 4 7 5
28 21 7 2 0 3 7 6 4 5 1
28 21 7 2 3 7 1 6 4 0 5
28 21 7 1 3 0 6 2 4 5 7
28 22 6 1 3 2 0 6 4 5 7
28 22 6 6 3 5 7 0 2 4 1
28 22 6 6 0 5 7 2 3 4 1
28 23 5 6 3 2 7 1 4 5 0
29 18 11 4 6 7 2 3 0 5 1
29 21 8 6 3 7 1 4 0 5 2
29 21 8 6 3 7 5 0 4 1 2
29 21 8 6 3 0 5 2 4 1 7
29 21 8 0 3 7 5 2 4 1 6
29 22 7 1 0 3 2 6 4 5 7
29 22 7 3 7 0 6 2 4 5 1
29 22 7 2 3 7 6 1 4 5 0
29 22 7 6 3 5 2 1 0 4 7
29 22 7 6 0 3 5 2 4 7 1
29 23 6 6 3 7 5 1 4 2 0
29 25 4 1 3 5 7 6 4 0 2
29 25 4 6 3 5 7 1 4 2 0
30 21 9 4 3 7 1 2 0 5 6
30 21 9 1 0 7 2 3 4 5 6
30 21 9 2 3 0 1 6 4 5 7
30 22 8 6 3 7 2 0 1 4 5
30 22 8 3 0 7 6 1 4 5 2
30 22 8 3 4 7 6 2 0 5 1
30 22 8 2 3 7 6 4 0 5 1
30 23 7 6 3 0 5 1 4 7 2
30 23 7 3 7 5 2 6 4 0 1
30 24 6 2 3 7 5 6 4 1 0
30 24 6 2 3 0 7 1 4 5 6
30 26 4 6 3 5 1 2 4 7 0
30 26 4 2 3 5 7 6 4 1 0
30 26 4 1 3 0 7 2 4 5 6
31 21 10 6 0 7 1 3 4 5 2
31 22 9 6 0 7 2 1 3 4 5
31 23 8 6 3 7 5 1 0 4 2
31 23 8 3 7 2 0 6 4 5 1
31 23 8 0 3 2 6 1 4 5 7
31 23 8 6 3 7 0 4 5 1 2
31 23 8 6 3 7 5 0 2 4 1
31 23 8 6 0 7 5 2 3 4 1
31 24 7 2 3 0 5 6 4 7 1
31 24 7 4 3 7 6 2 5 0 1
31 24 7 6 0 3 2 4 5 7 1
31 25 6 6 7 5 2 3 4 1 0
31 25 6 1 6 3 7 2 4 5 0
31 25 6 6 3 1 0 2 4 7 5
31 25 6 1 0 3 7 6 4 5 2
31 25 6 6 3 5 7 1 0 4 2
31 25 6 0 3 5 6 2 4 1 7
31 26 5 0 3 5 7 6 4 1 2
31 26 5 3 0 5 7 2 4 1 6
31 26 5 2 3 5 7 0 4 1 6
31 26 5 1 3 0 6 2 4 7 5
31 27 4 6 3 1 7 2 4 5 0
31 27 4 1 3 5 2 6 4 7 0
32 22 10 4 3 7 6 1 0 5 2
32 22 10 2 0 7 6 3 4 5 1
32 23 9 6 3 2 1 0 4 5 7
32 23 9 6 3 2 5 1 4 0 7
32 23 9 6 3 7 2 0 5 1 4
32 24 8 3 4 7 2 0 6 5 1
32 24 8 2 3 7 5 6 0 4 1
32 24 8 4 3 7 6 0 2 5 1
32 24 8 4 0 7 6 2 3 5 1
32 24 8 0 6 3 2 1 4 5 7
32 24 8 6 4 3 2 1 0 5 7
32 24 8 3 7 0 2 1 4 5 6
32 24 8 6 3 2 0 4 5 7 1
32 25 7 4 3 7 2 6 5 1 0
32 25 7 2 6 3 7 0 4 5 1
32 25 7 6 0 3 1 2 4 7 5
32 26 6 1 0 3 2 6 4 7 5
32 26 6 1 3 2 0 6 4 7 5
32 26 6 6 3 5 7 4 0 1 2
32 26 6 7 3 5 0 2 4 1 6
32 26 6 6 3 5 1 2 0 4 7
32 26 6 2 3 5 7 6 0 4 1
32 26 6 1 3 7 6 2 0 4 5
32 27 5 6 3 1 7 2 4 0 5
32 28 4 1 3 5 6 2 4 0 7
32 28 4 1 3 2 7 6 4 5 0
32 29 3 1 3 5 7 6 4 2 0
33 23 10 6 3 0 2 4 5 1 7
33 23 10 0 3 7 2 4 5 1 6
33 24 9 3 4 7 2 6 5 0 1
33 24 9 3 4 7 2 1 0 5 6
33 24 9 2 3 7 5 1 4 0 6
33 25 8 0 3 7 2 4 6 5 1
33 25 8 4 3 7 2 1 6 5 0
33 25 8 4 3 0 2 6 5 7 1
33 25 8 6 7 5 2 3 0 4 1
33 25 8 7 6 3 0 2 4 5 1
33 25 8 6 3 5 2 0 4 1 7
33 26 7 1 6 7 2 3 4 0 5
33 26 7 1 6 7 0 3 4 5 2
33 26 7 6 7 2 1 3 4 5 0
33 26 7 6 4 3 7 2 5 0 1
33 26 7 4 3 5 7 2 0 1 6
33 26 7 1 3 7 5 2 4 0 6
33 27 6 6 0 3 7 2 4 1 5
33 27 6 1 3 5 2 6 0 4 7
33 27 6 6 3 5 0 1 4 7 2
33 27 6 0 3 5 6 2 4 7 1
33 28 5 1 3 7 5 6 4 2 0
33 28 5 1 3 6 0 2 4 5 7
33 30 3 1 3 5 7 2 4 0 6
34 25 9 4 3 7 0 2 6 5 1
34 25 9 4 6 3 7 2 0 5 1
34 26 8 4 3 7 2 0 1 5 6
34 26 8 4 3 7 2 1 5 0 6
34 26 8 6 7 5 2 4 3 0 1
34 26 8 3 6 7 2 1 4 5 0
34 26 8 1 6 7 2 0 4 5 3
34 26 8 6 4 3 7 0 2 5 1
34 26 8 6 3 7 1 0 2 4 5
34 26 8 6 0 7 1 2 3 4 5
34 26 8 6 0 5 7 3 4 1 2
34 26 8 6 3 5 0 7 4 1 2
34 27 7 2 6 0 7 3 4 5 1
34 27 7 2 6 7 1 3 4 5 0
34 27 7 1 3 7 2 0 6 4 5
34 27 7 0 6 3 7 1 4 5 2
34 27 7 0 3 1 6 2 4 5 7
34 27 7 0 3 7 6 2 4 1 5
34 27 7 6 3 5 2 0 4 7 1
34 28 6 1 3 0 5 6 4 7 2
34 28 6 6 3 2 5 1 4 7 0
34 28 6 1 0 3 6 2 4 5 7
34 28 6 0 3 5 7 6 2 4 1
34 28 6 6 3 5 7 1 2 4 0
34 28 6 0 6 5 7 2 3 4 1
34 28 6 6 3 2 7 1 4 0 5
34 29 5 1 3 5 7 6 0 4 2
34 33 1 1 3 5 7 2 4 6 0