0 0 0 6 3 7 2 0 4 5 1
12 0 12 6 3 7 2 1 4 5 0
13 0 13 6 3 7 0 2 4 5 1
15 0 15 6 3 7 2 4 0 5 1
15 0 15 0 3 7 2 6 4 5 1
19 0 19 6 0 7 2 3 4 5 1
21 13 8 6 3 7 1 2 4 5 0
23 13 10 6 3 0 7 2 4 5 1
24 12 12 6 3 7 0 1 4 5 2
24 13 11 6 3 7 5 2 4 0 1
25 12 13 6 3 7 2 1 4 0 5
26 15 11 1 3 7 2 6 4 5 0
27 12 15 0 3 7 2 1 4 5 6
27 13 14 0 3 7 6 2 4 5 1
28 12 16 6 3 0 2 1 4 5 7
29 15 14 6 3 7 2 4 5 0 1
29 15 14 2 3 7 0 6 4 5 1
30 15 15 3 0 7 2 6 4 5 1
30 23 7 6 3 5 7 2 4 0 1
31 21 10 6 3 7 1 2 4 0 5
31 24 7 6 3 7 5 2 4 1 0
32 15 17 6 0 7 2 4 3 5 1
33 15 18 4 3 7 2 6 0 5 1
33 21 12 0 3 7 1 2 4 5 6
34 21 13 6 3 7 1 0 4 5 2
34 21 13 6 3 0 1 2 4 5 7
34 23 11 6 0 3 7 2 4 5 1
35 24 11 6 3 0 7 1 4 5 2
35 24 11 6 3 7 5 2 0 4 1
35 24 11 6 3 0 5 2 4 7 1
35 30 5 6 3 5 7 2 4 1 0
36 24 12 6 3 7 5 1 4 0 2
36 26 10 1 3 7 0 6 4 5 2
36 27 9 1 3 7 6 2 4 5 0
37 19 18 0 6 7 2 3 4 5 1
37 19 18 6 7 0 2 3 4 5 1
37 26 11 1 3 7 2 6 4 0 5
37 26 11 1 3 7 2 0 4 5 6
38 19 19 6 4 7 2 3 0 5 1
39 24 15 0 3 7 6 1 4 5 2
39 27 12 2 3 7 0 1 4 5 6
39 28 11 6 3 5 2 1 4 0 7
39 29 10 2 3 7 1 6 4 5 0
39 30 9 6 3 5 7 2 0 4 1
40 25 15 6 3 7 2 1 0 4 5
40 25 15 6 3 0 2 1 4 7 5
40 26 14 1 3 0 2 6 4 5 7
40 27 13 3 0 7 2 1 4 5 6
40 27 13 3 0 7 6 2 4 5 1
41 27 14 2 3 7 6 0 4 5 1
41 28 13 6 3 2 0 1 4 5 7
41 29 12 6 3 7 2 4 5 1 0
41 29 12 2 3 0 7 6 4 5 1
41 33 8 1 3 7 0 2 4 5 6
42 29 13 2 3 7 5 6 4 0 1
42 31 11 6 3 7 0 2 4 1 5
42 31 11 0 3 7 5 2 4 1 6
42 34 8 6 3 5 1 2 4 0 7
43 28 15 6 0 3 2 1 4 5 7
43 31 12 6 3 7 1 2 0 4 5
43 31 12 6 3 0 1 2 4 7 5
43 31 12 6 3 7 5 0 4 1 2
43 31 12 6 3 0 5 2 4 1 7
43 33 10 3 0 7 1 2 4 5 6
43 35 8 6 3 5 7 1 4 0 2
44 27 17 4 3 7 2 1 0 5 6
44 27 17 4 3 7 6 2 0 5 1
44 33 11 2 3 7 1 0 4 5 6
44 35 9 6 3 5 0 2 4 1 7
44 35 9 0 3 5 7 2 4 1 6
45 29 16 6 3 0 2 4 5 7 1
45 34 11 6 3 1 0 2 4 5 7
45 35 10 6 3 5 0 2 4 7 1
45 35 10 6 3 5 7 0 4 1 2
45 36 9 6 3 7 5 1 4 2 0
45 36 9 1 3 0 7 6 4 5 2
45 36 9 1 3 7 6 2 4 0 5
46 30 16 3 7 0 2 6 4 5 1
46 34 12 6 0 3 1 2 4 5 7
46 34 12 0 6 3 7 2 4 5 1
46 36 10 1 3 7 5 6 4 0 2
47 30 17 3 4 7 2 6 0 5 1
47 33 14 4 3 7 2 6 5 0 1
47 33 14 4 3 7 1 2 0 5 6
47 34 13 6 3 7 1 4 0 5 2
47 34 13 0 3 7 1 6 4 5 2
47 34 13 6 4 3 7 2 0 5 1
47 35 12 6 0 3 7 1 4 5 2
47 35 12 6 3 7 5 0 2 4 1
47 35 12 6 0 3 5 2 4 7 1
47 35 12 6 3 0 7 2 4 1 5
47 41 6 1 3 0 7 2 4 5 6
48 33 15 4 3 7 2 0 6 5 1
48 35 13 6 0 7 5 2 3 4 1
48 36 12 6 3 7 5 1 0 4 2
48 36 12 6 3 0 5 1 4 7 2
48 36 12 1 3 7 6 0 4 5 2
48 36 12 1 3 0 6 2 4 5 7
48 37 11 1 3 0 2 6 4 7 5
48 37 11 1 3 7 2 4 0 5 6
48 41 7 1 3 7 5 2 4 0 6
49 39 10 2 3 0 7 1 4 5 6
49 39 10 6 3 5 2 1 4 7 0
49 39 10 6 3 5 7 0 2 4 1
49 40 9 1 3 5 2 6 4 0 7
49 42 7 6 3 5 1 2 4 7 0
50 32 18 0 6 7 2 4 3 5 1
50 32 18 6 7 0 2 4 3 5 1
50 33 17 4 0 7 2 6 3 5 1
50 37 13 1 3 7 2 6 0 4 5
50 39 11 2 3 7 6 1 4 5 0
50 39 11 2 3 7 5 1 4 0 6
50 39 11 6 0 5 7 2 3 4 1
50 41 9 6 3 2 7 1 4 5 0
50 41 9 2 3 5 7 6 4 0 1
50 43 7 6 3 5 7 1 4 2 0
50 47 3 1 3 5 7 2 4 0 6
51 34 17 6 0 7 1 3 4 5 2
51 37 14 1 6 7 2 3 4 5 0
51 39 12 2 3 7 1 6 4 0 5
51 40 11 1 0 3 2 6 4 5 7
51 40 11 1 3 2 0 6 4 5 7
51 42 9 2 3 7 5 6 4 1 0
51 42 9 3 0 7 5 2 4 1 6
51 44 7 3 0 5 7 2 4 1 6
51 45 6 1 3 5 7 6 4 0 2
51 48 3 1 3 7 5 2 4 6 0
51 50 1 1 3 5 7 2 4 6 0