0 0 0 5 2 7 0 3 6 4 1
11 0 11 5 2 7 1 3 6 4 0
13 0 13 5 2 7 4 3 6 0 1
15 0 15 5 2 0 7 3 6 4 1
15 0 15 5 2 7 3 0 6 4 1
17 0 17 0 2 7 5 3 6 4 1
22 13 9 5 2 7 4 3 6 1 0
23 11 12 5 2 7 1 3 6 0 4
23 13 10 5 2 0 4 3 6 7 1
25 11 14 5 2 0 1 3 6 4 7
26 11 15 5 2 7 1 0 6 4 3
26 13 13 5 2 7 4 3 0 6 1
26 15 11 5 2 7 3 1 6 4 0
27 11 16 0 2 7 1 3 6 4 5
27 15 12 0 2 7 3 5 6 4 1
28 15 13 5 2 4 7 3 6 0 1
29 15 14 5 2 7 3 6 0 4 1
29 17 12 1 2 7 5 3 6 4 0
30 15 15 5 0 2 7 3 6 4 1
30 15 15 5 0 7 3 2 6 4 1
30 17 13 3 2 7 5 0 6 4 1
32 17 15 2 0 7 5 3 6 4 1
34 22 12 5 2 0 4 3 6 1 7
34 23 11 5 2 0 1 3 6 7 4
34 23 11 5 0 2 4 3 6 7 1
34 23 11 5 2 4 0 3 6 7 1
35 17 18 6 2 7 5 3 0 4 1
35 22 13 5 2 7 0 3 6 1 4
35 22 13 5 2 7 4 0 6 1 3
35 25 10 5 2 4 1 3 6 0 7
35 27 8 1 2 7 3 5 6 4 0
36 22 14 0 2 7 4 3 6 1 5
37 23 14 5 2 7 1 3 0 6 4
37 25 12 5 2 1 0 3 6 4 7
37 26 11 5 2 7 3 1 6 0 4
38 25 13 5 0 2 1 3 6 4 7
39 26 13 0 2 7 1 5 6 4 3
39 26 13 5 2 7 4 0 3 6 1
39 26 13 5 2 0 3 1 6 4 7
39 27 12 1 2 7 0 3 6 4 5
39 27 12 2 0 7 3 5 6 4 1
39 28 11 5 2 4 7 3 6 1 0
40 26 14 5 0 7 1 2 6 4 3
40 26 14 5 2 7 0 1 6 4 3
40 27 13 3 2 7 1 0 6 4 5
40 27 13 3 2 7 0 5 6 4 1
40 29 11 1 2 7 5 3 6 0 4
41 26 15 5 2 7 1 6 0 4 3
41 26 15 5 0 7 4 3 2 6 1
41 26 15 0 2 7 3 1 6 4 5
41 27 14 2 0 7 1 3 6 4 5
41 29 12 1 2 7 5 0 6 4 3
41 30 11 3 2 7 5 1 6 4 0
42 29 13 5 2 7 3 6 4 0 1
42 29 13 1 2 0 5 3 6 4 7
42 34 8 5 2 4 1 3 6 7 0
42 35 7 1 2 7 3 5 6 0 4
43 27 16 6 2 7 3 5 0 4 1
43 28 15 5 2 4 7 3 0 6 1
43 30 13 0 5 7 3 2 6 4 1
43 30 13 3 0 7 5 2 6 4 1
43 34 9 5 2 1 4 3 6 0 7
44 29 15 5 0 7 3 6 2 4 1
44 30 14 5 7 0 3 2 6 4 1
44 30 14 5 6 7 3 2 0 4 1
44 30 14 3 2 7 5 6 0 4 1
44 35 9 1 2 0 3 5 6 4 7
45 27 18 6 2 7 1 3 0 4 5
45 30 15 0 5 2 7 3 6 4 1
45 34 11 5 0 2 4 3 6 1 7
45 34 11 5 2 4 0 3 6 1 7
45 34 11 5 2 1 0 3 6 7 4
45 35 10 1 2 7 0 5 6 4 3
46 30 16 5 6 2 7 3 0 4 1
46 34 12 5 0 2 1 3 6 7 4
46 34 12 0 5 2 4 3 6 7 1
46 34 12 5 2 4 3 0 6 7 1
46 35 11 0 2 7 4 5 6 1 3
46 35 11 1 2 7 3 0 6 4 5
47 34 13 5 6 2 4 3 0 7 1
47 35 12 5 2 4 1 3 0 6 7
47 36 11 3 2 7 4 0 6 1 5
47 37 10 5 2 0 3 1 6 7 4
48 32 16 2 7 0 5 3 6 4 1
48 32 16 2 6 7 5 3 0 4 1
48 34 14 0 2 4 5 3 6 7 1
48 35 13 5 2 7 4 6 0 1 3
48 36 12 2 0 7 4 3 6 1 5
48 39 9 5 2 4 3 1 6 0 7
48 42 6 1 2 0 3 5 6 7 4
49 35 14 6 2 7 5 3 4 0 1
49 35 14 5 2 0 7 3 6 1 4
49 35 14 5 2 7 3 0 6 1 4
49 37 12 5 2 1 7 3 6 4 0
49 39 10 5 2 3 0 1 6 4 7
49 39 10 1 2 7 4 3 6 0 5
49 40 9 3 2 7 1 5 6 4 0
49 44 5 1 2 4 3 5 6 0 7
50 35 15 6 2 7 5 0 3 4 1
50 35 15 6 0 7 5 3 2 4 1
50 35 15 5 0 7 4 2 6 1 3
50 36 14 4 2 7 0 3 6 1 5
50 37 13 5 2 1 3 0 6 4 7
50 37 13 5 2 7 3 1 0 6 4
50 39 11 5 2 7 4 1 3 6 0
50 40 10 1 2 0 5 3 6 7 4
50 43 7 5 2 1 4 3 6 7 0
50 44 6 1 2 3 0 5 6 4 7
51 35 16 0 2 7 5 3 6 1 4
51 35 16 5 2 7 0 4 6 1 3
51 37 14 5 2 7 1 0 3 6 4
51 37 14 5 0 7 1 3 2 6 4
51 39 12 0 2 7 4 5 3 6 1
51 39 12 5 0 2 3 1 6 4 7
51 39 12 1 2 0 7 3 6 4 5
51 39 12 2 7 0 3 5 6 4 1
51 40 11 3 2 7 4 5 6 0 1
51 42 9 1 2 4 5 3 6 0 7
51 42 9 1 2 7 3 5 0 6 4
52 36 16 6 2 7 4 3 0 1 5
52 37 15 0 2 1 5 3 6 4 7
52 38 14 0 5 2 1 3 6 4 7
52 39 13 2 0 7 1 5 6 4 3
52 40 12 0 5 7 1 2 6 4 3
52 40 12 1 2 7 5 3 0 6 4
52 41 11 1 0 7 5 2 6 4 3
52 42 10 1 2 5 0 3 6 4 7
52 43 9 1 5 7 3 2 6 4 0
52 44 8 1 0 2 3 5 6 4 7
52 49 3 1 2 4 3 5 6 7 0
53 38 15 5 6 2 1 3 0 4 7
53 39 14 2 6 7 3 5 0 4 1
53 40 13 5 7 0 1 2 6 4 3
53 40 13 5 6 7 1 2 0 4 3
53 40 13 5 2 0 7 1 6 4 3
53 40 13 5 2 7 4 1 6 0 3
53 40 13 3 2 0 7 5 6 4 1
53 41 12 1 2 7 5 6 0 4 3
53 41 12 3 2 7 5 1 6 0 4
53 42 11 5 2 7 3 6 4 1 0
53 48 5 1 2 3 0 5 6 7 4
54 39 15 5 0 7 4 2 3 6 1
54 39 15 5 2 4 7 0 6 1 3
54 40 14 3 2 7 1 6 0 4 5
54 40 14 3 0 7 1 2 6 4 5
54 41 13 5 2 7 1 6 4 0 3
54 41 13 2 0 7 3 1 6 4 5
54 41 13 3 2 7 0 1 6 4 5
54 42 12 5 2 0 3 6 4 7 1
54 42 12 1 0 2 5 3 6 4 7
54 42 12 5 2 4 1 0 6 7 3
54 43 11 0 3 7 5 2 6 4 1
54 43 11 5 2 1 4 3 0 6 7
54 45 9 1 2 7 4 5 6 0 3
54 46 8 1 5 2 4 3 6 7 0
54 46 8 5 2 4 3 1 6 7 0
54 53 1 1 2 3 4 5 6 7 0