0 0 0 5 2 7 0 3 6 4 1
6 0 6 5 2 7 1 3 6 4 0
7 0 7 5 2 0 7 3 6 4 1
8 0 8 0 2 7 5 3 6 4 1
8 0 8 5 2 7 4 3 6 0 1
9 0 9 5 2 7 3 0 6 4 1
13 6 7 5 2 7 1 3 6 0 4
13 8 5 5 2 7 4 3 6 1 0
13 8 5 5 2 0 4 3 6 7 1
14 6 8 5 2 7 1 0 6 4 3
14 7 7 5 2 4 7 3 6 0 1
15 6 9 5 2 0 1 3 6 4 7
15 6 9 0 2 7 1 3 6 4 5
15 7 8 5 0 2 7 3 6 4 1
15 8 7 3 2 7 5 0 6 4 1
15 8 7 1 2 7 5 3 6 4 0
15 8 7 5 2 7 4 3 0 6 1
15 9 6 0 2 7 3 5 6 4 1
16 8 8 2 0 7 5 3 6 4 1
16 9 7 5 2 7 3 1 6 4 0
17 9 8 5 2 7 3 6 0 4 1
18 8 10 6 2 7 5 3 0 4 1
19 9 10 5 0 7 3 2 6 4 1
19 13 6 5 2 0 1 3 6 7 4
19 13 6 5 0 2 4 3 6 7 1
19 13 6 5 2 4 0 3 6 7 1
20 13 7 5 2 7 0 3 6 1 4
20 13 7 5 2 7 4 0 6 1 3
20 14 6 0 2 7 1 5 6 4 3
20 14 6 5 2 4 7 3 6 1 0
21 13 8 5 2 7 1 3 0 6 4
21 13 8 5 2 0 4 3 6 1 7
21 13 8 0 2 7 4 3 6 1 5
21 14 7 5 2 4 7 3 0 6 1
21 15 6 1 2 7 5 3 6 0 4
21 15 6 1 2 7 0 3 6 4 5
21 15 6 1 2 7 3 5 6 4 0
22 14 8 5 2 7 1 6 0 4 3
22 15 7 5 2 1 0 3 6 4 7
22 15 7 5 2 4 1 3 6 0 7
22 15 7 3 2 7 1 0 6 4 5
22 15 7 3 2 7 5 1 6 4 0
22 15 7 1 2 7 5 0 6 4 3
22 15 7 5 2 7 4 0 3 6 1
22 15 7 2 0 7 3 5 6 4 1
22 15 7 3 2 7 0 5 6 4 1
23 14 9 5 2 7 0 1 6 4 3
23 15 8 5 0 2 1 3 6 4 7
23 15 8 2 0 7 1 3 6 4 5
23 15 8 0 5 2 7 3 6 4 1
23 15 8 5 6 2 7 3 0 4 1
23 15 8 3 2 7 5 6 0 4 1
23 15 8 1 2 0 5 3 6 4 7
23 15 8 5 0 7 4 3 2 6 1
23 16 7 5 2 7 3 1 6 0 4
24 14 10 5 0 7 1 2 6 4 3
24 15 9 6 2 7 3 5 0 4 1
24 16 8 2 7 0 5 3 6 4 1
24 19 5 5 2 4 1 3 6 7 0
25 15 10 6 2 7 1 3 0 4 5
25 15 10 3 0 7 5 2 6 4 1
25 16 9 2 6 7 5 3 0 4 1
25 16 9 5 2 0 3 1 6 4 7
25 16 9 0 2 7 3 1 6 4 5
25 17 8 5 2 7 3 6 4 0 1
25 19 6 5 2 1 0 3 6 7 4
25 19 6 0 5 2 4 3 6 7 1
25 20 5 0 2 7 4 5 6 1 3
26 17 9 5 0 7 3 6 2 4 1
26 18 8 6 2 7 5 0 3 4 1
26 18 8 6 2 7 5 3 4 0 1
26 19 7 5 0 2 1 3 6 7 4
26 19 7 5 6 2 4 3 0 7 1
26 19 7 0 2 4 5 3 6 7 1
26 20 6 1 2 7 0 5 6 4 3
26 21 5 1 2 0 5 3 6 7 4
26 21 5 1 2 7 3 5 6 0 4
27 18 9 6 0 7 5 3 2 4 1
27 19 8 0 5 7 3 2 6 4 1
27 19 8 5 7 0 3 2 6 4 1
27 19 8 5 6 7 3 2 0 4 1
27 19 8 5 2 4 3 0 6 7 1
27 20 7 5 2 0 7 3 6 1 4
27 20 7 5 2 7 4 6 0 1 3
27 20 7 2 0 7 1 5 6 4 3
27 20 7 3 2 7 1 5 6 4 0
27 20 7 5 2 4 0 3 6 1 7
27 21 6 5 2 1 4 3 6 0 7
27 21 6 3 2 7 4 0 6 1 5
27 21 6 1 2 0 7 3 6 4 5
28 20 8 0 2 7 5 3 6 1 4
28 20 8 5 2 4 7 0 6 1 3
28 21 7 5 0 2 4 3 6 1 7
28 21 7 2 0 7 4 3 6 1 5
28 21 7 5 2 4 7 0 3 6 1
28 21 7 5 0 4 7 3 2 6 1
28 21 7 1 2 7 5 3 0 6 4
28 21 7 1 2 7 4 3 6 0 5
28 21 7 1 2 7 3 0 6 4 5
28 21 7 1 2 0 3 5 6 4 7
28 22 6 5 2 1 7 3 6 4 0
28 22 6 0 2 7 4 5 3 6 1
28 22 6 3 2 0 7 5 6 4 1
29 20 9 5 2 7 3 0 6 1 4
29 20 9 5 0 7 4 2 6 1 3
29 20 9 5 2 7 0 4 6 1 3
29 20 9 6 2 7 1 5 0 4 3
29 20 9 0 2 4 7 3 6 1 5
29 21 8 5 2 7 1 0 3 6 4
29 21 8 5 0 7 1 3 2 6 4
29 21 8 4 2 7 0 3 6 1 5
29 22 7 3 2 7 5 1 6 0 4
29 22 7 3 2 7 0 1 6 4 5
29 22 7 1 2 7 5 6 0 4 3
29 22 7 0 2 7 5 1 6 4 3
29 22 7 5 2 7 4 1 3 6 0
29 22 7 2 7 0 3 5 6 4 1
29 22 7 3 2 7 4 5 6 0 1
29 23 6 1 2 5 0 3 6 4 7
29 23 6 1 2 4 5 3 6 0 7
29 23 6 5 2 0 3 1 6 7 4
29 25 4 5 2 1 4 3 6 7 0
30 21 9 6 2 7 4 3 0 1 5
30 22 8 5 2 7 1 6 4 0 3
30 22 8 0 2 1 5 3 6 4 7
30 22 8 5 2 4 1 3 0 6 7
30 22 8 3 2 7 1 6 0 4 5
30 22 8 2 6 7 3 5 0 4 1
30 23 7 5 2 0 7 1 6 4 3
30 23 7 5 6 2 7 3 4 0 1
30 23 7 1 0 2 5 3 6 4 7
30 26 4 1 2 0 3 5 6 7 4
31 22 9 5 0 7 1 6 2 4 3
31 22 9 5 2 1 3 0 6 4 7
31 22 9 3 2 0 5 1 6 4 7
31 22 9 1 0 7 5 2 6 4 3
31 22 9 5 0 7 4 2 3 6 1
31 23 8 5 2 7 4 1 6 0 3
31 23 8 0 5 2 1 3 6 4 7
31 23 8 2 7 0 1 3 6 4 5
31 23 8 3 5 2 7 0 6 4 1
31 23 8 1 5 2 7 3 6 4 0
31 23 8 5 6 2 7 0 3 4 1
31 23 8 3 2 7 5 6 4 0 1
31 23 8 0 5 7 4 3 2 6 1
31 23 8 5 7 0 4 3 2 6 1
31 23 8 5 2 7 3 1 0 6 4
31 24 7 6 2 7 3 5 4 0 1
31 24 7 5 2 4 1 0 6 7 3
31 25 6 5 2 3 0 1 6 4 7
31 25 6 3 5 2 4 0 6 7 1
31 25 6 1 5 2 4 3 6 7 0
31 25 6 2 0 7 4 5 6 1 3
31 25 6 3 2 7 4 5 6 1 0
31 26 5 1 2 0 7 5 6 4 3
31 26 5 1 2 5 0 3 6 7 4
32 22 10 3 0 7 1 2 6 4 5
32 22 10 5 2 7 0 4 3 6 1
32 23 9 5 6 2 1 3 0 4 7
32 23 9 2 6 7 1 3 0 4 5
32 23 9 7 5 2 0 3 6 4 1
32 23 9 3 0 7 5 6 2 4 1
32 24 8 0 5 7 1 2 6 4 3
32 24 8 5 7 0 1 2 6 4 3
32 24 8 5 6 7 1 2 0 4 3
32 24 8 6 2 7 3 0 5 4 1
32 24 8 6 0 7 3 5 2 4 1
32 24 8 2 7 5 0 3 6 4 1
32 24 8 2 7 4 5 3 6 0 1
32 24 8 0 2 4 1 3 6 7 5
32 25 7 0 3 7 5 2 6 4 1
32 25 7 5 2 4 3 1 6 0 7
32 25 7 5 2 7 3 6 4 1 0
32 25 7 5 2 0 3 6 4 7 1
32 25 7 0 2 1 5 3 6 7 4
32 25 7 4 2 7 0 5 6 1 3
32 26 6 3 2 4 5 0 6 7 1
32 26 6 1 2 4 5 3 6 7 0
32 26 6 1 2 7 4 5 6 0 3
32 26 6 1 0 2 5 3 6 7 4
32 26 6 1 2 7 3 5 0 6 4
32 27 5 0 2 4 3 5 6 7 1
32 28 4 1 2 7 4 3 6 5 0
32 28 4 1 2 0 4 3 6 7 5
32 28 4 1 2 3 0 5 6 4 7
33 23 10 6 5 2 7 3 0 4 1
33 25 8 6 2 7 1 0 3 4 5
33 25 8 6 2 7 1 3 4 0 5
33 25 8 3 7 0 5 2 6 4 1
33 25 8 3 6 7 5 2 0 4 1
33 25 8 2 6 7 5 3 4 0 1
33 25 8 5 0 2 3 1 6 4 7
33 25 8 2 0 7 3 1 6 4 5
33 25 8 5 2 1 3 0 6 7 4
33 25 8 4 5 2 0 3 6 7 1
33 25 8 6 2 7 4 5 0 1 3
33 26 7 6 2 7 5 3 4 1 0
33 26 7 6 2 0 5 3 4 7 1
33 26 7 0 5 2 1 3 6 7 4
33 26 7 5 6 2 4 0 3 7 1
33 26 7 2 0 4 5 3 6 7 1
33 27 6 5 2 4 3 1 6 7 0
33 27 6 3 2 7 1 5 6 0 4
33 27 6 1 2 4 7 3 6 0 5
33 28 5 1 2 4 3 5 6 0 7
33 29 4 3 2 0 4 5 6 7 1
33 30 3 1 2 3 0 5 6 7 4
34 25 9 6 0 7 1 3 2 4 5
34 25 9 2 6 7 5 0 3 4 1
34 25 9 5 2 1 7 3 6 0 4
34 25 9 6 5 2 4 3 0 7 1
34 26 8 0 2 7 5 6 3 4 1
34 26 8 6 2 7 5 1 3 4 0
34 26 8 5 6 2 1 3 0 7 4
34 26 8 5 6 2 4 3 7 0 1
34 27 7 5 7 3 0 2 6 4 1
34 27 7 5 6 7 3 2 4 0 1
34 27 7 5 2 4 3 6 0 7 1
34 27 7 5 2 7 4 6 1 0 3
34 27 7 2 7 0 1 5 6 4 3
34 27 7 5 2 1 4 3 0 6 7
34 27 7 3 2 7 4 6 0 1 5
34 27 7 1 0 2 7 3 6 4 5
34 28 6 0 2 4 7 5 6 1 3
34 28 6 1 2 7 4 3 0 6 5
34 28 6 1 0 2 3 5 6 4 7
34 28 6 1 2 7 4 5 3 6 0
34 28 6 3 2 4 7 5 6 0 1
34 29 5 1 2 5 7 3 6 4 0
34 29 5 5 2 3 0 1 6 7 4
34 31 3 1 2 5 4 3 6 7 0
34 33 1 1 2 3 4 5 6 7 0