0 0 0 5 2 7 0 3 6 4 1
11 0 11 5 2 7 1 3 6 4 0
12 0 12 5 2 7 1 3 6 0 4
11 0 11 5 2 0 1 3 6 7 4
11 0 11 5 2 1 0 3 6 7 4
7 0 7 5 2 1 4 3 6 7 0
9 0 9 5 2 1 4 3 6 0 7
10 0 10 5 2 0 4 3 6 1 7
11 0 11 5 2 1 4 0 6 7 3
9 0 9 0 2 1 4 5 6 7 3
7 0 7 3 2 1 4 5 6 7 0
7 0 7 3 2 1 4 5 6 0 7
8 0 8 3 2 0 4 5 6 1 7
9 0 9 2 0 1 4 5 6 7 3
8 0 8 2 1 0 4 5 6 7 3
9 0 9 3 2 1 0 5 6 7 4
9 0 9 3 2 1 4 5 0 6 7
9 0 9 3 0 2 4 5 6 1 7
9 0 9 3 2 4 0 5 6 1 7
9 0 9 2 1 4 0 5 6 7 3
5 0 5 2 1 4 3 5 6 7 0
7 0 7 2 1 4 3 5 6 0 7
9 0 9 2 1 7 4 5 6 0 3
7 0 7 2 1 7 4 5 6 3 0
9 0 9 3 2 0 1 5 6 7 4
9 0 9 0 3 2 4 5 6 1 7
9 0 9 3 2 4 7 5 6 1 0
9 0 9 2 1 4 3 5 0 6 7
9 0 9 2 1 0 3 5 6 4 7
8 0 8 2 1 3 0 5 6 4 7
7 0 7 2 1 3 4 5 6 0 7
3 0 3 2 1 3 4 5 6 7 0
7 0 7 2 1 3 4 5 0 6 7
7 0 7 2 1 3 0 5 6 7 4
8 0 8 2 1 3 7 5 6 4 0
8 0 8 2 1 0 4 5 6 3 7
8 0 8 2 1 3 4 0 6 7 5
8 0 8 2 1 3 4 0 5 6 7
8 0 8 2 0 3 4 5 1 6 7
8 0 8 2 1 0 3 5 6 7 4
8 0 8 2 1 3 4 6 0 7 5
8 0 8 2 1 3 4 7 5 6 0
8 0 8 0 2 3 4 5 1 6 7
7 0 7 1 2 3 4 5 0 6 7
3 0 3 1 2 3 4 5 6 0 7
1 0 1 1 2 3 4 5 6 7 0