0 0 0 4 1 5 3 0 7 2 6
12 0 12 4 1 5 3 6 7 2 0
13 0 13 0 1 5 3 4 7 2 6
15 0 15 4 1 5 3 7 0 2 6
17 0 17 4 0 5 3 1 7 2 6
17 0 17 4 1 5 0 3 7 2 6
24 12 12 4 1 5 3 6 7 0 2
24 13 11 1 0 5 3 4 7 2 6
25 13 12 3 1 5 0 4 7 2 6
26 13 13 6 1 5 3 4 7 2 0
27 12 15 4 1 5 0 6 7 2 3
27 12 15 4 1 0 3 6 7 2 5
27 13 14 7 1 5 3 4 0 2 6
28 12 16 0 1 5 3 6 7 2 4
28 15 13 4 1 5 3 7 2 0 6
30 17 13 4 1 5 6 3 7 2 0
31 15 16 4 0 5 3 7 1 2 6
32 17 15 0 4 5 3 1 7 2 6
32 17 15 4 5 0 3 1 7 2 6
32 17 15 4 7 5 3 1 0 2 6
32 17 15 0 1 5 4 3 7 2 6
33 17 16 4 1 0 5 3 7 2 6
33 17 16 4 1 5 2 3 7 0 6
35 24 11 1 7 5 3 4 0 2 6
36 24 12 4 1 5 3 6 0 7 2
36 24 12 1 5 0 3 4 7 2 6
36 25 11 3 1 5 6 4 7 2 0
37 24 13 4 1 0 3 6 7 5 2
37 25 12 3 1 0 5 4 7 2 6
37 27 10 7 1 5 3 4 2 0 6
38 25 13 3 1 5 2 4 7 0 6
38 26 12 6 1 5 3 4 7 0 2
38 27 11 4 1 2 3 6 7 0 5
38 27 11 7 1 5 3 0 4 2 6
39 25 14 3 1 5 4 0 7 2 6
39 26 13 6 1 5 0 4 7 2 3
39 27 12 4 1 3 0 6 7 2 5
39 28 11 4 1 5 3 7 2 6 0
40 27 13 7 0 5 3 4 1 2 6
40 28 12 1 0 5 3 6 7 2 4
41 26 15 6 1 5 3 0 7 2 4
41 27 14 4 0 1 3 6 7 2 5
42 27 15 0 1 5 4 6 7 2 3
42 28 14 3 1 5 0 6 7 2 4
43 27 16 4 1 0 5 6 7 2 3
43 27 16 4 1 5 2 6 7 0 3
43 28 15 4 1 0 3 7 2 5 6
44 26 18 6 1 0 3 4 7 2 5
44 28 16 7 1 5 3 6 0 2 4
44 30 14 4 1 5 6 3 7 0 2
44 32 12 1 4 5 3 0 7 2 6
44 32 12 1 0 5 4 3 7 2 6
44 35 9 1 7 5 3 4 2 0 6
45 27 18 4 1 5 6 0 7 2 3
45 32 13 4 5 2 3 1 7 0 6
45 32 13 4 7 5 3 1 2 0 6
45 33 12 4 1 5 2 3 7 6 0
45 35 10 1 7 5 3 0 4 2 6
45 37 8 7 1 5 3 4 2 6 0
46 32 14 3 4 5 0 1 7 2 6
46 32 14 4 5 3 0 1 7 2 6
46 32 14 6 1 5 4 3 7 2 0
47 30 17 4 1 0 6 3 7 2 5
47 31 16 0 4 5 3 7 1 2 6
47 31 16 4 5 0 3 7 1 2 6
47 32 15 6 4 5 3 1 7 2 0
47 32 15 4 7 5 3 0 1 2 6
47 33 14 4 1 2 5 3 7 0 6
47 33 14 4 1 5 2 3 0 7 6
47 36 11 4 1 5 3 0 6 7 2
47 36 11 1 5 3 0 4 7 2 6
47 36 11 1 5 2 3 4 7 0 6
47 38 9 3 1 5 2 4 7 6 0
48 30 18 0 1 5 6 3 7 2 4
48 32 16 7 4 5 3 1 0 2 6
48 32 16 7 1 5 4 3 0 2 6
48 33 15 4 1 0 2 3 7 5 6
48 36 12 3 1 5 6 4 7 0 2
48 37 11 3 1 2 5 4 7 0 6
48 38 10 4 1 2 3 6 7 5 0
49 36 13 4 0 5 3 6 1 7 2
49 37 12 4 1 3 0 6 7 5 2
49 38 11 4 1 2 3 6 0 7 5
49 38 11 7 1 5 3 6 4 2 0
50 33 17 4 0 1 5 3 7 2 6
50 37 13 3 0 1 5 4 7 2 6
50 37 13 7 1 0 3 4 2 5 6
50 38 12 3 1 5 2 4 0 7 6
50 39 11 3 1 5 4 6 7 2 0
50 39 11 4 1 3 5 6 7 2 0
51 36 15 3 1 5 6 0 7 2 4
51 37 14 4 0 1 3 6 7 5 2
51 38 13 6 1 5 3 4 0 7 2
51 38 13 0 1 5 3 7 4 2 6
51 39 12 0 1 3 4 6 7 2 5
51 44 7 1 7 5 3 4 2 6 0
52 38 14 3 1 0 2 4 7 5 6
52 38 14 7 0 5 3 1 4 2 6
52 38 14 7 1 5 0 3 4 2 6
52 39 13 3 1 5 4 7 0 2 6
52 39 13 4 1 3 2 6 7 0 5
52 39 13 4 1 5 0 7 2 6 3
52 39 13 4 1 5 3 0 2 6 7
52 40 12 1 5 0 3 6 7 2 4
53 36 17 0 1 5 6 4 7 2 3
53 38 15 6 1 0 3 4 7 5 2
53 39 14 6 1 0 5 4 7 2 3
53 40 13 1 7 5 3 6 0 2 4
54 36 18 3 1 0 6 4 7 2 5
54 39 15 3 0 5 4 1 7 2 6
54 39 15 6 1 5 2 4 7 0 3
54 39 15 4 1 3 6 0 7 2 5
54 39 15 0 1 5 3 7 2 6 4
54 40 14 0 7 5 3 4 1 2 6
54 40 14 7 5 0 3 4 1 2 6
54 42 12 1 0 5 4 6 7 2 3
55 39 16 6 1 5 4 0 7 2 3
55 39 16 4 1 0 3 7 2 6 5
55 43 12 4 1 5 2 6 7 3 0
55 44 11 1 4 5 3 6 7 2 0
55 45 10 1 7 5 3 6 4 2 0
55 45 10 7 1 5 0 4 2 6 3
56 41 15 6 1 5 3 7 0 2 4
56 41 15 0 4 1 3 6 7 2 5
56 41 15 4 7 1 3 6 0 2 5
56 42 14 3 1 0 5 6 7 2 4
56 44 12 7 1 5 3 6 2 0 4
56 44 12 1 5 0 4 3 7 2 6
56 44 12 1 7 0 3 4 2 5 6
56 45 11 4 5 2 3 1 7 6 0
56 45 11 4 7 5 3 1 2 6 0
56 47 9 1 5 2 3 4 7 6 0
57 42 15 3 1 5 2 6 7 0 4
57 43 14 4 1 2 5 6 7 0 3
57 43 14 4 1 5 2 6 0 7 3
57 43 14 4 1 3 0 7 2 5 6
57 44 13 7 1 5 3 0 6 2 4
57 44 13 1 4 5 3 7 0 2 6
57 44 13 1 7 5 4 3 0 2 6
57 45 12 7 1 5 3 0 2 6 4
57 47 10 3 1 5 0 4 7 6 2
57 48 9 3 1 2 5 4 7 6 0
58 41 17 6 0 5 3 1 7 2 4
58 41 17 6 1 5 0 3 7 2 4
58 42 16 7 1 5 4 6 0 2 3
58 43 15 4 1 0 2 6 7 5 3
58 44 14 6 1 2 3 4 7 0 5
58 44 14 4 1 5 6 3 0 7 2
58 45 13 4 5 2 3 1 0 7 6
58 45 13 0 7 5 3 1 4 2 6
58 45 13 1 0 5 3 7 4 2 6
58 45 13 1 7 5 0 3 4 2 6
58 45 13 0 1 5 3 4 2 6 7
58 46 12 4 5 3 6 1 7 2 0
58 47 11 4 1 5 3 2 6 7 0
58 47 11 1 5 3 6 4 7 2 0
59 43 16 4 0 1 3 7 2 5 6
59 44 15 6 1 3 0 4 7 2 5
59 44 15 7 0 5 3 6 1 2 4
59 44 15 4 1 0 6 3 7 5 2
59 44 15 1 4 5 0 3 7 2 6
59 45 14 4 1 5 0 3 7 6 2
59 46 13 3 4 5 6 1 7 2 0
59 46 13 6 1 5 4 3 7 0 2
59 47 12 4 1 2 5 3 7 6 0
59 47 12 1 5 3 4 0 7 2 6
59 47 12 1 5 2 3 4 0 7 6
59 49 10 4 1 3 2 6 7 5 0
59 49 10 4 1 2 3 0 6 7 5
60 43 17 4 0 1 5 6 7 2 3
60 45 15 4 1 5 2 0 7 6 3
60 45 15 7 1 0 3 4 2 6 5
60 46 14 3 4 0 5 1 7 2 6
60 46 14 0 5 3 4 1 7 2 6
60 47 13 4 1 2 6 3 7 0 5
60 47 13 0 1 5 3 4 6 7 2
60 47 13 1 5 3 2 4 7 0 6
60 47 13 3 1 5 2 0 7 6 4
60 48 12 7 4 5 3 1 2 0 6
60 48 12 7 1 5 4 3 2 0 6
60 48 12 3 1 2 5 4 0 7 6
60 49 11 7 1 5 3 6 4 0 2
60 51 9 1 0 3 4 6 7 2 5
60 51 9 1 7 5 0 4 2 6 3
61 44 17 6 0 1 3 4 7 2 5
61 45 16 4 7 0 3 1 2 5 6
61 45 16 4 1 0 2 3 7 6 5
61 46 15 3 4 5 1 0 7 2 6
61 46 15 3 4 5 2 1 7 0 6
61 46 15 4 5 3 2 1 7 0 6
61 47 14 7 4 5 3 0 1 2 6
61 47 14 4 5 2 3 7 1 0 6
61 47 14 6 4 5 3 1 7 0 2
61 47 14 4 7 5 3 6 1 2 0
61 47 14 4 1 2 5 3 0 7 6
61 47 14 4 1 5 2 0 3 7 6
61 47 14 4 0 5 3 1 6 7 2
61 47 14 4 1 5 0 3 6 7 2
61 48 13 7 1 5 4 0 3 2 6
61 48 13 3 1 5 6 4 0 7 2
61 49 12 0 1 3 4 6 7 5 2
61 49 12 4 0 2 3 6 1 7 5
61 49 12 7 1 5 0 6 4 2 3
61 50 11 3 1 5 2 0 4 7 6
61 50 11 3 1 5 4 6 7 0 2
61 51 10 5 1 3 4 6 7 2 0
62 45 17 4 1 5 6 7 0 2 3
62 45 17 0 1 5 2 3 7 6 4
62 46 16 4 5 3 1 0 7 2 6
62 46 16 6 1 0 4 3 7 2 5
62 47 15 4 1 6 0 3 7 2 5
62 47 15 3 4 5 0 7 1 2 6
62 47 15 4 5 3 0 7 1 2 6
62 47 15 6 4 5 0 1 7 2 3
62 47 15 4 0 5 2 3 1 7 6
62 47 15 0 5 3 1 4 7 2 6
62 47 15 0 1 5 2 4 7 6 3
62 48 14 1 0 5 6 3 7 2 4
62 48 14 4 1 2 0 3 7 5 6
62 48 14 4 1 2 0 6 7 5 3
62 48 14 4 1 2 3 0 7 5 6
62 49 13 4 5 0 3 6 1 7 2
62 50 12 7 1 3 0 4 2 5 6
62 50 12 4 1 3 5 6 7 0 2
62 51 11 1 7 5 3 0 2 6 4
62 52 10 1 5 2 3 6 7 0 4
63 47 16 4 0 1 6 3 7 2 5
63 47 16 6 4 5 3 7 1 2 0
63 47 16 3 1 0 2 4 7 6 5
63 48 15 7 0 5 4 3 1 2 6
63 48 15 3 1 0 6 4 7 5 2
63 48 15 0 1 2 3 6 7 5 4
63 49 14 0 4 5 3 6 1 7 2
63 50 13 0 3 1 5 4 7 2 6
63 50 13 3 7 1 5 4 0 2 6
63 50 13 3 0 5 2 4 1 7 6
63 51 12 6 1 5 3 0 4 7 2
63 51 12 3 1 5 0 7 4 2 6
63 51 12 6 1 3 4 0 7 2 5
63 52 11 3 1 5 4 7 2 0 6
63 52 11 4 1 3 2 6 0 7 5
63 52 11 4 1 5 3 2 0 6 7
63 52 11 1 5 3 0 6 7 2 4
64 45 19 4 0 5 6 1 7 2 3
64 47 17 6 4 5 3 0 7 2 1
64 48 16 4 0 1 2 3 7 5 6
64 49 15 4 1 3 6 0 7 5 2
64 49 15 0 1 5 3 6 4 2 7
64 50 14 7 0 1 3 4 2 5 6
64 50 14 3 1 0 4 6 7 2 5
64 51 13 6 1 5 3 7 4 2 0
64 51 13 7 1 3 4 6 0 2 5
64 52 12 7 1 5 6 3 4 2 0
64 52 12 0 1 5 7 3 4 2 6
64 52 12 4 1 5 7 0 2 6 3
64 53 11 1 7 5 3 6 2 0 4
64 54 10 4 1 3 6 5 7 2 0
65 47 18 6 4 0 3 1 7 2 5
65 47 18 4 7 5 0 3 1 2 6
65 49 16 7 1 0 3 6 4 2 5
65 50 15 4 1 3 5 0 7 2 6
65 51 14 6 0 5 3 4 1 7 2
65 51 14 1 7 0 3 4 2 6 5
65 52 13 3 1 2 0 4 7 5 6
65 52 13 7 5 0 3 1 4 2 6
65 52 13 7 1 0 5 3 4 2 6
65 53 12 1 7 5 3 0 6 2 4
65 54 11 1 0 5 3 7 2 6 4
65 55 10 1 7 5 3 6 4 0 2
65 55 10 0 1 5 7 4 2 6 3
66 48 18 7 1 5 6 3 0 2 4
66 50 16 0 1 3 5 6 7 2 4
66 51 15 3 1 5 6 7 0 2 4
66 51 15 0 4 1 3 6 7 5 2
66 51 15 4 7 1 3 6 0 5 2
66 51 15 0 7 5 3 4 2 6 1
66 52 14 7 1 5 2 3 4 0 6
66 52 14 3 0 5 4 7 1 2 6
66 52 14 4 1 0 2 6 7 3 5
66 52 14 4 1 0 5 7 2 6 3
66 52 14 0 1 5 4 7 2 6 3
66 53 13 1 0 5 6 4 7 2 3
66 53 13 6 1 2 5 4 7 0 3
66 54 12 6 1 5 2 4 7 3 0
66 54 12 3 1 5 0 7 2 6 4
66 54 12 1 5 0 4 6 7 2 3
66 55 11 1 4 5 3 6 7 0 2
66 55 11 1 7 5 0 6 4 2 3
66 55 11 7 1 0 5 4 2 6 3
66 56 10 7 1 5 3 6 2 4 0
66 56 10 1 5 2 4 3 7 0 6
66 59 7 4 1 2 3 5 6 7 0
67 50 17 0 4 1 5 3 7 2 6
67 50 17 4 7 1 5 3 0 2 6
67 52 15 3 0 1 2 4 7 5 6
67 52 15 4 0 5 3 1 2 6 7
67 52 15 4 1 5 0 3 2 6 7
67 53 14 6 1 3 0 4 7 5 2
67 54 13 0 3 5 4 1 7 2 6
67 54 13 3 7 5 4 1 0 2 6
67 54 13 3 7 5 0 4 1 2 6
67 54 13 7 5 3 0 4 1 2 6
67 54 13 7 5 2 3 4 1 0 6
67 54 13 1 7 5 4 6 0 2 3
67 56 11 1 0 7 3 4 2 5 6
67 56 11 1 7 3 0 4 2 5 6
67 56 11 1 5 2 0 4 7 6 3
67 57 10 7 1 5 3 2 0 6 4
67 58 9 1 0 5 3 4 2 6 7
67 59 8 1 5 3 4 6 7 2 0
68 51 17 3 0 5 6 1 7 2 4
68 53 15 6 0 1 5 4 7 2 3
68 54 14 3 1 2 6 4 7 0 5
68 54 14 3 5 0 4 1 7 2 6
68 54 14 6 1 5 2 4 0 7 3
68 54 14 4 1 3 6 7 0 2 5
68 54 14 6 7 5 3 4 1 2 0
68 55 13 4 1 3 0 7 2 6 5
68 55 13 1 4 5 0 6 7 2 3
68 55 13 7 1 5 4 0 2 6 3
68 56 12 1 5 2 3 0 7 6 4
68 57 11 3 1 5 2 6 7 4 0
68 57 11 7 1 5 3 4 6 2 0
68 57 11 1 4 5 3 7 2 0 6
68 57 11 1 7 5 4 3 2 0 6
68 57 11 3 1 0 5 4 7 6 2
68 58 10 3 1 5 0 4 2 6 7
69 52 17 4 1 5 6 7 2 0 3
69 53 16 7 1 5 6 4 0 2 3
69 53 16 6 0 1 3 4 7 5 2
69 54 15 3 1 6 0 4 7 2 5
69 54 15 0 1 3 6 4 7 2 5
69 54 15 2 1 5 3 7 0 6 4
69 55 14 4 1 6 3 7 2 0 5
69 55 14 4 1 5 0 6 7 3 2
69 55 14 1 4 0 3 6 7 2 5
69 55 14 7 1 5 6 4 2 0 3
69 56 13 6 1 5 3 7 2 0 4
69 56 13 3 1 2 5 6 7 0 4
69 56 13 1 5 4 0 3 7 2 6
69 56 13 4 7 5 0 1 2 6 3
69 56 13 1 5 0 3 4 7 6 2
69 57 12 4 1 2 5 6 7 3 0
69 57 12 4 1 3 6 7 2 5 0
69 57 12 1 7 5 4 0 3 2 6
69 58 11 1 7 5 6 3 4 2 0
69 58 11 4 1 5 3 2 6 0 7
69 59 10 1 0 3 4 5 7 2 6
69 60 9 1 5 3 2 4 7 6 0
70 54 16 6 1 0 2 4 7 5 3
70 54 16 4 0 3 6 1 7 2 5
70 55 15 6 1 5 4 7 0 2 3
70 55 15 4 0 1 3 7 2 6 5
70 55 15 1 7 0 3 6 4 2 5
70 56 14 5 4 1 3 6 7 2 0
70 56 14 4 7 1 3 0 6 2 5
70 56 14 4 7 1 3 6 2 0 5
70 56 14 7 1 0 3 6 2 5 4
70 57 13 3 1 5 2 6 0 7 4
70 57 13 4 1 5 2 0 6 7 3
70 57 13 0 1 5 3 4 7 6 2
70 57 13 3 1 5 4 0 7 6 2
70 57 13 3 1 2 0 4 7 6 5
70 57 13 3 1 2 5 0 7 6 4
70 58 12 7 1 5 4 6 2 0 3
70 58 12 4 0 2 3 1 5 7 6
70 58 12 3 7 5 0 1 4 2 6
70 58 12 1 5 0 3 7 4 2 6
70 58 12 1 7 0 5 3 4 2 6
70 58 12 4 1 5 0 2 6 7 3
70 58 12 1 5 3 6 4 7 0 2
70 59 11 6 1 3 5 4 7 2 0
70 59 11 1 5 3 4 7 0 2 6
70 59 11 1 5 2 3 0 4 7 6
70 59 11 1 0 2 3 4 5 7 6
70 60 10 7 4 5 3 1 2 6 0
70 60 10 7 1 5 4 3 2 6 0
70 60 10 1 3 0 4 6 7 2 5
70 60 10 1 7 3 4 6 0 2 5
70 60 10 1 7 0 5 4 2 6 3
70 61 9 1 0 3 4 6 7 5 2
70 61 9 2 1 3 4 6 7 5 0
70 61 9 5 1 3 4 6 7 0 2
71 54 17 3 0 1 6 4 7 2 5
71 55 16 4 1 5 2 0 7 3 6
71 56 15 3 0 1 5 6 7 2 4
71 56 15 4 5 2 0 1 7 6 3
71 56 15 4 5 2 3 0 7 6 1
71 56 15 4 7 5 3 0 2 6 1
71 56 15 0 7 5 3 1 2 6 4
71 57 14 3 1 0 2 6 7 5 4
71 57 14 4 1 2 5 6 0 7 3
71 57 14 0 1 3 4 7 2 5 6
71 57 14 4 1 3 7 0 2 5 6
71 57 14 0 1 5 3 7 6 2 4
71 57 14 7 0 5 3 1 2 6 4
71 57 14 7 1 5 0 3 2 6 4
71 58 13 7 1 5 4 0 6 2 3
71 58 13 6 1 2 3 4 7 5 0
71 58 13 4 5 2 3 0 1 7 6
71 58 13 6 7 5 3 1 4 2 0
71 58 13 1 7 5 2 3 4 0 6
71 58 13 2 1 5 3 4 0 6 7
71 58 13 4 5 3 6 1 7 0 2
71 58 13 1 5 3 6 0 7 2 4
71 59 12 1 4 5 6 3 7 2 0
71 59 12 0 1 2 3 4 6 7 5
71 60 11 1 0 5 3 4 6 7 2
71 60 11 2 1 5 3 4 6 7 0
71 60 11 3 1 5 0 2 7 6 4
71 60 11 3 1 2 5 0 4 7 6
71 61 10 4 1 5 2 3 6 7 0
71 61 10 3 1 5 0 2 4 7 6
71 62 9 1 7 5 3 2 0 6 4
71 62 9 1 5 2 3 6 7 4 0
72 55 17 6 0 5 4 1 7 2 3
72 55 17 0 1 5 2 6 7 3 4
72 55 17 0 7 5 3 6 4 2 1
72 56 16 6 0 5 3 7 1 2 4
72 56 16 6 4 1 3 0 7 2 5
72 56 16 3 4 1 0 6 7 2 5
72 56 16 4 5 0 3 1 7 6 2
72 56 16 0 5 2 3 1 7 6 4
72 57 15 4 0 5 2 6 1 7 3
72 57 15 4 1 3 5 7 2 0 6
72 57 15 0 1 2 5 4 7 6 3
72 58 14 6 1 2 3 4 0 7 5
72 58 14 4 1 5 6 0 3 7 2
72 58 14 4 1 0 3 2 6 7 5
72 58 14 0 1 5 3 2 6 7 4
72 59 13 6 1 5 4 3 0 7 2
72 59 13 4 1 2 0 3 7 6 5
72 59 13 4 0 2 3 1 6 7 5
72 59 13 4 1 2 0 3 6 7 5
72 60 12 7 1 3 0 4 2 6 5
72 60 12 5 0 3 4 1 7 2 6
72 60 12 4 1 2 6 3 7 5 0
72 60 12 3 1 5 0 4 6 7 2
72 60 12 1 5 3 2 4 0 7 6
72 60 12 1 7 5 4 0 2 6 3
72 61 11 3 4 5 2 1 7 6 0
72 61 11 4 5 3 2 1 7 6 0
72 61 11 4 2 0 3 6 1 7 5
72 61 11 3 1 5 2 6 4 7 0
72 61 11 3 1 5 4 6 0 7 2
72 62 10 1 5 2 3 6 0 7 4
72 63 9 6 1 5 3 2 4 7 0
72 63 9 6 1 3 4 5 7 2 0
72 63 9 3 1 5 4 7 2 6 0
72 64 8 3 1 5 7 0 4 2 6
72 65 7 1 0 5 7 4 2 6 3
72 65 7 3 1 5 7 4 2 6 0
73 55 18 0 4 5 3 6 7 2 1
73 56 17 7 4 1 3 6 0 2 5
73 56 17 4 7 0 3 1 2 6 5
73 56 17 0 5 2 3 4 7 6 1
73 57 16 7 0 5 3 1 6 2 4
73 57 16 7 1 5 0 3 6 2 4
73 58 15 6 7 5 3 1 0 2 4
73 58 15 7 0 5 4 6 1 2 3
73 58 15 4 0 5 6 3 1 7 2
73 58 15 0 7 5 1 3 4 2 6
73 59 14 4 2 1 3 7 0 5 6
73 59 14 1 4 0 5 3 7 2 6
73 59 14 0 1 5 4 3 7 6 2
73 59 14 3 4 5 6 1 7 0 2
73 59 14 6 1 0 4 3 7 5 2
73 59 14 4 1 3 2 0 7 5 6
73 60 13 4 1 5 0 2 7 6 3
73 60 13 3 4 2 5 1 7 0 6
73 60 13 6 5 3 4 1 7 2 0
73 60 13 4 1 2 6 3 0 7 5
73 60 13 1 5 0 2 4 7 3 6
73 60 13 3 1 5 2 7 0 6 4
73 60 13 3 0 2 5 4 1 7 6
73 60 13 7 1 5 3 6 0 4 2
73 60 13 0 7 5 1 4 2 6 3
73 60 13 1 7 5 6 4 2 0 3
73 61 12 4 5 2 3 7 1 6 0
73 61 12 4 1 5 2 6 3 7 0
73 61 12 4 5 0 3 1 6 7 2
73 61 12 0 1 5 4 3 6 7 2
73 61 12 7 1 5 4 6 3 2 0
73 61 12 3 1 5 6 0 4 7 2
73 61 12 6 1 3 4 0 7 5 2
73 61 12 0 1 5 7 6 4 2 3
73 61 12 3 1 0 4 6 7 5 2
73 61 12 5 1 3 0 6 7 2 4
73 61 12 5 1 3 4 0 7 2 6
73 62 11 1 0 5 2 4 7 6 3
73 63 10 4 1 3 2 0 6 7 5
73 64 9 1 0 5 7 3 4 2 6
73 64 9 4 1 5 7 2 0 6 3
73 64 9 1 7 5 3 6 2 4 0
74 58 16 0 6 5 3 1 7 2 4
74 58 16 6 5 0 3 1 7 2 4
74 58 16 6 1 0 5 3 7 2 4
74 58 16 4 0 1 2 6 7 5 3
74 58 16 4 5 3 6 0 7 2 1
74 58 16 1 5 0 6 4 7 2 3
74 59 15 7 5 0 3 6 1 2 4
74 59 15 4 1 6 0 3 7 5 2
74 59 15 1 4 5 2 3 7 0 6
74 59 15 4 1 0 5 3 7 6 2
74 59 15 4 1 5 3 0 7 6 2
74 59 15 4 1 2 5 0 7 6 3
74 59 15 0 1 3 2 6 7 5 4
74 60 14 7 0 1 3 4 2 6 5
74 60 14 7 1 6 3 4 2 0 5
74 60 14 3 0 4 5 1 7 2 6
74 60 14 7 1 0 4 3 2 5 6
74 60 14 7 1 0 3 6 4 5 2
74 61 13 3 4 5 1 6 7 2 0
74 61 13 4 5 3 2 1 0 7 6
74 61 13 0 4 5 3 1 6 7 2
74 61 13 4 1 0 5 3 6 7 2
74 61 13 7 1 3 4 6 0 5 2
74 61 13 0 4 2 3 6 1 7 5
74 61 13 7 1 0 5 6 4 2 3
74 62 12 4 5 3 1 6 7 2 0
74 62 12 6 1 2 4 3 7 0 5
74 62 12 2 1 5 0 4 7 6 3
74 62 12 4 5 3 0 6 1 7 2
74 62 12 7 1 3 6 4 2 5 0
74 62 12 0 1 3 7 4 2 5 6
74 62 12 7 1 3 5 4 2 0 6
74 62 12 4 1 3 5 6 0 7 2
74 63 11 1 0 2 3 6 7 5 4
74 63 11 3 7 1 5 4 2 0 6
74 63 11 3 1 5 6 7 4 2 0
74 64 10 3 1 2 4 6 7 0 5
74 64 10 7 1 3 4 0 6 2 5
74 64 10 7 1 3 4 6 2 0 5
74 64 10 4 1 5 7 3 2 6 0
74 64 10 4 1 3 6 5 7 0 2
74 66 8 1 5 2 4 3 7 6 0
74 66 8 4 1 2 3 5 6 0 7
75 58 17 6 1 5 2 3 7 0 4
75 58 17 0 5 3 6 1 7 2 4
75 59 16 6 1 3 2 4 7 0 5
75 59 16 0 7 5 3 6 1 2 4
75 59 16 4 0 1 6 3 7 5 2
75 60 15 4 1 5 2 7 0 6 3
75 60 15 7 5 3 4 1 0 2 6
75 60 15 3 0 5 2 1 7 6 4
75 60 15 7 4 0 3 1 2 5 6
75 61 14 4 1 6 2 3 7 0 5
75 61 14 3 4 5 1 7 0 2 6
75 61 14 3 0 5 1 4 7 2 6
75 61 14 3 4 5 2 1 0 7 6
75 61 14 7 4 5 3 6 1 2 0
75 61 14 4 7 5 3 6 1 0 2
75 61 14 4 1 2 5 0 3 7 6
75 61 14 0 1 5 2 4 3 7 6
75 61 14 4 1 5 0 2 3 7 6
75 61 14 4 6 5 3 1 0 7 2
75 61 14 4 1 5 7 3 6 0 2
75 61 14 7 1 5 0 4 3 2 6
75 61 14 3 0 5 6 4 1 7 2
75 61 14 7 1 5 2 6 4 0 3
75 61 14 0 1 5 2 3 4 7 6
75 61 14 3 0 5 2 1 4 7 6
75 62 13 1 0 5 2 3 7 6 4
75 62 13 3 4 5 7 0 1 2 6
75 62 13 4 5 3 6 7 1 2 0
75 62 13 1 7 5 0 3 2 6 4
75 63 12 2 4 5 3 6 1 7 0
75 63 12 3 7 1 5 0 4 2 6
75 63 12 3 1 0 5 7 4 2 6
75 63 12 4 0 3 2 6 1 7 5
75 63 12 4 0 5 3 2 1 6 7
75 63 12 1 5 3 2 6 7 0 4
75 64 11 1 0 5 3 6 4 2 7
75 64 11 6 1 5 7 3 4 2 0
75 64 11 4 1 3 0 5 7 2 6
75 65 10 1 7 5 3 4 6 2 0
75 67 8 1 5 3 4 6 7 0 2
76 59 17 0 4 1 3 7 2 5 6
76 59 17 0 4 5 1 3 7 2 6
76 59 17 3 4 5 6 0 7 2 1
76 59 17 0 1 2 5 3 7 6 4
76 61 15 4 0 7 3 1 2 5 6
76 61 15 4 7 3 0 1 2 5 6
76 61 15 4 0 1 2 3 7 6 5
76 61 15 4 5 2 3 7 0 1 6
76 61 15 6 4 5 3 1 0 7 2
76 61 15 4 0 2 5 3 1 7 6
76 61 15 0 1 5 4 7 3 2 6
76 61 15 7 1 5 6 0 4 2 3
76 61 15 5 1 0 4 6 7 2 3
76 62 14 2 1 5 0 3 7 6 4
76 62 14 4 0 3 1 5 7 2 6
76 62 14 4 1 6 5 3 7 2 0
76 62 14 3 4 5 6 7 1 2 0
76 62 14 5 0 3 1 4 7 2 6
76 62 14 6 5 3 1 4 7 2 0
76 62 14 7 1 5 2 4 0 6 3
76 62 14 1 5 0 6 3 7 2 4
76 62 14 0 1 2 4 3 7 5 6
76 62 14 0 1 2 4 6 7 5 3
76 62 14 4 1 2 3 7 0 5 6
76 62 14 4 5 7 3 6 1 0 2
76 62 14 7 1 3 4 0 2 5 6
76 63 13 1 4 5 3 6 0 7 2
76 63 13 6 3 1 5 4 7 2 0
76 63 13 0 3 5 2 4 1 7 6
76 63 13 0 1 5 3 6 4 7 2
76 63 13 3 1 5 2 7 4 0 6
76 63 13 6 1 3 4 7 0 2 5
76 64 12 6 1 5 3 0 4 2 7
76 64 12 3 1 5 0 6 4 2 7
76 64 12 6 1 5 3 7 4 0 2
76 64 12 7 0 3 4 6 1 2 5
76 65 11 1 0 7 3 4 2 6 5
76 65 11 1 7 3 0 4 2 6 5
76 65 11 1 2 5 3 7 0 6 4
76 65 11 2 1 5 7 4 0 6 3
76 66 10 7 1 5 2 3 4 6 0
76 66 10 3 1 5 7 0 2 6 4
76 66 10 1 5 2 4 6 7 0 3
76 66 10 1 5 2 4 3 0 7 6
76 66 10 4 1 2 0 5 6 7 3
77 58 19 4 5 0 6 1 7 2 3
77 58 19 0 5 3 6 4 7 2 1
77 59 18 3 4 0 6 1 7 2 5
77 60 17 0 4 1 5 6 7 2 3
77 60 17 4 7 1 5 6 0 2 3
77 60 17 4 0 5 2 1 7 6 3
77 61 16 3 4 0 2 1 7 5 6
77 61 16 4 5 0 2 1 7 3 6
77 61 16 6 4 0 3 1 7 5 2
77 61 16 4 7 5 0 6 1 2 3
77 61 16 7 0 5 4 1 3 2 6
77 62 15 4 5 3 1 7 0 2 6
77 62 15 6 0 1 4 3 7 2 5
77 62 15 6 1 4 0 3 7 2 5
77 62 15 0 1 6 4 3 7 2 5
77 62 15 3 4 0 5 7 1 2 6
77 62 15 0 5 3 4 7 1 2 6
77 62 15 4 5 3 7 0 1 2 6
77 62 15 4 5 0 2 3 1 7 6
77 62 15 7 5 3 1 4 0 2 6
77 62 15 1 7 5 6 3 0 2 4
77 62 15 0 1 2 3 4 7 5 6
77 62 15 4 1 0 5 6 7 3 2
77 63 14 3 1 6 0 4 7 5 2
77 63 14 6 1 2 3 0 7 5 4
77 63 14 3 1 2 0 6 7 5 4
77 63 14 4 3 1 5 0 7 2 6
77 63 14 5 3 1 0 4 7 2 6
77 63 14 7 3 1 5 4 0 2 6
77 63 14 3 5 0 2 4 1 7 6
77 63 14 3 1 0 4 7 2 5 6
77 64 13 4 1 3 6 2 7 5 0
77 64 13 3 0 1 4 6 7 2 5
77 64 13 3 1 4 0 6 7 2 5
77 64 13 6 1 5 0 7 4 2 3
77 64 13 7 1 5 6 3 4 0 2
77 64 13 4 0 5 7 1 2 6 3
77 64 13 1 7 0 3 6 2 5 4
77 65 12 7 1 2 3 6 4 0 5
77 65 12 7 5 3 0 1 4 2 6
77 65 12 7 5 2 3 1 4 0 6
77 65 12 7 1 2 5 3 4 0 6
77 65 12 1 5 0 3 7 2 6 4
77 65 12 1 7 5 3 6 0 4 2
77 66 11 1 0 5 4 7 2 6 3
77 66 11 4 1 0 3 5 6 7 2
77 66 11 0 1 2 3 5 6 7 4
77 67 10 1 3 5 4 0 7 2 6
77 67 10 7 1 5 3 2 6 0 4
77 67 10 1 5 0 3 4 2 6 7
77 67 10 1 2 5 3 4 0 6 7
77 68 9 1 4 5 3 7 2 6 0
77 68 9 1 7 5 4 3 2 6 0
78 59 19 0 4 5 6 1 7 2 3
78 61 17 0 6 1 3 4 7 2 5
78 61 17 6 7 1 3 4 0 2 5
78 61 17 7 4 5 0 3 1 2 6
78 61 17 4 7 0 3 6 1 2 5
78 61 17 4 0 5 2 1 3 7 6
78 62 16 7 1 5 2 3 0 6 4
78 62 16 4 1 6 3 0 7 2 5
78 62 16 3 4 5 2 7 1 0 6
78 62 16 4 5 3 2 7 1 0 6
78 62 16 6 4 0 5 1 7 2 3
78 62 16 0 4 5 2 3 1 7 6
78 62 16 4 0 2 3 1 7 5 6
78 63 15 6 4 5 3 7 1 0 2
78 63 15 3 0 1 2 4 7 6 5
78 63 15 3 1 6 2 4 7 0 5
78 63 15 7 5 0 4 3 1 2 6
78 63 15 7 1 2 3 6 0 5 4
78 63 15 6 4 5 3 0 1 7 2
78 63 15 3 4 5 0 6 1 7 2
78 63 15 6 0 5 3 1 4 7 2
78 63 15 6 1 5 0 3 4 7 2
78 63 15 6 0 3 4 1 7 2 5
78 63 15 0 5 3 1 6 7 2 4
78 64 14 4 1 3 6 7 0 5 2
78 64 14 0 1 3 6 5 7 2 4
78 65 13 7 1 3 0 6 4 2 5
78 65 13 0 1 3 5 4 7 2 6
78 65 13 1 7 6 3 4 2 0 5
78 65 13 3 1 2 6 4 7 5 0
78 65 13 1 7 0 3 6 4 5 2
78 66 12 1 0 3 5 6 7 2 4
78 66 12 7 0 5 3 4 2 6 1
78 66 12 3 7 5 0 4 2 6 1
78 66 12 6 1 2 5 4 7 3 0
78 66 12 3 1 0 5 7 2 6 4
78 66 12 1 4 0 3 6 7 5 2
78 66 12 1 7 0 5 6 4 2 3
78 66 12 7 0 1 5 4 2 6 3
78 66 12 7 1 6 5 4 2 0 3
78 66 12 7 1 5 0 6 2 4 3
78 66 12 7 1 5 3 0 2 4 6
78 67 11 3 7 5 4 1 2 0 6
78 67 11 7 5 2 3 4 1 6 0
78 67 11 1 7 5 4 6 2 0 3
78 67 11 1 7 3 6 4 2 5 0
78 67 11 1 7 3 5 4 2 0 6
78 67 11 7 0 5 3 2 1 6 4
78 68 10 7 1 5 4 2 0 6 3
78 68 10 3 1 0 5 4 2 6 7
78 69 9 1 3 0 4 5 7 2 6
78 69 9 1 7 3 4 5 0 2 6
78 70 8 3 1 5 4 2 7 6 0
78 70 8 1 3 2 4 6 7 0 5
78 70 8 2 1 3 4 6 7 0 5
78 71 7 3 1 5 7 2 4 0 6
79 62 17 6 4 5 1 0 7 2 3
79 62 17 6 4 5 2 1 7 0 3
79 62 17 4 1 2 6 0 7 5 3
79 63 16 6 4 5 0 7 1 2 3
79 63 16 6 4 5 3 0 1 2 7
79 63 16 0 7 5 4 3 1 2 6
79 63 16 3 0 1 6 4 7 5 2
79 64 15 0 1 3 6 4 7 5 2
79 64 15 4 1 5 3 6 0 2 7
79 64 15 0 7 1 3 4 2 5 6
79 64 15 7 2 1 3 4 0 5 6
79 64 15 4 1 5 7 3 0 2 6
79 65 14 6 4 2 3 1 7 0 5
79 65 14 3 1 2 4 0 7 5 6
79 65 14 7 0 1 5 3 4 2 6
79 65 14 1 0 5 3 7 6 2 4
79 66 13 3 1 5 6 7 2 0 4
79 66 13 2 4 1 3 6 7 5 0
79 66 13 4 7 1 3 6 5 0 2
79 66 13 4 1 2 0 6 7 3 5
79 66 13 1 7 5 6 4 0 2 3
79 66 13 6 1 5 0 4 7 3 2
79 66 13 1 5 4 0 6 7 2 3
79 66 13 1 7 5 2 6 4 0 3
79 67 12 4 2 5 3 1 0 6 7
79 67 12 3 7 5 6 4 1 2 0
79 67 12 1 7 5 4 0 6 2 3
79 67 12 1 2 7 3 4 0 5 6
79 67 12 1 5 0 2 4 7 6 3
79 68 11 4 1 3 5 7 2 6 0
79 68 11 1 0 2 3 5 7 6 4
79 68 11 7 1 5 3 4 6 0 2
79 69 10 1 4 2 3 6 7 0 5
79 69 10 1 0 5 3 4 7 6 2
79 69 10 1 5 3 0 4 7 6 2
79 69 10 0 1 3 4 5 7 2 6
79 70 9 1 5 2 3 6 4 7 0
79 70 9 1 7 3 4 0 6 2 5
79 70 9 1 7 3 4 6 2 0 5
79 70 9 1 0 7 5 4 2 6 3
79 70 9 5 1 3 4 6 0 7 2
79 71 8 3 1 5 6 2 4 7 0
79 72 7 3 1 5 7 4 2 0 6
80 62 18 4 0 5 6 7 1 2 3
80 63 17 0 4 1 6 3 7 2 5
80 63 17 4 7 1 6 3 0 2 5
80 64 16 4 0 3 6 1 7 5 2
80 64 16 4 1 0 6 5 7 2 3
80 65 15 6 0 4 3 1 7 2 5
80 65 15 6 4 3 0 1 7 2 5
80 65 15 4 7 5 6 3 1 2 0
80 65 15 7 0 1 3 6 4 2 5
80 65 15 4 1 3 5 7 0 2 6
80 65 15 0 6 5 3 4 1 7 2
80 65 15 6 5 0 3 4 1 7 2
80 65 15 0 7 5 3 1 6 2 4
80 65 15 1 7 5 0 3 6 2 4
80 66 14 7 1 5 6 3 2 0 4
80 66 14 6 1 3 5 0 7 2 4
80 66 14 4 7 1 3 0 6 5 2
80 66 14 7 1 5 2 3 0 4 6
80 66 14 0 3 5 4 7 1 2 6
80 66 14 6 1 2 5 4 0 7 3
80 66 14 1 7 5 6 0 4 2 3
80 67 13 0 4 5 3 1 2 6 7
80 67 13 6 1 3 2 4 7 5 0
80 67 13 6 3 5 4 1 7 2 0
80 67 13 3 7 5 4 0 1 2 6
80 67 13 3 7 0 5 4 1 2 6
80 67 13 7 5 3 6 4 1 2 0
80 67 13 0 5 3 7 4 1 2 6
80 67 13 0 1 7 3 4 2 5 6
80 67 13 1 7 3 4 0 2 5 6
80 67 13 1 5 2 4 0 7 6 3
80 68 12 3 5 2 4 1 7 0 6
80 68 12 1 5 2 3 7 0 6 4
80 68 12 3 1 5 0 6 7 4 2
80 68 12 7 1 5 0 4 6 2 3
80 68 12 3 0 1 5 4 7 6 2
80 68 12 3 1 6 5 4 7 0 2
80 68 12 3 1 5 4 0 2 6 7
80 69 11 3 1 6 5 4 7 2 0
80 69 11 2 1 5 3 7 6 0 4
80 69 11 1 0 4 3 6 7 2 5
80 69 11 1 4 3 0 6 7 2 5
80 69 11 7 1 5 6 4 2 3 0
80 69 11 6 1 5 3 7 2 4 0
80 69 11 3 1 2 5 6 7 4 0
80 69 11 1 5 4 6 3 7 2 0
80 69 11 1 7 5 4 6 3 2 0
80 70 10 1 5 3 4 7 2 0 6
80 70 10 1 0 3 4 7 5 2 6
80 70 10 1 2 0 3 4 5 7 6
80 70 10 1 3 0 4 6 7 5 2
80 70 10 1 7 3 4 6 0 5 2
80 71 9 1 7 5 2 3 4 6 0
80 71 9 3 1 0 5 2 4 7 6
80 71 9 1 7 5 3 2 6 0 4
80 71 9 1 0 5 3 2 7 6 4
80 72 8 7 1 3 5 4 2 6 0
80 72 8 3 1 5 7 6 4 2 0
80 72 8 1 5 0 7 4 2 6 3
80 72 8 1 2 5 7 4 0 6 3
80 73 7 4 1 3 2 5 6 7 0
81 64 17 4 7 5 6 1 0 2 3
81 64 17 6 4 5 3 7 0 2 1
81 64 17 6 0 5 3 4 7 2 1
81 64 17 0 4 1 2 3 7 5 6
81 64 17 4 7 1 2 3 0 5 6
81 64 17 0 1 5 6 3 4 2 7
81 66 15 7 1 5 6 0 3 2 4
81 66 15 2 7 5 3 4 0 6 1
81 66 15 7 1 0 2 3 4 5 6
81 66 15 3 5 0 4 7 1 2 6
81 66 15 4 0 1 2 6 7 3 5
81 66 15 4 0 1 5 7 2 6 3
81 66 15 4 1 6 5 7 2 0 3
81 66 15 2 1 5 4 7 0 6 3
81 66 15 0 7 5 1 6 4 2 3
81 66 15 0 1 5 3 6 2 4 7
81 67 14 3 4 1 5 0 7 2 6
81 67 14 4 5 0 3 1 2 6 7
81 67 14 4 1 0 5 3 2 6 7
81 67 14 0 1 5 4 3 2 6 7
81 67 14 6 1 3 5 4 7 0 2
81 67 14 4 3 5 0 1 7 2 6
81 67 14 7 3 5 4 1 0 2 6
81 67 14 3 7 5 2 4 1 0 6
81 67 14 7 5 2 3 4 0 1 6
81 68 13 6 1 5 2 0 4 7 3
81 68 13 4 1 3 6 7 2 0 5
81 68 13 6 7 5 3 4 1 0 2
81 68 13 0 1 3 4 7 2 6 5
81 68 13 3 1 5 2 0 7 4 6
81 68 13 1 7 0 4 3 2 5 6
81 68 13 3 1 5 6 4 2 0 7
81 69 12 2 1 5 3 0 7 6 4
81 69 12 1 5 6 3 4 7 0 2
81 69 12 1 7 5 6 3 4 0 2
81 69 12 1 5 3 2 0 7 6 4
81 70 11 1 7 2 3 6 4 0 5
81 70 11 4 7 1 3 5 6 2 0
81 70 11 2 1 5 3 4 7 6 0
81 70 11 7 1 5 4 6 2 3 0
81 70 11 4 2 0 3 1 5 7 6
81 70 11 3 7 5 6 1 4 2 0
81 70 11 1 5 3 0 7 4 2 6
81 70 11 1 5 2 3 7 4 0 6
81 70 11 1 0 7 5 3 4 2 6
81 70 11 1 7 2 5 3 4 0 6
81 70 11 4 1 5 7 2 6 0 3
81 70 11 1 0 2 3 5 4 7 6
81 70 11 1 3 4 0 6 7 2 5
81 70 11 1 7 6 5 4 2 0 3
81 70 11 2 1 3 0 6 7 5 4
81 70 11 2 1 3 4 0 7 5 6
81 71 10 2 1 5 3 0 4 6 7
81 71 10 1 0 2 3 4 6 7 5
81 71 10 3 1 0 5 2 7 6 4
81 72 9 1 7 5 4 2 0 6 3
81 72 9 1 5 2 3 0 6 7 4
81 72 9 1 0 2 3 6 5 7 4
81 72 9 6 1 5 3 2 4 0 7
81 72 9 6 1 3 4 5 7 0 2
81 72 9 3 1 5 7 4 0 2 6
81 74 7 7 1 3 4 5 6 2 0
81 78 3 3 1 5 7 2 4 6 0
82 63 19 6 4 0 3 7 1 2 5
82 64 18 6 1 0 3 7 4 2 5
82 64 18 7 1 0 6 3 4 2 5
82 65 17 4 7 0 5 3 1 2 6
82 65 17 4 0 3 5 1 7 2 6
82 66 16 7 1 3 5 6 0 2 4
82 66 16 3 0 5 6 7 1 2 4
82 66 16 6 4 1 3 0 7 5 2
82 66 16 3 4 1 0 6 7 5 2
82 66 16 6 1 5 2 0 7 3 4
82 66 16 0 1 5 2 4 7 3 6
82 66 16 7 1 0 3 6 2 4 5
82 67 15 4 7 1 5 3 2 0 6
82 67 15 0 3 1 2 4 7 5 6
82 67 15 3 7 1 2 4 0 5 6
82 67 15 7 5 3 4 0 1 2 6
82 67 15 7 5 3 2 4 1 0 6
82 67 15 0 7 3 1 4 2 5 6
82 67 15 0 5 2 1 4 7 6 3
82 67 15 1 5 2 6 4 7 0 3
82 67 15 0 5 3 4 6 7 2 1
82 68 14 3 1 2 6 4 0 7 5
82 68 14 3 5 4 0 1 7 2 6
82 68 14 6 7 5 0 4 1 2 3
82 68 14 4 1 3 7 0 2 6 5
82 68 14 1 4 0 5 6 7 2 3
82 68 14 7 0 5 4 1 2 6 3
82 68 14 1 5 2 0 3 7 6 4
82 68 14 1 4 0 3 7 2 5 6
82 69 13 1 0 3 6 4 7 2 5
82 69 13 4 1 6 3 7 2 5 0
82 69 13 3 1 2 5 6 0 7 4
82 69 13 1 7 5 0 4 3 2 6
82 69 13 4 1 0 3 2 6 5 7
82 70 12 1 7 3 0 6 4 2 5
82 70 12 3 1 5 2 0 6 7 4
82 70 12 3 1 5 4 7 0 6 2
82 70 12 3 7 0 5 1 4 2 6
82 70 12 1 5 3 6 4 0 7 2
82 70 12 7 4 5 0 1 2 6 3
82 70 12 5 1 0 4 6 7 3 2
82 71 11 1 0 3 4 7 2 5 6
82 71 11 4 1 3 7 2 0 5 6
82 71 11 7 1 5 4 3 6 2 0
82 71 11 4 5 2 3 6 1 7 0
82 71 11 2 1 5 3 4 6 0 7
82 71 11 5 1 2 3 4 6 7 0
82 71 11 1 5 0 3 4 6 7 2
82 71 11 2 1 5 3 0 6 7 4
82 71 11 3 1 2 5 6 4 7 0
82 71 11 0 1 5 3 2 4 7 6
82 72 10 1 0 5 3 2 6 7 4
82 72 10 4 2 0 3 1 6 7 5
82 72 10 4 1 2 5 3 6 7 0
82 72 10 3 1 5 2 4 6 7 0
82 72 10 3 1 5 7 4 6 0 2
82 72 10 4 2 3 0 6 1 7 5
82 72 10 3 1 5 4 0 6 7 2
82 72 10 6 1 5 0 2 4 7 3
82 73 9 4 1 5 3 2 7 6 0
82 73 9 1 0 5 4 3 6 7 2
82 73 9 2 1 5 4 3 6 7 0
82 73 9 1 0 5 7 6 4 2 3
83 64 19 6 4 5 0 3 7 2 1
83 65 18 4 7 5 2 3 1 0 6
83 66 17 7 0 5 6 3 1 2 4
83 66 17 7 4 1 3 6 0 5 2
83 67 16 4 7 1 5 0 3 2 6
83 67 16 4 1 5 6 3 2 0 7
83 68 15 0 3 5 6 1 7 2 4
83 68 15 3 7 5 6 1 0 2 4
83 68 15 6 7 1 5 4 0 2 3
83 68 15 6 0 5 2 4 1 7 3
83 68 15 4 0 3 6 7 1 2 5
83 68 15 1 4 5 2 6 7 0 3
83 68 15 0 1 5 3 4 6 2 7
83 69 14 4 1 5 6 7 2 3 0
83 69 14 5 1 3 6 4 7 2 0
83 69 14 2 0 5 3 7 1 6 4
83 69 14 0 1 5 4 6 7 3 2
83 69 14 1 5 4 3 0 7 2 6
83 69 14 1 5 4 2 3 7 0 6
83 69 14 4 7 0 5 1 2 6 3
83 69 14 0 7 5 4 1 2 6 3
83 69 14 4 1 3 6 0 2 5 7
83 70 13 6 1 5 4 7 2 0 3
83 70 13 4 2 1 3 7 0 6 5
83 70 13 1 0 7 3 6 4 2 5
83 70 13 5 4 1 3 6 7 0 2
83 70 13 4 7 1 3 6 2 5 0
83 70 13 7 1 3 0 6 2 5 4
83 70 13 7 1 5 3 4 0 6 2
83 70 13 3 1 2 4 0 7 6 5
83 70 13 3 1 2 5 7 0 6 4
83 70 13 3 1 2 0 5 7 6 4
83 70 13 0 4 2 3 1 5 7 6
83 70 13 3 7 5 1 0 4 2 6
83 70 13 3 7 5 2 1 4 0 6
83 70 13 4 1 0 5 2 6 7 3
83 70 13 0 1 5 4 2 6 7 3
83 70 13 0 1 2 3 4 5 7 6
83 71 12 3 7 5 0 1 2 6 4
83 71 12 4 1 3 7 6 2 5 0
83 71 12 0 1 5 7 3 2 6 4
83 71 12 6 7 5 3 1 4 0 2
83 71 12 2 0 5 3 4 1 6 7
83 71 12 1 0 3 6 5 7 2 4
83 71 12 1 6 5 3 4 0 7 2
83 71 12 2 1 5 0 4 6 7 3
83 71 12 0 1 5 3 2 7 6 4
83 71 12 4 1 5 2 3 6 0 7
83 72 11 1 0 2 5 4 7 6 3
83 72 11 4 1 3 0 2 6 7 5
83 72 11 3 1 5 0 2 6 7 4
83 72 11 0 1 2 4 3 6 7 5
83 72 11 1 5 3 2 0 4 7 6
83 72 11 1 0 3 2 4 5 7 6
83 72 11 3 1 5 2 6 4 0 7
83 72 11 3 1 5 0 6 4 7 2
83 72 11 3 0 5 7 1 4 2 6
83 73 10 3 7 5 1 4 2 6 0
83 73 10 1 7 5 6 4 2 3 0
83 73 10 6 1 5 7 0 4 2 3
83 73 10 1 5 0 7 3 4 2 6
83 73 10 4 0 5 7 2 1 6 3
83 74 9 7 1 3 4 6 5 0 2
83 74 9 1 0 3 7 4 2 5 6
83 74 9 3 7 1 5 4 2 6 0
83 74 9 3 1 2 4 6 7 5 0
83 74 9 7 1 3 4 6 2 5 0
83 75 8 1 5 3 4 6 0 7 2
83 76 7 1 7 3 5 4 2 6 0
83 76 7 3 1 5 7 2 0 6 4
84 67 17 5 4 1 0 3 7 2 6
84 67 17 6 4 1 5 3 7 2 0
84 68 16 3 5 0 6 1 7 2 4
84 68 16 0 6 1 5 4 7 2 3
84 68 16 6 7 5 3 0 1 2 4
84 68 16 1 4 5 6 0 7 2 3
84 68 16 3 1 0 2 6 7 4 5
84 68 16 7 1 0 3 4 6 2 5
84 69 15 7 0 5 6 4 1 2 3
84 69 15 3 1 6 4 0 7 2 5
84 69 15 4 1 6 3 7 0 2 5
84 69 15 7 1 0 6 4 2 5 3
84 69 15 4 7 5 1 0 2 6 3
84 69 15 0 7 5 4 1 3 2 6
84 69 15 1 0 5 4 7 3 2 6
84 70 14 3 0 5 2 6 1 7 4
84 70 14 0 1 5 2 4 6 7 3
84 70 14 3 0 5 4 1 7 6 2
84 70 14 7 1 0 4 6 2 5 3
84 70 14 1 5 0 6 4 7 3 2
84 70 14 0 5 2 3 1 4 7 6
84 70 14 1 5 2 0 3 4 7 6
84 70 14 7 4 5 3 0 2 6 1
84 70 14 2 1 0 4 6 7 5 3
84 71 13 4 7 5 3 2 0 6 1
84 71 13 4 1 2 5 0 6 7 3
84 71 13 6 1 3 4 7 2 5 0
84 71 13 2 1 3 4 7 0 5 6
84 71 13 4 1 5 3 7 6 2 0
84 71 13 7 5 0 3 1 2 6 4
84 71 13 7 2 5 3 1 0 6 4
84 71 13 7 1 0 5 3 2 6 4
84 71 13 4 0 2 3 5 1 7 6
84 71 13 6 7 5 0 1 4 2 3
84 71 13 1 7 5 2 3 0 4 6
84 71 13 4 5 3 6 1 0 7 2
84 71 13 1 5 3 6 7 0 2 4
84 71 13 1 4 5 6 3 7 0 2
84 71 13 3 1 2 0 4 6 7 5
84 71 13 2 1 0 3 4 6 7 5
84 71 13 3 1 5 6 2 7 0 4
84 71 13 3 1 2 0 5 4 7 6
84 71 13 1 5 2 0 6 7 4 3
84 71 13 1 5 2 3 0 7 4 6
84 72 12 0 4 2 3 1 6 7 5
84 72 12 4 1 0 2 3 6 7 5
84 72 12 0 1 3 7 4 2 6 5
84 72 12 3 1 0 5 4 6 7 2
84 72 12 3 4 5 0 1 7 6 2
84 72 12 4 2 7 3 6 1 0 5
84 72 12 3 0 5 4 6 1 7 2
84 72 12 6 1 3 0 5 7 2 4
84 72 12 3 1 0 7 4 2 6 5
84 73 11 1 0 5 4 3 7 6 2
84 73 11 2 1 5 4 3 7 6 0
84 73 11 3 4 2 5 1 7 6 0
84 73 11 7 0 5 1 4 2 6 3
84 73 11 4 5 3 0 1 6 7 2
84 73 11 1 7 5 2 4 0 6 3
84 73 11 1 4 5 7 3 0 2 6
84 73 11 1 7 5 0 6 2 4 3
84 73 11 1 7 5 3 0 2 4 6
84 74 10 1 4 5 3 0 6 7 2
84 74 10 7 1 3 4 0 6 5 2
84 74 10 4 5 3 2 6 1 7 0
84 74 10 1 2 0 3 6 7 5 4
84 74 10 3 1 2 4 6 0 7 5
84 74 10 4 1 3 6 5 0 7 2
84 74 10 4 1 2 3 5 0 6 7
84 74 10 4 1 0 3 5 6 2 7
84 75 9 1 5 3 2 6 7 4 0
84 76 8 2 1 5 7 0 4 6 3
84 76 8 1 5 2 4 6 7 3 0
84 77 7 1 0 2 3 5 6 7 4
85 66 19 6 1 0 2 4 7 3 5
85 67 18 7 4 1 5 3 0 2 6
85 68 17 0 4 5 1 6 7 2 3
85 68 17 0 1 5 2 6 7 4 3
85 69 16 6 7 1 3 4 0 5 2
85 69 16 6 1 0 3 7 2 5 4
85 69 16 4 1 2 5 0 7 3 6
85 70 15 6 1 2 0 4 7 5 3
85 70 15 0 4 3 6 1 7 2 5
85 70 15 4 3 0 6 1 7 2 5
85 70 15 4 7 3 6 1 0 2 5
85 70 15 4 7 0 3 6 2 1 5
85 70 15 7 0 1 3 6 2 5 4
85 70 15 0 1 2 3 4 7 6 5
85 70 15 3 0 2 5 1 7 6 4
85 70 15 7 1 0 4 3 2 6 5
85 71 14 4 1 5 0 2 7 3 6
85 71 14 4 0 2 3 5 7 6 1
85 71 14 3 1 5 0 7 6 2 4
85 71 14 0 1 5 4 7 6 2 3
85 71 14 1 7 0 2 3 4 5 6
85 71 14 0 1 2 5 3 4 7 6
85 71 14 3 0 2 5 1 4 7 6
85 71 14 1 5 0 3 6 7 4 2
85 72 13 1 0 5 2 6 7 3 4
85 72 13 6 4 1 3 5 7 2 0
85 72 13 3 4 1 5 6 7 2 0
85 72 13 4 5 3 0 1 7 6 2
85 72 13 5 0 2 3 1 7 6 4
85 72 13 6 1 2 3 0 4 7 5
85 72 13 4 1 5 6 2 3 7 0
85 72 13 4 0 1 3 2 6 7 5
85 72 13 4 1 7 3 2 6 0 5
85 72 13 6 1 5 4 0 3 7 2
85 72 13 0 1 2 4 3 7 6 5
85 72 13 4 6 2 3 1 0 7 5
85 72 13 7 1 3 4 0 2 6 5
85 72 13 5 3 0 4 1 7 2 6
85 72 13 5 7 3 4 1 0 2 6
85 73 12 4 2 1 3 7 5 0 6
85 73 12 4 1 0 5 2 7 6 3
85 73 12 0 1 5 4 2 7 6 3
85 73 12 6 5 3 4 1 7 0 2
85 73 12 1 0 5 2 4 7 3 6
85 73 12 1 5 2 0 4 7 3 6
85 73 12 7 1 5 3 0 6 4 2
85 73 12 7 1 5 4 6 3 0 2
85 73 12 6 1 3 4 2 7 5 0
85 73 12 5 1 3 4 7 0 2 6
85 73 12 0 1 3 2 4 6 7 5
85 74 11 1 4 5 2 3 7 6 0
85 74 11 1 0 3 2 6 7 5 4
85 74 11 2 4 5 3 1 6 7 0
85 74 11 6 1 2 4 3 7 5 0
85 74 11 6 1 3 7 4 2 5 0
85 74 11 4 1 3 5 0 6 7 2
85 74 11 0 1 3 4 7 6 2 5
85 74 11 4 1 5 7 3 2 0 6
85 75 10 1 5 3 2 6 0 7 4
85 75 10 6 1 5 7 3 4 0 2
85 75 10 1 7 5 3 4 6 0 2
85 76 9 3 1 5 2 7 4 6 0
85 76 9 1 2 5 3 7 6 0 4
85 76 9 2 1 5 7 4 6 0 3
85 76 9 1 0 2 4 3 5 7 6
85 77 8 4 1 3 0 5 6 7 2
85 77 8 7 1 5 3 2 6 4 0
85 78 7 1 3 2 4 5 7 0 6
85 78 7 1 3 2 4 6 7 5 0
85 78 7 3 1 5 7 2 0 4 6
85 79 6 1 7 3 4 5 6 2 0
86 69 17 4 1 0 6 7 2 5 3
86 69 17 0 6 1 3 4 7 5 2
86 69 17 0 1 6 3 4 7 2 5
86 69 17 7 1 3 6 4 0 2 5
86 69 17 4 1 5 6 0 7 3 2
86 69 17 0 5 4 1 3 7 2 6
86 69 17 4 7 5 6 1 2 0 3
86 69 17 0 1 2 5 6 7 3 4
86 69 17 0 1 3 6 7 2 5 4
86 69 17 1 7 0 6 3 4 2 5
86 69 17 0 5 3 2 4 7 6 1
86 70 16 6 0 5 4 7 1 2 3
86 70 16 0 4 1 3 7 2 6 5
86 70 16 5 4 1 0 6 7 2 3
86 70 16 5 4 1 3 0 7 2 6
86 70 16 0 7 1 3 4 6 2 5
86 70 16 4 0 1 3 7 6 2 5
86 70 16 4 0 5 2 1 6 7 3
86 71 15 0 3 1 5 6 7 2 4
86 71 15 3 7 1 5 6 0 2 4
86 71 15 0 5 2 4 1 7 6 3
86 71 15 4 5 2 3 7 0 6 1
86 71 15 2 7 5 3 1 0 6 4
86 71 15 3 0 1 2 6 7 5 4
86 71 15 4 0 2 5 6 1 7 3
86 71 15 4 0 3 7 1 2 5 6
86 71 15 0 5 2 3 4 1 7 6
86 71 15 6 7 5 3 0 4 2 1
86 71 15 0 1 5 2 3 6 7 4
86 72 14 2 1 5 0 6 7 3 4
86 72 14 7 0 5 3 6 4 2 1
86 72 14 3 7 5 0 6 4 2 1
86 72 14 4 0 5 3 1 7 6 2
86 72 14 4 5 6 3 1 7 0 2
86 72 14 3 5 2 0 1 7 6 4
86 72 14 5 1 2 0 4 7 6 3
86 72 14 7 1 2 5 4 0 6 3
86 72 14 6 1 5 3 2 0 7 4
86 72 14 6 0 5 4 3 1 7 2
86 72 14 4 1 2 3 0 7 6 5
86 73 13 6 7 5 3 1 2 0 4
86 73 13 7 0 5 1 3 4 2 6
86 73 13 4 2 1 3 0 7 5 6
86 73 13 1 4 2 5 3 7 0 6
86 73 13 4 1 2 6 0 3 7 5
86 73 13 3 1 5 2 7 6 0 4
86 73 13 0 3 2 5 4 1 7 6
86 73 13 3 2 0 5 4 1 7 6
86 73 13 4 1 5 2 6 3 0 7
86 73 13 4 1 5 0 6 3 7 2
86 73 13 4 5 7 3 1 6 0 2
86 73 13 6 1 3 4 7 0 5 2
86 73 13 3 0 1 4 6 7 5 2
86 73 13 3 1 4 0 6 7 5 2
86 73 13 5 1 0 3 6 7 2 4
86 73 13 5 1 3 2 6 7 0 4
86 73 13 4 0 3 2 1 6 7 5
86 74 12 7 1 6 3 4 2 5 0
86 74 12 4 0 3 2 1 5 7 6
86 74 12 7 0 3 4 6 1 5 2
86 74 12 5 4 2 3 6 1 7 0
86 74 12 1 4 2 3 6 0 7 5
86 74 12 7 1 2 5 6 4 0 3
86 74 12 4 5 3 1 6 7 0 2
86 74 12 6 1 2 4 3 0 7 5
86 74 12 2 1 0 5 4 7 6 3
86 74 12 0 5 3 4 6 1 7 2
86 74 12 7 1 3 5 4 0 2 6
86 74 12 7 1 0 5 4 2 3 6
86 74 12 1 7 2 3 6 0 5 4
86 74 12 3 7 0 5 4 2 1 6
86 74 12 3 1 5 6 7 4 0 2
86 75 11 4 1 5 7 2 3 0 6
86 75 11 4 1 5 7 3 6 2 0
86 75 11 7 1 5 2 6 4 3 0
86 75 11 3 4 5 7 1 0 2 6
86 75 11 3 4 5 7 6 1 2 0
86 75 11 3 1 2 5 7 4 0 6
86 75 11 1 7 5 0 4 6 2 3
86 75 11 1 5 0 4 6 7 3 2
86 76 10 1 2 5 3 0 7 6 4
86 76 10 2 0 5 7 4 1 6 3
86 76 10 1 5 2 4 6 0 7 3
86 76 10 1 5 2 4 0 3 7 6
86 76 10 0 1 2 4 5 6 7 3
86 77 9 1 3 5 4 6 7 2 0
86 77 9 1 5 3 0 4 2 6 7
86 77 9 1 2 5 3 0 4 6 7
86 77 9 1 2 5 3 4 6 0 7
86 78 8 1 7 3 4 5 2 0 6
86 78 8 1 3 2 4 6 0 7 5
86 78 8 2 1 3 4 6 0 7 5
86 78 8 3 1 0 7 2 4 5 6
87 68 19 6 7 0 3 4 1 2 5
87 70 17 6 0 1 2 4 7 5 3
87 70 17 5 4 0 3 6 7 2 1
87 70 17 4 7 1 0 3 6 2 5
87 70 17 7 4 0 3 1 2 6 5
87 71 16 4 1 5 2 7 0 3 6
87 71 16 4 5 0 2 1 7 6 3
87 71 16 7 0 5 4 1 6 2 3
87 71 16 4 5 2 0 3 1 7 6
87 71 16 4 5 0 6 1 7 3 2
87 71 16 1 4 0 6 3 7 2 5
87 72 15 6 7 5 4 1 0 2 3
87 72 15 3 4 0 1 6 7 2 5
87 72 15 4 5 0 2 6 1 7 3
87 72 15 4 1 0 5 7 2 3 6
87 72 15 6 0 2 3 4 1 7 5
87 72 15 0 1 5 6 4 3 7 2
87 72 15 4 1 2 7 3 6 0 5
87 72 15 3 4 5 2 0 7 6 1
87 72 15 4 5 3 2 0 7 6 1
87 72 15 3 1 0 2 6 4 7 5
87 72 15 6 1 0 3 2 4 7 5
87 72 15 6 1 0 4 5 7 2 3
87 72 15 3 1 0 4 7 2 6 5
87 73 14 7 4 1 3 0 6 2 5
87 73 14 7 4 1 3 6 2 0 5
87 73 14 4 7 3 0 1 2 6 5
87 73 14 3 5 2 0 4 7 6 1
87 73 14 7 5 0 3 1 6 2 4
87 73 14 0 1 5 7 3 6 2 4
87 73 14 6 7 5 1 3 4 2 0
87 73 14 1 0 4 5 3 7 2 6
87 73 14 4 1 3 2 7 0 5 6
87 73 14 3 4 2 5 1 0 7 6
87 73 14 4 0 2 6 3 1 7 5
87 73 14 3 0 5 2 7 1 6 4
87 73 14 7 0 5 3 6 1 4 2
87 73 14 2 7 5 1 4 0 6 3
87 73 14 1 7 0 6 4 2 5 3
87 73 14 4 5 2 3 0 1 6 7
87 73 14 7 1 5 0 6 3 2 4
87 74 13 1 6 5 3 0 7 2 4
87 74 13 1 5 6 0 4 7 2 3
87 74 13 7 5 2 3 6 1 0 4
87 74 13 4 1 6 2 3 7 5 0
87 74 13 1 4 5 2 3 0 7 6
87 74 13 7 1 3 0 6 4 5 2
87 74 13 3 4 5 1 6 7 0 2
87 74 13 4 5 3 2 0 1 7 6
87 74 13 2 1 3 7 4 0 5 6
87 74 13 4 0 3 5 6 1 7 2
87 74 13 3 1 5 6 0 4 2 7
87 74 13 7 0 3 4 1 6 2 5
87 74 13 7 1 0 4 6 2 3 5
87 74 13 4 1 0 6 5 7 3 2
87 74 13 1 5 0 4 3 7 6 2
87 75 12 7 5 3 4 1 2 0 6
87 75 12 7 0 3 4 1 5 2 6
87 75 12 3 4 5 1 7 2 0 6
87 75 12 3 0 5 1 7 4 2 6
87 75 12 0 3 5 1 4 7 2 6
87 75 12 3 7 5 1 4 0 2 6
87 75 12 4 1 2 5 6 3 7 0
87 75 12 1 0 5 2 4 3 7 6
87 75 12 4 1 5 7 3 0 6 2
87 75 12 7 1 5 6 4 3 2 0
87 75 12 0 1 5 7 4 3 2 6
87 75 12 1 0 5 2 3 4 7 6
87 75 12 0 3 5 2 1 4 7 6
87 75 12 3 0 5 7 4 1 2 6
87 75 12 1 7 0 5 3 2 6 4
87 75 12 2 4 5 3 6 1 0 7
87 75 12 3 7 1 5 6 4 2 0
87 75 12 0 4 5 3 2 1 6 7
87 75 12 1 5 0 3 6 4 2 7
87 75 12 1 4 5 3 6 0 2 7
87 75 12 4 1 0 3 5 7 2 6
87 75 12 4 1 3 2 5 7 0 6
87 76 11 5 1 2 4 6 7 0 3
87 76 11 7 1 5 2 0 4 6 3
87 76 11 1 0 2 4 3 7 5 6
87 76 11 1 0 2 4 6 7 5 3
87 76 11 1 0 5 3 6 4 7 2
87 76 11 2 1 5 3 6 4 7 0
87 76 11 7 1 5 0 3 4 6 2
87 76 11 3 0 5 7 1 2 6 4
87 76 11 4 1 0 2 5 6 7 3
87 77 10 7 3 1 5 4 2 0 6
87 77 10 7 5 2 3 1 4 6 0
87 77 10 7 1 2 5 3 4 6 0
87 77 10 4 0 1 3 5 6 7 2
87 77 10 4 1 7 3 5 6 0 2
87 77 10 5 1 2 3 0 6 7 4
87 77 10 3 1 2 0 5 6 7 4
87 78 9 3 7 5 4 1 2 6 0
87 78 9 3 1 5 4 2 7 0 6
87 79 8 1 2 0 3 5 7 6 4
87 79 8 1 7 3 4 6 2 5 0
87 79 8 5 1 3 4 0 6 7 2
87 80 7 3 1 7 5 2 4 0 6
87 80 7 1 7 5 3 2 6 4 0
87 80 7 1 2 5 7 0 4 6 3
88 69 19 0 7 5 6 3 4 2 1
88 71 17 0 3 1 6 4 7 2 5
88 71 17 3 7 1 6 4 0 2 5
88 71 17 4 5 2 1 0 7 6 3
88 71 17 4 5 2 6 1 7 0 3
88 71 17 4 5 2 0 3 7 6 1
88 71 17 4 0 5 3 7 2 6 1
88 71 17 4 7 5 0 3 2 6 1
88 71 17 0 5 2 3 6 7 4 1
88 72 16 0 6 5 4 1 7 2 3
88 72 16 6 5 0 4 1 7 2 3
88 72 16 3 4 1 2 6 7 0 5
88 72 16 7 5 2 3 1 0 6 4
88 72 16 0 4 5 2 6 1 7 3
88 72 16 7 1 3 6 4 2 0 5
88 72 16 0 5 3 2 1 7 6 4
88 72 16 0 1 5 2 6 4 7 3
88 73 15 4 0 5 3 6 7 2 1
88 73 15 4 0 7 3 1 2 6 5
88 73 15 4 7 6 3 1 2 0 5
88 73 15 5 0 2 3 4 7 6 1
88 73 15 7 6 5 3 1 0 2 4
88 73 15 7 1 0 5 3 6 2 4
88 73 15 7 1 5 2 3 6 0 4
88 73 15 7 5 0 4 6 1 2 3
88 73 15 4 5 0 6 3 1 7 2
88 73 15 7 1 5 4 3 0 6 2
88 73 15 3 4 5 6 1 0 7 2
88 73 15 6 0 1 4 3 7 5 2
88 73 15 6 1 4 0 3 7 5 2
88 73 15 0 1 3 2 4 7 5 6
88 73 15 4 1 3 0 2 7 5 6
88 73 15 4 1 5 6 2 7 0 3
88 73 15 6 5 3 0 1 7 2 4
88 73 15 6 5 3 4 0 7 2 1
88 73 15 4 1 0 2 6 3 7 5
88 73 15 7 1 0 4 6 3 2 5
88 73 15 0 1 5 4 6 3 2 7
88 73 15 0 1 5 6 3 4 7 2
88 73 15 3 0 5 6 1 4 7 2
88 73 15 6 0 3 4 1 7 5 2
88 73 15 4 1 5 7 6 0 2 3
88 73 15 5 1 3 6 0 7 2 4
88 73 15 5 1 3 0 4 7 2 6
88 73 15 1 7 0 3 6 2 4 5
88 74 14 6 5 2 3 1 7 0 4
88 74 14 7 5 3 0 6 1 2 4
88 74 14 1 4 0 2 3 7 5 6
88 74 14 4 1 5 3 7 0 6 2
88 74 14 4 1 2 0 5 7 6 3
88 74 14 6 1 3 2 0 7 5 4
88 74 14 7 2 1 3 4 0 6 5
88 74 14 0 3 4 5 1 7 2 6
88 74 14 3 7 4 5 1 0 2 6
88 74 14 3 4 5 0 1 6 7 2
88 74 14 4 0 1 5 3 6 7 2
88 74 14 4 1 7 5 3 6 0 2
88 74 14 6 4 2 3 0 1 7 5
88 74 14 3 4 2 0 6 1 7 5
88 74 14 7 0 1 5 6 4 2 3
88 74 14 4 5 3 0 6 7 2 1
88 74 14 2 1 5 4 0 7 6 3
88 75 13 6 1 5 2 3 7 4 0
88 75 13 0 3 5 2 1 7 6 4
88 75 13 3 7 5 2 1 0 6 4
88 75 13 3 5 0 1 4 7 2 6
88 75 13 4 1 2 0 5 3 7 6
88 75 13 2 1 5 0 4 3 7 6
88 75 13 4 1 0 5 2 3 7 6
88 75 13 0 1 5 4 2 3 7 6
88 75 13 7 1 0 5 4 3 2 6
88 75 13 2 1 5 0 3 4 7 6
88 75 13 3 5 0 2 1 4 7 6
88 75 13 1 5 0 2 3 7 6 4
88 75 13 1 7 5 2 3 0 6 4
88 75 13 3 0 1 5 7 4 2 6
88 75 13 0 4 3 2 6 1 7 5
88 75 13 4 3 0 2 6 1 7 5
88 75 13 4 5 0 3 2 1 6 7
88 75 13 1 5 0 2 6 7 3 4
88 75 13 6 1 5 0 3 4 2 7
88 76 12 7 1 5 2 4 6 0 3
88 76 12 1 5 2 6 3 7 0 4
88 76 12 4 1 2 3 7 5 0 6
88 76 12 7 1 3 4 2 0 5 6
88 76 12 6 3 1 5 4 7 0 2
88 76 12 2 3 5 0 4 1 7 6
88 76 12 1 3 5 2 4 0 7 6
88 76 12 6 1 3 4 7 2 0 5
88 76 12 3 1 0 5 6 4 2 7
88 76 12 1 2 7 3 4 0 6 5
88 76 12 1 7 3 4 0 2 6 5
88 77 11 7 5 3 1 4 2 0 6
88 77 11 7 3 1 5 0 4 2 6
88 77 11 0 4 5 7 1 2 6 3
88 77 11 7 1 2 3 6 4 5 0
88 77 11 1 5 3 0 7 2 6 4
88 77 11 1 7 5 3 0 6 4 2
88 77 11 1 2 5 4 7 0 6 3
88 77 11 1 3 5 4 7 0 2 6
88 77 11 1 3 5 0 4 7 2 6
88 77 11 1 5 6 3 4 2 0 7
88 77 11 1 4 5 0 7 2 6 3
88 77 11 1 4 5 3 0 2 6 7
88 78 10 7 1 3 5 6 4 2 0
88 78 10 7 1 5 3 2 0 4 6
88 78 10 1 7 5 4 6 2 3 0
88 78 10 7 1 5 4 2 6 0 3
88 78 10 1 3 4 0 5 7 2 6
88 78 10 1 7 3 4 0 5 2 6
88 79 9 1 5 4 3 6 7 2 0
88 79 9 1 4 2 3 6 7 5 0
88 79 9 3 1 5 6 2 4 0 7
88 80 8 1 5 3 4 7 2 6 0
88 80 8 1 7 3 4 6 5 0 2
88 80 8 3 1 5 7 6 4 0 2
88 80 8 1 2 5 7 4 6 0 3
88 80 8 4 1 3 2 5 6 0 7
88 81 7 7 1 3 4 5 6 0 2
88 81 7 3 1 5 0 2 4 6 7
89 71 18 4 0 5 2 1 7 3 6
89 71 18 6 7 0 3 1 4 2 5
89 72 17 7 1 5 2 6 0 3 4
89 72 17 0 6 5 3 7 1 2 4
89 72 17 6 5 0 3 7 1 2 4
89 72 17 6 4 1 3 7 0 2 5
89 72 17 4 0 5 6 1 3 7 2
89 72 17 0 1 2 6 3 7 5 4
89 72 17 3 4 0 2 1 7 6 5
89 72 17 0 4 5 2 1 7 6 3
89 73 16 3 4 5 0 6 7 2 1
89 73 16 7 5 2 3 4 0 6 1
89 73 16 0 7 5 4 6 1 2 3
89 73 16 0 4 5 6 3 1 7 2
89 73 16 3 4 0 6 1 7 5 2
89 73 16 4 0 3 2 1 7 5 6
89 73 16 4 5 2 0 7 1 6 3
89 73 16 0 1 5 2 6 3 7 4
89 74 15 3 6 5 0 1 7 2 4
89 74 15 4 6 5 3 1 7 2 0
89 74 15 6 1 2 5 3 7 0 4
89 74 15 4 0 3 6 5 7 2 1
89 74 15 0 1 6 4 3 7 5 2
89 74 15 4 1 6 5 3 7 0 2
89 74 15 4 1 2 5 7 0 6 3
89 74 15 7 1 3 2 6 0 5 4
89 74 15 0 7 1 3 4 2 6 5
89 74 15 7 0 1 4 3 2 5 6
89 74 15 7 1 4 0 3 2 5 6
89 74 15 7 0 1 3 6 4 5 2
89 74 15 2 1 5 6 4 7 0 3
89 74 15 4 5 3 6 0 1 7 2
89 74 15 4 5 3 7 6 1 0 2
89 74 15 7 1 3 6 0 2 5 4
89 74 15 7 1 3 0 4 6 2 5
89 75 14 5 0 3 6 1 7 2 4
89 75 14 6 1 3 2 4 0 7 5
89 75 14 4 1 5 2 7 6 0 3
89 75 14 3 5 0 2 1 7 6 4
89 75 14 7 4 3 0 1 2 5 6
89 75 14 4 1 6 2 3 0 7 5
89 75 14 3 4 5 2 0 1 7 6
89 75 14 7 4 5 3 6 1 0 2
89 75 14 0 1 2 5 4 3 7 6
89 75 14 6 1 5 2 4 3 7 0
89 75 14 4 6 5 3 0 1 7 2
89 75 14 4 6 5 3 1 7 0 2
89 75 14 7 1 5 2 4 3 0 6
89 75 14 0 3 5 6 4 1 7 2
89 75 14 7 1 5 2 6 0 4 3
89 75 14 6 1 5 2 3 4 7 0
89 75 14 0 4 5 7 3 1 2 6
89 75 14 4 5 3 6 7 1 0 2
89 75 14 2 4 5 0 6 1 7 3
89 75 14 2 4 5 3 0 1 7 6
89 75 14 2 4 0 3 6 1 7 5
89 76 13 1 0 2 5 3 7 6 4
89 76 13 4 7 3 6 1 2 5 0
89 76 13 0 4 3 1 5 7 2 6
89 76 13 4 3 0 1 5 7 2 6
89 76 13 4 7 3 1 5 0 2 6
89 76 13 5 3 0 1 4 7 2 6
89 76 13 6 5 3 1 4 7 0 2
89 76 13 7 0 5 2 4 1 6 3
89 76 13 4 5 7 3 6 1 2 0
89 76 13 6 3 5 2 4 1 7 0
89 76 13 3 1 5 2 7 0 4 6
89 76 13 6 1 5 3 4 0 2 7
89 76 13 0 7 3 4 6 1 2 5
89 76 13 7 3 0 4 6 1 2 5
89 76 13 0 1 7 3 4 2 6 5
89 77 12 1 0 6 4 3 7 2 5
89 77 12 7 5 3 1 0 4 2 6
89 77 12 3 5 7 2 4 1 0 6
89 77 12 3 1 4 5 6 7 2 0
89 77 12 4 5 0 7 1 2 6 3
89 77 12 4 2 5 7 1 0 6 3
89 77 12 1 7 3 0 6 2 5 4
89 77 12 7 5 3 6 1 4 2 0
89 77 12 0 5 3 7 1 4 2 6
89 77 12 1 0 5 3 6 7 4 2
89 77 12 1 5 0 4 7 2 6 3
89 78 11 4 1 6 3 5 7 2 0
89 78 11 7 1 2 3 6 5 0 4
89 78 11 1 0 3 5 4 7 2 6
89 78 11 1 7 6 3 4 2 5 0
89 78 11 1 0 4 3 6 7 5 2
89 78 11 1 4 3 0 6 7 5 2
89 78 11 1 0 7 5 6 4 2 3
89 78 11 1 7 2 5 6 4 0 3
89 78 11 7 1 6 5 4 2 3 0
89 78 11 1 7 3 5 4 0 2 6
89 78 11 1 7 0 5 4 2 3 6
89 78 11 7 0 5 4 2 1 6 3
89 78 11 3 0 1 5 4 2 6 7
89 78 11 3 1 6 5 4 2 0 7
89 78 11 2 1 0 4 6 7 3 5
89 79 10 1 7 5 2 6 4 3 0
89 79 10 4 2 5 3 1 6 0 7
89 79 10 1 7 5 4 3 6 2 0
89 79 10 1 7 2 3 5 0 6 4
89 79 10 1 7 5 3 4 0 6 2
89 79 10 1 5 2 3 6 4 0 7
89 79 10 1 2 7 5 4 0 6 3
89 79 10 5 0 3 4 6 1 7 2
89 79 10 3 1 0 7 4 2 5 6
89 80 9 3 1 5 4 2 0 6 7
89 80 9 1 2 3 0 4 5 7 6
89 80 9 1 3 5 4 6 7 0 2
89 80 9 1 7 3 4 0 6 5 2
89 80 9 1 5 7 0 4 2 6 3
89 80 9 1 5 6 7 4 2 0 3
89 81 8 4 1 5 7 2 6 3 0
89 81 8 1 2 0 3 5 4 7 6
89 81 8 1 2 0 3 6 5 7 4
89 81 8 3 1 5 7 0 4 6 2
89 82 7 3 1 5 7 4 6 2 0
90 72 18 4 7 5 3 6 0 2 1
90 72 18 3 4 1 6 0 7 2 5
90 73 17 4 5 0 3 7 1 6 2
90 73 17 0 5 2 3 7 1 6 4
90 73 17 0 7 5 3 6 2 4 1
90 74 16 4 5 3 6 7 0 2 1
90 74 16 4 1 6 3 0 7 5 2
90 74 16 4 0 1 5 3 7 6 2
90 74 16 7 1 6 3 4 0 2 5
90 74 16 4 1 0 7 3 2 6 5
90 74 16 0 5 2 4 3 7 6 1
90 75 15 6 1 5 2 3 0 7 4
90 75 15 3 7 5 0 6 1 2 4
90 75 15 7 0 4 3 1 2 5 6
90 75 15 7 4 5 0 6 1 2 3
90 75 15 4 7 5 3 6 0 1 2
90 75 15 4 7 0 3 6 1 5 2
90 75 15 4 1 0 7 3 6 5 2
90 75 15 3 5 0 6 4 1 7 2
90 75 15 7 1 0 2 6 4 5 3
90 75 15 4 5 3 6 0 1 2 7
90 75 15 0 7 5 1 3 2 6 4
90 75 15 1 7 5 6 3 2 0 4
90 75 15 0 7 1 5 3 4 2 6
90 75 15 3 7 1 0 5 4 2 6
90 75 15 1 7 0 3 4 6 2 5
90 76 14 5 1 2 0 3 7 6 4
90 76 14 4 2 7 3 1 0 5 6
90 76 14 4 5 2 3 0 7 1 6
90 76 14 4 0 2 3 7 5 1 6
90 76 14 4 2 0 5 3 1 7 6
90 76 14 5 0 1 4 6 7 2 3
90 76 14 5 1 4 0 6 7 2 3
90 76 14 2 1 0 5 3 7 6 4
90 76 14 5 7 3 1 4 0 2 6
90 76 14 1 5 6 0 3 7 2 4
90 76 14 6 1 2 4 0 7 5 3
90 76 14 4 3 5 2 0 1 7 6
90 76 14 3 1 0 2 7 4 5 6
90 76 14 6 0 3 4 7 1 2 5
90 76 14 6 1 5 3 7 0 4 2
90 76 14 4 1 2 7 5 6 0 3
90 77 13 5 1 6 4 3 7 2 0
90 77 13 5 0 3 4 7 1 2 6
90 77 13 4 5 3 7 1 0 2 6
90 77 13 4 5 3 7 6 1 2 0
90 77 13 1 0 2 3 4 7 5 6
90 77 13 3 1 6 2 4 7 5 0
90 77 13 5 3 1 6 4 7 2 0
90 77 13 3 5 2 0 4 1 7 6
90 77 13 4 1 3 6 2 7 0 5
90 77 13 0 3 1 4 6 7 2 5
90 77 13 1 0 7 3 6 2 5 4
90 77 13 7 1 2 3 6 0 4 5
90 77 13 1 5 6 3 7 2 0 4
90 77 13 6 1 2 3 5 0 7 4
90 77 13 7 1 0 3 2 6 5 4
90 78 12 3 4 5 2 7 1 6 0
90 78 12 4 5 3 2 7 1 6 0
90 78 12 7 1 2 3 0 6 5 4
90 78 12 6 4 5 3 2 1 7 0
90 78 12 3 4 5 2 6 1 7 0
90 78 12 4 1 3 6 7 5 0 2
90 78 12 1 0 7 3 6 4 5 2
90 78 12 1 7 3 0 6 4 5 2
90 78 12 1 3 0 5 6 7 2 4
90 78 12 3 7 0 5 4 2 6 1
90 78 12 0 1 5 7 6 2 4 3
90 78 12 0 7 5 3 2 1 6 4
90 78 12 7 5 0 3 2 1 6 4
90 79 11 3 1 5 6 7 2 4 0
90 79 11 1 2 7 3 0 4 5 6
90 79 11 1 2 7 3 4 5 0 6
90 79 11 0 1 2 3 5 7 6 4
90 79 11 1 5 3 4 0 7 6 2
90 79 11 1 0 3 4 7 6 2 5
90 79 11 0 1 7 5 4 2 6 3
90 80 10 3 5 2 4 1 7 6 0
90 80 10 1 5 2 3 7 6 0 4
90 80 10 2 1 5 3 7 6 4 0
90 80 10 1 4 3 5 6 7 2 0
90 80 10 1 7 5 0 3 4 6 2
90 80 10 3 0 1 5 2 4 7 6
90 80 10 1 5 0 3 2 7 6 4
90 81 9 1 5 2 3 7 4 6 0
90 81 9 1 7 2 5 3 4 6 0
90 81 9 1 4 2 3 5 0 7 6
90 81 9 0 1 5 3 2 4 6 7
90 81 9 1 2 0 3 4 6 7 5
90 81 9 1 7 5 4 2 6 0 3
90 81 9 1 0 5 4 2 7 6 3
90 81 9 1 5 2 3 4 6 7 0
90 81 9 6 1 3 4 5 0 7 2
90 81 9 0 1 5 7 2 4 6 3
90 82 8 1 0 5 3 2 4 7 6
90 82 8 3 1 5 7 4 0 6 2
90 83 7 3 1 2 4 5 7 6 0
90 83 7 1 5 3 4 0 6 7 2
90 83 7 1 0 3 4 6 5 7 2
90 83 7 3 1 5 7 2 6 0 4
90 84 6 1 2 0 3 5 6 7 4
90 85 5 1 3 2 4 5 7 6 0
91 71 20 0 4 5 6 3 7 2 1
91 72 19 6 4 1 0 3 7 2 5
91 73 18 7 4 5 3 6 0 2 1
91 73 18 4 7 5 1 3 0 2 6
91 74 17 6 0 1 5 3 7 2 4
91 74 17 0 4 1 2 6 7 5 3
91 74 17 4 7 1 2 6 0 5 3
91 74 17 4 0 2 5 1 7 6 3
91 74 17 0 1 3 6 4 2 5 7
91 74 17 0 1 5 6 7 4 2 3
91 75 16 6 1 0 2 3 7 5 4
91 75 16 4 0 5 2 7 1 6 3
91 75 16 6 1 0 7 3 4 2 5
91 76 15 7 4 1 3 0 2 5 6
91 76 15 0 4 7 3 1 2 5 6
91 76 15 0 7 3 4 1 2 5 6
91 76 15 4 7 3 5 1 2 0 6
91 76 15 6 1 5 4 7 3 2 0
91 76 15 2 1 5 6 3 7 0 4
91 76 15 3 4 5 6 7 1 0 2
91 76 15 6 5 3 0 4 7 2 1
91 76 15 7 1 2 4 3 0 5 6
91 76 15 7 1 2 4 6 0 5 3
91 76 15 4 0 2 3 7 1 5 6
91 76 15 4 5 7 3 6 0 1 2
91 76 15 7 0 3 4 1 2 5 6
91 76 15 6 3 1 0 4 7 2 5
91 76 15 6 3 1 5 0 7 2 4
91 76 15 6 0 5 3 1 4 2 7
91 76 15 6 1 0 3 7 4 5 2
91 76 15 0 7 3 1 4 2 6 5
91 76 15 1 7 3 6 4 2 0 5
91 76 15 0 1 5 2 3 4 6 7
91 77 14 3 4 2 6 1 7 0 5
91 77 14 4 5 3 1 7 2 0 6
91 77 14 4 0 3 1 7 5 2 6
91 77 14 6 1 4 5 3 7 2 0
91 77 14 3 4 2 5 7 1 0 6
91 77 14 6 5 3 4 7 1 2 0
91 77 14 7 0 3 1 4 5 2 6
91 77 14 1 7 5 6 0 3 2 4
91 77 14 4 3 1 5 6 7 2 0
91 77 14 7 0 1 5 4 3 2 6
91 77 14 3 1 4 0 7 2 5 6
91 77 14 3 7 1 4 6 0 2 5
91 77 14 0 1 4 3 6 7 2 5
91 77 14 3 1 4 2 6 7 0 5
91 77 14 6 1 0 5 7 4 2 3
91 77 14 7 5 3 2 1 4 0 6
91 77 14 7 5 2 3 1 0 4 6
91 77 14 7 1 2 5 3 0 4 6
91 77 14 1 7 0 4 3 2 6 5
91 78 13 4 7 2 3 6 1 0 5
91 78 13 7 1 5 2 0 3 6 4
91 78 13 4 2 0 3 1 7 5 6
91 78 13 7 5 2 4 3 1 0 6
91 78 13 3 4 5 7 6 1 0 2
91 78 13 0 6 3 4 1 7 2 5
91 78 13 5 0 3 1 6 7 2 4
91 78 13 1 7 3 5 6 0 2 4
91 78 13 7 5 0 3 4 2 6 1
91 78 13 7 2 5 3 4 0 6 1
91 78 13 3 0 1 5 7 2 6 4
91 78 13 3 1 6 5 7 2 0 4
91 78 13 0 7 1 5 4 2 6 3
91 78 13 7 2 1 5 4 0 6 3
91 78 13 7 1 0 5 6 2 4 3
91 78 13 0 1 5 3 7 2 4 6
91 78 13 7 5 2 0 4 1 6 3
91 78 13 1 7 0 4 6 2 5 3
91 79 12 4 1 5 3 0 6 2 7
91 79 12 4 1 5 3 6 2 0 7
91 79 12 4 1 5 7 0 3 2 6
91 79 12 1 5 0 3 7 6 2 4
91 79 12 2 4 1 3 6 7 0 5
91 79 12 4 7 1 3 6 5 2 0
91 79 12 4 2 5 3 0 1 6 7
91 79 12 7 1 3 4 5 0 2 6
91 79 12 1 5 2 0 6 4 7 3
91 79 12 0 7 3 4 1 6 2 5
91 79 12 1 7 0 4 6 2 3 5
91 80 11 1 5 3 7 4 0 2 6
91 80 11 1 7 3 4 2 0 5 6
91 80 11 1 0 2 4 5 7 6 3
91 80 11 1 0 2 3 7 5 6 4
91 80 11 7 1 5 0 4 2 3 6
91 80 11 1 7 5 4 6 3 0 2
91 80 11 1 3 0 4 7 5 2 6
91 80 11 1 3 4 0 6 7 5 2
91 80 11 1 7 5 2 0 4 6 3
91 80 11 0 1 3 2 5 6 7 4
91 81 10 7 3 5 4 1 2 0 6
91 81 10 3 7 5 2 4 1 6 0
91 81 10 1 0 3 4 7 2 6 5
91 81 10 3 1 5 6 4 2 7 0
91 81 10 1 7 2 3 6 4 5 0
91 81 10 4 2 3 0 1 5 7 6
91 81 10 1 5 3 7 0 4 2 6
91 81 10 1 3 4 5 6 7 2 0
91 81 10 1 7 6 5 4 2 3 0
91 81 10 2 1 5 3 7 4 6 0
91 81 10 7 1 3 0 5 6 2 4
91 81 10 0 1 3 4 5 6 2 7
91 81 10 3 1 0 7 2 4 6 5
91 82 9 1 7 3 5 6 4 2 0
91 82 9 1 2 3 4 7 0 5 6
91 82 9 4 2 3 0 1 6 7 5
91 82 9 4 2 3 5 6 1 7 0
91 82 9 3 1 5 4 2 6 7 0
91 82 9 6 1 5 7 2 4 0 3
91 82 9 1 5 0 4 3 6 7 2
91 82 9 2 1 5 4 3 6 0 7
91 83 8 1 0 2 4 3 6 7 5
91 83 8 7 1 3 4 6 5 2 0
91 83 8 1 3 0 7 4 2 5 6
91 83 8 3 0 5 7 2 1 6 4
91 85 6 1 7 3 4 5 6 0 2
91 86 5 1 5 3 7 4 2 6 0
92 74 18 4 5 0 1 6 7 2 3
92 74 18 3 1 0 6 7 4 2 5
92 75 17 7 5 3 6 1 0 2 4
92 75 17 0 4 1 6 3 7 5 2
92 75 17 4 7 1 6 3 0 5 2
92 75 17 7 4 0 3 6 1 2 5
92 75 17 0 4 5 3 6 1 2 7
92 75 17 4 0 2 5 1 3 7 6
92 75 17 0 7 5 3 4 6 2 1
92 76 16 3 4 1 0 7 2 5 6
92 76 16 4 0 5 1 3 7 2 6
92 76 16 6 4 5 1 3 7 2 0
92 76 16 7 1 2 5 3 0 6 4
92 76 16 0 4 1 2 3 7 6 5
92 76 16 4 7 1 2 3 0 6 5
92 76 16 0 4 2 5 3 1 7 6
92 76 16 4 1 5 0 7 3 2 6
92 76 16 7 0 5 6 1 4 2 3
92 76 16 3 4 5 6 0 1 2 7
92 76 16 6 5 3 1 0 7 2 4
92 76 16 6 3 0 5 4 7 2 1
92 77 15 3 0 4 6 1 7 2 5
92 77 15 4 7 1 5 6 2 0 3
92 77 15 4 7 5 2 1 0 6 3
92 77 15 3 0 4 2 1 7 5 6
92 77 15 3 4 2 0 1 7 5 6
92 77 15 4 5 2 0 1 7 3 6
92 77 15 6 0 4 3 1 7 5 2
92 77 15 6 4 3 0 1 7 5 2
92 77 15 7 5 0 4 1 3 2 6
92 77 15 0 6 1 4 3 7 2 5
92 77 15 3 0 4 5 7 1 2 6
92 77 15 3 1 6 4 0 7 5 2
92 77 15 6 1 2 3 7 0 5 4
92 77 15 4 3 1 5 7 0 2 6
92 77 15 4 3 1 0 5 7 2 6
92 77 15 5 3 1 4 0 7 2 6
92 77 15 5 3 1 2 4 7 0 6
92 77 15 3 0 1 4 7 2 5 6
92 77 15 6 1 5 2 7 4 0 3
92 77 15 7 1 5 6 3 0 4 2
92 77 15 1 4 0 3 7 2 6 5
92 78 14 4 7 3 0 6 1 2 5
92 78 14 4 3 5 2 1 0 7 6
92 78 14 7 0 2 3 6 1 5 4
92 78 14 0 6 5 3 1 4 7 2
92 78 14 6 5 0 3 1 4 7 2
92 78 14 6 1 0 5 3 4 7 2
92 78 14 6 3 0 4 1 7 2 5
92 78 14 6 7 3 4 1 0 2 5
92 78 14 7 1 3 6 5 0 2 4
92 78 14 0 1 3 7 6 4 2 5
92 78 14 7 1 3 2 6 4 0 5
92 78 14 3 7 5 4 0 2 6 1
92 78 14 7 1 6 5 4 0 2 3
92 78 14 7 0 5 3 1 2 4 6
92 78 14 7 1 5 0 3 2 4 6
92 78 14 3 7 0 4 1 2 5 6
92 78 14 1 7 3 6 0 2 5 4
92 78 14 3 1 0 4 2 7 6 5
92 79 13 1 0 3 6 4 7 5 2
92 79 13 2 1 3 6 4 7 5 0
92 79 13 7 2 1 3 4 5 0 6
92 79 13 6 4 2 3 1 7 5 0
92 79 13 3 1 2 4 7 0 5 6
92 79 13 0 1 2 4 6 7 3 5
92 79 13 1 7 5 2 6 0 4 3
92 79 13 3 7 5 6 4 1 0 2
92 79 13 1 5 6 2 4 7 0 3
92 79 13 4 1 3 5 0 2 6 7
92 79 13 1 5 0 3 6 4 7 2
92 80 12 4 1 2 6 5 7 0 3
92 80 12 7 1 5 6 3 2 4 0
92 80 12 7 3 5 4 0 1 2 6
92 80 12 3 4 5 0 1 2 6 7
92 80 12 6 3 5 4 1 7 0 2
92 80 12 3 0 7 5 4 1 2 6
92 80 12 3 7 2 5 4 1 0 6
92 80 12 5 0 3 7 4 1 2 6
92 80 12 6 5 3 7 4 1 2 0
92 80 12 3 1 7 0 4 2 5 6
92 80 12 1 5 2 4 7 0 6 3
92 80 12 3 5 2 4 1 0 7 6
92 80 12 0 1 5 7 4 6 2 3
92 80 12 0 3 1 5 4 7 6 2
92 80 12 3 7 1 5 4 0 6 2
92 80 12 2 1 0 3 7 6 5 4
92 80 12 1 7 4 3 6 0 2 5
92 80 12 1 4 3 2 6 7 0 5
92 80 12 1 5 4 6 3 7 0 2
92 80 12 0 1 3 4 7 5 2 6
92 80 12 1 7 0 3 2 6 5 4
92 80 12 7 1 3 5 0 2 6 4
92 81 11 2 1 5 4 7 6 0 3
92 81 11 1 0 5 3 6 2 4 7
92 81 11 1 0 5 4 3 2 6 7
92 81 11 5 1 3 4 7 2 6 0
92 81 11 3 1 5 0 2 7 4 6
92 81 11 1 5 6 3 4 7 2 0
92 81 11 1 0 3 2 5 7 6 4
92 81 11 1 5 3 0 2 7 6 4
92 81 11 4 7 1 3 5 6 0 2
92 81 11 2 1 5 3 4 7 0 6
92 81 11 1 5 3 6 7 4 2 0
92 81 11 0 1 2 3 5 4 7 6
92 81 11 3 0 1 5 2 7 6 4
92 81 11 3 1 6 5 2 7 0 4
92 81 11 0 1 2 3 6 5 7 4
92 81 11 6 1 5 3 2 0 4 7
92 82 10 4 1 3 7 5 2 6 0
92 82 10 4 1 3 7 2 5 0 6
92 82 10 1 5 3 0 4 6 7 2
92 82 10 1 5 7 3 4 6 0 2
92 82 10 0 2 3 4 6 1 7 5
92 82 10 1 5 0 7 6 4 2 3
92 83 9 3 7 5 2 1 4 6 0
92 83 9 1 0 5 7 3 2 6 4
92 83 9 3 1 2 4 0 6 7 5
92 83 9 5 1 2 4 3 6 7 0
92 83 9 1 5 3 2 6 4 7 0
92 83 9 0 3 5 7 1 4 2 6
92 83 9 1 5 2 7 3 4 0 6
92 84 8 2 1 5 7 3 4 6 0
92 85 7 1 3 2 4 5 0 7 6
92 86 6 1 7 3 4 5 2 6 0
92 87 5 3 1 2 4 5 6 7 0
92 87 5 3 1 7 5 2 4 6 0
93 75 18 0 5 3 6 7 1 2 4
93 76 17 6 4 1 3 7 2 5 0
93 76 17 2 4 1 3 7 0 5 6
93 76 17 7 4 5 1 3 0 2 6
93 76 17 3 4 5 6 7 0 2 1
93 76 17 3 0 5 6 4 7 2 1
93 76 17 4 7 3 1 0 2 5 6
93 76 17 4 1 6 5 0 7 2 3
93 76 17 6 5 0 1 4 7 2 3
93 76 17 7 1 0 2 3 4 6 5
93 77 16 5 0 3 6 4 7 2 1
93 77 16 3 4 6 0 1 7 2 5
93 77 16 6 4 1 5 0 7 2 3
93 77 16 4 7 1 5 0 6 2 3
93 77 16 6 7 1 4 3 0 2 5
93 77 16 0 1 4 6 3 7 2 5
93 77 16 6 1 4 3 0 7 2 5
93 77 16 6 1 4 2 3 7 0 5
93 77 16 7 1 6 4 3 0 2 5
93 77 16 4 0 3 7 5 1 2 6
93 77 16 4 5 7 2 3 1 0 6
93 77 16 7 1 2 3 4 0 5 6
93 77 16 4 0 1 5 6 7 3 2
93 77 16 3 1 2 6 0 7 5 4
93 77 16 3 1 4 6 0 7 2 5
93 77 16 7 1 0 6 3 4 5 2
93 78 15 4 6 1 3 0 7 2 5
93 78 15 6 7 1 3 4 2 0 5
93 78 15 7 4 5 6 3 1 2 0
93 78 15 4 0 7 3 6 1 2 5
93 78 15 4 5 0 2 1 3 7 6
93 78 15 7 0 5 2 3 1 6 4
93 78 15 3 4 5 2 7 0 1 6
93 78 15 4 5 3 2 7 0 1 6
93 78 15 6 4 2 5 1 7 0 3
93 78 15 2 4 5 0 3 1 7 6
93 78 15 0 4 2 3 1 7 5 6
93 78 15 4 7 2 3 1 0 5 6
93 78 15 0 3 1 2 4 7 6 5
93 78 15 3 7 1 2 4 0 6 5
93 78 15 3 1 6 2 4 0 7 5
93 78 15 3 4 0 5 6 1 7 2
93 78 15 4 0 3 6 7 1 5 2
93 78 15 1 7 6 3 4 0 2 5
93 78 15 3 7 5 6 4 2 0 1
93 78 15 7 1 5 6 0 2 4 3
93 78 15 7 5 2 3 0 1 6 4
93 78 15 7 5 0 3 4 1 6 2
93 79 14 6 4 5 2 1 7 3 0
93 79 14 4 0 5 3 6 1 2 7
93 79 14 3 7 1 0 4 2 5 6
93 79 14 7 2 1 3 0 4 5 6
93 79 14 4 0 5 7 3 1 2 6
93 79 14 6 4 2 3 1 0 7 5
93 79 14 1 6 5 3 7 0 2 4
93 79 14 4 7 0 3 6 5 1 2
93 79 14 6 1 0 5 4 7 3 2
93 79 14 1 5 4 2 6 7 0 3
93 79 14 1 7 0 2 6 4 5 3
93 79 14 1 0 5 4 7 6 2 3
93 79 14 7 1 0 3 4 6 5 2
93 79 14 0 5 3 1 4 7 6 2
93 79 14 1 7 3 0 4 6 2 5
93 79 14 0 1 5 6 2 4 7 3
93 80 13 6 4 3 5 1 7 2 0
93 80 13 6 5 7 3 4 1 0 2
93 80 13 7 1 5 2 0 3 4 6
93 80 13 6 1 2 5 0 4 7 3
93 80 13 6 3 5 0 1 7 2 4
93 80 13 3 7 5 4 6 1 2 0
93 80 13 6 1 7 3 4 2 5 0
93 80 13 3 1 0 5 6 7 4 2
93 80 13 7 1 0 5 4 6 2 3
93 80 13 3 1 6 5 4 0 7 2
93 80 13 3 0 5 4 1 2 6 7
93 80 13 6 1 5 0 7 2 4 3
93 80 13 6 1 5 3 0 2 4 7
93 80 13 3 1 2 0 6 7 4 5
93 80 13 3 1 2 5 0 7 4 6
93 80 13 1 7 5 0 6 3 2 4
93 80 13 1 5 0 4 7 2 3 6
93 80 13 0 1 3 5 4 2 6 7
93 81 12 2 7 5 3 0 4 6 1
93 81 12 3 7 5 1 6 4 2 0
93 81 12 3 1 5 0 6 2 4 7
93 81 12 2 1 3 4 7 0 6 5
93 81 12 1 5 3 2 7 0 6 4
93 81 12 1 7 2 3 6 0 4 5
93 81 12 4 2 7 3 1 5 0 6
93 81 12 3 7 5 6 1 4 0 2
93 81 12 4 1 0 7 2 6 5 3
93 81 12 1 3 4 2 6 7 0 5
93 81 12 2 1 0 3 6 7 5 4
93 81 12 1 6 2 3 4 0 7 5
93 81 12 0 5 2 3 1 6 7 4
93 81 12 1 5 2 0 3 6 7 4
93 81 12 6 1 0 3 2 4 5 7
93 81 12 6 1 0 4 5 7 3 2
93 82 11 7 5 3 4 6 1 2 0
93 82 11 7 5 3 2 4 1 6 0
93 82 11 4 1 3 7 2 0 6 5
93 82 11 1 7 5 6 4 3 2 0
93 82 11 3 1 5 4 7 6 0 2
93 82 11 3 0 7 5 1 4 2 6
93 82 11 3 7 2 5 1 4 0 6
93 82 11 1 5 3 6 0 4 7 2
93 82 11 1 0 3 6 4 5 7 2
93 82 11 7 1 5 4 3 6 0 2
93 82 11 5 1 2 3 4 6 0 7
93 82 11 2 1 5 3 6 0 7 4
93 82 11 3 1 2 5 6 4 0 7
93 82 11 2 1 5 3 0 4 7 6
93 82 11 1 5 0 3 2 6 7 4
93 82 11 1 6 5 3 2 0 7 4
93 82 11 4 2 7 3 1 6 0 5
93 82 11 3 1 5 2 4 6 0 7
93 82 11 3 1 0 7 4 6 5 2
93 82 11 6 1 0 5 2 4 7 3
93 82 11 4 1 5 3 2 7 0 6
93 82 11 1 6 5 4 3 0 7 2
93 82 11 2 1 5 0 3 6 7 4
93 82 11 2 1 5 4 0 6 7 3
93 82 11 2 1 0 4 3 6 7 5
93 82 11 1 4 5 7 6 0 2 3
93 83 10 1 5 4 2 3 7 6 0
93 83 10 7 1 5 3 0 4 6 2
93 83 10 1 4 2 3 0 5 7 6
93 83 10 1 0 5 4 2 6 7 3
93 83 10 4 1 3 5 2 6 7 0
93 83 10 1 5 3 0 2 4 7 6
93 83 10 3 5 0 7 1 4 2 6
93 83 10 3 7 5 1 4 2 0 6
93 83 10 1 7 5 0 4 2 3 6
93 83 10 0 4 5 7 2 1 6 3
93 83 10 1 2 3 7 4 0 5 6
93 84 9 2 1 3 4 7 5 0 6
93 84 9 3 1 5 6 2 7 4 0
93 84 9 3 1 2 6 5 4 7 0
93 84 9 1 4 2 3 0 6 7 5
93 84 9 1 0 3 7 4 2 6 5
93 84 9 5 1 3 7 4 2 6 0
93 84 9 4 5 3 2 1 6 7 0
93 84 9 1 4 5 7 3 2 0 6
93 84 9 1 7 5 3 2 0 4 6
93 84 9 1 4 5 3 2 6 7 0
93 84 9 1 2 3 0 6 7 5 4
93 84 9 1 2 5 3 6 7 0 4
93 84 9 4 1 3 0 5 6 2 7
93 84 9 1 6 2 3 5 0 7 4
93 85 8 7 1 3 4 5 2 6 0
93 85 8 1 2 5 3 7 6 4 0
93 85 8 2 1 5 7 4 6 3 0
93 85 8 1 2 0 4 3 5 7 6
93 85 8 0 1 3 4 5 6 7 2
93 85 8 3 1 5 7 0 2 4 6
93 85 8 3 0 5 7 2 1 4 6
93 86 7 4 1 5 7 2 3 6 0
93 86 7 1 0 2 4 5 6 7 3
93 86 7 1 2 5 3 4 6 7 0
93 86 7 1 3 2 4 0 6 7 5
93 86 7 2 1 3 4 0 6 7 5
94 77 17 4 5 6 0 1 7 2 3
94 77 17 4 7 0 5 6 1 2 3
94 77 17 0 1 6 3 4 7 5 2
94 77 17 6 0 2 3 1 7 5 4
94 77 17 6 1 2 0 3 7 5 4
94 77 17 0 1 3 6 2 7 5 4
94 77 17 0 4 5 3 7 2 6 1
94 77 17 0 7 5 4 3 2 6 1
94 78 16 5 6 1 3 4 7 2 0
94 78 16 6 7 1 3 0 4 2 5
94 78 16 7 4 0 5 3 1 2 6
94 78 16 0 4 5 2 1 3 7 6
94 78 16 6 0 4 5 1 7 2 3
94 78 16 6 4 5 2 3 1 7 0
94 78 16 6 4 5 3 7 0 1 2
94 78 16 7 5 4 0 3 1 2 6
94 78 16 7 5 3 1 6 0 2 4
94 78 16 7 1 3 6 0 4 2 5
94 78 16 6 1 2 0 4 7 3 5
94 78 16 6 1 2 5 0 7 3 4
94 78 16 0 1 2 5 4 7 3 6
94 78 16 0 5 2 3 4 1 6 7
94 79 15 6 4 5 7 0 1 2 3
94 79 15 6 4 5 3 1 0 2 7
94 79 15 6 7 1 3 4 2 5 0
94 79 15 3 0 2 4 1 7 5 6
94 79 15 2 4 1 0 6 7 5 3
94 79 15 2 4 1 3 0 7 5 6
94 79 15 0 7 5 4 1 6 2 3
94 79 15 0 1 3 5 7 2 6 4
94 79 15 3 1 0 6 2 4 7 5
94 80 14 4 1 6 0 5 7 2 3
94 80 14 3 6 5 0 4 1 7 2
94 80 14 2 6 5 3 4 1 7 0
94 80 14 6 5 3 0 4 1 7 2
94 80 14 3 7 5 0 1 6 2 4
94 80 14 4 7 5 3 1 6 2 0
94 80 14 1 7 0 5 3 6 2 4
94 80 14 1 7 5 2 3 6 0 4
94 80 14 4 7 1 3 2 6 5 0
94 80 14 6 3 5 4 7 1 2 0
94 80 14 7 5 3 6 4 1 0 2
94 80 14 4 1 7 3 0 2 5 6
94 80 14 1 4 3 6 0 7 2 5
94 80 14 1 7 0 4 6 3 2 5
94 80 14 3 1 0 7 6 4 2 5
94 81 13 1 0 5 6 3 4 2 7
94 81 13 2 7 5 3 4 6 0 1
94 81 13 2 0 5 3 4 7 6 1
94 81 13 3 5 2 4 7 1 0 6
94 81 13 7 0 5 1 6 4 2 3
94 81 13 6 7 5 1 0 4 2 3
94 81 13 4 5 3 0 1 2 6 7
94 81 13 2 1 5 4 3 0 6 7
94 81 13 6 1 3 5 4 0 7 2
94 81 13 4 3 5 6 1 7 2 0
94 81 13 3 7 5 2 4 0 1 6
94 81 13 7 5 2 3 0 4 1 6
94 81 13 1 0 7 4 3 2 5 6
94 81 13 3 1 5 6 4 0 2 7
94 81 13 1 5 6 3 4 0 7 2
94 81 13 7 1 5 0 6 2 3 4
94 81 13 7 1 5 4 0 2 3 6
94 81 13 1 5 3 2 7 4 0 6
94 81 13 1 5 2 3 7 0 4 6
94 81 13 0 1 7 5 3 4 2 6
94 81 13 1 4 7 5 3 0 2 6
94 81 13 1 7 2 5 3 0 4 6
94 81 13 1 7 6 5 4 0 2 3
94 81 13 2 1 3 5 6 7 0 4
94 81 13 0 1 3 4 2 7 5 6
94 81 13 2 0 3 4 1 7 5 6
94 81 13 2 0 5 3 1 4 6 7
94 81 13 2 1 5 0 3 4 6 7
94 81 13 7 1 0 4 5 6 2 3
94 82 12 7 1 3 5 6 2 0 4
94 82 12 7 1 4 3 6 2 0 5
94 82 12 3 5 2 1 4 7 6 0
94 82 12 1 5 2 6 4 7 3 0
94 82 12 5 0 3 4 6 7 2 1
94 82 12 3 1 2 5 0 6 7 4
94 82 12 1 7 0 5 4 3 2 6
94 82 12 4 1 3 0 2 6 5 7
94 82 12 1 3 0 4 7 2 5 6
94 82 12 4 0 3 7 2 1 5 6
94 82 12 4 5 2 3 6 1 0 7
94 82 12 2 1 0 3 4 6 5 7
94 82 12 3 1 2 0 6 4 7 5
94 82 12 4 1 2 5 3 6 0 7
94 83 11 1 4 5 2 6 7 3 0
94 83 11 1 0 5 3 4 6 2 7
94 83 11 1 0 5 4 6 7 3 2
94 83 11 2 1 5 4 6 7 3 0
94 83 11 4 2 1 3 7 6 0 5
94 83 11 4 1 7 5 2 6 0 3
94 83 11 4 1 2 3 0 5 7 6
94 83 11 1 3 0 6 5 7 2 4
94 83 11 1 7 3 6 5 0 2 4
94 83 11 1 6 5 3 0 4 7 2
94 83 11 1 6 5 3 4 7 0 2
94 83 11 1 2 0 5 4 7 6 3
94 83 11 1 7 2 5 4 0 6 3
94 83 11 0 1 3 4 2 6 7 5
94 83 11 3 1 0 5 2 6 7 4
94 83 11 1 0 3 2 5 4 7 6
94 83 11 6 1 5 7 4 0 2 3
94 83 11 1 5 7 0 3 4 2 6
94 83 11 4 5 0 7 2 1 6 3
94 83 11 1 7 3 5 0 2 6 4
94 84 10 3 1 6 4 5 7 2 0
94 84 10 1 5 2 6 3 4 7 0
94 84 10 4 2 0 3 5 1 7 6
94 84 10 4 1 2 3 5 0 7 6
94 84 10 3 1 2 5 4 6 7 0
94 84 10 2 1 3 0 4 6 7 5
94 84 10 3 1 7 5 4 6 0 2
94 84 10 1 4 5 7 0 3 2 6
94 84 10 7 1 3 4 2 6 5 0
94 85 9 1 5 3 2 0 6 7 4
94 85 9 1 0 3 2 6 5 7 4
94 85 9 1 7 3 0 5 6 2 4
94 86 8 1 5 2 4 6 3 7 0
94 87 7 1 2 3 0 5 7 6 4
94 87 7 1 2 5 7 3 4 6 0
94 87 7 1 0 5 7 2 4 6 3
95 75 20 4 5 0 6 7 1 2 3
95 76 19 0 1 6 5 3 7 2 4
95 76 19 3 4 0 6 7 1 2 5
95 77 18 7 5 3 6 4 0 2 1
95 77 18 7 4 1 5 6 0 2 3
95 77 18 4 7 5 2 6 1 0 3
95 77 18 4 1 0 6 2 7 5 3
95 78 17 3 6 1 0 4 7 2 5
95 78 17 7 4 5 2 3 1 0 6
95 78 17 4 0 6 3 1 7 2 5
95 78 17 3 4 0 2 7 1 5 6
95 78 17 4 5 0 2 7 1 3 6
95 78 17 6 4 0 3 7 1 5 2
95 78 17 3 4 5 6 0 1 7 2
95 79 16 6 4 5 1 7 0 2 3
95 79 16 6 0 5 1 4 7 2 3
95 79 16 6 4 5 2 1 0 7 3
95 79 16 4 1 2 6 7 0 5 3
95 79 16 6 0 5 3 4 1 2 7
95 79 16 6 7 5 4 3 1 2 0
95 79 16 0 3 1 6 4 7 5 2
95 79 16 3 7 1 6 4 0 5 2
95 79 16 4 7 1 3 0 2 5 6
95 79 16 3 1 0 6 7 2 5 4
95 79 16 2 4 0 3 6 7 5 1
95 79 16 4 1 2 6 0 7 3 5
95 79 16 0 1 5 6 4 7 3 2
95 79 16 6 1 5 4 0 7 3 2
95 79 16 1 5 4 6 0 7 2 3
95 79 16 3 7 5 6 0 1 2 4
95 79 16 0 5 2 3 6 4 7 1
95 80 15 0 4 3 6 1 7 5 2
95 80 15 4 3 0 6 1 7 5 2
95 80 15 4 7 3 6 1 0 5 2
95 80 15 4 0 1 6 5 7 2 3
95 80 15 0 6 4 3 1 7 2 5
95 80 15 6 1 3 5 7 0 2 4
95 80 15 7 0 5 2 3 1 4 6
95 80 15 4 3 5 0 7 1 2 6
95 80 15 6 0 2 5 4 1 7 3
95 80 15 0 7 5 6 1 4 2 3
95 80 15 1 0 5 6 7 4 2 3
95 80 15 2 4 5 3 1 0 6 7
95 80 15 6 3 5 4 0 7 2 1
95 80 15 2 1 7 3 4 0 5 6
95 80 15 0 1 5 3 6 7 4 2
95 80 15 3 1 5 6 0 7 4 2
95 80 15 3 1 6 5 0 7 2 4
95 80 15 0 4 3 1 6 7 2 5
95 80 15 7 1 5 6 0 2 3 4
95 81 14 7 1 2 0 3 4 5 6
95 81 14 4 1 6 5 7 2 3 0
95 81 14 2 0 5 4 7 1 6 3
95 81 14 2 1 5 3 6 0 4 7
95 81 14 4 5 6 3 1 2 0 7
95 81 14 4 3 0 5 1 7 2 6
95 81 14 6 7 5 3 4 0 1 2
95 81 14 1 7 4 0 3 2 5 6
95 81 14 3 1 0 6 4 2 5 7
95 81 14 1 7 5 6 3 0 4 2
95 81 14 4 7 1 0 5 6 2 3
95 81 14 1 3 4 6 0 7 2 5
95 81 14 2 1 3 6 0 7 5 4
95 82 13 7 1 3 5 0 6 2 4
95 82 13 3 4 1 2 6 7 5 0
95 82 13 2 1 5 0 4 7 3 6
95 82 13 7 1 3 0 6 2 4 5
95 82 13 4 7 1 5 3 2 6 0
95 82 13 7 0 3 4 5 1 2 6
95 82 13 7 0 3 1 4 2 5 6
95 82 13 3 1 2 6 0 4 7 5
95 82 13 3 5 4 6 1 7 2 0
95 82 13 1 4 2 5 6 7 0 3
95 82 13 7 5 0 4 1 2 6 3
95 82 13 7 2 5 4 1 0 6 3
95 82 13 1 0 4 3 7 2 5 6
95 82 13 1 4 3 0 7 2 5 6
95 82 13 1 7 5 2 4 3 0 6
95 82 13 1 7 3 2 6 4 0 5
95 82 13 3 0 5 4 7 1 6 2
95 82 13 7 4 0 5 1 2 6 3
95 82 13 5 0 1 4 6 7 3 2
95 82 13 5 1 4 0 6 7 3 2
95 82 13 5 1 2 0 4 6 7 3
95 82 13 2 0 5 3 1 6 7 4
95 82 13 4 2 3 6 0 1 7 5
95 82 13 3 0 5 4 1 6 7 2
95 83 12 4 1 5 6 3 2 7 0
95 83 12 1 3 5 6 0 7 2 4
95 83 12 3 1 5 0 4 6 2 7
95 83 12 1 0 4 3 5 7 2 6
95 83 12 1 5 4 2 3 0 7 6
95 83 12 6 1 5 4 7 2 3 0
95 83 12 4 2 1 3 0 7 6 5
95 83 12 7 0 5 3 4 1 6 2
95 83 12 3 1 2 4 7 0 6 5
95 83 12 3 1 0 2 5 7 6 4
95 83 12 3 7 0 5 1 2 6 4
95 83 12 4 1 3 0 6 2 5 7
95 83 12 1 3 0 2 4 5 7 6
95 83 12 3 1 0 5 6 4 7 2
95 83 12 3 7 5 1 0 2 6 4
95 83 12 7 1 0 4 6 5 3 2
95 84 11 2 1 5 4 6 7 0 3
95 84 11 7 2 5 3 1 6 0 4
95 84 11 3 1 2 7 5 4 0 6
95 84 11 5 4 2 3 1 6 7 0
95 84 11 4 2 7 3 6 1 5 0
95 84 11 3 0 1 7 4 2 6 5
95 84 11 3 1 7 0 4 2 6 5
95 84 11 3 1 6 7 4 2 0 5
95 84 11 2 1 5 4 3 7 0 6
95 84 11 0 5 3 4 1 6 7 2
95 84 11 1 7 5 2 4 6 0 3
95 84 11 0 1 3 4 7 6 5 2
95 84 11 3 0 2 4 6 1 7 5
95 84 11 4 1 3 6 0 5 7 2
95 84 11 4 0 3 6 5 1 7 2
95 84 11 4 1 2 3 0 5 6 7
95 84 11 4 0 2 3 5 1 6 7
95 84 11 4 0 1 3 5 6 2 7
95 84 11 1 5 3 0 6 7 4 2
95 84 11 2 0 5 7 1 4 6 3
95 85 10 3 1 5 4 7 6 2 0
95 85 10 1 5 4 3 6 7 0 2
95 85 10 6 1 2 3 5 4 7 0
95 85 10 1 0 2 4 3 7 6 5
95 85 10 4 2 1 3 7 5 6 0
95 85 10 1 0 3 2 4 6 7 5
95 85 10 5 1 3 4 7 6 2 0
95 85 10 3 1 5 0 7 4 6 2
95 85 10 1 2 0 3 7 6 5 4
95 85 10 7 1 5 0 2 6 4 3
95 86 9 4 1 2 3 5 7 6 0
95 86 9 2 5 3 4 6 1 7 0
95 86 9 3 4 5 7 1 2 0 6
95 86 9 3 1 2 5 7 4 6 0
95 86 9 1 2 5 3 4 7 6 0
95 86 9 1 5 2 4 0 6 7 3
95 86 9 1 0 2 4 6 5 7 3
95 86 9 1 2 5 3 7 4 6 0
95 86 9 1 0 5 3 2 4 6 7
95 86 9 1 0 2 4 6 3 7 5
95 86 9 2 0 3 4 6 1 7 5
95 86 9 3 0 1 7 2 4 5 6
95 86 9 3 1 7 0 2 4 5 6
95 87 8 4 1 3 2 5 7 6 0
95 87 8 7 3 1 5 4 2 6 0
95 87 8 1 2 6 3 5 7 0 4
95 87 8 5 1 3 4 2 6 7 0
95 88 7 1 7 3 4 6 5 2 0
95 88 7 1 2 5 7 4 6 3 0
95 90 5 3 1 5 7 2 6 4 0
95 90 5 1 2 3 0 5 6 7 4
96 76 20 0 4 5 6 7 1 2 3
96 77 19 4 7 5 6 0 1 2 3
96 78 18 7 4 5 6 1 0 2 3
96 78 18 6 4 5 0 3 1 7 2
96 79 17 0 1 2 6 4 7 5 3
96 79 17 6 4 0 5 7 1 2 3
96 79 17 7 1 3 6 4 0 5 2
96 79 17 2 7 1 3 4 0 5 6
96 79 17 0 5 4 1 6 7 2 3
96 80 16 5 4 1 6 3 7 2 0
96 80 16 4 7 1 6 3 2 0 5
96 80 16 6 7 4 3 1 0 2 5
96 80 16 6 4 3 2 1 7 0 5
96 80 16 4 7 5 6 3 1 0 2
96 80 16 0 7 1 3 6 4 2 5
96 80 16 4 0 3 5 7 1 2 6
96 80 16 7 1 0 6 3 2 5 4
96 80 16 0 7 1 3 4 6 5 2
96 80 16 4 0 1 3 7 6 5 2
96 80 16 7 5 3 6 0 1 2 4
96 80 16 0 1 5 6 4 2 3 7
96 80 16 1 7 0 2 3 4 6 5
96 81 15 6 4 5 3 7 2 0 1
96 81 15 6 0 5 3 7 4 2 1
96 81 15 6 7 5 3 4 0 2 1
96 81 15 4 7 1 2 3 5 0 6
96 81 15 3 5 4 0 7 1 2 6
96 81 15 0 4 1 5 7 2 6 3
96 81 15 3 4 1 5 7 0 2 6
96 81 15 4 0 1 5 3 2 6 7
96 81 15 4 1 6 5 3 2 0 7
96 81 15 4 3 5 1 0 7 2 6
96 81 15 4 3 5 2 1 7 0 6
96 81 15 3 7 0 2 4 1 5 6
96 81 15 7 0 2 3 4 5 1 6
96 81 15 0 1 5 2 3 7 4 6
96 81 15 3 0 5 2 1 7 4 6
96 81 15 2 0 5 3 1 7 6 4
96 81 15 1 7 0 6 3 4 5 2
96 81 15 4 7 0 3 5 6 2 1
96 81 15 0 7 1 3 5 6 2 4
96 81 15 2 1 0 3 4 7 6 5
96 81 15 0 1 5 4 6 2 3 7
96 81 15 3 7 5 6 0 4 2 1
96 81 15 0 5 3 1 7 4 2 6
96 81 15 0 3 4 1 6 7 2 5
96 81 15 2 1 3 0 4 7 5 6
96 82 14 6 1 2 3 7 4 0 5
96 82 14 7 1 2 6 3 4 0 5
96 82 14 6 4 1 3 2 7 5 0
96 82 14 6 1 5 0 2 7 3 4
96 82 14 2 3 1 0 4 7 5 6
96 82 14 3 7 1 2 0 4 5 6
96 82 14 3 7 1 2 4 5 0 6
96 82 14 7 5 3 2 4 0 1 6
96 82 14 6 7 3 1 4 2 5 0
96 82 14 5 0 2 1 4 7 6 3
96 82 14 1 5 2 6 4 0 7 3
96 82 14 1 0 4 5 6 7 2 3
96 82 14 1 3 0 6 4 7 2 5
96 82 14 1 7 3 6 4 0 2 5
96 82 14 3 0 2 5 6 1 7 4
96 82 14 4 0 1 3 2 6 5 7
96 82 14 7 4 5 1 0 2 6 3
96 82 14 7 1 0 4 3 6 2 5
96 82 14 0 1 5 4 3 6 2 7
96 82 14 4 5 2 0 6 1 7 3
96 82 14 5 1 0 3 4 6 7 2
96 82 14 4 1 5 3 2 0 7 6
96 82 14 4 2 3 7 6 1 0 5
96 83 13 7 4 1 3 6 5 0 2
96 83 13 3 7 5 6 1 2 0 4
96 83 13 6 7 1 5 4 2 0 3
96 83 13 1 4 5 2 6 0 7 3
96 83 13 5 1 3 6 4 7 0 2
96 83 13 1 5 4 3 7 0 2 6
96 83 13 4 0 7 5 1 2 6 3
96 83 13 1 4 7 3 6 0 2 5
96 83 13 5 4 1 3 6 0 7 2
96 83 13 3 1 2 5 7 6 0 4
96 83 13 3 1 2 6 5 7 0 4
96 83 13 6 4 2 3 1 5 7 0
96 83 13 3 7 5 2 1 0 4 6
96 83 13 6 1 2 3 4 5 7 0
96 83 13 4 1 3 7 6 2 0 5
96 83 13 2 1 5 7 3 0 6 4
96 83 13 0 2 5 3 4 1 6 7
96 83 13 2 5 0 3 4 1 6 7
96 83 13 2 1 0 5 4 6 7 3
96 83 13 4 1 0 2 3 6 5 7
96 83 13 4 1 3 7 2 6 0 5
96 83 13 0 1 3 2 4 5 7 6
96 83 13 3 1 5 2 6 0 4 7
96 83 13 6 0 5 7 1 4 2 3
96 83 13 3 7 1 0 4 2 6 5
96 83 13 3 7 1 5 0 2 6 4
96 83 13 0 1 3 4 6 2 5 7
96 84 12 7 1 2 3 4 6 0 5
96 84 12 4 7 5 1 2 0 6 3
96 84 12 1 0 5 2 4 6 7 3
96 84 12 0 3 5 4 1 7 6 2
96 84 12 3 7 5 4 1 0 6 2
96 84 12 7 4 5 3 2 0 6 1
96 84 12 2 0 3 4 7 1 5 6
96 84 12 4 1 5 3 7 6 0 2
96 84 12 7 5 3 0 1 2 6 4
96 84 12 0 4 2 3 5 1 7 6
96 84 12 1 7 5 2 0 3 4 6
96 84 12 4 0 3 6 1 5 7 2
96 84 12 1 5 3 6 7 2 0 4
96 84 12 1 0 3 6 7 5 2 4
96 84 12 2 0 1 3 4 6 7 5
96 84 12 2 1 7 3 4 6 0 5
96 84 12 3 1 5 6 2 0 7 4
96 84 12 3 1 0 2 5 4 7 6
96 84 12 1 0 2 3 5 7 4 6
96 84 12 0 3 5 4 6 1 7 2
96 84 12 3 5 0 4 6 1 7 2
96 84 12 1 7 5 4 3 0 6 2
96 84 12 7 5 0 1 4 2 6 3
96 84 12 7 2 5 1 4 0 6 3
96 84 12 1 7 0 5 6 2 4 3
96 84 12 4 5 3 2 6 1 0 7
96 84 12 1 5 2 0 6 7 3 4
96 84 12 1 5 2 4 0 7 3 6
96 85 11 4 2 0 3 5 7 6 1
96 85 11 4 1 7 3 2 6 5 0
96 85 11 6 1 5 4 2 3 7 0
96 85 11 5 1 2 4 3 7 6 0
96 85 11 5 3 2 4 1 7 0 6
96 85 11 5 1 3 4 7 2 0 6
96 85 11 5 1 3 2 4 6 7 0
96 85 11 2 4 5 3 1 6 0 7
96 85 11 6 1 3 7 4 2 0 5
96 85 11 3 1 5 2 0 4 6 7
96 85 11 0 1 2 4 3 5 7 6
96 85 11 1 3 2 0 6 7 5 4
96 85 11 1 3 2 4 0 7 5 6
96 86 10 4 1 2 6 5 3 7 0
96 86 10 5 1 3 2 6 7 4 0
96 86 10 1 0 2 3 6 4 7 5
96 86 10 1 7 2 3 6 5 0 4
96 86 10 4 1 5 7 2 0 3 6
96 86 10 1 0 2 4 5 3 7 6
96 86 10 5 1 2 4 0 6 7 3
96 86 10 1 2 0 3 4 6 5 7
96 87 9 1 0 5 7 4 3 2 6
96 87 9 1 3 5 2 0 4 7 6
96 87 9 5 1 2 4 6 7 3 0
96 87 9 0 3 5 7 1 2 6 4
96 87 9 4 1 7 3 5 6 2 0
96 87 9 3 1 7 5 2 0 4 6
96 87 9 1 7 5 0 2 6 4 3
96 88 8 1 4 5 7 0 2 6 3
96 88 8 7 1 5 3 2 4 0 6
96 88 8 1 3 4 6 5 7 2 0
96 88 8 3 1 0 5 2 4 6 7
96 89 7 1 2 3 6 4 5 7 0
96 89 7 1 5 7 3 4 2 6 0
96 89 7 1 2 3 0 5 4 7 6
96 89 7 1 2 3 0 6 5 7 4
96 91 5 1 3 5 7 4 2 0 6
96 95 1 1 2 3 4 5 6 7 0