0 0 0 4 1 5 3 0 7 2 6
12 0 12 4 1 5 3 6 7 2 0
12 0 12 4 1 5 3 6 7 0 2
12 0 12 4 1 5 3 6 0 7 2
11 0 11 4 1 5 3 0 6 7 2
11 0 11 4 1 5 3 2 6 7 0
11 0 11 4 1 5 3 2 6 0 7
11 0 11 4 1 5 3 2 0 6 7
12 0 12 4 1 5 0 2 6 7 3
11 0 11 4 1 5 7 2 6 0 3
8 0 8 4 1 5 7 2 6 3 0
9 0 9 4 1 5 7 2 0 6 3
10 0 10 4 1 5 7 0 2 6 3
9 0 9 0 1 5 7 4 2 6 3
7 0 7 1 0 5 7 4 2 6 3
7 0 7 3 1 5 7 4 2 6 0
7 0 7 3 1 5 7 4 2 0 6
8 0 8 1 5 0 7 4 2 6 3
8 0 8 1 2 5 7 4 0 6 3
7 0 7 1 2 5 7 0 4 6 3
7 0 7 1 2 5 7 3 4 6 0
7 0 7 1 0 5 7 2 4 6 3
6 0 6 1 5 0 7 2 4 6 3
7 0 7 0 1 5 7 2 4 6 3
5 0 5 3 1 5 7 2 4 6 0
5 0 5 3 1 5 7 2 4 0 6
7 0 7 1 4 5 7 2 0 6 3
7 0 7 1 5 7 0 2 4 6 3
5 0 5 1 5 7 3 2 4 6 0
7 0 7 1 5 6 7 2 4 0 3
6 0 6 1 5 6 7 2 4 3 0
7 0 7 3 1 5 0 2 4 6 7
7 0 7 3 1 5 7 2 0 4 6
7 0 7 1 4 5 7 2 6 0 3
6 0 6 1 4 5 7 2 6 3 0
7 0 7 1 5 7 3 2 4 0 6
8 0 8 1 2 5 7 4 6 0 3
7 0 7 1 2 5 7 4 6 3 0
8 0 8 1 2 5 7 3 4 0 6
8 0 8 2 1 5 7 0 4 6 3
8 0 8 3 1 5 7 0 4 6 2
8 0 8 3 1 0 7 2 4 5 6
8 0 8 1 4 5 7 0 2 6 3
8 0 8 3 1 0 5 2 4 6 7
8 0 8 3 1 5 7 0 2 4 6
8 0 8 3 0 5 7 2 1 4 6
8 0 8 2 1 5 7 3 4 6 0
8 0 8 3 1 5 7 4 0 6 2
8 0 8 1 4 5 7 3 2 6 0
8 0 8 3 1 5 7 6 2 4 0
8 0 8 0 3 5 7 2 1 4 6
7 0 7 1 3 5 7 2 0 4 6
3 0 3 1 3 5 7 2 4 0 6
1 0 1 1 3 5 7 2 4 6 0