0 0 0 4 5 1 3 0 2 7 6
12 0 12 4 5 1 3 6 2 7 0
14 0 14 4 5 1 3 2 0 7 6
14 0 14 0 5 1 3 4 2 7 6
14 0 14 4 0 1 3 5 2 7 6
17 0 17 4 5 1 0 3 2 7 6
24 14 10 4 2 1 3 5 0 7 6
25 12 13 4 5 1 3 6 2 0 7
25 14 11 4 1 0 3 5 2 7 6
27 12 15 4 5 1 0 6 2 7 3
27 14 13 4 5 1 3 2 7 0 6
27 14 13 3 5 1 0 4 2 7 6
27 14 13 0 4 1 3 5 2 7 6
28 12 16 4 5 0 3 6 2 7 1
28 12 16 0 5 1 3 6 2 7 4
28 14 14 4 0 1 3 2 5 7 6
28 14 14 5 0 1 3 4 2 7 6
28 14 14 6 5 1 3 4 2 7 0
30 14 16 2 5 1 3 4 0 7 6
30 17 13 4 5 1 6 3 2 7 0
32 17 15 4 5 0 1 3 2 7 6
32 17 15 0 5 1 4 3 2 7 6
32 17 15 4 5 1 7 3 2 0 6
34 24 10 4 2 1 3 5 7 0 6
35 24 11 4 2 1 3 0 5 7 6
35 25 10 4 1 3 0 5 2 7 6
37 25 12 4 1 7 3 5 2 0 6
38 27 11 4 5 1 3 2 7 6 0
38 27 11 3 5 1 7 4 2 0 6
39 25 14 4 5 1 3 6 0 2 7
39 25 14 4 5 0 3 6 2 1 7
39 27 12 3 5 0 1 4 2 7 6
39 27 12 3 5 1 6 4 2 7 0
40 27 13 6 4 1 3 5 2 7 0
40 27 13 2 4 1 3 5 0 7 6
41 27 14 4 5 0 3 2 7 1 6
41 27 14 5 4 1 3 0 2 7 6
41 27 14 3 4 1 0 5 2 7 6
41 28 13 4 5 3 0 6 2 7 1
41 28 13 5 0 1 3 6 2 7 4
41 28 13 4 1 0 3 2 5 7 6
41 28 13 5 1 0 3 4 2 7 6
41 28 13 5 2 1 3 4 0 7 6
41 28 13 6 5 1 3 4 2 0 7
42 27 15 4 5 0 1 6 2 7 3
42 27 15 0 5 1 4 6 2 7 3
42 27 15 4 5 1 7 6 2 0 3
42 27 15 3 5 1 4 0 2 7 6
42 28 14 4 0 5 3 6 2 7 1
42 28 14 2 5 1 3 6 0 7 4
42 28 14 6 5 1 0 4 2 7 3
42 34 8 4 2 1 3 5 7 6 0
43 28 15 4 5 7 3 6 2 0 1
43 28 15 6 5 1 3 0 2 7 4
43 28 15 3 5 1 0 6 2 7 4
43 28 15 0 4 1 3 2 5 7 6
43 30 13 2 5 1 3 0 4 7 6
43 30 13 2 5 1 3 4 7 0 6
43 30 13 2 0 1 3 4 5 7 6
43 32 11 4 5 1 7 3 2 6 0
43 35 8 4 1 3 6 5 2 7 0
44 35 9 4 2 1 3 6 5 7 0
45 27 18 4 5 1 6 0 2 7 3
45 28 17 6 5 0 3 4 2 7 1
45 30 15 4 5 1 6 3 2 0 7
45 32 13 5 0 1 4 3 2 7 6
45 34 11 4 2 0 3 5 7 1 6
45 35 10 0 1 3 4 5 2 7 6
45 38 7 3 5 1 7 4 2 6 0
46 32 14 4 5 7 1 3 2 0 6
46 32 14 6 5 1 4 3 2 7 0
46 32 14 2 5 1 4 3 0 7 6
46 32 14 4 5 0 7 3 2 1 6
47 32 15 4 0 5 1 3 2 7 6
47 32 15 4 5 1 7 3 0 2 6
47 37 10 4 1 7 3 5 2 6 0
48 30 18 4 5 0 6 3 2 7 1
48 30 18 0 5 1 6 3 2 7 4
48 35 13 0 2 1 3 4 5 7 6
48 35 13 4 1 3 7 5 2 0 6
48 38 10 3 5 0 7 4 2 1 6
49 35 14 4 2 1 0 3 5 7 6
49 38 11 3 5 1 7 4 0 2 6
49 39 10 3 5 7 1 4 2 0 6
50 35 15 4 1 3 5 0 2 7 6
50 37 13 4 1 7 3 5 0 2 6
50 39 11 3 0 5 1 4 2 7 6
51 38 13 4 5 1 0 2 7 6 3
51 40 11 2 4 1 3 5 7 0 6
51 40 11 2 0 1 3 5 4 7 6
51 41 10 4 5 3 1 6 2 7 0
52 39 13 4 5 1 3 0 6 2 7
52 39 13 4 0 1 3 6 5 2 7
52 39 13 4 5 3 0 6 2 1 7
52 39 13 3 5 1 6 4 2 0 7
52 40 12 2 4 1 3 0 5 7 6
52 41 11 3 4 1 6 5 2 7 0
52 41 11 5 2 1 3 6 0 7 4
52 41 11 5 1 7 3 4 2 0 6
52 45 7 1 0 3 4 5 2 7 6
53 38 15 4 5 1 3 0 7 6 2
53 38 15 0 5 1 3 2 7 6 4
53 39 14 4 0 5 3 6 2 1 7
53 40 13 6 4 1 3 5 2 0 7
53 41 12 5 4 1 3 6 2 7 0
53 41 12 5 1 0 3 6 2 7 4
53 41 12 4 1 3 0 2 5 7 6
53 41 12 4 1 7 3 2 5 0 6
53 41 12 5 1 3 0 4 2 7 6
53 41 12 5 2 1 3 0 4 7 6
53 42 11 3 5 1 4 6 2 7 0
53 42 11 2 5 1 3 0 6 7 4
53 42 11 2 0 1 3 6 5 7 4
53 43 10 4 1 3 6 5 2 0 7
54 38 16 4 5 0 3 2 7 6 1
54 41 13 4 0 5 3 2 7 1 6
54 41 13 4 5 3 0 2 7 1 6
54 41 13 3 4 0 1 5 2 7 6
54 41 13 3 4 1 7 5 2 0 6
54 41 13 0 5 3 4 6 2 7 1
54 41 13 5 2 1 3 4 7 0 6
54 42 12 4 5 1 7 6 2 3 0
54 42 12 3 5 1 4 2 0 7 6
54 42 12 4 2 5 3 6 0 7 1
54 42 12 2 5 1 3 6 7 0 4
54 42 12 4 2 1 0 5 7 6 3
54 43 11 2 5 1 3 6 4 7 0
54 43 11 2 5 1 3 4 7 6 0
54 44 10 4 2 1 3 6 5 0 7
54 45 9 6 1 3 4 5 2 7 0
54 45 9 2 1 3 4 5 0 7 6
55 39 16 3 5 1 6 0 2 7 4
55 40 15 6 4 1 0 5 2 7 3
55 41 14 5 4 1 3 2 0 7 6
55 41 14 6 5 0 3 4 2 1 7
55 42 13 5 0 1 4 6 2 7 3
55 42 13 3 0 1 4 5 2 7 6
55 42 13 6 5 1 7 4 2 0 3
55 42 13 4 2 1 3 0 7 6 5
55 42 13 4 2 0 3 5 7 6 1
55 42 13 0 2 1 3 5 7 6 4
55 43 12 0 5 1 3 2 4 7 6
55 43 12 2 1 0 3 4 5 7 6
55 45 10 4 2 3 0 5 7 1 6
55 45 10 5 1 3 4 0 2 7 6
56 39 17 3 5 0 6 4 2 7 1
56 40 16 6 4 1 3 0 2 7 5
56 40 16 6 4 0 3 5 2 7 1
56 41 15 3 4 1 5 0 2 7 6
56 41 15 4 5 3 7 6 2 0 1
56 41 15 6 5 1 3 4 0 2 7
56 42 14 4 5 7 1 6 2 0 3
56 42 14 2 5 1 4 6 0 7 3
56 42 14 4 5 0 7 6 2 1 3
56 42 14 6 5 0 1 4 2 7 3
56 43 13 4 5 7 3 6 2 1 0
56 43 13 3 5 1 7 6 2 0 4
56 43 13 4 5 1 7 0 2 6 3
56 43 13 4 1 3 6 0 2 7 5
56 43 13 0 1 3 6 5 2 7 4
56 44 12 4 2 1 0 6 5 7 3
56 45 11 5 2 1 4 3 0 7 6
56 45 11 3 5 1 0 4 2 6 7
56 45 11 3 5 1 7 0 2 6 4
57 39 18 0 5 1 6 4 2 7 3
57 41 16 4 5 3 6 0 2 7 1
57 42 15 4 0 5 1 6 2 7 3
57 42 15 6 5 1 4 0 2 7 3
57 42 15 4 5 1 7 6 0 2 3
57 42 15 0 4 5 3 6 2 7 1
57 43 14 6 5 1 3 2 0 7 4
57 43 14 3 5 0 1 6 2 7 4
57 43 14 3 4 1 0 2 5 7 6
57 43 14 2 5 0 3 4 7 1 6
57 44 13 4 2 0 3 6 5 7 1
57 44 13 0 2 1 3 6 5 7 4
57 45 12 5 1 0 4 3 2 7 6
57 45 12 4 0 2 3 5 7 1 6
57 45 12 3 5 0 7 4 2 6 1
57 46 11 2 0 1 4 3 5 7 6
57 48 9 4 1 3 7 5 2 6 0
57 48 9 3 0 5 7 4 2 1 6
57 49 8 3 5 7 1 4 2 6 0
57 52 5 1 2 3 4 5 0 7 6
58 41 17 5 4 1 0 3 2 7 6
58 43 15 6 0 1 3 5 2 7 4
58 43 15 6 4 1 3 2 5 7 0
58 43 15 4 5 1 0 3 2 6 7
58 43 15 0 5 1 7 3 2 6 4
58 43 15 4 1 0 6 5 2 7 3
58 45 13 6 5 7 3 4 2 0 1
58 45 13 0 5 1 7 4 2 6 3
58 46 12 4 5 7 1 3 2 6 0
58 46 12 2 5 1 4 0 3 7 6
58 46 12 2 5 1 4 3 7 0 6
59 43 16 4 5 7 3 6 0 2 1
59 43 16 2 5 1 0 3 4 7 6
59 43 16 4 5 0 7 3 2 6 1
59 45 14 6 0 5 3 4 2 7 1
59 45 14 6 5 3 0 4 2 7 1
59 46 13 4 0 5 7 3 2 1 6
59 48 11 3 5 7 0 4 2 1 6
59 49 10 4 2 1 6 3 5 7 0
59 49 10 3 5 1 7 0 4 2 6
60 46 14 6 5 1 4 3 2 0 7
60 47 13 4 2 5 1 3 0 7 6
60 47 13 4 1 7 0 5 2 6 3
60 47 13 4 1 0 3 5 2 6 7
60 51 9 2 4 1 3 5 7 6 0
60 52 8 1 3 0 4 5 2 7 6
61 43 18 6 5 1 0 3 2 7 4
61 45 16 4 5 1 6 2 0 7 3
61 45 16 4 0 1 6 5 2 7 3
61 45 16 4 5 1 6 3 0 2 7
61 45 16 4 5 0 6 3 2 1 7
61 46 15 4 5 7 0 3 2 1 6
61 47 14 4 5 1 7 0 3 2 6
61 48 13 6 2 1 3 4 5 7 0
61 48 13 4 1 3 7 5 0 2 6
61 48 13 4 1 0 7 5 2 3 6
61 49 12 4 2 0 1 3 5 7 6
61 49 12 0 2 1 4 3 5 7 6
61 49 12 3 0 1 7 4 5 2 6
61 49 12 3 5 7 1 4 0 2 6
61 50 11 4 1 3 5 6 2 7 0
61 50 11 0 3 5 1 4 2 7 6
61 51 10 2 1 0 3 5 4 7 6
61 52 9 5 1 7 3 4 2 6 0
61 54 7 2 1 3 4 5 7 0 6
62 46 16 4 5 7 1 3 0 2 6
62 47 15 0 4 5 1 3 2 7 6
62 47 15 4 1 7 3 0 2 6 5
62 47 15 0 1 7 3 5 2 6 4
62 48 14 3 2 1 0 4 5 7 6
62 50 12 4 1 3 5 2 0 7 6
62 50 12 0 1 3 5 4 2 7 6
62 50 12 3 2 5 1 4 0 7 6
62 51 11 0 2 1 3 5 4 7 6
62 52 10 2 4 1 3 6 5 7 0
62 52 10 5 2 1 3 0 6 7 4
62 54 8 1 5 3 4 6 2 7 0
62 54 8 2 1 3 4 0 5 7 6
62 54 8 2 0 3 4 5 1 7 6
62 57 5 1 2 3 4 5 7 0 6
63 46 17 6 5 0 4 3 2 7 1
63 47 16 4 0 1 7 3 5 2 6
63 48 15 5 0 1 6 3 2 7 4
63 51 12 2 4 0 3 5 7 1 6
63 51 12 4 5 3 1 6 2 0 7
63 52 11 4 5 3 7 6 2 1 0
63 52 11 5 2 1 3 6 7 0 4
63 53 10 4 1 3 6 2 5 7 0
63 53 10 4 1 7 3 2 5 6 0
63 53 10 5 2 1 3 6 4 7 0
63 53 10 2 1 0 3 6 5 7 4
63 54 9 3 4 1 7 5 2 6 0
63 54 9 6 1 3 4 5 2 0 7
63 55 8 4 2 3 6 5 7 1 0
63 55 8 5 1 3 4 6 2 7 0
63 57 6 1 2 3 4 0 5 7 6
64 48 16 4 0 5 6 3 2 7 1
64 48 16 4 5 6 0 3 2 7 1
64 48 16 2 5 1 6 3 0 7 4
64 50 14 4 1 7 3 0 5 2 6
64 50 14 4 0 7 3 5 1 2 6
64 51 13 4 5 0 1 2 7 6 3
64 52 12 4 1 0 3 6 5 2 7
64 53 11 5 1 3 0 6 2 7 4
64 53 11 5 1 3 6 4 2 7 0
64 53 11 5 1 3 7 4 2 0 6
64 53 11 2 5 1 3 4 6 7 0
64 53 11 2 0 1 3 5 6 7 4
64 53 11 4 1 3 6 5 0 2 7
64 55 9 3 2 1 4 5 0 7 6
65 48 17 4 5 7 6 3 2 0 1
65 49 16 4 2 1 7 3 5 0 6
65 51 14 0 5 1 4 2 7 6 3
65 51 14 4 5 3 1 0 2 7 6
65 52 13 4 5 1 3 7 6 2 0
65 52 13 4 0 1 3 5 6 2 7
65 52 13 0 5 3 4 6 2 1 7
65 52 13 3 4 1 6 5 2 0 7
65 52 13 5 1 7 3 4 0 2 6
65 53 12 3 5 1 0 2 7 6 4
65 53 12 4 2 5 3 6 0 1 7
65 53 12 0 1 3 4 2 5 7 6
65 53 12 4 1 3 7 2 5 0 6
65 53 12 3 5 1 4 6 2 0 7
65 54 11 5 0 3 4 6 2 7 1
65 54 11 5 2 1 3 4 7 6 0
65 54 11 3 5 1 4 2 7 0 6
65 54 11 4 2 5 3 0 6 7 1
65 54 11 2 5 1 3 6 7 4 0
65 54 11 4 2 0 3 6 5 1 7
65 54 11 6 1 3 0 5 2 7 4
65 55 10 3 1 0 4 5 2 7 6
65 55 10 6 5 1 7 4 2 3 0
65 55 10 4 2 3 0 5 7 6 1
65 55 10 0 2 3 4 5 7 1 6
65 56 9 3 5 1 7 6 2 4 0
65 56 9 1 0 3 6 5 2 7 4
65 56 9 3 5 1 7 2 0 6 4
65 62 3 1 2 3 4 5 7 6 0
66 50 16 4 0 3 5 1 2 7 6
66 51 15 0 5 3 1 6 2 7 4
66 52 14 0 4 1 3 6 5 2 7
66 52 14 3 5 0 6 4 2 1 7
66 53 13 5 0 1 3 2 7 6 4
66 53 13 2 5 1 3 0 7 6 4
66 53 13 5 4 1 3 6 2 0 7
66 53 13 5 1 7 3 6 2 0 4
66 53 13 4 1 3 2 0 5 7 6
66 53 13 4 1 7 3 2 0 5 6
66 53 13 4 1 0 6 5 2 3 7
66 54 12 3 0 4 1 5 2 7 6
66 54 12 3 4 7 1 5 2 0 6
66 54 12 3 4 0 7 5 2 1 6
66 54 12 2 5 3 4 6 0 7 1
66 54 12 4 2 5 3 6 7 0 1
66 54 12 4 2 0 1 5 7 6 3
66 54 12 0 2 1 4 5 7 6 3
66 54 12 2 5 1 3 6 4 0 7
66 54 12 4 2 1 3 6 0 5 7
66 54 12 6 1 3 4 0 2 7 5
66 55 11 5 2 1 4 6 0 7 3
66 55 11 0 3 1 4 5 2 7 6
66 55 11 4 2 6 3 5 7 0 1
66 55 11 2 0 1 3 5 7 6 4
66 55 11 3 5 1 0 2 4 7 6
66 55 11 2 1 3 0 4 5 7 6
66 55 11 4 2 3 1 5 7 0 6
66 55 11 5 1 3 4 2 0 7 6
66 57 9 3 0 5 7 4 2 6 1
66 57 9 0 3 5 7 4 2 1 6
66 61 5 2 1 3 4 5 7 6 0
67 52 15 0 5 1 3 4 6 2 7
67 52 15 3 5 1 6 4 0 2 7
67 52 15 2 4 1 0 3 5 7 6
67 53 14 0 5 1 3 4 7 6 2
67 53 14 4 0 1 3 5 7 6 2
67 53 14 7 5 1 3 2 0 6 4
67 53 14 6 4 1 3 5 0 2 7
67 53 14 6 4 0 3 5 2 1 7
67 53 14 5 0 1 3 2 4 7 6
67 53 14 0 5 1 3 2 6 7 4
67 53 14 2 5 1 0 3 6 7 4
67 54 13 4 0 5 3 2 7 6 1
67 54 13 4 5 3 0 2 7 6 1
67 54 13 0 4 5 3 2 7 1 6
67 54 13 4 7 5 3 2 0 1 6
67 54 13 4 5 3 6 2 7 1 0
67 54 13 3 4 1 7 5 0 2 6
67 54 13 6 5 3 4 0 2 7 1
67 54 13 3 0 1 4 2 5 7 6
67 54 13 2 5 0 3 6 7 1 4
67 54 13 2 5 1 0 4 7 6 3
67 55 12 5 1 0 4 6 2 7 3
67 55 12 6 5 0 7 4 2 1 3
67 55 12 4 0 2 3 5 7 6 1
67 55 12 5 2 1 3 0 7 6 4
67 55 12 3 2 1 0 5 7 6 4
67 55 12 6 5 1 3 2 4 7 0
67 55 12 2 1 7 3 4 5 0 6
67 56 11 2 5 1 4 0 6 7 3
67 56 11 2 0 1 4 6 5 7 3
67 56 11 4 5 1 7 2 0 6 3
67 56 11 2 1 3 6 5 0 7 4
67 56 11 5 2 1 4 0 3 7 6
67 56 11 5 2 1 4 3 7 0 6
67 56 11 3 5 0 1 4 2 6 7
67 57 10 4 2 3 0 6 5 7 1
67 57 10 2 1 0 4 3 5 7 6
67 57 10 4 1 3 0 5 2 6 7
67 57 10 3 2 5 7 4 0 1 6
67 63 4 1 2 3 4 6 5 7 0
68 51 17 4 5 1 6 2 7 0 3
68 52 16 4 5 1 0 3 6 2 7
68 52 16 4 5 3 6 0 2 1 7
68 52 16 3 4 1 6 0 2 7 5
68 52 16 3 4 0 6 5 2 7 1
68 53 15 4 5 1 3 7 0 6 2
68 53 15 0 4 5 3 6 2 1 7
68 53 15 5 4 1 0 6 2 7 3
68 53 15 5 2 1 0 3 4 7 6
68 53 15 3 5 0 4 6 2 7 1
68 54 14 0 5 3 4 2 7 1 6
68 54 14 4 5 3 1 2 7 0 6
68 54 14 5 2 0 3 4 7 1 6
68 54 14 4 5 1 7 0 2 3 6
68 54 14 4 2 1 6 5 7 0 3
68 54 14 2 5 1 0 6 4 7 3
68 54 14 6 1 0 4 5 2 7 3
68 55 13 5 4 1 3 2 7 0 6
68 55 13 6 0 5 3 4 2 1 7
68 55 13 6 5 3 0 4 2 1 7
68 55 13 6 5 1 7 4 0 2 3
68 55 13 4 2 1 3 7 0 6 5
68 55 13 7 2 1 3 5 0 6 4
68 55 13 5 0 3 4 1 2 7 6
68 56 12 3 4 1 5 2 0 7 6
68 56 12 2 5 1 4 6 7 0 3
68 56 12 6 5 7 1 4 2 0 3
68 56 12 3 5 0 7 6 2 1 4
68 56 12 5 1 3 6 0 2 7 4
68 56 12 4 2 0 1 6 5 7 3
68 56 12 0 2 1 4 6 5 7 3
68 57 11 1 4 5 3 6 2 7 0
68 57 11 3 5 7 0 4 2 6 1
68 57 11 3 5 6 7 4 2 0 1
68 58 10 2 5 1 4 6 3 7 0
68 58 10 2 5 1 4 3 7 6 0
68 62 6 2 1 3 4 6 5 7 0
69 51 18 4 5 1 2 0 7 6 3
69 52 17 0 4 1 6 5 2 7 3
69 53 16 5 4 0 3 6 2 7 1
69 53 16 0 4 1 3 6 2 7 5
69 54 15 4 5 6 3 2 7 0 1
69 54 15 4 5 1 0 6 2 3 7
69 54 15 2 5 0 3 6 4 7 1
69 55 14 3 5 1 6 2 0 7 4
69 55 14 0 2 1 3 4 7 6 5
69 56 13 3 5 7 6 4 2 0 1
69 56 13 6 0 4 3 5 2 7 1
69 56 13 6 4 3 0 5 2 7 1
69 56 13 3 4 1 5 6 2 7 0
69 56 13 4 5 7 1 6 2 3 0
69 56 13 4 0 5 7 6 2 1 3
69 56 13 6 0 5 1 4 2 7 3
69 56 13 3 5 1 7 6 0 2 4
69 56 13 4 1 3 6 2 0 7 5
69 56 13 4 1 3 0 6 2 7 5
69 56 13 3 0 1 7 5 2 6 4
69 57 12 4 5 3 6 1 2 7 0
69 57 12 3 5 7 1 6 2 0 4
69 57 12 3 4 1 7 2 5 0 6
69 57 12 4 0 2 3 6 5 7 1
69 57 12 4 2 7 3 6 5 0 1
69 57 12 6 2 1 3 0 5 7 4
69 57 12 3 2 1 0 6 5 7 4
69 57 12 3 5 7 1 0 2 6 4
69 58 11 6 2 1 3 5 0 7 4
69 58 11 6 5 7 3 4 2 1 0
69 58 11 5 0 1 7 4 2 6 3
69 59 10 3 5 1 7 6 4 2 0
69 60 9 1 3 4 0 5 2 7 6
69 60 9 1 3 7 4 5 2 0 6
70 53 17 4 5 1 0 3 7 6 2
70 54 16 4 5 3 2 0 7 1 6
70 54 16 0 5 1 7 6 2 3 4
70 54 16 0 5 1 3 6 4 7 2
70 54 16 2 5 0 3 4 7 6 1
70 55 15 3 0 1 6 5 2 7 4
70 55 15 6 4 0 1 5 2 7 3
70 55 15 6 4 1 7 5 2 0 3
70 55 15 4 2 1 0 3 7 6 5
70 55 15 4 2 3 5 0 7 1 6
70 56 14 3 0 5 6 4 2 7 1
70 56 14 3 5 6 0 4 2 7 1
70 56 14 3 0 1 5 4 2 7 6
70 56 14 6 5 1 3 0 4 2 7
70 56 14 0 1 3 6 4 2 7 5
70 56 14 0 5 1 3 4 2 6 7
70 56 14 3 5 1 4 0 2 6 7
70 57 13 4 2 5 1 6 0 7 3
70 57 13 6 5 1 3 2 7 0 4
70 57 13 3 0 5 1 6 2 7 4
70 57 13 3 4 0 1 2 5 7 6
70 57 13 3 4 1 6 2 5 7 0
70 57 13 2 0 5 3 4 7 1 6
70 57 13 2 5 3 0 4 7 1 6
70 57 13 5 1 4 0 3 2 7 6
70 57 13 5 1 7 4 3 2 0 6
70 57 13 0 4 2 3 5 7 1 6
70 57 13 4 7 2 3 5 0 1 6
70 57 13 4 1 3 7 0 2 6 5
70 57 13 0 1 3 7 5 2 6 4
70 58 12 6 1 0 3 5 2 7 4
70 58 12 2 0 1 4 5 3 7 6
70 59 11 6 5 3 1 4 2 7 0
70 59 11 3 5 7 6 4 2 1 0
70 61 9 1 3 5 0 4 2 7 6
70 61 9 2 1 3 0 5 4 7 6
70 62 8 1 5 3 4 6 2 0 7
70 62 8 0 2 3 4 5 1 7 6
70 62 8 1 2 0 4 5 7 3 6
71 54 17 4 5 0 7 6 2 3 1
71 54 17 4 2 1 5 0 7 6 3
71 56 15 6 4 7 3 5 2 0 1
71 56 15 4 5 3 7 6 0 2 1
71 56 15 4 5 7 0 6 2 1 3
71 56 15 4 5 7 3 0 2 1 6
71 56 15 4 0 1 7 5 2 6 3
71 56 15 4 0 3 6 1 2 7 5
71 56 15 4 2 1 6 0 5 7 3
71 56 15 3 5 1 0 7 2 6 4
71 57 14 4 0 3 6 5 2 7 1
71 57 14 6 5 1 4 2 0 7 3
71 57 14 4 5 1 7 0 6 2 3
71 57 14 4 1 0 7 5 2 6 3
71 57 14 0 5 7 1 4 2 6 3
71 58 13 5 4 1 6 3 2 7 0
71 58 13 0 6 1 3 5 2 7 4
71 58 13 5 0 1 7 3 2 6 4
71 58 13 4 1 6 0 5 2 7 3
71 58 13 7 5 1 0 4 2 6 3
71 58 13 2 5 1 7 4 0 6 3
71 58 13 2 5 0 4 3 7 1 6
71 59 12 2 5 1 6 3 4 7 0
71 59 12 4 2 1 6 3 5 0 7
71 60 11 4 1 6 3 5 2 0 7
71 61 10 3 2 1 4 0 5 7 6
71 61 10 2 1 0 4 5 7 3 6
71 62 9 0 2 1 3 5 6 7 4
71 62 9 2 3 0 4 5 1 7 6
71 64 7 5 1 3 7 4 2 6 0
72 55 17 6 4 1 5 0 2 7 3
72 55 17 4 0 1 3 2 7 6 5
72 56 16 6 4 1 3 2 0 7 5
72 56 16 0 4 1 5 3 2 7 6
72 56 16 6 0 1 3 4 5 2 7
72 56 16 4 5 7 1 6 0 2 3
72 56 16 4 2 1 7 6 5 0 3
72 57 15 4 5 3 6 2 0 7 1
72 57 15 0 4 5 1 6 2 7 3
72 57 15 6 0 1 4 5 2 7 3
72 57 15 6 4 5 3 0 2 7 1
72 57 15 3 4 5 0 6 2 7 1
72 57 15 2 4 5 3 6 0 7 1
72 57 15 6 0 1 3 2 5 7 4
72 58 14 6 4 1 3 2 5 0 7
72 58 14 4 1 7 6 5 2 0 3
72 58 14 4 5 7 1 0 2 6 3
72 58 14 0 5 1 4 2 3 7 6
72 59 13 2 5 1 7 3 4 0 6
72 59 13 4 0 5 7 3 2 6 1
72 59 13 6 5 3 7 4 2 0 1
72 59 13 0 4 5 7 3 2 1 6
72 59 13 0 5 1 7 3 4 2 6
72 59 13 3 0 1 7 5 4 2 6
72 60 12 4 0 1 3 5 2 6 7
72 61 11 6 2 1 4 3 5 7 0
72 61 11 3 1 0 7 4 5 2 6
72 61 11 3 5 7 1 0 4 2 6
72 61 11 6 3 5 1 4 2 7 0
72 61 11 2 1 7 3 5 4 0 6
72 61 11 5 1 7 0 4 2 6 3
72 62 10 1 0 3 5 4 2 7 6
72 62 10 5 2 1 3 4 6 7 0
72 62 10 1 5 3 0 6 2 7 4
72 62 10 1 5 3 4 0 2 7 6
72 63 9 2 1 3 0 6 5 7 4
72 63 9 5 1 3 4 6 2 0 7
72 63 9 0 2 3 4 1 5 7 6
72 64 8 2 1 0 3 5 6 7 4
72 65 7 4 2 3 1 5 7 6 0
72 65 7 1 2 3 6 5 0 7 4
72 65 7 1 2 3 0 5 7 6 4
72 67 5 1 2 3 4 6 5 0 7
73 56 17 0 5 7 3 6 2 1 4
73 56 17 4 5 1 0 7 2 6 3
73 57 16 5 0 1 6 4 2 7 3
73 57 16 0 5 3 6 4 2 7 1
73 57 16 4 0 1 7 6 5 2 3
73 57 16 3 4 1 2 0 5 7 6
73 58 15 5 4 0 1 3 2 7 6
73 58 15 5 4 1 7 3 2 0 6
73 58 15 6 4 1 0 2 5 7 3
73 58 15 6 4 1 3 0 5 7 2
73 58 15 4 5 0 1 3 2 6 7
73 58 15 0 5 1 4 3 2 6 7
73 58 15 7 5 1 0 3 2 6 4
73 58 15 2 5 1 7 3 0 6 4
73 58 15 6 5 7 3 4 0 2 1
73 58 15 4 5 7 0 3 2 6 1
73 59 14 2 5 0 1 3 4 7 6
73 59 14 4 2 5 7 3 0 1 6
73 59 14 0 5 7 3 4 2 1 6
73 59 14 3 5 7 4 0 2 1 6
73 60 13 4 2 5 1 0 3 7 6
73 60 13 4 2 5 1 3 7 0 6
73 60 13 2 4 1 0 5 7 6 3
73 61 12 4 2 1 6 5 0 7 3
73 61 12 0 3 1 7 4 5 2 6
73 61 12 4 1 3 5 6 2 0 7
73 61 12 4 3 5 1 0 2 7 6
73 62 11 1 0 7 3 5 2 6 4
73 62 11 3 2 1 6 4 5 7 0
73 62 11 4 1 3 5 2 7 0 6
73 62 11 3 2 5 1 0 4 7 6
73 62 11 3 2 5 1 4 7 0 6
73 62 11 6 2 1 3 5 4 7 0
73 62 11 2 4 1 3 6 5 0 7
73 62 11 2 0 3 4 1 5 7 6
73 63 10 5 2 1 3 6 7 4 0
73 63 10 6 1 3 4 5 0 2 7
73 63 10 4 2 3 6 5 7 0 1
73 64 9 3 2 1 4 5 7 0 6
73 65 8 4 1 3 7 2 5 6 0
73 65 8 1 2 3 4 0 7 6 5
74 56 18 6 0 1 3 4 2 7 5
74 56 18 6 4 1 0 3 2 7 5
74 58 16 4 5 1 3 0 2 6 7
74 58 16 0 5 7 1 3 2 6 4
74 58 16 2 5 1 0 4 3 7 6
74 59 15 4 5 7 3 0 6 2 1
74 59 15 4 0 7 3 6 5 2 1
74 59 15 4 5 6 7 3 2 0 1
74 59 15 0 6 5 3 4 2 7 1
74 59 15 6 2 5 3 4 0 7 1
74 59 15 4 2 0 6 3 5 7 1
74 59 15 0 2 1 6 3 5 7 4
74 59 15 3 5 1 0 7 4 2 6
74 60 14 0 1 7 4 5 2 6 3
74 60 14 4 1 7 5 0 2 6 3
74 60 14 2 4 1 3 0 7 6 5
74 60 14 2 4 0 3 5 7 6 1
74 61 13 0 5 1 7 4 3 2 6
74 61 13 6 2 1 3 4 5 0 7
74 61 13 4 1 3 7 0 5 2 6
74 61 13 4 0 2 1 3 5 7 6
74 61 13 4 2 7 1 3 5 0 6
74 61 13 3 0 7 1 4 5 2 6
74 61 13 2 3 5 1 4 0 7 6
74 61 13 5 1 7 3 0 2 6 4
74 62 12 3 4 5 1 0 2 7 6
74 62 12 3 1 7 0 5 2 6 4
74 62 12 6 1 3 5 4 2 7 0
74 62 12 3 2 1 0 5 4 7 6
74 63 11 2 0 4 3 5 7 1 6
74 63 11 2 4 3 0 5 7 1 6
74 63 11 5 2 1 3 6 4 0 7
74 63 11 2 1 7 3 6 5 0 4
74 63 11 1 0 3 4 2 5 7 6
74 63 11 1 2 3 0 4 5 7 6
74 64 10 4 1 2 3 6 5 0 7
74 65 9 3 5 1 4 2 7 6 0
74 65 9 5 2 3 4 6 0 7 1
74 65 9 4 2 5 3 1 6 7 0
74 65 9 2 0 3 4 5 7 1 6
74 65 9 6 2 3 4 5 7 1 0
74 65 9 3 5 1 7 2 6 0 4
74 67 7 3 2 1 4 5 7 6 0
74 67 7 4 2 3 1 6 5 7 0
74 67 7 1 2 3 0 6 5 7 4
75 57 18 2 5 1 6 4 0 7 3
75 60 15 6 5 1 4 3 0 2 7
75 60 15 6 5 0 4 3 2 1 7
75 60 15 0 4 1 3 5 7 6 2
75 61 14 4 5 1 7 6 3 2 0
75 61 14 4 0 3 7 5 1 2 6
75 61 14 4 0 1 7 5 2 3 6
75 61 14 4 1 7 0 5 2 3 6
75 61 14 5 1 0 3 4 2 6 7
75 62 13 1 4 5 0 3 2 7 6
75 62 13 4 1 7 3 2 0 6 5
75 62 13 0 1 7 3 4 2 6 5
75 62 13 2 1 7 3 5 0 6 4
75 62 13 3 2 0 1 4 5 7 6
75 62 13 3 2 1 7 4 5 0 6
75 62 13 4 0 3 5 2 1 7 6
75 62 13 2 4 1 0 6 5 7 3
75 62 13 5 2 1 0 3 6 7 4
75 62 13 1 5 0 4 6 2 7 3
75 63 12 5 2 0 3 6 7 1 4
75 63 12 4 1 3 6 2 5 0 7
75 63 12 4 1 3 6 0 5 7 2
75 63 12 4 1 7 0 2 5 6 3
75 63 12 6 1 0 4 5 2 3 7
75 63 12 0 1 3 4 6 2 7 5
75 64 11 4 1 3 0 6 5 2 7
75 64 11 5 1 3 7 4 0 2 6
75 64 11 5 1 0 7 4 2 3 6
75 64 11 2 6 1 3 5 0 7 4
75 65 10 4 1 0 3 5 6 2 7
75 65 10 4 2 3 0 6 5 1 7
75 65 10 0 2 3 4 5 7 6 1
75 65 10 5 2 3 4 0 7 1 6
75 65 10 1 3 0 6 5 2 7 4
75 65 10 3 0 1 7 2 5 6 4
75 65 10 1 2 0 4 5 7 6 3
75 66 9 4 1 3 2 6 5 7 0
75 66 9 2 5 3 4 0 6 7 1
75 66 9 2 0 3 4 6 5 7 1
75 66 9 4 2 6 3 5 7 1 0
75 66 9 3 5 1 7 2 4 0 6
75 66 9 2 1 3 6 4 5 7 0
75 66 9 4 2 3 1 5 0 7 6
75 66 9 0 3 5 7 4 2 6 1
75 66 9 6 3 5 7 4 2 1 0
75 66 9 2 1 3 0 5 7 6 4
75 67 8 2 5 1 4 3 6 7 0
75 68 7 2 1 3 4 6 5 0 7
76 58 18 6 4 0 3 2 5 7 1
76 59 17 0 5 1 2 3 4 7 6
76 61 15 6 5 1 7 3 2 0 4
76 61 15 4 0 1 6 3 5 2 7
76 61 15 4 5 7 6 3 2 1 0
76 61 15 6 2 1 0 4 5 7 3
76 61 15 0 1 3 5 6 2 7 4
76 62 14 2 1 3 5 4 0 7 6
76 62 14 2 4 0 3 6 5 7 1
76 63 13 5 2 1 6 3 0 7 4
76 63 13 4 5 3 1 6 0 2 7
76 63 13 4 5 3 7 0 2 1 6
76 63 13 5 2 1 0 6 4 7 3
76 63 13 3 4 1 0 5 2 6 7
76 63 13 3 4 1 7 0 2 6 5
76 63 13 4 2 3 6 0 7 1 5
76 63 13 0 2 3 6 5 7 1 4
76 64 12 4 1 7 3 6 5 2 0
76 64 12 4 0 5 1 2 7 6 3
76 64 12 2 5 1 3 4 6 0 7
76 64 12 4 1 3 6 0 5 2 7
76 64 12 4 0 3 6 5 1 2 7
76 65 11 5 0 3 4 6 2 1 7
76 65 11 3 5 0 1 2 7 6 4
76 65 11 4 2 5 3 0 6 1 7
76 65 11 4 2 5 3 6 1 0 7
76 65 11 6 1 3 4 2 5 7 0
76 65 11 4 1 3 7 2 0 5 6
76 65 11 3 1 4 0 5 2 7 6
76 65 11 3 1 7 4 5 2 0 6
76 65 11 7 2 3 4 5 0 1 6
76 65 11 3 5 1 7 0 2 4 6
76 66 10 4 1 3 2 5 0 7 6
76 66 10 3 2 4 1 5 0 7 6
76 66 10 3 4 7 1 5 2 6 0
76 66 10 2 5 3 4 6 7 0 1
76 66 10 4 2 5 3 6 7 1 0
76 66 10 5 2 1 4 0 6 7 3
76 66 10 2 1 0 3 5 7 6 4
76 66 10 3 5 0 1 2 4 7 6
76 66 10 3 5 1 6 2 4 7 0
76 66 10 3 2 5 7 4 0 6 1
76 66 10 4 3 5 7 0 2 1 6
76 66 10 2 1 3 4 0 7 6 5
76 67 9 2 1 3 6 5 7 0 4
76 67 9 5 2 1 4 6 3 7 0
76 67 9 5 2 1 4 3 7 6 0
76 67 9 3 2 5 7 0 4 1 6
76 67 9 3 2 5 7 4 1 0 6
76 69 7 3 2 1 4 6 5 7 0
76 69 7 1 3 4 6 5 2 7 0
76 69 7 1 3 7 4 5 2 6 0
77 61 16 6 5 0 1 3 2 7 4
77 61 16 4 0 1 6 2 5 7 3
77 61 16 4 5 1 6 0 3 2 7
77 61 16 4 0 5 6 3 2 1 7
77 61 16 4 5 6 0 3 2 1 7
77 61 16 0 5 7 4 3 2 1 6
77 61 16 6 2 0 3 4 5 7 1
77 62 15 4 5 7 1 0 3 2 6
77 62 15 6 4 5 1 3 2 7 0
77 62 15 0 4 1 3 6 5 7 2
77 62 15 5 0 1 3 2 6 7 4
77 63 14 5 1 0 6 3 2 7 4
77 63 14 4 1 7 3 0 5 6 2
77 63 14 0 1 7 3 2 5 6 4
77 63 14 5 2 0 3 6 4 7 1
77 63 14 0 2 1 3 6 4 7 5
77 63 14 3 4 0 7 5 2 6 1
77 64 13 4 5 6 1 3 2 7 0
77 64 13 2 0 1 6 3 5 7 4
77 64 13 5 1 3 7 6 2 0 4
77 64 13 5 1 3 6 4 2 0 7
77 65 12 4 2 1 7 3 5 6 0
77 65 12 0 4 1 3 5 6 2 7
77 65 12 7 5 3 4 6 2 1 0
77 65 12 2 5 3 4 6 0 1 7
77 65 12 5 1 7 3 0 4 2 6
77 65 12 4 1 0 7 2 5 3 6
77 65 12 5 3 0 4 6 2 7 1
77 65 12 3 5 0 4 2 7 1 6
77 65 12 4 0 2 3 6 5 1 7
77 66 11 5 1 7 3 6 2 4 0
77 66 11 2 0 1 4 5 7 6 3
77 66 11 4 2 1 3 0 6 5 7
77 66 11 5 2 1 4 6 7 0 3
77 66 11 6 3 1 4 5 2 7 0
77 66 11 2 3 1 4 5 0 7 6
77 66 11 4 2 6 3 5 0 7 1
77 66 11 5 1 3 4 2 7 0 6
77 66 11 7 3 5 0 4 2 1 6
77 66 11 2 3 5 7 4 0 1 6
77 66 11 0 1 3 4 5 7 6 2
77 67 10 4 5 3 1 2 7 6 0
77 67 10 2 1 7 3 4 5 6 0
77 67 10 2 1 0 4 6 5 7 3
77 67 10 2 1 3 6 0 5 7 4
77 67 10 2 0 3 6 5 1 7 4
77 67 10 0 2 1 4 5 3 7 6
77 67 10 3 0 5 1 4 2 6 7
77 67 10 0 2 3 4 6 5 7 1
77 67 10 0 1 3 4 5 2 6 7
77 67 10 1 2 0 4 6 5 7 3
77 68 9 6 5 3 7 4 2 1 0
77 68 9 7 2 1 3 5 6 0 4
77 68 9 5 2 3 4 1 0 7 6
77 68 9 3 5 6 7 4 2 1 0
77 69 8 3 4 1 7 2 5 6 0
77 70 7 1 3 5 7 4 2 0 6
77 70 7 2 1 3 6 5 4 7 0
78 61 17 4 0 1 7 5 3 2 6
78 61 17 4 1 0 5 6 2 7 3
78 62 16 4 0 7 1 3 5 2 6
78 62 16 2 4 5 1 3 0 7 6
78 63 15 6 0 5 4 3 2 7 1
78 63 15 6 5 7 4 3 2 0 1
78 63 15 4 1 0 7 3 5 2 6
78 63 15 4 5 0 1 6 2 3 7
78 63 15 0 5 3 7 6 2 1 4
78 63 15 0 1 3 6 2 5 7 4
78 63 15 4 1 0 3 2 5 6 7
78 63 15 0 4 1 7 5 2 6 3
78 63 15 4 2 0 6 5 7 1 3
78 64 14 4 2 5 6 3 0 7 1
78 64 14 2 5 1 6 0 3 7 4
78 64 14 2 5 1 6 3 7 0 4
78 64 14 0 1 7 3 4 5 2 6
78 64 14 4 7 0 3 5 1 2 6
78 64 14 4 5 6 1 2 7 0 3
78 64 14 2 5 1 0 4 6 7 3
78 65 13 5 0 1 4 2 7 6 3
78 65 13 2 5 1 4 0 7 6 3
78 65 13 4 5 3 1 2 0 7 6
78 65 13 0 5 3 1 4 2 7 6
78 65 13 4 0 3 1 5 2 7 6
78 65 13 4 5 1 3 7 6 0 2
78 65 13 4 6 1 3 5 0 2 7
78 65 13 6 5 3 4 0 2 1 7
78 65 13 3 5 1 4 6 0 2 7
78 65 13 3 5 0 4 6 2 1 7
78 65 13 0 2 5 3 4 6 7 1
78 65 13 6 1 3 7 5 2 0 4
78 65 13 3 5 1 0 6 2 4 7
78 66 12 4 2 3 5 1 0 7 6
78 66 12 5 0 3 1 6 2 7 4
78 66 12 5 1 0 3 2 7 6 4
78 66 12 0 3 4 1 5 2 7 6
78 66 12 3 0 4 7 5 2 1 6
78 66 12 4 2 6 1 5 7 0 3
78 66 12 5 2 1 4 0 7 6 3
78 66 12 6 1 3 4 2 0 7 5
78 66 12 5 3 1 4 0 2 7 6
78 66 12 2 7 1 3 5 0 6 4
78 66 12 2 1 3 7 4 5 0 6
78 66 12 4 2 0 1 5 7 3 6
78 66 12 5 0 3 4 2 1 7 6
78 66 12 2 1 0 4 5 7 6 3
78 67 11 2 4 1 6 3 5 7 0
78 67 11 4 1 0 3 5 7 6 2
78 67 11 5 1 0 3 2 4 7 6
78 67 11 6 5 3 4 1 2 7 0
78 67 11 6 0 5 7 4 2 1 3
78 67 11 3 2 0 1 5 7 6 4
78 67 11 6 5 1 3 2 4 0 7
78 67 11 2 0 1 4 5 6 7 3
78 67 11 4 5 1 7 2 6 0 3
78 67 11 2 1 4 0 3 5 7 6
78 67 11 2 1 7 4 3 5 0 6
78 68 10 4 2 1 6 5 7 3 0
78 68 10 3 0 1 5 2 4 7 6
78 68 10 2 5 1 4 6 7 3 0
78 70 8 1 3 5 6 4 2 7 0
78 70 8 6 2 3 4 5 1 7 0
79 62 17 4 0 7 3 1 2 6 5
79 62 17 4 1 7 0 3 2 6 5
79 63 16 6 5 4 0 3 2 7 1
79 63 16 0 4 1 7 3 5 2 6
79 64 15 0 4 7 3 5 1 2 6
79 64 15 2 5 0 3 4 6 7 1
79 65 14 7 5 1 4 2 0 6 3
79 65 14 3 4 1 6 5 0 2 7
79 65 14 3 4 0 6 5 2 1 7
79 65 14 5 0 7 3 4 1 2 6
79 65 14 5 2 1 0 4 7 6 3
79 65 14 4 2 5 0 3 6 7 1
79 65 14 6 5 1 0 4 2 3 7
79 65 14 6 5 1 7 0 2 3 4
79 65 14 0 5 1 7 4 2 3 6
79 65 14 3 5 0 7 6 2 4 1
79 66 13 4 3 0 5 1 2 7 6
79 66 13 2 5 3 1 6 0 7 4
79 66 13 3 0 5 6 4 2 1 7
79 66 13 3 5 6 0 4 2 1 7
79 66 13 5 7 1 3 2 0 6 4
79 66 13 0 1 3 2 4 5 7 6
79 66 13 4 1 6 0 5 2 3 7
79 66 13 3 4 7 0 5 2 1 6
79 66 13 4 2 0 3 6 7 5 1
79 66 13 4 0 2 1 5 7 6 3
79 66 13 7 2 1 4 5 0 6 3
79 66 13 2 5 1 3 6 0 4 7
79 66 13 2 5 0 3 6 4 1 7
79 66 13 4 3 1 0 5 2 7 6
79 67 12 7 5 1 3 2 6 0 4
79 67 12 2 5 0 1 3 6 7 4
79 67 12 3 4 5 0 2 7 1 6
79 67 12 4 7 5 3 2 1 0 6
79 67 12 3 1 0 4 2 5 7 6
79 67 12 2 5 3 0 6 7 1 4
79 67 12 6 5 1 0 2 4 7 3
79 67 12 4 0 1 7 2 5 6 3
79 67 12 5 2 0 4 3 7 1 6
79 67 12 3 5 6 1 4 2 0 7
79 68 11 5 2 1 6 3 4 7 0
79 68 11 2 5 3 4 0 7 1 6
79 68 11 5 4 1 3 2 7 6 0
79 68 11 4 2 1 3 7 6 0 5
79 68 11 3 4 1 5 2 7 0 6
79 68 11 6 5 7 1 4 2 3 0
79 68 11 3 0 5 7 6 2 1 4
79 68 11 1 4 5 3 6 2 0 7
79 68 11 2 5 1 4 6 3 0 7
79 68 11 0 1 3 4 6 5 7 2
79 69 10 6 4 3 1 5 2 7 0
79 69 10 3 1 0 7 5 2 6 4
79 69 10 3 5 7 1 6 2 4 0
79 69 10 4 2 7 3 6 5 1 0
79 69 10 3 5 7 1 2 0 6 4
79 69 10 5 1 0 7 4 2 6 3
79 69 10 3 5 1 7 6 4 0 2
79 69 10 1 3 4 7 5 2 0 6
79 69 10 1 3 7 4 5 0 2 6
79 70 9 1 0 3 7 5 2 6 4
79 70 9 2 1 0 4 5 3 7 6
79 70 9 1 3 0 5 4 2 7 6
79 70 9 1 5 3 4 6 0 2 7
79 70 9 5 2 3 4 0 1 7 6
79 70 9 1 0 2 4 5 7 3 6
79 70 9 1 2 4 0 5 7 3 6
79 71 8 4 2 1 3 5 6 7 0
79 72 7 2 1 3 0 5 6 7 4
79 72 7 1 2 3 6 5 7 0 4
79 72 7 1 2 3 4 6 0 5 7
80 61 19 4 5 1 0 7 3 2 6
80 63 17 4 1 0 6 2 5 7 3
80 64 16 0 5 6 4 3 2 7 1
80 64 16 0 5 1 3 4 6 7 2
80 65 15 4 2 0 7 3 5 1 6
80 65 15 4 5 3 0 1 2 7 6
80 65 15 3 5 1 6 2 7 0 4
80 65 15 2 5 1 0 6 7 4 3
80 65 15 2 5 1 3 0 7 4 6
80 65 15 6 1 3 5 0 2 7 4
80 65 15 6 5 0 7 4 2 3 1
80 65 15 4 2 3 5 0 7 6 1
80 65 15 0 5 1 7 6 2 4 3
80 66 14 0 4 3 5 1 2 7 6
80 66 14 6 5 3 1 0 2 7 4
80 66 14 7 4 1 3 6 5 2 0
80 66 14 2 5 1 3 7 0 6 4
80 66 14 5 4 1 3 6 0 2 7
80 66 14 5 4 0 3 6 2 1 7
80 66 14 5 1 7 3 6 0 2 4
80 66 14 4 0 3 2 1 5 7 6
80 66 14 4 1 7 3 0 2 5 6
80 66 14 4 0 7 3 2 1 5 6
80 66 14 4 0 1 6 5 2 3 7
80 66 14 3 4 7 1 5 0 2 6
80 66 14 4 0 1 3 6 2 5 7
80 66 14 6 0 3 4 1 2 7 5
80 67 13 2 4 0 1 3 5 7 6
80 67 13 3 5 1 0 4 7 6 2
80 67 13 4 7 1 3 5 0 6 2
80 67 13 7 5 1 3 0 2 6 4
80 67 13 7 0 1 3 2 5 6 4
80 67 13 6 0 4 3 5 2 1 7
80 67 13 6 4 3 0 5 2 1 7
80 67 13 3 5 1 0 2 6 7 4
80 67 13 4 5 1 3 2 6 7 0
80 67 13 0 4 5 3 2 7 6 1
80 67 13 4 7 5 3 2 0 6 1
80 67 13 6 4 5 3 2 7 1 0
80 67 13 3 4 1 7 0 5 2 6
80 67 13 6 0 3 4 5 2 7 1
80 67 13 0 3 1 4 2 5 7 6
80 67 13 2 0 5 3 6 7 1 4
80 67 13 2 5 0 1 4 7 6 3
80 67 13 5 1 4 0 6 2 7 3
80 67 13 5 1 7 4 6 2 0 3
80 67 13 6 5 7 0 4 2 1 3
80 67 13 0 4 2 3 5 7 6 1
80 67 13 4 7 2 3 5 0 6 1
80 67 13 5 2 1 3 7 0 6 4
80 67 13 3 2 1 6 5 7 0 4
80 67 13 2 1 7 3 4 0 5 6
80 67 13 4 2 3 6 0 5 7 1
80 68 12 4 5 1 7 2 0 3 6
80 68 12 6 5 1 7 0 4 2 3
80 68 12 7 2 1 3 0 5 6 4
80 68 12 0 5 3 4 1 2 7 6
80 68 12 5 3 0 4 1 2 7 6
80 68 12 6 2 1 4 0 5 7 3
80 68 12 1 4 5 0 6 2 7 3
80 68 12 1 4 5 3 0 2 7 6
80 69 11 6 2 4 3 5 0 7 1
80 69 11 0 3 1 7 5 2 6 4
80 69 11 3 4 1 7 2 0 5 6
80 69 11 3 4 0 7 2 5 1 6
80 69 11 3 2 0 1 6 5 7 4
80 69 11 6 2 1 3 5 7 0 4
80 70 10 5 1 3 7 0 2 6 4
80 70 10 4 2 3 0 5 1 7 6
80 71 9 4 1 6 3 5 2 7 0
80 72 8 1 2 3 6 0 5 7 4
80 72 8 1 2 0 3 5 7 6 4
80 72 8 1 2 0 4 6 5 3 7
80 75 5 3 5 1 7 2 4 6 0
80 75 5 1 3 5 7 4 2 6 0
81 64 17 0 4 5 6 3 2 7 1
81 64 17 4 5 6 3 0 2 7 1
81 64 17 4 0 7 3 1 5 2 6
81 64 17 4 1 7 0 3 5 2 6
81 64 17 5 1 0 6 4 2 7 3
81 65 16 4 2 1 7 3 0 5 6
81 65 16 4 5 1 0 7 6 2 3
81 65 16 3 5 1 2 0 7 6 4
81 65 16 5 2 0 3 4 7 6 1
81 65 16 4 0 5 3 2 6 7 1
81 65 16 2 5 0 3 6 7 4 1
81 66 15 6 4 1 3 0 5 2 7
81 66 15 3 4 1 0 6 5 2 7
81 66 15 3 5 1 2 0 4 7 6
81 67 14 5 0 1 3 4 6 2 7
81 67 14 3 5 1 0 4 6 2 7
81 67 14 7 5 1 3 4 6 2 0
81 67 14 3 5 1 6 0 4 2 7
81 67 14 5 0 1 3 4 7 6 2
81 67 14 6 0 1 3 5 4 2 7
81 67 14 0 5 3 4 2 7 6 1
81 67 14 2 4 5 3 0 7 1 6
81 67 14 7 4 5 3 2 0 1 6
81 67 14 4 7 5 3 0 2 1 6
81 67 14 6 5 3 4 2 0 7 1
81 67 14 0 5 1 4 2 6 7 3
81 67 14 4 2 3 7 6 5 0 1
81 67 14 4 1 3 5 0 2 6 7
81 68 13 4 5 1 7 3 6 2 0
81 68 13 3 0 4 6 5 2 7 1
81 68 13 5 2 0 1 3 4 7 6
81 68 13 3 0 5 4 6 2 7 1
81 68 13 3 5 7 4 6 2 0 1
81 68 13 5 0 3 4 2 7 1 6
81 68 13 6 5 3 4 2 7 1 0
81 68 13 5 2 3 0 4 7 1 6
81 68 13 2 5 1 7 6 4 0 3
81 68 13 6 1 4 0 5 2 7 3
81 68 13 6 1 7 4 5 2 0 3
81 68 13 7 0 1 3 5 2 6 4
81 68 13 2 5 0 4 6 7 1 3
81 68 13 3 5 7 0 6 2 1 4
81 68 13 5 1 3 6 2 0 7 4
81 68 13 4 0 2 1 6 5 7 3
81 68 13 4 2 7 1 6 5 0 3
81 68 13 1 4 0 3 6 2 7 5
81 68 13 3 5 6 7 4 0 2 1
81 68 13 2 5 1 0 6 3 7 4
81 69 12 2 5 3 0 6 4 7 1
81 69 12 3 5 1 7 0 6 2 4
81 69 12 4 1 0 3 6 2 7 5
81 69 12 3 2 1 7 5 0 6 4
81 69 12 5 2 1 7 4 0 6 3
81 69 12 1 3 4 5 0 2 7 6
81 70 11 3 2 1 6 5 0 7 4
81 70 11 4 2 3 5 6 7 1 0
81 70 11 3 5 6 1 4 2 7 0
81 70 11 3 1 0 5 4 2 7 6
81 70 11 3 5 1 4 2 0 6 7
81 70 11 6 5 1 3 2 7 4 0
81 70 11 3 4 7 1 2 5 0 6
81 70 11 5 1 4 6 3 2 7 0
81 70 11 5 1 7 4 3 2 6 0
81 70 11 4 1 3 7 2 0 6 5
81 70 11 0 1 3 7 4 2 6 5
81 70 11 1 3 5 4 0 2 7 6
81 70 11 2 1 3 7 5 4 0 6
81 70 11 1 5 0 4 6 2 3 7
81 71 10 4 2 3 6 5 0 7 1
81 71 10 1 5 7 0 4 2 6 3
81 71 10 7 5 1 3 4 2 6 0
81 71 10 2 5 1 7 0 4 6 3
81 71 10 3 2 1 0 5 6 7 4
81 71 10 2 3 4 0 5 1 7 6
81 71 10 2 3 7 4 5 1 0 6
81 72 9 2 5 1 7 3 4 6 0
81 72 9 2 1 7 3 5 4 6 0
81 72 9 6 2 3 4 1 5 7 0
81 72 9 2 1 7 3 5 6 0 4
81 73 8 1 2 3 4 7 0 6 5
81 74 7 1 2 3 6 4 5 7 0
81 74 7 3 5 1 7 2 6 4 0
82 65 17 4 5 0 3 7 6 2 1
82 65 17 0 5 1 3 7 6 2 4
82 65 17 0 5 1 3 6 7 4 2
82 66 16 2 5 1 0 3 7 6 4
82 66 16 6 1 3 0 4 2 7 5
82 67 15 7 5 1 3 4 0 6 2
82 67 15 0 5 1 2 3 6 7 4
82 67 15 2 5 1 7 3 6 0 4
82 67 15 4 5 3 6 2 7 0 1
82 67 15 4 5 3 6 0 7 1 2
82 67 15 5 2 1 0 3 7 6 4
82 67 15 3 2 1 5 0 7 6 4
82 67 15 6 5 1 3 0 4 7 2
82 67 15 6 5 0 3 2 4 7 1
82 68 14 4 5 1 6 2 7 3 0
82 68 14 4 5 0 1 3 6 2 7
82 68 14 0 5 1 4 3 6 2 7
82 68 14 4 5 3 6 7 2 1 0
82 68 14 4 0 3 6 5 2 1 7
82 68 14 3 4 6 0 5 2 7 1
82 68 14 4 0 1 3 7 5 6 2
82 68 14 6 4 5 3 0 2 1 7
82 68 14 3 4 5 0 6 2 1 7
82 68 14 7 4 5 3 6 2 1 0
82 68 14 5 2 1 7 3 4 0 6
82 68 14 3 5 4 0 6 2 7 1
82 68 14 7 5 3 4 2 0 1 6
82 68 14 4 5 0 1 2 7 3 6
82 68 14 2 5 0 1 6 4 7 3
82 68 14 5 4 0 3 2 7 1 6
82 68 14 0 6 5 3 4 2 1 7
82 68 14 6 2 5 3 4 0 1 7
82 68 14 6 5 3 1 4 2 0 7
82 68 14 6 0 1 7 4 5 2 3
82 68 14 6 5 7 1 4 0 2 3
82 68 14 0 5 7 3 4 2 6 1
82 68 14 3 5 7 4 0 2 6 1
82 68 14 2 5 0 4 6 3 7 1
82 69 13 5 0 4 3 6 2 7 1
82 69 13 5 4 3 0 6 2 7 1
82 69 13 4 0 1 3 6 2 7 5
82 69 13 4 5 6 3 2 7 1 0
82 69 13 2 0 5 3 6 4 7 1
82 69 13 2 5 7 3 6 4 0 1
82 69 13 0 6 4 3 5 2 7 1
82 69 13 3 4 1 5 6 2 0 7
82 69 13 0 4 5 7 6 2 1 3
82 69 13 4 1 3 6 2 7 0 5
82 69 13 4 5 3 6 1 2 0 7
82 69 13 0 4 2 3 6 5 7 1
82 69 13 4 5 2 3 6 0 7 1
82 69 13 3 5 7 0 1 2 6 4
82 69 13 3 5 1 0 6 4 2 7
82 70 12 4 5 3 2 6 7 1 0
82 70 12 3 1 0 6 5 2 7 4
82 70 12 6 4 1 7 5 2 3 0
82 70 12 4 2 1 5 3 7 6 0
82 70 12 0 3 1 5 4 2 7 6
82 70 12 1 0 3 6 4 2 7 5
82 70 12 3 5 1 4 7 2 6 0
82 70 12 4 2 5 1 0 6 7 3
82 70 12 3 2 5 1 6 0 7 4
82 70 12 2 5 3 6 4 7 1 0
82 70 12 4 7 2 3 5 1 0 6
82 70 12 7 1 3 0 5 2 6 4
82 70 12 0 1 3 2 5 4 7 6
82 71 11 4 2 3 6 1 0 7 5
82 71 11 2 5 1 7 4 6 0 3
82 71 11 2 0 1 4 5 7 3 6
82 71 11 2 1 4 0 5 7 3 6
82 71 11 5 1 3 0 4 2 6 7
82 72 10 3 4 5 7 0 2 1 6
82 72 10 3 1 0 7 5 4 2 6
82 72 10 4 2 1 3 5 0 6 7
82 72 10 3 1 2 7 4 5 0 6
82 72 10 6 3 5 1 4 2 0 7
82 72 10 1 5 3 4 2 0 7 6
82 72 10 5 1 3 4 6 0 2 7
82 73 9 1 2 7 3 5 0 6 4
82 73 9 4 1 3 5 2 7 6 0
82 73 9 3 2 5 1 4 7 6 0
82 74 8 4 1 2 3 6 5 7 0
82 74 8 5 2 3 4 0 6 7 1
82 74 8 1 2 0 3 6 5 7 4
82 75 7 5 2 1 4 3 6 7 0
82 75 7 2 5 3 4 1 6 7 0
82 79 3 2 1 3 4 5 6 7 0
83 65 18 4 5 7 6 3 0 2 1
83 67 16 3 0 1 6 4 5 2 7
83 67 16 0 4 1 2 3 5 7 6
83 67 16 2 4 1 7 3 5 0 6
83 67 16 4 5 3 2 0 7 6 1
83 67 16 0 5 1 2 4 7 6 3
83 67 16 5 0 1 4 2 3 7 6
83 67 16 5 2 1 0 4 3 7 6
83 68 15 4 5 1 2 3 6 0 7
83 68 15 4 5 3 6 2 0 1 7
83 68 15 0 5 3 6 4 2 1 7
83 68 15 3 4 7 6 5 2 0 1
83 68 15 2 4 5 3 6 0 1 7
83 68 15 5 4 0 1 6 2 7 3
83 68 15 5 4 1 7 6 2 0 3
83 68 15 5 0 2 3 4 7 1 6
83 68 15 4 0 1 3 7 2 6 5
83 68 15 5 0 3 6 1 2 7 4
83 68 15 0 5 1 4 6 3 7 2
83 68 15 2 5 0 4 3 7 6 1
83 69 14 4 5 1 2 3 7 6 0
83 69 14 2 4 1 3 6 0 7 5
83 69 14 2 0 1 3 4 7 6 5
83 69 14 0 4 3 6 5 2 7 1
83 69 14 3 4 1 0 6 2 7 5
83 69 14 4 2 5 7 6 0 1 3
83 69 14 0 6 5 1 4 2 7 3
83 69 14 6 2 5 1 4 0 7 3
83 69 14 3 0 1 7 6 5 2 4
83 69 14 4 0 3 6 2 1 7 5
83 69 14 3 5 7 1 6 0 2 4
83 69 14 4 2 7 3 6 0 5 1
83 69 14 3 2 1 6 0 5 7 4
83 69 14 3 0 7 1 5 2 6 4
83 69 14 3 5 0 7 6 4 2 1
83 70 13 5 0 1 3 6 4 7 2
83 70 13 2 0 5 3 4 7 6 1
83 70 13 2 5 3 0 4 7 6 1
83 70 13 0 3 1 6 5 2 7 4
83 70 13 4 2 0 1 3 7 6 5
83 70 13 0 2 1 4 3 7 6 5
83 70 13 3 2 1 5 4 0 7 6
83 70 13 5 0 1 3 4 2 6 7
83 70 13 3 0 1 4 5 2 6 7
83 70 13 4 2 5 1 6 7 0 3
83 70 13 0 3 5 1 6 2 7 4
83 70 13 3 0 4 1 2 5 7 6
83 70 13 2 7 5 3 4 0 1 6
83 70 13 6 4 2 3 5 7 1 0
83 70 13 2 1 3 7 5 0 6 4
83 70 13 6 1 7 3 5 2 0 4
83 70 13 2 1 3 5 0 4 7 6
83 71 12 5 0 7 1 4 2 6 3
83 71 12 4 6 1 3 5 2 7 0
83 71 12 5 1 0 7 3 2 6 4
83 71 12 7 5 0 1 4 2 6 3
83 71 12 2 0 1 7 4 5 6 3
83 71 12 4 1 6 3 5 0 2 7
83 72 11 6 2 1 4 5 0 7 3
83 72 11 3 4 5 1 6 2 7 0
83 72 11 0 3 1 7 5 4 2 6
83 72 11 6 2 1 4 3 5 0 7
83 72 11 3 5 7 1 6 4 2 0
83 72 11 1 2 3 5 4 0 7 6
83 72 11 5 2 1 3 4 6 0 7
83 72 11 1 5 0 3 6 2 7 4
83 72 11 1 5 3 7 6 2 0 4
83 72 11 4 2 3 0 1 5 7 6
83 72 11 0 2 3 1 5 7 6 4
83 73 10 2 3 0 4 1 5 7 6
83 73 10 2 5 3 4 1 0 7 6
83 73 10 3 2 0 4 5 7 1 6
83 73 10 0 2 3 4 1 7 6 5
83 74 9 3 1 7 4 5 2 6 0
83 74 9 3 2 1 6 5 4 7 0
83 74 9 2 4 3 6 5 7 1 0
83 74 9 5 2 3 4 6 7 0 1
83 74 9 6 2 3 4 5 7 0 1
83 74 9 4 2 3 1 6 5 0 7
83 75 8 1 0 3 4 6 2 7 5
83 75 8 4 1 2 3 5 6 0 7
83 75 8 5 2 3 4 6 7 1 0
83 75 8 1 2 6 4 5 7 0 3
83 75 8 3 5 0 7 2 4 1 6
83 76 7 3 2 5 7 4 1 6 0
84 67 17 0 5 3 6 2 7 1 4
84 67 17 2 5 1 6 4 7 0 3
84 68 16 4 5 0 6 2 7 1 3
84 68 16 3 4 1 6 2 0 7 5
84 68 16 0 4 1 6 3 2 7 5
84 68 16 0 2 1 5 3 4 7 6
84 68 16 0 5 1 4 3 7 6 2
84 69 15 2 4 1 6 5 0 7 3
84 69 15 5 4 7 3 6 2 0 1
84 69 15 0 5 1 4 6 2 3 7
84 69 15 3 0 1 6 2 5 7 4
84 69 15 3 2 1 0 4 7 6 5
84 69 15 3 5 7 6 4 0 2 1
84 69 15 6 4 3 7 5 2 0 1
84 69 15 4 5 7 1 0 2 3 6
84 69 15 4 1 3 7 6 2 0 5
84 69 15 6 2 1 0 3 5 7 4
84 69 15 3 2 1 7 6 5 0 4
84 69 15 6 5 7 3 0 2 1 4
84 69 15 0 5 1 7 6 4 2 3
84 70 14 4 0 3 2 5 7 1 6
84 70 14 5 0 1 7 6 2 3 4
84 70 14 3 5 1 0 6 4 7 2
84 70 14 6 0 4 1 5 2 7 3
84 70 14 6 4 7 1 5 2 0 3
84 70 14 6 4 0 7 5 2 1 3
84 70 14 4 2 3 5 7 0 1 6
84 70 14 0 2 3 5 4 7 1 6
84 70 14 0 3 5 6 4 2 7 1
84 70 14 6 5 1 3 7 4 2 0
84 70 14 2 1 3 6 4 0 7 5
84 70 14 6 5 0 3 2 7 1 4
84 70 14 3 4 1 6 2 5 0 7
84 70 14 0 2 5 3 4 7 1 6
84 70 14 2 5 3 1 4 7 0 6
84 70 14 5 1 4 3 0 2 7 6
84 70 14 5 1 4 7 3 2 0 6
84 70 14 5 1 7 4 3 0 2 6
84 70 14 5 4 2 3 0 7 1 6
84 70 14 3 4 2 0 5 7 1 6
84 70 14 4 7 2 3 0 5 1 6
84 71 13 6 4 7 3 5 2 1 0
84 71 13 4 5 7 3 2 0 1 6
84 71 13 3 5 0 1 7 2 6 4
84 71 13 4 3 0 6 5 2 7 1
84 71 13 6 5 1 4 2 7 0 3
84 71 13 0 5 1 7 4 6 2 3
84 71 13 4 1 6 7 5 2 0 3
84 71 13 0 1 6 4 5 2 7 3
84 71 13 2 0 5 4 3 7 1 6
84 71 13 4 2 0 6 3 5 1 7
84 72 12 4 2 1 7 6 5 3 0
84 72 12 2 4 5 3 0 6 7 1
84 72 12 4 1 7 6 5 2 3 0
84 72 12 4 5 7 1 2 0 6 3
84 72 12 2 5 0 7 3 4 1 6
84 72 12 3 1 7 0 4 5 2 6
84 72 12 6 3 5 0 4 2 7 1
84 72 12 2 1 7 3 5 0 4 6
84 72 12 0 1 7 5 4 2 6 3
84 72 12 1 5 3 0 4 2 7 6
84 72 12 0 1 3 2 6 5 7 4
84 72 12 5 1 0 4 6 2 3 7
84 72 12 4 2 3 1 0 7 6 5
84 72 12 1 2 3 5 0 7 6 4
84 73 11 5 4 1 7 3 2 6 0
84 73 11 3 5 7 4 2 0 1 6
84 73 11 4 2 5 1 6 3 7 0
84 73 11 4 2 5 1 3 7 6 0
84 73 11 4 3 5 1 2 0 7 6
84 73 11 1 7 0 3 5 2 6 4
84 73 11 3 2 5 1 6 4 7 0
84 73 11 3 0 5 1 2 4 7 6
84 73 11 6 2 1 3 5 4 0 7
84 73 11 6 1 3 4 0 5 2 7
84 73 11 6 0 3 4 5 1 2 7
84 74 10 2 3 5 1 0 4 7 6
84 74 10 2 3 5 1 4 7 0 6
84 74 10 2 1 7 3 6 5 4 0
84 74 10 1 3 0 4 2 5 7 6
84 74 10 1 2 0 3 4 5 7 6
84 74 10 4 2 5 3 1 6 0 7
84 74 10 2 3 0 4 5 7 1 6
84 74 10 2 7 3 4 5 0 1 6
84 74 10 3 5 0 7 2 6 1 4
84 75 9 3 2 1 7 4 5 6 0
84 75 9 4 1 3 0 5 6 2 7
84 75 9 2 0 3 4 5 7 6 1
84 75 9 3 1 0 7 2 5 6 4
84 75 9 1 0 2 4 5 7 6 3
84 75 9 1 2 4 0 5 7 6 3
84 75 9 2 0 3 4 5 6 7 1
84 75 9 3 5 1 7 2 0 4 6
84 75 9 6 3 5 7 4 2 0 1
84 75 9 2 1 3 4 6 0 5 7
84 76 8 7 2 3 4 5 1 0 6
84 76 8 2 5 3 4 6 7 1 0
84 76 8 3 5 7 1 2 4 0 6
84 76 8 2 1 3 6 5 7 4 0
84 77 7 1 0 3 4 5 7 6 2
84 77 7 1 0 3 4 5 2 6 7
84 77 7 1 3 5 7 4 0 2 6
85 68 17 0 4 1 5 6 2 7 3
85 68 17 0 5 1 2 6 4 7 3
85 68 17 2 5 1 6 0 4 7 3
85 69 16 4 0 1 2 5 7 6 3
85 69 16 5 4 1 6 0 2 7 3
85 69 16 4 5 6 3 2 0 7 1
85 69 16 7 2 1 3 4 0 6 5
85 69 16 4 5 7 0 6 2 3 1
85 69 16 0 5 3 6 1 2 7 4
85 70 15 4 5 0 1 3 7 6 2
85 70 15 4 5 3 2 7 0 1 6
85 70 15 0 5 3 2 4 7 1 6
85 70 15 4 5 1 3 6 0 7 2
85 70 15 2 5 6 3 4 7 0 1
85 70 15 6 4 1 7 5 0 2 3
85 70 15 4 2 1 6 3 7 0 5
85 70 15 4 0 3 5 2 7 1 6
85 70 15 3 2 5 6 4 0 7 1
85 70 15 0 5 1 3 6 4 2 7
85 70 15 2 5 1 3 4 0 6 7
85 70 15 3 4 1 6 0 5 7 2
85 70 15 7 4 2 3 5 0 1 6
85 70 15 4 0 3 7 1 2 6 5
85 70 15 4 1 3 0 7 2 6 5
85 70 15 3 5 7 6 0 2 1 4
85 71 14 4 0 5 7 6 2 3 1
85 71 14 0 2 1 5 4 7 6 3
85 71 14 4 5 3 7 0 6 2 1
85 71 14 4 2 1 7 5 0 6 3
85 71 14 0 4 3 6 1 2 7 5
85 71 14 4 3 0 6 1 2 7 5
85 71 14 2 5 7 1 4 0 6 3
85 71 14 5 6 1 3 0 2 7 4
85 71 14 3 6 1 0 5 2 7 4
85 71 14 5 2 1 7 3 0 6 4
85 71 14 2 5 4 0 3 7 1 6
85 71 14 2 5 1 6 3 4 0 7
85 71 14 4 2 1 6 3 0 5 7
85 72 13 0 6 1 4 5 2 7 3
85 72 13 6 4 5 3 1 2 7 0
85 72 13 3 4 5 7 6 2 0 1
85 72 13 2 4 5 3 6 7 0 1
85 72 13 2 5 1 7 3 0 4 6
85 72 13 0 4 5 7 3 2 6 1
85 72 13 6 5 3 7 4 0 2 1
85 72 13 6 4 5 7 3 2 1 0
85 72 13 5 0 1 7 3 4 2 6
85 72 13 6 5 1 7 3 4 2 0
85 72 13 0 4 1 3 5 2 6 7
85 72 13 3 5 7 0 1 4 2 6
85 72 13 6 3 5 1 0 2 7 4
85 72 13 5 2 1 0 4 6 7 3
85 72 13 1 5 3 6 0 2 7 4
85 72 13 2 1 3 7 6 5 0 4
85 73 12 1 5 3 6 4 2 7 0
85 73 12 3 4 1 2 6 5 7 0
85 73 12 7 5 1 4 3 2 6 0
85 73 12 2 5 1 7 0 3 6 4
85 73 12 2 5 7 1 3 4 0 6
85 73 12 3 5 7 4 6 2 1 0
85 73 12 6 3 1 7 4 5 2 0
85 73 12 4 3 5 1 6 2 7 0
85 73 12 2 4 0 3 6 5 1 7
85 73 12 4 1 3 0 2 5 6 7
85 73 12 0 1 3 7 2 5 6 4
85 73 12 1 0 3 4 2 7 6 5
85 73 12 1 2 3 0 4 7 6 5
85 74 11 1 6 5 3 4 2 7 0
85 74 11 1 0 7 4 5 2 6 3
85 74 11 4 1 7 5 2 0 6 3
85 74 11 2 0 4 3 5 7 6 1
85 74 11 2 4 3 0 5 7 6 1
85 74 11 4 2 7 1 3 5 6 0
85 74 11 5 1 7 3 2 0 6 4
85 74 11 3 4 5 1 2 0 7 6
85 74 11 6 1 3 5 4 2 0 7
85 74 11 3 2 0 1 5 4 7 6
85 74 11 0 2 4 3 5 7 1 6
85 74 11 1 2 3 7 4 5 0 6
85 74 11 6 2 3 0 5 7 1 4
85 74 11 4 2 3 1 0 5 7 6
85 74 11 0 2 3 1 6 5 7 4
85 74 11 1 2 3 7 6 5 0 4
85 75 10 4 1 3 6 5 0 7 2
85 75 10 2 1 3 4 6 0 7 5
85 75 10 5 1 3 7 0 4 2 6
85 75 10 4 2 3 7 6 5 1 0
85 75 10 0 2 3 4 6 5 1 7
85 75 10 5 2 3 4 0 7 6 1
85 75 10 1 3 6 0 5 2 7 4
85 75 10 0 3 1 7 2 5 6 4
85 75 10 4 1 3 2 6 5 0 7
85 75 10 4 1 3 0 6 5 7 2
85 75 10 2 3 0 4 6 5 7 1
85 75 10 4 3 5 7 0 2 6 1
85 75 10 2 5 1 4 3 6 0 7
85 75 10 2 1 0 4 6 5 3 7
85 76 9 5 2 3 4 6 0 1 7
85 76 9 4 2 5 3 6 1 7 0
85 76 9 3 1 4 6 5 2 7 0
85 76 9 0 2 1 4 5 6 7 3
85 76 9 3 2 5 7 0 4 6 1
85 76 9 4 3 5 7 2 0 1 6
85 76 9 3 2 5 7 6 4 1 0
85 76 9 3 0 5 7 2 4 1 6
85 76 9 3 2 1 4 6 5 0 7
85 76 9 1 3 4 6 5 2 0 7
85 76 9 1 3 7 0 5 2 6 4
85 77 8 2 3 5 7 0 4 1 6
85 77 8 2 3 5 7 4 1 0 6
85 77 8 7 2 1 3 5 6 4 0
85 77 8 1 3 0 7 4 2 5 6
85 79 6 1 3 4 7 5 2 6 0
85 79 6 1 2 3 6 5 7 4 0
85 79 6 1 2 3 4 0 6 5 7
86 68 18 3 0 1 6 4 2 7 5
86 68 18 4 5 1 0 7 2 3 6
86 69 17 4 5 1 2 7 0 6 3
86 69 17 6 4 3 5 0 2 7 1
86 69 17 3 4 0 5 6 2 7 1
86 69 17 0 5 7 1 6 2 3 4
86 70 16 7 5 1 0 6 2 3 4
86 70 16 2 5 1 7 6 0 3 4
86 70 16 3 5 6 4 0 2 7 1
86 70 16 0 1 4 5 3 2 7 6
86 71 15 4 0 1 5 2 7 6 3
86 71 15 4 0 3 7 6 5 2 1
86 71 15 0 2 1 6 4 5 7 3
86 71 15 6 0 1 4 2 5 7 3
86 71 15 5 4 1 6 3 2 0 7
86 71 15 7 5 1 4 0 2 6 3
86 72 14 6 4 1 5 2 0 7 3
86 72 14 4 1 0 3 2 7 6 5
86 72 14 6 0 1 3 2 4 7 5
86 72 14 4 0 3 6 2 5 7 1
86 72 14 6 4 5 1 0 2 7 3
86 72 14 6 4 5 3 2 0 7 1
86 72 14 6 1 0 3 2 5 7 4
86 72 14 6 5 1 4 2 3 7 0
86 72 14 4 2 5 7 3 0 6 1
86 72 14 6 2 0 4 3 5 7 1
86 72 14 0 5 7 1 3 4 2 6
86 72 14 3 0 7 1 5 4 2 6
86 72 14 5 1 7 4 0 2 6 3
86 72 14 5 2 0 3 4 6 7 1
86 72 14 0 2 1 3 4 6 7 5
86 73 13 4 5 1 3 7 2 6 0
86 73 13 3 4 1 2 5 0 7 6
86 73 13 6 4 1 3 5 0 7 2
86 73 13 5 0 1 4 3 2 6 7
86 73 13 2 0 5 1 3 4 7 6
86 73 13 4 2 5 7 0 3 1 6
86 73 13 4 2 5 7 3 1 0 6
86 73 13 5 0 7 3 4 2 1 6
86 73 13 2 4 0 1 5 7 6 3
86 73 13 4 3 1 7 0 5 2 6
86 73 13 5 3 1 7 4 0 2 6
86 73 13 4 1 3 5 6 0 2 7
86 73 13 3 2 1 6 4 5 0 7
86 73 13 4 1 0 5 2 7 3 6
86 73 13 3 2 5 0 1 4 7 6
86 73 13 6 2 1 0 5 4 7 3
86 73 13 2 4 1 3 6 0 5 7
86 73 13 4 2 0 6 5 7 3 1
86 73 13 4 1 3 7 0 5 6 2
86 73 13 4 1 0 7 2 5 6 3
86 74 12 1 5 7 0 3 2 6 4
86 74 12 4 1 7 5 3 2 6 0
86 74 12 2 4 6 3 5 7 0 1
86 74 12 0 1 3 7 4 5 2 6
86 74 12 4 1 3 7 6 5 2 0
86 74 12 3 1 7 5 0 2 6 4
86 74 12 3 2 1 7 5 4 0 6
86 74 12 2 7 4 3 5 0 1 6
86 74 12 2 4 3 1 5 7 0 6
86 74 12 5 2 1 3 6 0 4 7
86 74 12 5 2 0 3 6 4 1 7
86 74 12 4 1 2 3 6 0 5 7
86 74 12 4 2 5 0 1 6 7 3
86 74 12 4 2 0 3 1 6 7 5
86 74 12 6 2 3 4 0 7 1 5
86 74 12 3 2 1 4 0 7 6 5
86 74 12 3 2 0 4 5 7 6 1
86 75 11 1 4 5 6 3 2 7 0
86 75 11 1 4 5 7 3 2 0 6
86 75 11 1 0 7 3 4 2 6 5
86 75 11 5 2 0 1 3 6 7 4
86 75 11 1 0 5 4 6 2 7 3
86 75 11 1 5 7 4 6 2 0 3
86 75 11 5 2 3 0 6 7 1 4
86 75 11 0 1 3 4 6 5 2 7
86 75 11 2 6 1 3 5 7 0 4
86 75 11 7 2 3 4 5 0 6 1
86 75 11 5 2 3 4 7 0 1 6
86 75 11 1 3 7 6 5 2 0 4
86 75 11 2 1 3 6 4 5 0 7
86 75 11 7 3 5 0 4 2 6 1
86 75 11 2 3 5 7 4 0 6 1
86 75 11 6 3 5 0 4 2 1 7
86 75 11 6 3 5 7 0 2 1 4
86 76 10 3 0 5 1 2 7 6 4
86 76 10 7 2 3 4 0 5 1 6
86 76 10 4 1 3 2 5 7 0 6
86 76 10 3 2 4 1 5 7 0 6
86 76 10 2 1 6 3 5 7 0 4
86 76 10 3 2 5 7 4 6 0 1
86 76 10 4 3 5 7 6 2 1 0
86 76 10 2 1 3 4 7 0 6 5
86 76 10 5 2 1 4 6 3 0 7
86 76 10 1 3 0 4 5 2 6 7
86 77 9 5 1 3 7 6 2 4 0
86 77 9 2 5 3 4 0 6 1 7
86 77 9 2 5 3 4 6 1 0 7
86 77 9 2 0 3 4 6 5 1 7
86 77 9 5 2 1 4 6 7 3 0
86 77 9 2 3 1 4 5 7 0 6
86 77 9 5 1 3 4 2 7 6 0
86 77 9 7 1 3 4 5 2 6 0
86 77 9 2 1 3 4 5 0 6 7
86 77 9 1 0 2 4 6 5 7 3
86 77 9 1 2 4 0 6 5 7 3
86 77 9 1 2 7 4 6 5 0 3
86 77 9 5 2 3 4 1 7 0 6
86 77 9 2 1 3 6 5 4 0 7
86 78 8 2 1 3 7 4 5 6 0
86 78 8 2 1 0 4 5 6 7 3
86 78 8 6 2 3 4 5 1 0 7
86 79 7 1 0 3 4 6 5 7 2
86 79 7 1 3 7 5 4 2 0 6
86 79 7 5 2 3 4 6 1 7 0
86 79 7 1 2 4 6 5 7 3 0
86 81 5 3 2 1 4 5 6 7 0
87 69 18 4 5 1 6 0 2 3 7
87 69 18 4 5 0 6 1 2 7 3
87 70 17 4 5 1 6 3 7 0 2
87 70 17 0 5 6 3 4 2 7 1
87 70 17 6 5 1 0 3 4 2 7
87 70 17 0 5 7 6 4 2 1 3
87 71 16 4 2 1 5 7 0 6 3
87 71 16 6 4 7 3 5 0 2 1
87 71 16 0 5 7 4 6 2 1 3
87 71 16 4 0 7 3 5 2 1 6
87 71 16 0 5 1 3 7 2 6 4
87 71 16 7 5 1 6 4 2 0 3
87 72 15 6 4 1 5 3 2 7 0
87 72 15 0 4 1 3 2 7 6 5
87 72 15 4 7 1 3 2 0 6 5
87 72 15 6 4 1 3 2 7 0 5
87 72 15 6 1 0 3 4 5 2 7
87 72 15 4 5 7 1 0 6 2 3
87 72 15 4 2 0 7 6 5 1 3
87 72 15 0 6 1 3 2 5 7 4
87 72 15 6 4 1 3 2 0 5 7
87 72 15 6 4 0 3 2 5 1 7
87 72 15 4 1 7 6 5 0 2 3
87 72 15 4 5 7 0 1 2 6 3
87 72 15 4 5 1 0 2 3 7 6
87 72 15 7 4 5 0 3 2 1 6
87 72 15 2 4 5 7 3 0 1 6
87 72 15 7 5 1 0 3 4 2 6
87 72 15 5 1 7 6 4 2 0 3
87 73 14 5 0 4 1 3 2 7 6
87 73 14 5 4 7 1 3 2 0 6
87 73 14 5 4 0 7 3 2 1 6
87 73 14 6 4 1 7 2 5 0 3
87 73 14 4 0 5 1 3 2 6 7
87 73 14 2 5 1 4 3 0 6 7
87 73 14 7 5 0 1 3 2 6 4
87 73 14 2 0 1 7 3 5 6 4
87 73 14 6 5 7 3 0 4 2 1
87 73 14 0 2 5 1 4 3 7 6
87 73 14 4 2 0 1 3 7 5 6
87 73 14 7 3 1 0 4 5 2 6
87 73 14 4 3 5 0 1 2 7 6
87 73 14 0 2 5 1 3 4 7 6
87 73 14 3 2 0 1 4 7 5 6
87 73 14 6 2 1 3 0 4 7 5
87 73 14 6 2 0 3 5 4 7 1
87 73 14 5 2 1 0 6 7 4 3
87 73 14 5 2 1 3 0 7 4 6
87 74 13 4 5 1 3 2 0 6 7
87 74 13 2 5 1 6 4 3 7 0
87 74 13 2 5 1 7 4 3 0 6
87 74 13 4 5 7 3 1 6 2 0
87 74 13 4 5 6 7 3 2 1 0
87 74 13 4 2 6 0 3 5 7 1
87 74 13 3 5 0 1 7 4 2 6
87 74 13 3 5 1 6 7 4 2 0
87 74 13 2 1 7 4 5 0 6 3
87 74 13 5 0 1 7 4 3 2 6
87 74 13 6 5 1 7 4 3 2 0
87 74 13 0 3 7 1 4 5 2 6
87 74 13 2 0 5 1 4 3 7 6
87 74 13 2 1 7 3 6 0 5 4
87 74 13 0 2 3 1 4 5 7 6
87 74 13 0 2 5 3 1 6 7 4
87 75 12 3 1 7 0 4 2 6 5
87 75 12 2 1 7 3 0 5 6 4
87 75 12 2 0 7 3 5 1 6 4
87 75 12 3 2 7 1 4 5 0 6
87 75 12 3 2 1 7 4 0 5 6
87 75 12 3 2 0 7 4 5 1 6
87 75 12 4 3 0 5 2 1 7 6
87 75 12 1 5 4 0 6 2 7 3
87 75 12 5 0 3 7 4 1 2 6
87 75 12 5 0 1 7 4 2 3 6
87 75 12 5 1 7 0 4 2 3 6
87 75 12 2 6 1 3 0 5 7 4
87 75 12 0 5 3 4 2 6 7 1
87 75 12 0 1 3 2 5 7 6 4
87 76 11 6 5 1 7 3 2 4 0
87 76 11 1 0 3 5 6 2 7 4
87 76 11 2 1 3 5 4 7 0 6
87 76 11 2 0 4 3 6 5 7 1
87 76 11 2 4 3 0 6 5 7 1
87 76 11 4 5 3 7 2 0 1 6
87 76 11 0 5 3 7 4 2 1 6
87 76 11 3 4 1 7 2 0 6 5
87 76 11 2 0 3 6 5 7 1 4
87 76 11 4 2 5 3 7 6 1 0
87 76 11 6 1 3 4 2 5 0 7
87 76 11 6 1 3 4 0 5 7 2
87 76 11 7 0 3 4 5 2 1 6
87 76 11 4 0 3 2 5 1 7 6
87 76 11 3 2 4 1 0 5 7 6
87 76 11 3 5 1 6 2 4 0 7
87 76 11 1 3 7 4 0 2 6 5
87 77 10 1 0 7 3 2 5 6 4
87 77 10 2 3 1 4 0 5 7 6
87 77 10 7 3 5 6 4 2 1 0
87 77 10 5 1 3 4 0 7 6 2
87 77 10 0 2 3 6 5 1 7 4
87 77 10 6 2 1 4 5 3 7 0
87 77 10 0 3 5 1 4 2 6 7
87 77 10 6 2 3 4 0 5 7 1
87 77 10 5 1 3 4 0 2 6 7
87 77 10 7 2 0 3 5 6 1 4
87 78 9 1 2 5 3 4 6 7 0
87 78 9 6 1 3 7 5 2 4 0
87 78 9 5 1 7 3 2 4 0 6
87 78 9 2 1 4 6 3 5 7 0
87 78 9 2 1 7 4 3 5 6 0
87 78 9 3 1 0 5 2 4 7 6
87 78 9 1 3 5 6 4 2 0 7
87 79 8 1 3 0 7 5 2 4 6
87 79 8 1 3 0 7 5 2 6 4
87 79 8 1 5 3 4 0 6 2 7
87 79 8 1 0 3 4 6 5 2 7
87 79 8 4 2 1 3 5 6 0 7
87 80 7 4 2 3 6 5 1 7 0
87 80 7 1 3 5 0 4 2 6 7
87 80 7 1 3 5 7 0 2 6 4
87 81 6 1 2 3 4 7 6 0 5
87 82 5 2 1 3 4 5 6 0 7
88 70 18 3 4 0 6 2 5 7 1
88 71 17 3 5 1 6 7 2 0 4
88 71 17 4 0 1 7 5 6 2 3
88 71 17 4 1 6 5 0 2 7 3
88 71 17 2 5 0 6 3 4 7 1
88 72 16 6 0 1 5 4 2 7 3
88 72 16 4 0 1 5 3 2 7 6
88 72 16 0 6 1 3 4 5 2 7
88 72 16 4 0 7 1 6 5 2 3
88 72 16 4 2 1 7 6 0 5 3
88 72 16 2 4 5 1 6 0 7 3
88 72 16 4 0 7 1 5 2 6 3
88 72 16 6 3 0 1 4 2 7 5
88 73 15 5 0 7 3 6 2 1 4
88 73 15 4 5 0 1 7 2 6 3
88 73 15 5 2 1 6 4 0 7 3
88 73 15 5 0 3 6 4 2 7 1
88 73 15 4 1 0 7 6 5 2 3
88 73 15 5 4 1 7 3 0 2 6
88 73 15 6 4 0 1 2 5 7 3
88 73 15 4 5 6 1 3 2 0 7
88 73 15 2 5 7 3 4 0 1 6
88 73 15 3 0 7 4 5 2 1 6
88 73 15 4 0 5 1 2 3 7 6
88 73 15 4 2 5 0 1 3 7 6
88 73 15 2 4 1 6 5 7 0 3
88 73 15 4 1 0 5 6 2 3 7
88 73 15 5 2 0 3 6 7 4 1
88 73 15 0 2 1 3 6 7 4 5
88 74 14 6 2 1 3 4 0 7 5
88 74 14 5 0 7 1 3 2 6 4
88 74 14 2 5 0 1 4 3 7 6
88 74 14 3 6 5 0 4 2 7 1
88 74 14 6 2 5 3 0 4 7 1
88 74 14 6 2 5 3 4 7 0 1
88 74 14 4 0 2 6 3 5 7 1
88 74 14 4 2 7 6 3 5 0 1
88 74 14 2 4 1 3 7 0 6 5
88 74 14 6 2 0 3 4 5 1 7
88 74 14 0 4 2 1 3 5 7 6
88 74 14 4 5 2 1 3 0 7 6
88 74 14 3 7 0 1 4 5 2 6
88 74 14 3 4 5 0 1 2 7 6
88 74 14 3 2 1 5 0 4 7 6
88 74 14 0 4 3 2 5 7 1 6
88 74 14 3 5 1 4 0 7 6 2
88 74 14 3 5 0 4 2 7 6 1
88 74 14 6 2 0 4 5 7 1 3
88 75 13 4 3 0 7 5 1 2 6
88 75 13 5 1 6 3 4 2 0 7
88 75 13 1 4 0 5 3 2 7 6
88 75 13 4 1 7 3 2 6 0 5
88 75 13 0 4 3 5 2 1 7 6
88 75 13 2 4 0 1 6 5 7 3
88 75 13 5 0 2 3 6 7 1 4
88 75 13 0 1 3 6 4 5 7 2
88 75 13 0 1 7 4 2 5 6 3
88 75 13 6 0 1 4 5 2 3 7
88 75 13 6 1 4 0 5 2 3 7
88 75 13 4 2 3 6 0 5 1 7
88 75 13 4 2 6 0 5 7 1 3
88 75 13 2 5 0 4 3 6 7 1
88 76 12 4 5 3 1 0 6 2 7
88 76 12 4 0 3 1 6 5 2 7
88 76 12 5 2 3 6 0 7 1 4
88 76 12 4 1 7 3 6 5 0 2
88 76 12 0 4 5 1 2 7 6 3
88 76 12 4 7 5 1 2 0 6 3
88 76 12 4 1 3 6 7 5 2 0
88 76 12 5 3 0 4 6 2 1 7
88 76 12 3 5 6 1 2 7 0 4
88 76 12 4 2 0 3 6 1 5 7
88 76 12 4 1 3 7 0 2 5 6
88 76 12 4 0 3 7 2 1 5 6
88 76 12 0 1 4 3 5 2 7 6
88 76 12 3 1 4 7 5 2 0 6
88 76 12 3 1 7 4 5 0 2 6
88 76 12 0 1 3 4 2 7 6 5
88 76 12 2 0 3 4 1 7 6 5
88 76 12 2 1 0 6 5 7 3 4
88 76 12 5 2 1 0 6 3 7 4
88 76 12 0 2 5 7 3 4 1 6
88 76 12 3 2 0 7 4 1 5 6
88 76 12 3 2 0 4 6 5 7 1
88 76 12 1 3 4 6 0 2 7 5
88 77 11 3 1 7 0 2 5 6 4
88 77 11 5 2 3 0 6 4 7 1
88 77 11 3 0 5 4 2 7 1 6
88 77 11 4 2 1 3 7 6 5 0
88 77 11 6 3 1 4 5 2 0 7
88 77 11 7 3 0 5 4 2 1 6
88 77 11 7 3 5 1 4 2 0 6
88 77 11 2 0 5 7 4 3 1 6
88 77 11 4 1 3 0 5 7 6 2
88 77 11 7 1 3 4 5 0 6 2
88 77 11 2 1 4 0 6 5 7 3
88 77 11 2 1 7 4 6 5 0 3
88 77 11 2 3 0 6 5 1 7 4
88 77 11 3 2 5 1 4 0 6 7
88 78 10 5 2 3 1 6 0 7 4
88 78 10 4 2 6 1 5 7 3 0
88 78 10 5 3 1 4 6 2 7 0
88 78 10 2 7 1 3 5 6 0 4
88 78 10 2 1 6 4 5 7 0 3
88 78 10 5 1 3 0 2 4 7 6
88 78 10 4 5 1 7 2 6 3 0
88 78 10 0 3 1 5 2 4 7 6
88 78 10 6 2 3 0 5 1 7 4
88 79 9 4 2 5 1 3 6 7 0
88 79 9 7 2 1 4 5 6 0 3
88 79 9 3 4 1 5 2 7 6 0
88 79 9 1 2 3 7 5 0 6 4
88 79 9 1 2 4 3 5 7 0 6
88 79 9 1 0 3 4 6 2 5 7
88 80 8 1 2 6 3 5 7 0 4
88 81 7 2 1 3 7 5 4 6 0
88 81 7 1 5 7 3 4 2 6 0
88 82 6 5 2 3 4 1 6 7 0
89 70 19 0 4 1 6 2 5 7 3
89 71 18 4 5 7 6 0 2 1 3
89 71 18 5 4 0 6 3 2 7 1
89 71 18 0 5 1 6 3 4 7 2
89 72 17 2 4 1 5 3 0 7 6
89 72 17 3 4 5 6 0 2 7 1
89 73 16 2 5 7 3 6 0 1 4
89 73 16 0 5 1 4 7 2 6 3
89 73 16 2 5 3 6 4 0 7 1
89 73 16 0 4 1 7 6 5 2 3
89 73 16 6 0 7 3 4 5 2 1
89 73 16 0 5 7 4 3 2 6 1
89 73 16 4 5 7 3 0 2 6 1
89 73 16 0 4 1 2 5 7 6 3
89 73 16 2 4 1 5 0 7 6 3
89 73 16 3 2 0 6 4 5 7 1
89 74 15 6 1 0 3 4 2 7 5
89 74 15 0 5 7 3 4 6 2 1
89 74 15 4 0 7 3 5 6 2 1
89 74 15 4 7 0 3 6 5 2 1
89 74 15 4 6 5 3 0 2 7 1
89 74 15 3 5 1 2 7 4 0 6
89 74 15 4 0 7 5 1 2 6 3
89 74 15 7 5 1 0 4 3 2 6
89 74 15 6 2 1 3 4 0 5 7
89 74 15 4 1 3 0 7 5 2 6
89 74 15 4 2 7 1 3 0 5 6
89 74 15 5 0 7 3 1 2 6 4
89 74 15 5 1 7 0 3 2 6 4
89 74 15 3 1 7 6 5 2 0 4
89 74 15 6 1 0 5 4 2 7 3
89 75 14 6 0 1 4 3 5 2 7
89 75 14 5 4 1 3 0 7 6 2
89 75 14 3 4 1 0 5 7 6 2
89 75 14 4 5 1 7 6 3 0 2
89 75 14 0 4 3 7 5 1 2 6
89 75 14 0 4 1 7 5 2 3 6
89 75 14 4 2 1 7 5 0 3 6
89 75 14 0 1 7 4 5 2 3 6
89 75 14 4 0 7 3 2 1 6 5
89 75 14 3 0 2 1 4 5 7 6
89 75 14 0 2 1 5 3 6 7 4
89 75 14 4 1 3 6 2 0 5 7
89 75 14 4 0 3 6 1 5 7 2
89 75 14 2 5 3 0 4 6 7 1
89 75 14 4 2 6 3 0 7 1 5
89 75 14 0 2 6 3 5 7 1 4
89 75 14 6 3 0 7 4 2 1 5
89 75 14 2 1 3 5 0 7 6 4
89 75 14 0 5 1 4 3 6 7 2
89 76 13 2 1 3 5 6 0 7 4
89 76 13 2 0 3 5 4 1 7 6
89 76 13 2 4 7 3 6 5 0 1
89 76 13 5 2 1 6 0 3 7 4
89 76 13 5 2 1 6 3 7 0 4
89 76 13 5 2 0 1 6 4 7 3
89 76 13 3 4 0 1 5 2 6 7
89 76 13 3 0 1 7 4 2 6 5
89 76 13 4 2 3 6 7 0 1 5
89 76 13 4 2 3 0 6 7 1 5
89 76 13 7 2 3 6 5 0 1 4
89 76 13 2 5 0 3 4 6 1 7
89 76 13 0 4 3 6 5 1 2 7
89 76 13 4 3 0 6 5 1 2 7
89 76 13 0 2 5 3 4 6 1 7
89 76 13 6 1 3 0 2 5 7 4
89 76 13 0 5 1 7 3 2 4 6
89 76 13 3 0 1 7 5 2 4 6
89 76 13 3 4 7 0 5 2 6 1
89 76 13 2 5 0 4 6 7 3 1
89 76 13 5 2 0 4 6 3 7 1
89 76 13 0 2 1 4 6 3 7 5
89 77 12 4 0 1 3 6 5 7 2
89 77 12 5 1 0 3 2 6 7 4
89 77 12 4 1 7 3 5 0 6 2
89 77 12 2 0 1 3 6 4 7 5
89 77 12 3 0 4 7 5 2 6 1
89 77 12 2 1 0 6 3 5 7 4
89 77 12 4 2 1 0 3 5 6 7
89 77 12 7 4 1 3 5 6 2 0
89 77 12 7 5 3 4 6 2 0 1
89 77 12 5 1 7 3 6 4 2 0
89 77 12 3 5 4 0 2 7 1 6
89 77 12 2 7 1 4 5 0 6 3
89 77 12 5 2 0 4 6 7 1 3
89 77 12 4 2 6 3 0 5 7 1
89 77 12 2 1 7 0 4 5 6 3
89 77 12 4 2 1 0 5 3 7 6
89 77 12 3 4 1 0 2 5 6 7
89 77 12 2 1 3 6 0 4 7 5
89 78 11 1 0 3 6 2 5 7 4
89 78 11 5 1 3 0 2 7 6 4
89 78 11 2 1 3 7 4 0 5 6
89 78 11 2 1 4 0 5 7 6 3
89 78 11 4 1 6 3 5 7 0 2
89 78 11 3 2 6 1 5 7 0 4
89 78 11 2 6 1 4 5 0 7 3
89 78 11 6 2 3 4 0 1 7 5
89 79 10 2 5 3 1 0 6 7 4
89 79 10 2 0 3 1 6 5 7 4
89 79 10 4 3 1 6 5 2 7 0
89 79 10 7 5 1 3 2 6 4 0
89 79 10 4 7 5 3 2 1 6 0
89 79 10 3 1 7 4 2 5 0 6
89 79 10 3 5 7 1 2 6 0 4
89 79 10 1 3 4 7 5 0 2 6
89 79 10 2 1 4 0 5 3 7 6
89 79 10 2 1 7 4 5 3 0 6
89 79 10 1 7 2 4 5 0 3 6
89 79 10 4 2 1 0 5 6 7 3
89 79 10 0 1 3 2 5 6 7 4
89 79 10 1 2 0 6 5 7 3 4
89 80 9 1 4 5 3 2 7 6 0
89 80 9 6 2 3 4 5 0 7 1
89 80 9 5 1 4 3 6 2 7 0
89 80 9 1 4 2 3 5 7 6 0
89 80 9 4 2 3 6 1 5 7 0
89 80 9 3 0 1 7 2 4 5 6
89 80 9 5 1 3 7 2 0 6 4
89 80 9 1 0 2 3 5 7 6 4
89 80 9 1 0 2 4 6 5 3 7
89 80 9 1 2 4 0 6 5 3 7
89 80 9 3 5 1 0 2 4 6 7
89 81 8 1 3 5 4 2 0 7 6
89 81 8 1 3 5 4 6 2 7 0
89 81 8 1 5 0 7 4 2 6 3
89 81 8 2 3 4 6 5 1 7 0
89 81 8 2 3 7 4 5 1 6 0
89 81 8 2 1 7 3 5 6 4 0
89 82 7 1 2 7 3 5 6 0 4
89 82 7 0 2 3 4 5 6 7 1
89 83 6 1 2 3 4 6 0 7 5
89 83 6 4 1 2 3 5 6 7 0
89 83 6 1 2 6 4 5 7 3 0
89 84 5 1 2 4 3 5 7 6 0
89 84 5 1 2 3 4 5 0 6 7
90 72 18 6 4 5 0 3 2 7 1
90 73 17 3 0 1 2 4 5 7 6
90 73 17 6 0 1 3 4 5 7 2
90 73 17 6 4 1 0 3 5 7 2
90 74 16 0 6 1 3 4 2 7 5
90 74 16 6 4 0 1 3 2 7 5
90 74 16 2 5 7 1 3 0 6 4
90 74 16 0 4 7 3 6 5 2 1
90 74 16 0 5 1 3 7 4 2 6
90 74 16 2 4 1 0 3 7 6 5
90 74 16 4 0 3 7 1 5 2 6
90 74 16 2 4 3 5 0 7 1 6
90 75 15 2 0 1 6 4 5 7 3
90 75 15 6 5 1 4 0 3 2 7
90 75 15 6 0 5 4 3 2 1 7
90 75 15 7 4 1 3 5 0 6 2
90 75 15 4 5 1 0 6 3 2 7
90 75 15 4 1 7 5 0 2 3 6
90 75 15 2 1 7 3 4 0 6 5
90 75 15 5 2 1 7 3 6 0 4
90 75 15 4 1 0 6 2 5 3 7
90 75 15 4 1 0 2 6 5 7 3
90 76 14 6 4 7 3 2 5 0 1
90 76 14 6 5 0 7 3 2 1 4
90 76 14 4 1 0 6 3 5 2 7
90 76 14 5 2 1 7 6 4 0 3
90 76 14 3 4 1 5 0 2 6 7
90 76 14 0 2 3 6 4 7 1 5
90 76 14 0 1 3 6 4 5 2 7
90 76 14 4 2 5 0 3 6 1 7
90 76 14 3 1 4 5 0 2 7 6
90 76 14 3 4 7 1 0 2 6 5
90 76 14 4 2 5 0 6 7 1 3
90 76 14 4 2 5 3 0 7 1 6
90 76 14 4 2 0 3 6 7 1 5
90 76 14 2 1 3 0 4 7 6 5
90 76 14 5 2 0 4 3 7 6 1
90 76 14 3 2 5 0 7 4 1 6
90 77 13 6 2 3 0 4 5 7 1
90 77 13 0 1 7 3 4 5 6 2
90 77 13 5 0 2 3 6 4 7 1
90 77 13 5 2 7 3 6 4 0 1
90 77 13 3 2 1 0 6 4 7 5
90 77 13 4 2 1 3 6 0 7 5
90 77 13 3 4 6 7 5 2 0 1
90 77 13 5 1 3 7 6 0 2 4
90 77 13 5 1 0 7 6 2 3 4
90 77 13 5 4 1 3 0 6 2 7
90 77 13 3 4 1 0 5 6 2 7
90 77 13 0 1 7 3 5 4 2 6
90 77 13 4 0 1 7 2 5 3 6
90 77 13 4 1 7 0 2 5 3 6
90 77 13 5 3 4 0 6 2 7 1
90 77 13 5 3 7 4 6 2 0 1
90 77 13 0 4 2 3 6 5 1 7
90 77 13 4 5 2 3 6 0 1 7
90 77 13 5 1 7 0 6 2 4 3
90 77 13 5 1 7 3 0 2 4 6
90 77 13 0 2 1 3 4 6 5 7
90 77 13 6 3 1 0 5 2 7 4
90 77 13 4 0 6 3 5 2 7 1
90 77 13 5 1 0 4 2 7 3 6
90 77 13 7 3 5 4 0 2 1 6
90 77 13 2 0 3 6 1 5 7 4
90 77 13 6 5 3 7 0 2 1 4
90 77 13 3 5 6 7 0 2 1 4
90 77 13 3 4 1 7 0 5 6 2
90 77 13 3 4 0 7 2 5 6 1
90 77 13 0 1 3 6 5 4 7 2
90 78 12 5 4 1 7 0 2 6 3
90 78 12 1 0 7 3 4 5 2 6
90 78 12 5 1 0 4 2 7 6 3
90 78 12 0 4 3 1 5 2 7 6
90 78 12 4 3 0 1 5 2 7 6
90 78 12 4 6 1 3 5 2 0 7
90 78 12 3 5 1 4 0 6 2 7
90 78 12 3 0 1 4 6 5 2 7
90 78 12 4 2 3 5 0 1 7 6
90 78 12 4 2 3 5 1 7 0 6
90 78 12 6 3 4 1 5 2 7 0
90 78 12 2 3 4 1 5 0 7 6
90 78 12 0 3 4 7 5 2 1 6
90 78 12 4 2 6 1 5 0 7 3
90 78 12 6 1 3 4 2 7 0 5
90 78 12 5 3 1 4 2 0 7 6
90 78 12 2 1 0 7 4 5 3 6
90 78 12 4 2 1 0 5 7 3 6
90 78 12 5 3 0 4 2 1 7 6
90 78 12 6 5 3 4 1 2 0 7
90 78 12 0 6 5 7 4 2 1 3
90 78 12 6 2 5 7 4 0 1 3
90 78 12 3 0 2 1 5 7 6 4
90 78 12 6 5 0 3 2 4 1 7
90 78 12 4 5 0 7 2 6 1 3
90 78 12 2 1 4 3 0 5 7 6
90 78 12 1 3 5 6 0 2 7 4
90 79 11 3 0 5 7 6 2 4 1
90 79 11 4 3 7 5 1 2 0 6
90 79 11 2 5 3 1 6 7 0 4
90 79 11 1 0 3 2 4 5 7 6
90 79 11 3 4 5 6 2 7 1 0
90 79 11 6 5 1 7 2 4 0 3
90 79 11 0 3 5 7 6 2 1 4
90 79 11 5 1 3 4 6 0 7 2
90 79 11 3 1 6 7 5 2 0 4
90 79 11 3 0 7 1 2 5 6 4
90 79 11 5 1 6 7 4 2 0 3
90 79 11 3 5 0 7 6 4 1 2
90 79 11 1 3 7 4 0 5 2 6
90 79 11 1 0 7 4 5 3 2 6
90 79 11 0 1 2 4 5 7 3 6
90 79 11 4 2 1 3 0 6 7 5
90 79 11 4 2 0 3 5 6 7 1
90 79 11 2 1 3 7 5 6 0 4
90 80 10 6 2 3 4 1 0 7 5
90 80 10 3 5 1 4 2 6 7 0
90 80 10 3 2 1 6 5 7 4 0
90 80 10 1 4 5 3 2 0 7 6
90 80 10 5 3 1 7 0 2 6 4
90 80 10 6 2 1 3 5 7 4 0
90 80 10 4 2 0 3 5 1 7 6
90 80 10 3 5 1 7 0 4 6 2
90 80 10 3 5 0 7 2 4 6 1
90 80 10 1 3 0 7 4 2 6 5
90 81 9 3 5 1 7 4 6 2 0
90 81 9 1 5 3 4 2 7 6 0
90 81 9 6 1 4 3 5 2 7 0
90 81 9 2 5 3 1 6 4 7 0
90 81 9 1 3 4 5 2 0 7 6
90 81 9 3 1 7 5 4 2 0 6
90 81 9 3 4 7 1 2 5 6 0
90 81 9 1 0 3 7 4 2 6 5
90 81 9 0 5 1 7 2 4 6 3
90 81 9 3 2 0 1 5 6 7 4
90 81 9 6 2 3 4 1 5 0 7
90 81 9 1 2 3 6 4 5 0 7
90 82 8 3 1 2 7 4 5 6 0
90 82 8 2 5 3 4 1 6 0 7
90 82 8 2 1 3 4 0 6 7 5
90 83 7 1 5 3 7 6 2 4 0
90 84 6 7 2 3 4 5 1 6 0
90 84 6 3 5 7 1 2 4 6 0
90 84 6 1 3 5 7 0 4 2 6
91 73 18 6 4 1 2 0 5 7 3
91 73 18 7 5 1 6 3 2 0 4
91 74 17 6 4 1 7 3 2 0 5
91 74 17 0 5 1 2 4 3 7 6
91 74 17 4 5 6 7 3 0 2 1
91 74 17 2 6 5 3 4 0 7 1
91 75 16 6 5 4 0 3 2 1 7
91 75 16 0 4 1 2 6 5 7 3
91 75 16 2 4 1 6 0 5 7 3
91 75 16 2 4 1 7 6 5 0 3
91 75 16 4 1 7 6 2 5 0 3
91 75 16 2 1 0 6 4 5 7 3
91 76 15 6 0 4 3 2 5 7 1
91 76 15 6 4 3 0 2 5 7 1
91 76 15 5 0 1 2 3 4 7 6
91 76 15 6 5 1 7 3 0 2 4
91 76 15 6 2 0 1 4 5 7 3
91 76 15 6 2 1 7 4 5 0 3
91 76 15 4 0 3 7 5 2 1 6
91 76 15 0 4 1 7 3 2 6 5
91 76 15 4 1 7 0 6 5 2 3
91 76 15 4 0 3 6 1 5 2 7
91 76 15 4 0 5 3 2 6 1 7
91 76 15 3 5 1 0 7 2 4 6
91 76 15 0 2 5 3 6 7 1 4
91 76 15 5 0 1 4 2 6 7 3
91 76 15 3 5 1 6 0 4 7 2
91 76 15 3 5 0 6 2 4 7 1
91 76 15 4 3 5 0 7 2 1 6
91 76 15 0 3 4 6 5 2 7 1
91 76 15 0 3 7 4 5 2 6 1
91 77 14 6 5 7 1 3 2 0 4
91 77 14 4 2 5 6 3 0 1 7
91 77 14 0 5 7 1 4 3 2 6
91 77 14 6 4 5 1 3 2 0 7
91 77 14 3 4 1 0 6 5 7 2
91 77 14 5 1 6 0 3 2 7 4
91 77 14 5 1 3 6 4 0 2 7
91 77 14 7 5 3 0 6 2 1 4
91 77 14 7 5 3 4 0 2 1 6
91 77 14 4 2 1 0 3 6 5 7
91 77 14 6 3 1 4 0 2 7 5
91 77 14 6 3 0 4 5 2 7 1
91 77 14 4 5 3 1 0 7 6 2
91 77 14 0 5 3 1 2 7 6 4
91 77 14 2 1 0 3 4 5 6 7
91 77 14 0 4 1 7 2 5 6 3
91 77 14 2 1 0 6 5 4 7 3
91 78 13 4 3 1 7 5 0 2 6
91 78 13 4 1 7 5 6 2 0 3
91 78 13 6 2 5 4 3 0 7 1
91 78 13 6 5 7 4 3 2 1 0
91 78 13 5 0 3 7 6 2 1 4
91 78 13 4 1 6 3 2 5 0 7
91 78 13 2 5 1 6 3 7 4 0
91 78 13 4 7 3 0 5 1 2 6
91 78 13 4 5 6 1 2 7 3 0
91 78 13 5 7 1 4 2 0 6 3
91 78 13 4 0 3 1 2 5 7 6
91 78 13 5 0 3 1 4 2 7 6
91 78 13 6 5 3 4 2 0 1 7
91 78 13 6 5 3 4 7 2 1 0
91 78 13 6 0 3 4 5 2 1 7
91 78 13 3 0 5 4 6 2 1 7
91 78 13 2 0 5 3 4 6 7 1
91 78 13 6 1 3 7 5 0 2 4
91 78 13 6 1 0 7 5 2 3 4
91 78 13 3 5 0 1 6 2 4 7
91 78 13 5 3 0 1 6 2 7 4
91 78 13 5 1 6 3 2 7 0 4
91 78 13 5 3 4 1 0 2 7 6
91 78 13 3 2 4 7 5 0 1 6
91 78 13 5 2 1 4 7 0 6 3
91 78 13 6 0 3 4 2 1 7 5
91 78 13 2 7 1 3 0 5 6 4
91 78 13 4 0 2 1 5 7 3 6
91 78 13 0 5 3 4 2 1 7 6
91 78 13 2 4 1 6 3 5 0 7
91 78 13 6 5 1 3 2 0 4 7
91 78 13 2 1 7 4 3 0 5 6
91 78 13 6 2 0 4 5 1 7 3
91 79 12 7 5 1 4 2 6 0 3
91 79 12 0 2 5 4 3 6 7 1
91 79 12 6 5 1 7 2 0 3 4
91 79 12 3 5 4 7 6 2 0 1
91 79 12 4 1 6 7 5 2 3 0
91 79 12 4 2 3 0 6 7 5 1
91 79 12 7 2 1 4 0 5 6 3
91 79 12 2 5 1 3 0 6 4 7
91 79 12 2 0 1 3 6 5 4 7
91 79 12 2 5 3 0 6 4 1 7
91 79 12 2 0 5 1 3 6 7 4
91 79 12 3 4 0 5 2 7 1 6
91 79 12 3 4 5 1 2 7 0 6
91 79 12 3 1 4 0 2 5 7 6
91 79 12 6 5 0 1 2 4 7 3
91 79 12 2 5 3 4 7 0 1 6
91 79 12 4 2 0 3 7 6 1 5
91 79 12 3 2 5 7 6 0 1 4
91 79 12 1 4 5 3 6 0 2 7
91 79 12 1 4 0 3 6 2 5 7
91 79 12 2 5 1 4 6 0 3 7
91 79 12 2 5 0 4 6 3 1 7
91 79 12 6 4 3 1 5 2 0 7
91 79 12 3 5 7 1 0 2 4 6
91 79 12 3 5 1 7 6 0 4 2
91 79 12 2 1 3 5 0 6 7 4
91 80 11 1 5 6 4 3 2 7 0
91 80 11 3 5 1 6 2 7 4 0
91 80 11 4 2 3 5 1 7 6 0
91 80 11 1 4 3 5 0 2 7 6
91 80 11 3 5 1 2 4 7 6 0
91 80 11 4 7 1 3 5 6 0 2
91 80 11 6 2 4 3 5 0 1 7
91 80 11 6 4 3 7 5 2 1 0
91 80 11 0 6 3 4 5 2 7 1
91 80 11 5 1 7 4 6 2 3 0
91 80 11 4 7 2 3 5 6 0 1
91 80 11 5 2 1 3 7 6 0 4
91 80 11 4 5 1 7 2 3 0 6
91 80 11 5 3 7 4 1 2 0 6
91 80 11 1 4 5 7 6 2 0 3
91 80 11 6 2 4 3 5 7 0 1
91 80 11 4 3 1 7 5 2 6 0
91 80 11 3 0 4 7 2 5 1 6
91 80 11 0 2 3 6 1 5 7 4
91 81 10 7 0 5 3 2 4 1 6
91 81 10 2 5 1 7 6 4 3 0
91 81 10 1 0 4 3 6 2 7 5
91 81 10 1 4 3 0 6 2 7 5
91 81 10 1 3 4 5 6 2 7 0
91 81 10 3 1 5 0 4 2 7 6
91 81 10 1 0 3 4 7 2 6 5
91 82 9 3 4 5 7 6 2 1 0
91 82 9 1 6 4 3 5 2 7 0
91 82 9 1 4 2 3 6 5 7 0
91 82 9 3 5 7 4 1 2 6 0
91 82 9 1 0 3 2 5 4 7 6
91 82 9 2 1 4 6 5 7 3 0
91 82 9 3 4 5 7 2 0 1 6
91 82 9 3 1 2 7 5 4 0 6
91 82 9 1 5 3 4 2 7 0 6
91 82 9 5 1 3 4 0 6 2 7
91 82 9 1 0 2 3 6 5 7 4
91 82 9 1 2 7 3 6 5 0 4
91 82 9 5 2 1 4 3 6 0 7
91 82 9 0 1 3 4 5 6 7 2
91 83 8 1 2 6 4 5 0 7 3
91 85 6 1 3 6 4 5 2 7 0
91 85 6 2 3 5 7 4 1 6 0
91 85 6 1 2 3 4 7 6 5 0
91 86 5 1 2 4 3 6 5 7 0
91 86 5 1 3 7 5 4 2 6 0
92 73 19 4 5 1 6 7 2 0 3
92 74 18 4 5 7 0 3 6 2 1
92 75 17 0 5 1 7 6 3 2 4
92 75 17 4 1 7 2 0 5 6 3
92 76 16 6 5 1 2 3 4 7 0
92 76 16 0 4 1 6 3 5 2 7
92 76 16 0 2 1 5 6 4 7 3
92 76 16 5 2 1 6 0 4 7 3
92 76 16 0 1 7 3 6 5 2 4
92 76 16 6 1 0 4 2 5 7 3
92 76 16 0 4 7 1 5 2 6 3
92 76 16 0 5 1 6 2 4 7 3
92 77 15 6 0 5 1 3 2 7 4
92 77 15 5 0 7 4 3 2 1 6
92 77 15 6 0 2 3 4 5 7 1
92 77 15 6 2 7 3 4 5 0 1
92 77 15 4 5 7 1 6 3 2 0
92 77 15 5 4 1 3 6 0 7 2
92 77 15 5 6 1 3 2 0 7 4
92 77 15 5 1 7 6 3 2 0 4
92 77 15 5 1 0 6 4 2 3 7
92 77 15 4 2 1 7 0 5 6 3
92 77 15 5 0 7 3 1 4 2 6
92 77 15 5 1 7 0 3 4 2 6
92 77 15 5 1 0 3 6 2 4 7
92 77 15 0 5 6 7 4 2 1 3
92 78 14 4 1 0 7 5 3 2 6
92 78 14 4 1 5 0 6 2 7 3
92 78 14 2 4 5 1 0 3 7 6
92 78 14 2 4 5 1 3 7 0 6
92 78 14 4 1 2 7 3 5 0 6
92 78 14 4 0 1 3 2 5 6 7
92 78 14 4 0 2 6 5 7 1 3
92 78 14 4 2 5 6 0 3 7 1
92 78 14 4 2 5 6 3 7 0 1
92 78 14 2 0 1 6 5 3 7 4
92 78 14 6 1 7 3 4 5 2 0
92 78 14 2 5 0 1 4 6 7 3
92 78 14 2 5 1 4 7 0 6 3
92 78 14 4 5 0 3 7 6 1 2
92 78 14 4 6 1 3 0 5 2 7
92 78 14 3 5 4 0 6 2 1 7
92 78 14 3 2 5 0 4 6 7 1
92 78 14 5 3 1 0 4 2 7 6
92 78 14 6 5 3 0 1 2 7 4
92 78 14 0 1 4 2 3 5 7 6
92 78 14 2 5 1 0 6 7 3 4
92 78 14 2 5 1 4 0 7 3 6
92 79 13 4 2 7 3 1 0 6 5
92 79 13 6 5 4 1 3 2 7 0
92 79 13 2 5 7 3 4 6 0 1
92 79 13 7 0 1 4 2 5 6 3
92 79 13 3 0 4 6 5 2 1 7
92 79 13 4 2 0 5 3 6 7 1
92 79 13 3 5 7 0 6 2 4 1
92 79 13 0 3 5 6 4 2 1 7
92 79 13 5 7 1 3 2 6 0 4
92 79 13 6 1 3 2 4 5 7 0
92 79 13 0 1 6 4 5 2 3 7
92 79 13 3 4 7 6 5 2 1 0
92 79 13 7 0 1 4 5 2 6 3
92 79 13 2 0 5 3 6 4 1 7
92 79 13 4 3 1 7 5 2 0 6
92 79 13 7 5 0 3 2 6 1 4
92 79 13 2 5 7 1 3 6 0 4
92 79 13 5 0 2 4 3 7 1 6
92 79 13 5 2 4 0 3 7 1 6
92 79 13 5 2 1 6 3 4 0 7
92 79 13 5 4 1 0 2 7 6 3
92 79 13 0 2 4 1 5 7 3 6
92 80 12 4 5 1 3 0 6 7 2
92 80 12 6 1 3 5 2 0 7 4
92 80 12 6 0 5 7 4 2 3 1
92 80 12 6 5 1 7 0 2 4 3
92 80 12 2 5 1 3 7 6 0 4
92 80 12 4 2 1 6 5 0 3 7
92 80 12 0 6 3 4 1 2 7 5
92 80 12 2 0 4 1 3 5 7 6
92 80 12 3 5 0 1 4 7 6 2
92 80 12 7 1 0 3 2 5 6 4
92 80 12 3 5 0 1 2 6 7 4
92 80 12 3 4 5 0 2 7 6 1
92 80 12 2 0 5 1 4 7 6 3
92 80 12 3 2 0 6 5 7 1 4
92 80 12 2 1 7 3 0 4 5 6
92 80 12 7 2 1 3 4 5 6 0
92 80 12 1 0 5 3 4 2 7 6
92 80 12 6 2 4 3 0 5 7 1
92 80 12 3 4 1 7 0 2 5 6
92 80 12 3 4 7 0 2 5 1 6
92 80 12 3 0 2 1 6 5 7 4
92 80 12 3 2 7 1 6 5 0 4
92 80 12 6 2 0 3 5 7 1 4
92 81 11 2 5 3 4 0 7 6 1
92 81 11 7 4 5 3 2 1 0 6
92 81 11 4 1 3 5 2 0 6 7
92 81 11 0 1 3 5 4 2 6 7
92 81 11 3 2 4 6 5 0 7 1
92 81 11 3 2 5 4 6 0 7 1
92 81 11 5 2 3 6 4 7 1 0
92 81 11 6 1 7 4 5 2 3 0
92 81 11 4 2 7 1 6 5 3 0
92 81 11 3 2 1 7 5 6 0 4
92 81 11 5 2 1 7 0 4 6 3
92 81 11 3 5 1 4 2 6 0 7
92 81 11 4 1 3 7 2 6 0 5
92 81 11 2 1 3 7 5 0 4 6
92 81 11 2 1 0 7 5 4 3 6
92 81 11 1 0 5 4 6 2 3 7
92 81 11 2 3 7 4 5 0 1 6
92 81 11 2 1 7 0 5 4 6 3
92 81 11 6 2 3 0 1 5 7 4
92 81 11 3 5 1 0 2 6 4 7
92 82 10 4 2 3 6 5 0 1 7
92 82 10 5 2 1 7 3 4 6 0
92 82 10 5 4 3 1 6 2 7 0
92 82 10 3 5 0 7 1 2 6 4
92 82 10 1 2 3 6 4 0 7 5
92 82 10 4 7 2 3 5 1 6 0
92 82 10 2 5 1 7 4 6 3 0
92 82 10 1 2 7 3 0 5 6 4
92 82 10 2 5 3 0 1 6 7 4
92 83 9 1 4 3 6 5 2 7 0
92 83 9 3 2 1 4 5 0 6 7
92 83 9 5 2 3 4 1 7 6 0
92 83 9 1 3 0 4 6 2 7 5
92 83 9 3 5 7 0 2 4 1 6
92 84 8 2 3 5 1 4 7 6 0
92 84 8 1 3 7 4 2 5 0 6
92 84 8 2 3 0 4 5 6 7 1
92 84 8 2 1 3 4 0 6 5 7
92 84 8 1 3 0 4 5 7 6 2
92 84 8 1 7 3 4 5 0 6 2
92 85 7 1 2 3 7 4 5 6 0
92 85 7 3 2 5 7 1 4 6 0
92 85 7 0 3 5 7 2 4 1 6
92 87 5 1 3 5 7 2 0 6 4
92 89 3 1 2 3 4 5 6 7 0