0 0 0 4 5 1 3 0 2 7 6
8 0 8 4 5 1 3 2 0 7 6
8 0 8 0 5 1 3 4 2 7 6
8 0 8 4 5 1 3 6 2 7 0
9 0 9 4 0 1 3 5 2 7 6
10 0 10 4 5 1 0 3 2 7 6
15 9 6 4 2 1 3 5 0 7 6
16 8 8 4 5 1 3 2 7 0 6
16 8 8 4 0 1 3 2 5 7 6
16 8 8 5 0 1 3 4 2 7 6
16 8 8 4 5 1 0 6 2 7 3
16 9 7 0 4 1 3 5 2 7 6
16 9 7 4 1 0 3 5 2 7 6
17 8 9 3 5 1 0 4 2 7 6
17 8 9 6 5 1 3 4 2 7 0
17 8 9 4 5 1 3 6 2 0 7
17 10 7 4 5 1 6 3 2 7 0
18 8 10 2 5 1 3 4 0 7 6
18 8 10 4 5 0 3 6 2 7 1
18 8 10 0 5 1 3 6 2 7 4
18 10 8 4 5 0 1 3 2 7 6
18 10 8 0 5 1 4 3 2 7 6
20 10 10 4 5 1 7 3 2 0 6
22 15 7 4 2 1 3 0 5 7 6
22 15 7 4 2 1 3 5 7 0 6
22 16 6 4 5 1 3 2 7 6 0
22 16 6 4 1 3 0 5 2 7 6
23 16 7 5 2 1 3 4 0 7 6
24 16 8 4 5 0 3 2 7 1 6
24 16 8 0 4 1 3 2 5 7 6
24 16 8 4 1 0 3 2 5 7 6
24 16 8 5 1 0 3 4 2 7 6
24 16 8 4 5 0 1 6 2 7 3
24 16 8 0 5 1 4 6 2 7 3
24 16 8 5 4 1 3 0 2 7 6
24 16 8 3 4 1 0 5 2 7 6
24 16 8 6 4 1 3 5 2 7 0
24 16 8 4 1 7 3 5 2 0 6
24 17 7 3 5 1 6 4 2 7 0
25 16 9 2 4 1 3 5 0 7 6
25 17 8 3 5 0 1 4 2 7 6
25 17 8 6 5 1 0 4 2 7 3
25 18 7 4 5 3 0 6 2 7 1
25 18 7 5 0 1 4 3 2 7 6
25 18 7 3 5 1 4 0 2 7 6
26 16 10 4 5 1 6 0 2 7 3
26 16 10 4 5 1 7 6 2 0 3
26 17 9 6 5 1 3 4 2 0 7
26 17 9 6 5 1 3 0 2 7 4
26 17 9 4 5 1 3 6 0 2 7
26 17 9 4 5 0 3 6 2 1 7
26 17 9 4 5 1 6 3 2 0 7
26 18 8 2 5 1 3 0 4 7 6
26 18 8 2 0 1 3 4 5 7 6
26 18 8 4 0 5 3 6 2 7 1
26 18 8 5 0 1 3 6 2 7 4
26 18 8 4 0 5 1 3 2 7 6
26 18 8 6 5 1 4 3 2 7 0
26 20 6 4 5 1 7 3 2 6 0
27 17 10 3 5 1 7 4 2 0 6
27 17 10 6 5 0 3 4 2 7 1
27 17 10 4 5 0 6 3 2 7 1
27 17 10 0 5 1 6 3 2 7 4
27 18 9 2 5 1 3 4 7 0 6
27 18 9 4 5 7 3 6 2 0 1
27 18 9 3 5 1 0 6 2 7 4
27 18 9 4 5 7 1 3 2 0 6
27 18 9 2 5 1 4 3 0 7 6
27 22 5 4 1 3 6 5 2 7 0
28 18 10 2 5 1 3 6 0 7 4
28 20 8 4 5 1 7 3 0 2 6
28 20 8 4 5 0 7 3 2 1 6
28 22 6 4 2 1 3 5 7 6 0
28 22 6 0 1 3 4 5 2 7 6
29 22 7 0 2 1 3 4 5 7 6
29 22 7 4 2 1 3 6 5 7 0
29 22 7 4 2 0 3 5 7 1 6
29 22 7 4 5 1 0 2 7 6 3
30 23 7 5 2 1 3 0 4 7 6
30 24 6 3 4 1 6 5 2 7 0
31 22 9 4 2 1 0 3 5 7 6
31 22 9 4 5 1 3 0 7 6 2
31 22 9 4 5 0 3 2 7 6 1
31 22 9 0 5 1 3 2 7 6 4
31 22 9 4 1 3 5 0 2 7 6
31 22 9 4 1 3 7 5 2 0 6
31 23 8 5 2 1 3 4 7 0 6
31 24 7 4 0 5 3 2 7 1 6
31 24 7 4 1 3 0 2 5 7 6
31 24 7 5 1 3 0 4 2 7 6
31 24 7 5 0 1 4 6 2 7 3
31 24 7 6 5 1 4 0 2 7 3
31 24 7 3 4 0 1 5 2 7 6
31 24 7 6 4 1 0 5 2 7 3
31 24 7 4 1 7 3 5 2 6 0
31 25 6 4 5 3 1 6 2 7 0
31 25 6 5 2 1 4 3 0 7 6
32 24 8 4 5 3 0 2 7 1 6
32 24 8 2 4 1 3 0 5 7 6
32 24 8 4 1 7 3 2 5 0 6
32 24 8 4 0 5 1 6 2 7 3
32 24 8 3 5 1 4 6 2 7 0
32 24 8 5 4 1 3 2 0 7 6
32 24 8 5 4 1 3 6 2 7 0
32 24 8 6 4 1 3 5 2 0 7
32 24 8 4 1 7 3 5 0 2 6
32 25 7 2 0 1 3 5 4 7 6
32 25 7 0 5 3 4 6 2 7 1
32 25 7 5 1 0 4 3 2 7 6
32 25 7 3 5 1 4 2 0 7 6
32 28 4 1 0 3 4 5 2 7 6
33 24 9 3 4 1 0 2 5 7 6
33 24 9 6 4 1 3 2 5 7 0
33 24 9 5 1 7 3 4 2 0 6
33 24 9 4 5 7 1 6 2 0 3
33 24 9 2 5 1 4 6 0 7 3
33 24 9 6 4 1 3 0 2 7 5
33 24 9 6 4 0 3 5 2 7 1
33 24 9 3 5 1 6 4 2 0 7
33 24 9 3 5 1 6 0 2 7 4
33 25 8 2 4 1 3 5 7 0 6
33 25 8 3 0 5 1 4 2 7 6
33 25 8 6 5 0 1 4 2 7 3
33 25 8 3 0 1 4 5 2 7 6
33 26 7 4 5 1 7 6 2 3 0
33 26 7 0 5 1 3 2 4 7 6
33 26 7 4 2 5 3 6 0 7 1
33 26 7 5 2 1 3 6 0 7 4
33 26 7 4 2 5 1 3 0 7 6
33 27 6 3 5 1 7 4 2 6 0
34 24 10 5 4 1 0 3 2 7 6
34 24 10 3 4 1 5 0 2 7 6
34 24 10 3 4 1 7 5 2 0 6
34 24 10 3 5 0 6 4 2 7 1
34 24 10 0 5 1 6 4 2 7 3
34 25 9 3 5 7 1 4 2 0 6
34 25 9 4 5 3 6 0 2 7 1
34 26 8 4 5 1 6 2 0 7 3
34 26 8 4 5 1 7 6 0 2 3
34 26 8 4 5 0 7 6 2 1 3
34 26 8 6 5 1 3 2 0 7 4
34 26 8 4 5 1 3 0 6 2 7
34 26 8 4 0 5 3 6 2 1 7
34 26 8 4 5 3 0 6 2 1 7
34 26 8 2 5 1 3 6 4 7 0
34 26 8 2 1 0 3 4 5 7 6
34 26 8 0 4 5 3 6 2 7 1
34 26 8 5 1 0 3 6 2 7 4
34 26 8 0 4 5 1 3 2 7 6
34 26 8 6 5 1 4 3 2 0 7
34 26 8 6 5 1 0 3 2 7 4
34 26 8 4 5 1 0 3 2 6 7
34 26 8 4 5 1 7 0 2 6 3
34 27 7 6 5 3 0 4 2 7 1
34 27 7 2 5 1 3 4 7 6 0
34 27 7 4 5 7 1 3 2 6 0
34 27 7 2 5 1 4 0 3 7 6
34 27 7 2 0 1 4 3 5 7 6
34 27 7 4 1 3 6 5 2 0 7
34 28 6 5 1 3 4 0 2 7 6
34 28 6 6 1 3 4 5 2 7 0
35 25 10 6 5 1 7 4 2 0 3
35 25 10 4 5 3 7 6 2 0 1
35 26 9 4 0 1 6 5 2 7 3
35 26 9 6 5 1 3 4 0 2 7
35 26 9 6 5 0 3 4 2 1 7
35 26 9 6 0 1 3 5 2 7 4
35 26 9 4 0 1 3 6 5 2 7
35 26 9 4 5 1 6 3 0 2 7
35 26 9 4 5 0 6 3 2 1 7
35 26 9 6 5 0 4 3 2 7 1
35 26 9 4 5 0 7 3 2 6 1
35 26 9 0 5 1 7 3 2 6 4
35 27 8 3 5 1 7 4 0 2 6
35 27 8 3 5 0 7 4 2 1 6
35 27 8 6 0 5 3 4 2 7 1
35 27 8 4 0 5 6 3 2 7 1
35 27 8 4 5 6 0 3 2 7 1
35 27 8 5 0 1 6 3 2 7 4
35 27 8 4 5 7 3 6 2 1 0
35 27 8 3 5 0 1 6 2 7 4
35 27 8 2 5 1 4 3 7 0 6
35 27 8 4 1 3 6 0 2 7 5
35 27 8 0 1 3 6 5 2 7 4
35 28 7 2 5 1 3 0 6 7 4
35 28 7 4 0 5 7 3 2 1 6
35 28 7 4 2 1 0 5 7 6 3
35 28 7 2 1 3 4 5 0 7 6
35 29 6 4 2 3 0 5 7 1 6
35 32 3 1 2 3 4 5 0 7 6
36 26 10 2 5 1 0 3 4 7 6
36 27 9 6 5 7 3 4 2 0 1
36 27 9 4 5 7 6 3 2 0 1
36 27 9 2 5 0 3 4 7 1 6
36 27 9 4 5 7 3 6 0 2 1
36 27 9 4 5 7 1 3 0 2 6
36 27 9 4 1 0 6 5 2 7 3
36 28 8 2 0 1 3 6 5 7 4
36 28 8 4 5 1 7 0 3 2 6
36 28 8 4 0 1 7 3 5 2 6
36 29 7 4 2 1 0 6 5 7 3
36 29 7 4 5 0 1 2 7 6 3
36 30 6 0 2 1 3 5 4 7 6
37 27 10 2 5 1 6 3 0 7 4
37 27 10 3 5 1 7 6 2 0 4
37 28 9 2 5 1 3 6 7 0 4
37 28 9 4 5 7 0 3 2 1 6
37 28 9 4 2 1 3 0 7 6 5
37 28 9 4 2 0 3 5 7 6 1
37 28 9 0 2 1 3 5 7 6 4
37 29 8 3 2 1 0 4 5 7 6
37 29 8 6 2 1 3 4 5 7 0
37 29 8 4 2 1 3 6 5 0 7
37 29 8 4 0 2 3 5 7 1 6
37 29 8 0 5 1 4 2 7 6 3
37 30 7 5 2 1 3 6 4 7 0
37 31 6 4 2 1 6 3 5 7 0
37 31 6 4 0 5 3 2 7 6 1
37 31 6 4 1 3 7 5 2 6 0
37 31 6 4 1 3 6 2 5 7 0
37 31 6 5 1 3 6 4 2 7 0
37 31 6 5 2 1 4 6 0 7 3
37 31 6 5 2 1 4 0 3 7 6
37 32 5 1 3 0 4 5 2 7 6
38 29 9 4 2 0 3 6 5 7 1
38 29 9 0 2 1 3 6 5 7 4
38 30 8 3 4 1 6 5 2 0 7
38 31 7 4 2 0 1 3 5 7 6
38 31 7 0 2 1 4 3 5 7 6
38 31 7 4 5 3 0 2 7 6 1
38 31 7 5 0 1 3 2 7 6 4
38 31 7 4 1 3 5 2 0 7 6
38 31 7 0 1 3 5 4 2 7 6
38 31 7 4 1 3 5 6 2 7 0
38 31 7 4 1 3 7 5 0 2 6
38 31 7 5 2 1 3 4 7 6 0
38 31 7 0 4 5 3 2 7 1 6
38 31 7 4 7 5 3 2 0 1 6
38 31 7 0 1 3 4 2 5 7 6
38 31 7 5 1 0 4 6 2 7 3
38 31 7 6 5 1 4 2 0 7 3
38 31 7 3 0 4 1 5 2 7 6
38 31 7 6 4 0 1 5 2 7 3
38 31 7 5 2 1 4 3 7 0 6
38 32 6 4 1 7 3 2 5 6 0
38 32 6 5 0 3 4 6 2 7 1
38 32 6 6 5 3 4 0 2 7 1
38 32 6 1 5 3 4 6 2 7 0
38 33 5 3 2 1 4 5 0 7 6
39 29 10 4 5 1 2 0 7 6 3
39 29 10 4 5 1 6 2 7 0 3
39 30 9 5 0 1 3 2 4 7 6
39 30 9 5 2 1 0 3 4 7 6
39 30 9 3 4 1 6 0 2 7 5
39 30 9 3 4 0 6 5 2 7 1
39 30 9 0 4 1 6 5 2 7 3
39 31 8 4 5 1 3 7 0 6 2
39 31 8 0 5 1 3 4 7 6 2
39 31 8 4 5 6 3 2 7 0 1
39 31 8 2 5 1 3 0 7 6 4
39 31 8 3 5 1 0 2 7 6 4
39 31 8 4 1 0 7 5 2 3 6
39 31 8 5 2 0 3 4 7 1 6
39 31 8 6 0 1 4 5 2 7 3
39 31 8 3 4 7 1 5 2 0 6
39 31 8 4 1 7 0 5 2 6 3
39 31 8 4 5 3 1 6 2 0 7
39 31 8 4 5 3 1 0 2 7 6
39 32 7 4 5 3 6 2 7 1 0
39 32 7 4 2 5 1 6 0 7 3
39 32 7 2 1 0 3 5 4 7 6
39 32 7 3 0 1 4 2 5 7 6
39 33 6 2 5 1 4 0 6 7 3
39 33 6 6 4 3 0 5 2 7 1
39 33 6 0 3 1 4 5 2 7 6
39 33 6 3 1 0 4 5 2 7 6
39 33 6 4 2 5 3 0 6 7 1
39 33 6 5 2 1 3 0 6 7 4
39 35 4 1 2 3 4 0 5 7 6
39 35 4 1 2 3 4 5 7 0 6
40 31 9 7 5 1 3 2 0 6 4
40 31 9 4 0 3 5 1 2 7 6
40 31 9 4 1 3 2 0 5 7 6
40 31 9 4 1 3 7 2 5 0 6
40 31 9 4 1 7 3 0 2 6 5
40 31 9 0 5 3 1 6 2 7 4
40 32 8 0 5 3 4 2 7 1 6
40 32 8 2 4 1 3 6 5 7 0
40 32 8 4 1 7 3 2 0 5 6
40 32 8 0 4 5 1 6 2 7 3
40 32 8 3 5 1 4 6 2 0 7
40 32 8 5 4 1 3 2 7 0 6
40 32 8 5 4 1 0 6 2 7 3
40 32 8 6 4 1 3 5 0 2 7
40 32 8 6 4 0 3 5 2 1 7
40 32 8 4 0 7 3 5 1 2 6
40 32 8 2 5 3 4 6 0 7 1
40 32 8 5 1 4 0 3 2 7 6
40 32 8 5 1 7 4 3 2 0 6
40 32 8 3 5 1 4 2 7 0 6
40 33 7 3 4 1 6 2 5 7 0
40 33 7 5 1 7 3 4 2 6 0
40 33 7 2 0 1 4 6 5 7 3
40 33 7 6 0 4 3 5 2 7 1
40 33 7 2 4 1 3 5 7 6 0
40 33 7 0 3 5 1 4 2 7 6
40 33 7 3 2 5 1 4 0 7 6
40 33 7 4 2 5 1 0 3 7 6
40 34 6 3 4 1 7 5 2 6 0
40 34 6 4 5 1 7 2 0 6 3
40 34 6 6 5 3 1 4 2 7 0
40 34 6 5 1 3 4 2 0 7 6
40 34 6 5 1 3 4 6 2 7 0
40 34 6 6 1 3 4 5 2 0 7
40 34 6 6 1 3 0 5 2 7 4
40 35 5 1 0 3 6 5 2 7 4
40 35 5 2 0 3 4 5 1 7 6
40 35 5 4 2 3 6 5 7 1 0
41 31 10 4 2 1 7 3 5 0 6
41 31 10 4 0 1 3 5 7 6 2
41 31 10 4 5 1 0 3 7 6 2
41 31 10 5 1 3 7 4 2 0 6
41 31 10 6 4 1 5 0 2 7 3
41 31 10 6 4 1 7 5 2 0 3
41 31 10 4 1 0 3 5 2 6 7
41 31 10 0 1 7 3 5 2 6 4
41 32 9 3 5 0 4 6 2 7 1
41 32 9 5 4 1 3 6 2 0 7
41 32 9 4 1 7 3 0 5 2 6
41 33 8 3 4 0 1 2 5 7 6
41 33 8 6 4 1 3 2 5 0 7
41 33 8 6 4 1 0 2 5 7 3
41 33 8 4 5 7 1 6 2 3 0
41 33 8 2 5 1 4 6 7 0 3
41 33 8 6 4 1 3 2 0 7 5
41 33 8 0 4 1 3 6 2 7 5
41 33 8 6 4 7 3 5 2 0 1
41 33 8 3 5 1 6 2 0 7 4
41 33 8 2 4 0 3 5 7 1 6
41 33 8 6 0 5 1 4 2 7 3
41 33 8 3 5 1 0 2 4 7 6
41 33 8 6 5 1 3 2 4 7 0
41 33 8 4 2 5 3 6 7 0 1
41 33 8 5 2 1 3 6 7 0 4
41 33 8 4 2 5 1 3 7 0 6
41 33 8 3 5 1 0 4 2 6 7
41 33 8 3 5 1 7 0 2 6 4
41 34 7 5 4 1 6 3 2 7 0
41 34 7 3 5 7 1 4 2 6 0
41 34 7 4 5 3 6 2 0 7 1
41 34 7 0 5 3 6 4 2 7 1
41 34 7 4 5 3 6 1 2 7 0
41 34 7 4 0 5 7 6 2 1 3
41 34 7 4 5 3 7 6 2 1 0
41 34 7 2 1 3 0 4 5 7 6
41 34 7 5 1 3 0 6 2 7 4
41 34 7 0 5 1 7 4 2 6 3
41 34 7 0 5 1 4 2 3 7 6
41 34 7 2 5 1 4 6 3 7 0
41 34 7 2 1 0 4 3 5 7 6
41 34 7 4 1 3 6 5 0 2 7
41 34 7 6 1 3 4 0 2 7 5
41 35 6 4 2 1 6 5 0 7 3
41 35 6 6 2 1 3 5 0 7 4
41 35 6 4 0 5 7 3 2 6 1
41 35 6 2 1 3 4 0 5 7 6
41 35 6 2 1 3 4 5 7 0 6
41 35 6 0 2 3 4 5 7 1 6
42 32 10 4 5 3 2 0 7 1 6
42 32 10 4 5 3 1 2 7 0 6
42 32 10 2 4 1 0 3 5 7 6
42 32 10 5 4 0 3 6 2 7 1
42 33 9 3 4 1 7 2 5 0 6
42 33 9 6 4 1 3 0 5 7 2
42 33 9 5 1 7 3 4 0 2 6
42 33 9 4 5 7 1 6 0 2 3
42 33 9 3 5 1 6 4 0 2 7
42 33 9 3 5 0 6 4 2 1 7
42 33 9 3 0 1 6 5 2 7 4
42 33 9 6 5 7 1 4 2 0 3
42 33 9 4 5 1 0 6 2 3 7
42 33 9 4 5 1 7 0 2 3 6
42 33 9 3 5 0 7 4 2 6 1
42 34 8 5 4 0 1 3 2 7 6
42 34 8 3 4 1 5 2 0 7 6
42 34 8 0 4 1 5 3 2 7 6
42 34 8 3 4 1 5 6 2 7 0
42 34 8 3 4 1 7 5 0 2 6
42 34 8 3 4 0 7 5 2 1 6
42 34 8 3 0 5 6 4 2 7 1
42 34 8 3 5 6 0 4 2 7 1
42 34 8 5 0 1 6 4 2 7 3
42 34 8 4 0 3 6 5 2 7 1
42 34 8 4 0 1 6 2 5 7 3
42 34 8 4 5 1 7 0 6 2 3
42 34 8 4 0 1 7 6 5 2 3
42 34 8 6 5 1 3 2 7 0 4
42 34 8 6 0 1 3 2 5 7 4
42 34 8 0 5 1 3 4 6 2 7
42 34 8 4 5 1 3 7 6 2 0
42 34 8 0 4 5 3 6 2 1 7
42 34 8 4 2 5 3 6 0 1 7
42 34 8 0 5 3 4 6 2 1 7
42 34 8 2 5 1 3 6 4 0 7
42 34 8 2 5 1 0 6 4 7 3
42 34 8 6 4 5 3 0 2 7 1
42 34 8 1 4 5 3 6 2 7 0
42 34 8 3 4 5 1 0 2 7 6
42 34 8 1 4 5 0 3 2 7 6
42 34 8 6 5 1 4 3 0 2 7
42 34 8 6 5 0 4 3 2 1 7
42 34 8 6 5 0 1 3 2 7 4
42 34 8 4 5 0 1 3 2 6 7
42 34 8 2 5 1 0 4 7 6 3
42 34 8 4 5 7 0 3 2 6 1
42 34 8 2 0 1 4 5 3 7 6
42 34 8 4 1 0 6 5 2 3 7
42 34 8 5 0 3 4 1 2 7 6
42 34 8 6 1 0 4 5 2 7 3
42 35 7 6 5 1 7 4 2 3 0
42 35 7 0 6 1 3 5 2 7 4
42 35 7 6 1 0 3 5 2 7 4
42 35 7 6 0 5 4 3 2 7 1
42 35 7 5 0 1 7 3 2 6 4
42 35 7 3 5 1 7 0 4 2 6
42 35 7 3 0 5 7 4 2 1 6
42 35 7 6 2 5 3 4 0 7 1
42 35 7 4 2 5 6 3 0 7 1
42 35 7 4 5 6 1 3 2 7 0
42 35 7 5 2 1 6 3 0 7 4
42 35 7 2 5 1 4 3 7 6 0
42 35 7 4 1 3 6 2 0 7 5
42 35 7 0 1 3 6 4 2 7 5
42 35 7 5 1 3 6 0 2 7 4
42 35 7 0 5 1 3 2 6 7 4
42 35 7 2 5 1 3 4 6 7 0
42 35 7 0 4 5 7 3 2 1 6
42 35 7 4 2 5 7 3 0 1 6
42 35 7 4 2 0 1 5 7 6 3
42 35 7 0 2 1 4 5 7 6 3
42 36 6 4 0 5 1 2 7 6 3
42 37 5 5 2 1 4 0 6 7 3
42 37 5 0 2 1 4 5 3 7 6
42 39 3 1 2 3 4 5 7 6 0
43 33 10 3 4 1 2 0 5 7 6
43 33 10 6 4 0 3 2 5 7 1
43 33 10 6 0 1 3 4 2 7 5
43 33 10 6 4 1 0 3 2 7 5
43 33 10 4 5 0 7 6 2 3 1
43 33 10 0 5 1 7 6 2 3 4
43 34 9 3 5 7 6 4 2 0 1
43 34 9 3 5 7 1 4 0 2 6
43 34 9 4 5 7 0 6 2 1 3
43 34 9 4 0 1 3 5 6 2 7
43 34 9 2 1 7 3 4 5 0 6
43 34 9 3 4 5 0 6 2 7 1
43 34 9 5 1 7 3 6 2 0 4
43 34 9 6 4 5 1 3 2 7 0
43 34 9 0 5 1 4 3 2 6 7
43 34 9 4 0 1 7 5 2 6 3
43 34 9 4 5 7 1 0 2 6 3
43 35 8 6 5 1 7 4 0 2 3
43 35 8 6 5 0 7 4 2 1 3
43 35 8 4 5 3 7 6 0 2 1
43 35 8 6 5 1 3 0 4 2 7
43 35 8 6 0 5 3 4 2 1 7
43 35 8 6 5 3 0 4 2 1 7
43 35 8 4 0 5 6 3 2 1 7
43 35 8 6 5 4 0 3 2 7 1
43 35 8 6 5 7 4 3 2 0 1
43 35 8 4 5 6 7 3 2 0 1
43 35 8 3 0 1 7 4 5 2 6
43 35 8 0 6 5 3 4 2 7 1
43 35 8 0 4 5 6 3 2 7 1
43 35 8 0 5 6 4 3 2 7 1
43 35 8 5 1 0 6 3 2 7 4
43 35 8 3 0 5 1 6 2 7 4
43 35 8 2 5 0 4 3 7 1 6
43 35 8 2 1 3 6 5 0 7 4
43 35 8 2 0 1 3 5 6 7 4
43 35 8 4 2 3 1 5 7 0 6
43 36 7 2 5 1 6 3 4 7 0
43 36 7 4 1 6 0 5 2 7 3
43 36 7 4 2 0 1 6 5 7 3
43 36 7 0 2 1 4 6 5 7 3
43 36 7 3 2 1 0 5 4 7 6
43 36 7 6 2 1 3 5 4 7 0
43 37 6 4 2 3 0 5 7 6 1
43 37 6 3 2 1 6 4 5 7 0
43 37 6 0 4 5 3 2 7 6 1
43 37 6 4 7 5 3 2 0 6 1
43 37 6 5 2 1 4 6 3 7 0
43 37 6 1 3 4 0 5 2 7 6
43 37 6 1 3 7 4 5 2 0 6
43 38 5 1 0 3 4 2 5 7 6
43 38 5 5 2 3 4 6 0 7 1
43 39 4 1 2 3 4 6 5 7 0
44 34 10 5 4 1 7 3 2 0 6
44 34 10 3 0 1 5 4 2 7 6
44 34 10 2 5 1 6 4 0 7 3
44 34 10 4 5 1 0 3 6 2 7
44 34 10 4 5 3 6 0 2 1 7
44 34 10 2 5 0 3 6 4 7 1
44 34 10 0 5 1 3 6 4 7 2
44 34 10 2 4 5 3 6 0 7 1
44 34 10 2 4 5 1 3 0 7 6
44 34 10 6 5 1 7 3 2 0 4
44 34 10 4 5 1 3 0 2 6 7
44 34 10 4 5 1 0 7 2 6 3
44 34 10 6 5 3 7 4 2 0 1
44 34 10 2 5 0 3 4 7 6 1
44 34 10 0 5 7 1 3 2 6 4
44 34 10 2 5 1 0 4 3 7 6
44 35 9 6 0 1 3 4 5 2 7
44 35 9 0 4 1 3 6 5 2 7
44 35 9 4 1 0 3 6 5 2 7
44 35 9 4 5 1 6 0 3 2 7
44 35 9 4 0 1 6 3 5 2 7
44 35 9 4 5 6 0 3 2 1 7
44 35 9 7 5 1 0 3 2 6 4
44 35 9 2 5 1 7 3 0 6 4
44 35 9 3 5 7 0 4 2 1 6
44 35 9 3 5 7 1 6 2 0 4
44 35 9 4 0 3 6 1 2 7 5
44 35 9 4 1 3 0 6 2 7 5
44 35 9 2 5 1 0 3 6 7 4
44 35 9 4 2 1 6 5 7 0 3
44 35 9 4 2 3 5 0 7 1 6
44 36 8 2 5 0 1 3 4 7 6
44 36 8 6 5 7 3 4 2 1 0
44 36 8 4 5 7 6 3 2 1 0
44 36 8 2 0 5 3 4 7 1 6
44 36 8 2 5 3 0 4 7 1 6
44 36 8 4 5 7 3 0 6 2 1
44 36 8 4 1 7 6 5 2 0 3
44 36 8 2 1 0 3 6 5 7 4
44 36 8 0 5 1 7 4 3 2 6
44 36 8 4 5 1 7 6 3 2 0
44 36 8 0 4 1 7 3 5 2 6
44 36 8 4 1 0 7 3 5 2 6
44 36 8 4 5 6 1 2 7 0 3
44 37 7 3 5 1 7 6 2 4 0
44 37 7 4 2 6 3 5 7 0 1
44 37 7 3 2 0 1 4 5 7 6
44 37 7 6 2 1 0 4 5 7 3
44 37 7 5 0 1 4 2 7 6 3
44 37 7 5 2 1 0 6 4 7 3
44 37 7 4 1 3 0 5 2 6 7
44 37 7 5 2 1 4 6 7 0 3
44 38 6 4 2 3 0 6 5 7 1
44 38 6 3 2 1 4 0 5 7 6
44 38 6 4 5 3 1 2 7 6 0
44 38 6 1 0 3 5 4 2 7 6
44 38 6 3 2 4 1 5 0 7 6
44 38 6 5 2 1 4 3 7 6 0
44 38 6 6 5 3 4 2 0 7 1
44 38 6 6 5 3 4 1 2 7 0
44 38 6 1 5 3 4 6 2 0 7
44 38 6 1 5 3 0 6 2 7 4
44 38 6 1 5 3 4 0 2 7 6
44 38 6 3 2 1 4 5 7 0 6
44 39 5 6 2 1 4 5 0 7 3
44 39 5 6 4 3 1 5 2 7 0
44 39 5 0 2 1 3 5 6 7 4
44 39 5 0 2 3 4 1 5 7 6
44 39 5 1 2 0 4 5 7 3 6
44 40 4 1 2 3 6 5 0 7 4
44 40 4 0 2 3 4 5 1 7 6
45 35 10 4 5 6 3 0 2 7 1
45 35 10 4 5 7 3 0 2 1 6
45 35 10 4 2 1 5 0 7 6 3
45 36 9 0 5 1 2 3 4 7 6
45 36 9 2 5 1 7 3 4 0 6
45 36 9 6 5 7 3 4 0 2 1
45 36 9 4 5 7 6 3 0 2 1
45 36 9 4 0 7 3 6 5 2 1
45 36 9 4 5 7 1 0 3 2 6
45 36 9 4 0 7 1 3 5 2 6
45 36 9 4 2 1 6 0 5 7 3
45 37 8 2 5 1 6 0 3 7 4
45 37 8 2 0 1 6 3 5 7 4
45 37 8 3 5 1 7 6 0 2 4
45 37 8 3 5 0 7 6 2 1 4
45 37 8 2 5 1 3 6 7 4 0
45 37 8 4 2 1 3 7 0 6 5
45 37 8 0 2 1 3 4 7 6 5
45 37 8 4 0 2 3 5 7 6 1
45 37 8 2 0 1 3 5 7 6 4
45 37 8 5 2 1 3 0 7 6 4
45 37 8 3 2 1 0 5 7 6 4
45 37 8 6 2 1 3 4 5 0 7
45 37 8 6 2 1 3 0 5 7 4
45 37 8 4 2 1 3 6 0 5 7
45 37 8 4 2 0 3 6 5 1 7
45 37 8 0 4 2 3 5 7 1 6
45 37 8 4 7 2 3 5 0 1 6
45 37 8 2 5 1 4 0 7 6 3
45 37 8 3 5 1 4 2 7 6 0
45 37 8 5 2 1 3 6 4 0 7
45 37 8 4 2 1 6 3 5 0 7
45 37 8 4 1 3 7 0 2 6 5
45 37 8 4 1 3 6 2 5 0 7
45 37 8 4 1 3 6 0 5 7 2
45 37 8 5 1 3 6 4 2 0 7
45 38 7 6 2 1 4 3 5 7 0
45 38 7 5 1 0 3 2 7 6 4
45 38 7 5 7 1 3 2 0 6 4
45 38 7 4 0 3 5 2 1 7 6
45 38 7 4 0 3 7 5 1 2 6
45 38 7 4 7 5 3 2 1 0 6
45 38 7 6 1 3 4 2 5 7 0
45 38 7 6 0 1 4 2 5 7 3
45 38 7 0 3 4 1 5 2 7 6
45 38 7 6 0 4 1 5 2 7 3
45 38 7 5 2 0 4 3 7 1 6
45 38 7 4 1 7 0 2 5 6 3
45 38 7 5 3 0 4 6 2 7 1
45 38 7 6 0 3 4 5 2 7 1
45 39 6 5 2 1 6 3 4 7 0
45 39 6 0 6 1 4 5 2 7 3
45 39 6 4 2 5 1 0 6 7 3
45 39 6 2 1 3 0 5 4 7 6
45 39 6 0 5 1 4 2 6 7 3
45 39 6 2 5 1 4 3 6 7 0
45 39 6 0 2 5 3 4 6 7 1
45 39 6 4 2 5 3 1 6 7 0
45 39 6 5 2 1 3 4 6 7 0
45 40 5 4 1 3 7 2 5 6 0
45 40 5 2 5 3 4 0 6 7 1
46 35 11 0 5 7 3 6 2 1 4
46 36 10 4 0 1 7 5 3 2 6
46 36 10 4 2 1 7 6 5 0 3
46 37 9 2 5 1 6 3 7 0 4
46 37 9 2 5 0 3 6 7 1 4
46 37 9 0 5 7 4 3 2 1 6
46 37 9 4 0 1 3 2 7 6 5
46 37 9 7 2 1 3 5 0 6 4
46 37 9 6 2 0 3 4 5 7 1
46 37 9 7 5 1 4 2 0 6 3
46 37 9 5 2 0 3 6 4 7 1
46 37 9 0 2 1 3 6 4 7 5
46 37 9 4 2 0 6 3 5 7 1
46 37 9 0 2 1 6 3 5 7 4
46 37 9 4 1 0 7 5 2 6 3
46 37 9 0 1 3 7 5 2 6 4
46 37 9 0 1 3 6 2 5 7 4
46 37 9 5 0 1 4 2 3 7 6
46 37 9 5 2 1 0 4 3 7 6
46 38 8 4 0 2 3 6 5 7 1
46 38 8 4 2 7 3 6 5 0 1
46 38 8 3 2 1 0 6 5 7 4
46 38 8 3 4 1 6 5 0 2 7
46 38 8 3 4 0 6 5 2 1 7
46 38 8 4 0 2 1 3 5 7 6
46 38 8 4 2 7 1 3 5 0 6
46 38 8 0 5 3 4 2 7 6 1
46 38 8 4 1 3 5 2 7 0 6
46 38 8 6 1 3 5 4 2 7 0
46 38 8 4 1 3 5 6 2 0 7
46 38 8 4 1 3 7 0 5 2 6
46 38 8 5 2 1 0 4 7 6 3
46 38 8 2 4 5 3 0 7 1 6
46 38 8 3 4 5 0 2 7 1 6
46 38 8 6 4 5 3 2 7 1 0
46 38 8 4 7 5 3 0 2 1 6
46 38 8 5 1 4 0 6 2 7 3
46 38 8 5 1 7 4 6 2 0 3
46 38 8 6 5 1 4 2 7 0 3
46 38 8 6 4 7 1 5 2 0 3
46 38 8 1 5 0 4 6 2 7 3
46 39 7 4 5 1 6 2 7 3 0
46 39 7 5 1 0 3 2 4 7 6
46 39 7 5 2 0 1 3 4 7 6
46 39 7 3 0 4 6 5 2 7 1
46 39 7 3 4 6 0 5 2 7 1
46 39 7 4 5 6 3 2 7 1 0
46 39 7 3 5 0 1 2 7 6 4
46 39 7 5 2 3 0 4 7 1 6
46 39 7 3 4 7 1 5 2 6 0
46 39 7 4 5 3 1 2 0 7 6
46 39 7 0 5 3 1 4 2 7 6
46 39 7 0 3 1 4 2 5 7 6
46 39 7 3 1 0 4 2 5 7 6
46 39 7 2 0 1 4 5 6 7 3
46 39 7 0 4 3 6 5 2 7 1
46 39 7 5 3 1 4 0 2 7 6
46 39 7 6 3 1 4 5 2 7 0
46 39 7 3 1 4 0 5 2 7 6
46 39 7 3 1 7 4 5 2 0 6
46 39 7 1 2 3 0 4 5 7 6
46 40 6 4 2 3 5 1 0 7 6
46 40 6 4 1 3 2 5 0 7 6
46 40 6 5 4 1 3 2 7 6 0
46 40 6 2 0 3 4 6 5 7 1
46 40 6 6 2 4 3 5 0 7 1
46 40 6 4 0 1 7 2 5 6 3
46 40 6 5 0 3 4 2 1 7 6
46 40 6 6 1 3 4 5 0 2 7
46 40 6 1 3 0 6 5 2 7 4
46 40 6 2 3 0 4 5 1 7 6
46 40 6 4 2 3 6 5 7 0 1
46 41 5 2 1 3 4 5 7 6 0
46 42 4 0 2 1 4 5 6 7 3
47 36 11 4 5 1 0 7 3 2 6
47 37 10 4 2 1 0 3 7 6 5
47 37 10 3 2 1 7 4 5 0 6
47 37 10 4 1 0 6 2 5 7 3
47 37 10 5 1 0 6 4 2 7 3
47 38 9 2 1 3 5 4 0 7 6
47 38 9 0 1 3 5 6 2 7 4
47 38 9 7 4 5 3 2 0 1 6
47 38 9 4 1 7 3 0 5 6 2
47 38 9 4 1 0 3 2 5 6 7
47 38 9 0 1 7 3 2 5 6 4
47 39 8 4 5 1 2 7 0 6 3
47 39 8 0 5 1 2 4 7 6 3
47 39 8 4 5 1 2 3 7 6 0
47 39 8 4 5 0 6 2 7 1 3
47 39 8 0 2 1 5 3 4 7 6
47 39 8 3 4 1 6 2 0 7 5
47 39 8 0 4 1 6 3 2 7 5
47 39 8 3 4 7 6 5 2 0 1
47 39 8 5 4 1 6 0 2 7 3
47 39 8 4 5 1 3 7 6 0 2
47 39 8 4 0 1 3 7 5 6 2
47 39 8 5 0 1 3 4 7 6 2
47 39 8 4 5 6 3 2 0 7 1
47 39 8 2 5 1 3 7 0 6 4
47 39 8 4 0 1 7 5 2 3 6
47 39 8 4 1 7 0 5 2 3 6
47 39 8 3 4 7 1 5 0 2 6
47 39 8 0 1 7 4 5 2 6 3
47 39 8 4 5 3 1 6 0 2 7
47 39 8 4 0 3 1 5 2 7 6
47 39 8 4 5 3 6 2 7 0 1
47 39 8 4 2 5 1 6 7 0 3
47 39 8 2 1 7 3 5 4 0 6
47 39 8 4 3 1 0 5 2 7 6
47 39 8 2 3 1 4 5 0 7 6
47 39 8 4 2 5 0 3 6 7 1
47 39 8 5 2 1 0 3 6 7 4
47 40 7 7 0 1 3 2 5 6 4
47 40 7 0 4 3 5 1 2 7 6
47 40 7 0 1 3 2 4 5 7 6
47 40 7 4 1 3 2 6 5 7 0
47 40 7 4 1 3 7 2 0 5 6
47 40 7 4 1 0 7 2 5 3 6
47 40 7 4 1 7 3 2 0 6 5
47 40 7 5 0 3 1 6 2 7 4
47 40 7 6 5 3 1 0 2 7 4
47 40 7 5 0 3 4 2 7 1 6
47 40 7 2 5 3 4 0 7 1 6
47 40 7 6 4 3 0 5 2 1 7
47 40 7 2 5 3 4 6 7 0 1
47 40 7 5 1 4 6 3 2 7 0
47 40 7 5 1 7 4 3 2 6 0
47 40 7 2 1 0 4 6 5 7 3
47 40 7 0 6 4 3 5 2 7 1
47 40 7 4 3 5 1 0 2 7 6
47 40 7 1 3 5 0 4 2 7 6
47 40 7 3 2 5 1 0 4 7 6
47 40 7 0 2 5 1 4 3 7 6
47 40 7 4 2 5 1 6 3 7 0
47 40 7 4 5 1 7 2 6 0 3
47 40 7 5 1 3 4 2 7 0 6
47 40 7 5 1 3 4 6 2 0 7
47 40 7 6 1 0 4 5 2 3 7
47 41 6 4 2 1 7 3 5 6 0
47 41 6 5 1 3 7 4 2 6 0
47 41 6 3 5 1 6 2 4 7 0
47 41 6 4 2 5 1 3 7 6 0
47 41 6 3 5 1 7 2 0 6 4
47 41 6 2 1 3 6 4 5 7 0
47 41 6 6 1 3 4 2 0 7 5
47 41 6 0 1 3 4 6 2 7 5
47 41 6 0 4 5 7 3 2 6 1
47 41 6 4 2 5 7 3 0 6 1
47 41 6 2 1 3 4 6 5 7 0
47 41 6 2 0 3 4 5 7 1 6
47 41 6 5 2 3 4 0 7 1 6
47 41 6 6 2 3 4 5 7 1 0
47 42 5 3 4 1 7 2 5 6 0
47 42 5 4 2 3 6 5 0 7 1
47 42 5 5 2 3 4 1 0 7 6
47 42 5 5 2 1 4 3 6 7 0
47 42 5 1 2 3 0 5 7 6 4
47 43 4 5 2 3 4 0 6 7 1
48 38 10 4 5 3 2 0 7 6 1
48 38 10 4 1 0 5 6 2 7 3
48 38 10 5 2 0 3 4 7 6 1
48 39 9 5 2 1 7 3 4 0 6
48 39 9 2 4 1 6 5 0 7 3
48 39 9 3 5 1 0 4 7 6 2
48 39 9 5 0 2 3 4 7 1 6
48 39 9 4 5 0 1 6 2 3 7
48 39 9 4 5 3 0 1 2 7 6
48 39 9 4 5 3 6 0 7 1 2
48 39 9 2 5 1 0 4 6 7 3
48 39 9 6 4 3 5 0 2 7 1
48 39 9 6 4 3 7 5 2 0 1
48 39 9 4 0 5 3 2 6 7 1
48 39 9 5 0 1 3 2 6 7 4
48 40 8 7 5 1 3 0 2 6 4
48 40 8 7 5 1 3 2 6 0 4
48 40 8 4 3 0 5 1 2 7 6
48 40 8 0 1 7 3 4 2 6 5
48 40 8 6 5 3 4 2 7 1 0
48 40 8 2 4 1 0 6 5 7 3
48 40 8 4 0 7 3 2 1 5 6
48 40 8 6 4 5 1 0 2 7 3
48 40 8 1 4 5 0 6 2 7 3
48 40 8 3 5 1 4 6 0 2 7
48 40 8 3 5 0 4 6 2 1 7
48 40 8 5 4 0 3 2 7 1 6
48 40 8 5 4 0 1 6 2 7 3
48 40 8 6 0 1 3 5 4 2 7
48 40 8 6 0 4 3 5 2 1 7
48 40 8 0 4 7 3 5 1 2 6
48 40 8 4 7 0 3 5 1 2 6
48 40 8 5 1 7 4 3 0 2 6
48 40 8 3 5 0 4 2 7 1 6
48 40 8 3 4 1 6 2 5 0 7
48 40 8 5 1 7 0 4 2 6 3
48 40 8 2 4 1 0 5 7 6 3
48 40 8 6 3 5 1 4 2 7 0
48 40 8 3 2 5 1 4 7 0 6
48 40 8 3 4 1 0 5 2 6 7
48 40 8 3 4 1 7 0 2 6 5
48 40 8 6 5 3 1 4 2 0 7
48 40 8 4 2 3 6 0 7 1 5
48 40 8 0 2 3 6 5 7 1 4
48 41 7 6 4 1 7 5 2 3 0
48 41 7 1 0 7 3 5 2 6 4
48 41 7 3 0 5 4 6 2 7 1
48 41 7 2 5 1 4 6 7 3 0
48 41 7 6 0 1 3 2 4 7 5
48 41 7 6 4 7 3 5 2 1 0
48 41 7 2 4 3 0 5 7 1 6
48 41 7 6 2 5 1 4 0 7 3
48 41 7 3 5 0 1 2 4 7 6
48 41 7 6 5 1 3 2 4 0 7
48 41 7 6 5 1 0 2 4 7 3
48 41 7 4 2 5 3 6 7 1 0
48 41 7 5 2 1 3 6 7 4 0
48 41 7 4 0 3 6 2 5 7 1
48 41 7 5 0 3 6 4 2 7 1
48 41 7 1 5 3 6 4 2 7 0
48 41 7 0 4 5 7 6 2 1 3
48 41 7 4 2 5 7 6 0 1 3
48 41 7 5 0 1 7 4 2 6 3
48 41 7 4 0 3 6 5 1 2 7
48 41 7 6 2 1 3 5 7 0 4
48 41 7 2 1 0 4 5 7 3 6
48 41 7 7 2 3 4 5 0 1 6
48 42 6 3 2 1 6 5 0 7 4
48 42 6 3 0 5 7 4 2 6 1
48 42 6 1 4 5 6 3 2 7 0
48 42 6 2 1 0 4 5 3 7 6
48 42 6 0 5 3 4 1 2 7 6
48 42 6 6 2 5 4 3 0 7 1
48 42 6 0 3 5 7 4 2 1 6
48 42 6 1 0 3 6 4 2 7 5
48 42 6 0 4 5 1 2 7 6 3
48 42 6 4 7 5 1 2 0 6 3
48 42 6 6 2 1 4 5 3 7 0
48 42 6 1 2 3 4 0 7 6 5
48 43 5 4 2 3 1 5 0 7 6
48 43 5 4 2 3 1 5 7 6 0
48 43 5 3 2 1 6 5 4 7 0
48 43 5 1 3 4 6 5 2 7 0
48 43 5 1 3 7 4 5 2 6 0
48 43 5 1 5 3 4 2 0 7 6
48 43 5 1 2 3 4 6 5 0 7
48 43 5 1 2 3 0 6 5 7 4
49 39 10 4 0 1 2 5 7 6 3
49 39 10 3 0 1 6 4 2 7 5
49 39 10 3 4 1 0 6 2 7 5
49 39 10 7 5 1 3 4 0 6 2
49 39 10 2 5 1 0 3 7 6 4
49 39 10 3 5 1 2 0 7 6 4
49 39 10 3 5 1 6 2 7 0 4
49 39 10 4 1 7 5 0 2 6 3
49 39 10 0 5 3 6 2 7 1 4
49 40 9 4 0 3 2 1 5 7 6
49 40 9 2 5 3 1 6 0 7 4
49 40 9 7 5 3 4 2 0 1 6
49 40 9 2 4 1 3 6 5 0 7
49 40 9 4 1 7 3 0 2 5 6
49 40 9 3 4 5 1 6 2 7 0
49 40 9 0 4 1 5 6 2 7 3
49 40 9 6 4 1 3 0 5 2 7
49 40 9 0 1 4 5 3 2 7 6
49 40 9 3 4 1 6 0 5 7 2
49 40 9 5 1 7 3 0 2 6 4
49 40 9 2 4 1 3 0 7 6 5
49 40 9 2 3 5 1 4 0 7 6
49 40 9 4 0 5 1 2 3 7 6
49 40 9 4 2 5 0 1 3 7 6
49 40 9 3 4 0 7 5 2 6 1
49 40 9 0 4 1 7 5 2 6 3
49 40 9 6 1 3 5 0 2 7 4
49 40 9 6 1 3 7 5 2 0 4
49 40 9 4 2 0 6 5 7 1 3
49 41 8 4 2 1 7 3 0 5 6
49 41 8 4 2 0 7 3 5 1 6
49 41 8 0 4 1 3 5 7 6 2
49 41 8 4 1 0 3 5 7 6 2
49 41 8 4 7 1 3 5 0 6 2
49 41 8 4 5 0 1 3 7 6 2
49 41 8 5 1 3 7 4 0 2 6
49 41 8 5 1 0 7 4 2 3 6
49 41 8 6 4 1 5 2 0 7 3
49 41 8 6 4 1 5 3 2 7 0
49 41 8 6 4 1 7 5 0 2 3
49 41 8 6 4 0 7 5 2 1 3
49 41 8 4 0 1 3 5 2 6 7
49 41 8 4 1 6 3 5 2 0 7
49 41 8 3 5 4 0 6 2 7 1
49 41 8 3 5 7 4 6 2 0 1
49 41 8 3 0 4 1 2 5 7 6
49 41 8 3 4 7 1 2 5 0 6
49 41 8 6 4 1 3 2 0 5 7
49 41 8 6 4 0 3 2 5 1 7
49 41 8 6 4 0 1 2 5 7 3
49 41 8 2 5 0 4 6 7 1 3
49 41 8 6 4 1 3 2 7 0 5
49 41 8 4 0 1 3 6 2 7 5
49 41 8 6 4 7 3 5 0 2 1
49 41 8 3 0 1 6 2 5 7 4
49 41 8 2 0 4 3 5 7 1 6
49 41 8 0 6 5 1 4 2 7 3
49 41 8 3 5 1 7 2 4 0 6
49 41 8 4 2 0 3 6 7 5 1
49 41 8 5 2 0 3 6 7 1 4
49 41 8 4 2 0 1 3 7 5 6
49 41 8 3 5 0 1 4 2 6 7
49 41 8 3 5 7 0 4 2 6 1
49 41 8 4 5 3 6 1 2 0 7
49 41 8 6 5 1 4 2 3 7 0
49 41 8 2 5 1 4 6 3 0 7
49 41 8 2 5 1 0 6 3 7 4
49 41 8 2 1 4 0 3 5 7 6
49 41 8 2 1 7 4 3 5 0 6
49 41 8 4 1 3 6 0 5 2 7
49 41 8 6 0 3 4 1 2 7 5
49 41 8 2 0 3 4 1 5 7 6
49 42 7 2 4 1 6 3 5 7 0
49 42 7 5 4 3 0 6 2 7 1
49 42 7 3 4 1 7 2 0 5 6
49 42 7 3 4 0 7 2 5 1 6
49 42 7 6 4 1 3 5 0 7 2
49 42 7 0 3 1 6 5 2 7 4
49 42 7 3 1 0 6 5 2 7 4
49 42 7 4 5 1 7 2 0 3 6
49 42 7 3 0 1 5 2 4 7 6
49 42 7 3 0 1 7 5 4 2 6
49 42 7 0 3 5 6 4 2 7 1
49 42 7 3 2 5 6 4 0 7 1
49 42 7 3 5 6 1 4 2 7 0
49 42 7 5 2 1 6 4 0 7 3
49 42 7 4 3 0 6 5 2 7 1
49 42 7 6 5 1 3 2 7 4 0
49 42 7 4 2 5 3 0 6 1 7
49 42 7 5 0 3 4 6 2 1 7
49 42 7 6 5 3 4 0 2 1 7
49 42 7 6 4 5 3 2 0 7 1
49 42 7 1 4 5 3 6 2 0 7
49 42 7 3 4 5 1 2 0 7 6
49 42 7 1 4 0 5 3 2 7 6
49 42 7 4 0 5 1 3 2 6 7
49 42 7 5 3 0 4 1 2 7 6
49 42 7 6 1 4 0 5 2 7 3
49 42 7 6 1 7 4 5 2 0 3
49 42 7 0 6 5 4 3 2 7 1
49 42 7 5 1 0 7 3 2 6 4
49 42 7 5 2 1 7 3 0 6 4
49 42 7 0 5 1 7 3 4 2 6
49 42 7 3 5 1 7 6 4 2 0
49 42 7 3 2 5 7 4 0 1 6
49 42 7 6 2 5 3 0 4 7 1
49 42 7 4 2 5 6 0 3 7 1
49 42 7 5 2 1 6 0 3 7 4
49 42 7 4 0 3 6 2 1 7 5
49 42 7 5 1 3 6 2 0 7 4
49 42 7 3 4 5 7 0 2 1 6
49 42 7 4 2 5 7 0 3 1 6
49 42 7 4 2 5 7 3 1 0 6
49 42 7 4 2 6 1 5 7 0 3
49 42 7 2 0 1 4 5 7 6 3
49 42 7 5 2 1 4 0 7 6 3
49 42 7 3 2 1 4 5 7 6 0
49 42 7 4 2 1 0 5 3 7 6
49 42 7 1 2 0 4 5 7 6 3
49 42 7 0 2 3 4 5 7 6 1
49 43 6 2 0 3 6 5 1 7 4
49 43 6 2 1 0 3 5 6 7 4
49 43 6 4 1 6 3 5 2 7 0
49 43 6 6 2 1 4 0 5 7 3
49 43 6 3 2 0 1 5 4 7 6
49 43 6 6 2 1 0 5 4 7 3
49 43 6 1 4 5 3 2 7 6 0
49 43 6 1 3 7 4 5 0 2 6
49 43 6 1 3 0 4 2 5 7 6
49 43 6 5 2 3 4 6 7 0 1
49 44 5 4 2 3 1 6 5 7 0
49 44 5 1 2 3 5 4 0 7 6
49 44 5 1 2 3 6 0 5 7 4
49 44 5 1 2 3 6 5 7 0 4
49 44 5 5 2 3 4 0 1 7 6
49 44 5 6 2 3 4 5 1 7 0
49 45 4 6 2 3 4 5 0 7 1
50 40 10 4 0 7 3 1 2 6 5
50 40 10 4 1 7 0 3 2 6 5
50 40 10 2 4 0 3 6 5 7 1
50 40 10 0 4 1 3 6 5 7 2
50 40 10 2 4 5 1 6 0 7 3
50 40 10 5 4 1 7 6 2 0 3
50 40 10 5 1 4 3 0 2 7 6
50 40 10 5 1 4 7 3 2 0 6
50 40 10 3 4 0 6 2 5 7 1
50 40 10 0 4 1 6 2 5 7 3
50 40 10 5 1 0 3 4 2 6 7
50 40 10 2 4 0 3 5 7 6 1
50 41 9 0 5 1 4 3 7 6 2
50 41 9 3 1 7 0 5 2 6 4
50 41 9 5 4 1 3 6 0 2 7
50 41 9 5 4 0 3 6 2 1 7
50 41 9 0 1 7 3 4 5 2 6
50 41 9 4 1 7 3 6 5 2 0
50 41 9 6 4 1 7 2 5 0 3
50 41 9 4 5 7 0 6 2 3 1
50 41 9 6 5 1 3 0 4 7 2
50 41 9 6 5 0 3 2 4 7 1
50 41 9 0 5 1 3 4 2 6 7
50 41 9 3 0 1 7 5 2 6 4
50 41 9 5 4 1 6 3 2 0 7
50 41 9 3 5 7 1 0 2 6 4
50 41 9 2 5 3 6 4 0 7 1
50 41 9 0 5 3 6 1 2 7 4
50 41 9 4 5 3 7 0 2 1 6
50 41 9 7 5 1 0 4 2 6 3
50 41 9 2 5 1 7 4 0 6 3
50 41 9 4 5 1 0 2 3 7 6
50 41 9 2 5 0 4 6 3 7 1
50 41 9 0 5 1 4 6 3 7 2
50 41 9 6 1 3 0 4 2 7 5
50 42 8 4 5 3 2 7 0 1 6
50 42 8 0 5 3 2 4 7 1 6
50 42 8 4 5 3 2 6 7 1 0
50 42 8 4 5 0 1 2 7 3 6
50 42 8 2 4 0 1 3 5 7 6
50 42 8 5 0 4 3 6 2 7 1
50 42 8 5 1 7 3 0 4 2 6
50 42 8 4 5 7 1 0 6 2 3
50 42 8 3 5 1 6 0 4 2 7
50 42 8 3 0 5 6 4 2 1 7
50 42 8 6 5 7 1 4 2 3 0
50 42 8 0 5 1 7 4 2 3 6
50 42 8 3 5 6 7 4 2 0 1
50 42 8 5 0 4 1 3 2 7 6
50 42 8 3 4 1 5 2 7 0 6
50 42 8 4 0 1 5 3 2 7 6
50 42 8 3 4 1 7 0 5 2 6
50 42 8 3 0 4 7 5 2 1 6
50 42 8 3 4 7 0 5 2 1 6
50 42 8 0 5 1 7 4 6 2 3
50 42 8 4 5 1 7 3 6 2 0
50 42 8 0 4 1 7 6 5 2 3
50 42 8 4 1 0 7 6 5 2 3
50 42 8 6 5 0 3 2 7 1 4
50 42 8 0 6 1 3 2 5 7 4
50 42 8 6 1 0 3 2 5 7 4
50 42 8 5 0 1 3 4 6 2 7
50 42 8 4 5 1 0 7 6 2 3
50 42 8 6 4 5 3 0 2 1 7
50 42 8 4 2 5 3 6 1 0 7
50 42 8 7 5 3 4 6 2 1 0
50 42 8 2 5 0 3 6 4 1 7
50 42 8 2 5 0 1 6 4 7 3
50 42 8 6 4 5 3 1 2 7 0
50 42 8 1 4 5 3 0 2 7 6
50 42 8 1 4 5 7 3 2 0 6
50 42 8 6 5 1 4 0 3 2 7
50 42 8 6 0 1 4 3 5 2 7
50 42 8 6 0 5 4 3 2 1 7
50 42 8 6 0 5 1 3 2 7 4
50 42 8 2 5 0 1 4 7 6 3
50 42 8 4 0 1 6 5 2 3 7
50 42 8 4 1 6 0 5 2 3 7
50 42 8 5 6 1 3 0 2 7 4
50 42 8 3 6 1 0 5 2 7 4
50 42 8 4 6 1 3 5 2 7 0
50 42 8 6 1 7 3 5 2 0 4
50 42 8 6 2 5 3 4 7 0 1
50 42 8 4 2 5 6 3 7 0 1
50 42 8 5 2 1 6 3 7 0 4
50 42 8 4 1 3 6 2 7 0 5
50 42 8 3 5 1 0 2 6 7 4
50 42 8 4 5 1 3 2 6 7 0
50 42 8 2 5 1 3 4 6 0 7
50 42 8 6 4 5 7 3 2 1 0
50 42 8 4 0 2 1 5 7 6 3
50 42 8 7 2 1 4 5 0 6 3
50 42 8 5 0 1 4 2 6 7 3
50 42 8 5 2 1 0 4 6 7 3
50 43 7 3 4 1 2 5 0 7 6
50 43 7 6 4 3 0 2 5 7 1
50 43 7 6 2 1 3 4 0 7 5
50 43 7 4 0 5 7 6 2 3 1
50 43 7 0 4 1 3 5 6 2 7
50 43 7 4 1 0 3 5 6 2 7
50 43 7 2 1 7 3 4 5 6 0
50 43 7 4 2 1 7 5 0 6 3
50 43 7 4 5 7 1 2 0 6 3
50 43 7 6 5 1 7 0 4 2 3
50 43 7 6 0 5 7 4 2 1 3
50 43 7 4 5 3 7 0 6 2 1
50 43 7 6 5 3 7 4 2 1 0
50 43 7 6 5 4 1 3 2 7 0
50 43 7 6 5 7 4 3 2 1 0
50 43 7 4 5 6 7 3 2 1 0
50 43 7 0 3 1 7 4 5 2 6
50 43 7 5 0 6 4 3 2 7 1
50 43 7 3 5 6 4 0 2 7 1
50 43 7 1 5 6 4 3 2 7 0
50 43 7 0 3 5 1 6 2 7 4
50 43 7 3 2 5 1 6 0 7 4
50 43 7 2 1 3 6 0 5 7 4
50 43 7 2 1 3 6 5 7 0 4
50 43 7 2 6 1 3 5 0 7 4
50 43 7 4 2 0 1 5 7 3 6
50 43 7 0 1 6 4 5 2 7 3
50 43 7 3 2 1 4 6 5 7 0
50 43 7 6 2 1 3 5 4 0 7
50 43 7 2 4 5 3 0 7 6 1
50 43 7 3 4 5 0 2 7 6 1
50 43 7 4 7 5 3 0 2 6 1
50 43 7 4 7 5 3 2 6 0 1
50 43 7 5 2 1 4 6 3 0 7
50 43 7 5 2 1 0 6 3 7 4
50 43 7 1 2 0 4 6 5 7 3
50 43 7 0 2 3 4 6 5 7 1
50 44 6 5 4 1 7 3 2 6 0
50 44 6 4 2 3 6 1 0 7 5
50 44 6 4 2 1 6 5 7 3 0
50 44 6 4 2 6 3 5 0 7 1
50 44 6 4 2 6 3 5 7 1 0
50 44 6 5 2 1 4 6 7 3 0
50 44 6 6 0 3 4 2 5 7 1
50 44 6 1 5 3 4 6 0 2 7
50 44 6 3 2 0 4 5 7 1 6
50 44 6 6 2 1 4 5 7 0 3
50 44 6 3 2 1 0 5 6 7 4
50 44 6 4 2 1 3 5 6 7 0
50 44 6 6 2 3 4 1 5 7 0
50 44 6 1 0 2 4 5 7 3 6
50 44 6 1 2 4 0 5 7 3 6
50 44 6 4 2 3 0 5 1 7 6
50 45 5 2 5 1 7 3 4 6 0
50 45 5 4 7 5 3 2 1 6 0
50 45 5 0 6 3 4 5 2 7 1
50 45 5 2 1 3 6 5 4 7 0
50 45 5 0 5 3 4 2 6 7 1
50 45 5 2 5 3 4 1 6 7 0
50 46 4 1 2 3 6 4 5 7 0
50 47 3 0 2 3 4 5 6 7 1
51 41 10 6 0 1 5 4 2 7 3
51 41 10 2 1 7 3 5 0 6 4
51 41 10 6 4 1 2 0 5 7 3
51 41 10 4 5 7 1 0 2 3 6
51 41 10 2 4 1 3 6 0 7 5
51 41 10 3 5 1 2 0 4 7 6
51 41 10 3 5 1 4 0 2 6 7
51 41 10 3 5 1 0 7 2 6 4
51 41 10 5 4 0 6 3 2 7 1
51 41 10 0 5 7 1 4 2 6 3
51 41 10 4 5 0 6 1 2 7 3
51 41 10 0 5 3 7 6 2 1 4
51 41 10 2 1 3 7 4 5 0 6
51 41 10 5 1 3 7 6 2 0 4
51 42 9 4 0 3 2 5 7 1 6
51 42 9 0 4 1 2 3 5 7 6
51 42 9 5 4 7 3 6 2 0 1
51 42 9 5 0 7 3 4 1 2 6
51 42 9 4 0 7 1 6 5 2 3
51 42 9 3 0 1 6 4 5 2 7
51 42 9 3 5 6 0 4 2 1 7
51 42 9 6 5 7 1 4 0 2 3
51 42 9 0 5 1 4 6 2 3 7
51 42 9 5 4 7 1 3 2 0 6
51 42 9 3 4 1 5 6 2 0 7
51 42 9 0 5 6 3 4 2 7 1
51 42 9 4 0 1 7 5 6 2 3
51 42 9 3 5 1 0 4 6 2 7
51 42 9 7 5 1 3 4 6 2 0
51 42 9 3 4 5 0 6 2 1 7
51 42 9 7 4 5 3 6 2 1 0
51 42 9 2 5 3 4 6 0 1 7
51 42 9 2 5 1 3 6 0 4 7
51 42 9 0 5 1 2 6 4 7 3
51 42 9 2 5 1 7 6 4 0 3
51 42 9 1 4 0 3 6 2 7 5
51 42 9 6 5 4 0 3 2 1 7
51 42 9 6 5 7 1 3 2 0 4
51 42 9 4 5 6 1 3 2 0 7
51 42 9 0 5 7 4 3 2 6 1
51 42 9 6 5 1 0 4 2 3 7
51 42 9 6 5 1 7 0 2 3 4
51 42 9 4 5 6 1 0 2 7 3
51 42 9 2 1 3 6 4 0 7 5
51 42 9 5 0 3 6 1 2 7 4
51 42 9 2 5 0 3 4 6 7 1
51 42 9 0 5 1 3 4 6 7 2
51 42 9 7 4 5 0 3 2 1 6
51 42 9 2 4 5 7 3 0 1 6
51 43 8 3 4 1 2 6 5 7 0
51 43 8 6 0 4 3 2 5 7 1
51 43 8 6 4 7 3 2 5 0 1
51 43 8 0 6 1 3 4 2 7 5
51 43 8 6 1 0 3 4 2 7 5
51 43 8 6 4 0 1 3 2 7 5
51 43 8 5 0 1 7 6 2 3 4
51 43 8 3 5 7 6 4 2 1 0
51 43 8 3 5 7 1 0 4 2 6
51 43 8 4 6 1 3 5 0 2 7
51 43 8 3 4 0 5 6 2 7 1
51 43 8 5 1 7 3 6 2 4 0
51 43 8 6 4 5 1 3 2 0 7
51 43 8 6 4 5 0 3 2 7 1
51 43 8 5 0 1 4 3 2 6 7
51 43 8 6 0 1 7 4 5 2 3
51 43 8 4 0 3 7 6 5 2 1
51 43 8 0 5 1 3 6 4 2 7
51 43 8 6 5 1 3 7 4 2 0
51 43 8 0 6 5 3 4 2 1 7
51 43 8 6 2 5 3 4 0 1 7
51 43 8 0 4 5 6 3 2 1 7
51 43 8 4 2 5 6 3 0 1 7
51 43 8 6 5 7 4 3 0 2 1
51 43 8 4 5 6 7 3 0 2 1
51 43 8 3 1 0 7 4 5 2 6
51 43 8 4 6 5 3 0 2 7 1
51 43 8 1 6 5 3 4 2 7 0
51 43 8 3 4 5 6 0 2 7 1
51 43 8 5 1 6 0 3 2 7 4
51 43 8 2 0 5 4 3 7 1 6
51 43 8 2 5 1 6 3 4 0 7
51 43 8 4 0 2 1 6 5 7 3
51 43 8 4 2 7 1 6 5 0 3
51 43 8 6 2 1 3 0 4 7 5
51 43 8 6 2 0 3 5 4 7 1
51 43 8 3 2 1 6 4 5 0 7
51 43 8 3 2 1 6 0 5 7 4
51 43 8 7 4 5 3 2 0 6 1
51 43 8 5 2 0 4 6 3 7 1
51 43 8 0 2 1 4 6 3 7 5
51 43 8 1 3 4 7 5 2 0 6
51 44 7 3 2 1 5 4 0 7 6
51 44 7 2 0 5 3 6 4 7 1
51 44 7 2 5 3 0 6 4 7 1
51 44 7 2 4 5 3 0 6 7 1
51 44 7 2 0 5 1 3 4 7 6
51 44 7 6 5 1 7 3 2 4 0
51 44 7 4 5 1 3 2 0 6 7
51 44 7 4 5 1 3 7 2 6 0
51 44 7 2 0 5 3 4 7 6 1
51 44 7 2 5 1 6 4 3 7 0
51 44 7 7 5 1 4 3 2 6 0
51 44 7 2 5 1 7 0 3 6 4
51 44 7 2 0 1 7 3 5 6 4
51 44 7 0 4 3 6 1 2 7 5
51 44 7 2 5 0 1 3 6 7 4
51 44 7 4 2 3 5 7 0 1 6
51 44 7 0 2 3 5 4 7 1 6
51 44 7 4 2 3 5 6 7 1 0
51 44 7 2 5 3 6 4 7 1 0
51 44 7 4 1 7 6 5 2 3 0
51 44 7 2 1 3 0 6 5 7 4
51 44 7 4 5 6 1 2 7 3 0
51 44 7 6 2 0 1 4 5 7 3
51 44 7 5 1 0 4 2 7 6 3
51 44 7 5 7 1 4 2 0 6 3
51 44 7 5 2 0 1 6 4 7 3
51 44 7 0 1 3 4 5 2 6 7
51 44 7 5 2 0 4 6 7 1 3
51 44 7 1 3 0 5 4 2 7 6
51 44 7 3 2 4 1 0 5 7 6
51 44 7 3 2 4 1 5 7 0 6
51 44 7 6 5 3 4 2 7 0 1
51 44 7 6 5 3 4 1 2 0 7
51 44 7 6 5 3 0 1 2 7 4
51 44 7 1 5 0 4 6 2 3 7
51 44 7 1 5 0 3 6 2 7 4
51 44 7 6 4 3 1 5 2 0 7
51 44 7 4 2 3 0 1 5 7 6
51 45 6 4 1 3 7 2 0 6 5
51 45 6 4 1 3 6 5 0 7 2
51 45 6 6 2 4 1 5 0 7 3
51 45 6 4 1 0 7 2 5 6 3
51 45 6 6 3 0 4 5 2 7 1
51 45 6 0 2 5 1 4 6 7 3
51 45 6 4 2 5 1 3 6 7 0
51 45 6 1 2 5 3 4 6 7 0
51 45 6 4 2 5 0 1 6 7 3
51 45 6 2 0 3 4 5 6 7 1
51 46 5 2 1 0 4 5 6 7 3
51 46 5 3 2 1 4 5 6 7 0
51 47 4 5 2 3 4 1 6 7 0
52 41 11 4 5 1 6 3 7 0 2
52 41 11 4 0 7 3 1 5 2 6
52 41 11 4 1 7 0 3 5 2 6
52 41 11 0 5 7 1 6 2 3 4
52 42 10 2 4 1 7 3 5 0 6
52 42 10 6 0 1 3 4 5 7 2
52 42 10 6 4 1 0 3 5 7 2
52 42 10 2 4 1 5 3 0 7 6
52 42 10 4 5 0 3 7 6 2 1
52 42 10 0 5 1 3 7 6 2 4
52 42 10 2 4 5 3 6 0 1 7
52 42 10 2 5 1 6 0 4 7 3
52 42 10 3 4 5 0 1 2 7 6
52 42 10 4 5 7 3 0 2 6 1
52 42 10 6 5 0 7 4 2 3 1
52 42 10 3 5 1 0 7 4 2 6
52 42 10 0 5 6 1 3 2 7 4
52 42 10 2 5 0 4 3 7 6 1
52 43 9 3 5 7 6 4 0 2 1
52 43 9 3 0 7 1 4 5 2 6
52 43 9 0 5 7 4 6 2 1 3
52 43 9 2 1 7 3 4 0 5 6
52 43 9 3 4 5 7 6 2 0 1
52 43 9 5 1 7 3 6 0 2 4
52 43 9 6 5 7 0 4 2 1 3
52 43 9 0 5 3 6 4 2 1 7
52 43 9 0 5 4 6 3 2 7 1
52 43 9 3 6 5 0 4 2 7 1
52 43 9 2 5 6 4 3 0 7 1
52 43 9 5 1 7 6 3 2 0 4
52 43 9 2 5 4 0 3 7 1 6
52 43 9 3 2 1 5 0 4 7 6
52 43 9 3 2 1 7 5 4 0 6
52 43 9 4 2 3 5 0 7 6 1
52 43 9 3 2 0 6 4 5 7 1
52 43 9 0 2 1 6 4 5 7 3
52 43 9 1 3 4 5 0 2 7 6
52 44 8 5 4 1 7 3 0 2 6
52 44 8 5 4 0 7 3 2 1 6
52 44 8 0 3 1 5 4 2 7 6
52 44 8 3 1 0 5 4 2 7 6
52 44 8 2 0 1 6 4 5 7 3
52 44 8 4 5 0 1 3 6 2 7
52 44 8 0 5 1 4 3 6 2 7
52 44 8 4 5 3 6 2 0 1 7
52 44 8 4 5 3 6 7 2 1 0
52 44 8 2 5 7 3 6 4 0 1
52 44 8 5 0 1 3 6 4 7 2
52 44 8 2 4 5 3 6 7 0 1
52 44 8 2 4 5 1 0 3 7 6
52 44 8 2 4 5 1 3 7 0 6
52 44 8 6 5 1 7 3 0 2 4
52 44 8 6 5 0 7 3 2 1 4
52 44 8 4 5 0 1 7 2 6 3
52 44 8 6 5 3 7 4 0 2 1
52 44 8 2 5 3 0 4 7 6 1
52 44 8 5 0 7 1 3 2 6 4
52 44 8 1 5 7 0 3 2 6 4
52 44 8 2 5 0 1 4 3 7 6
52 44 8 4 1 3 0 6 5 2 7
52 44 8 7 5 0 1 3 2 6 4
52 44 8 2 5 1 7 3 6 0 4
52 44 8 3 5 7 1 6 2 4 0
52 44 8 4 3 0 6 1 2 7 5
52 44 8 4 1 0 3 6 2 7 5
52 44 8 0 5 1 2 3 6 7 4
52 44 8 2 5 7 1 3 4 0 6
52 44 8 0 2 5 3 4 7 1 6
52 44 8 2 7 5 3 4 0 1 6
52 44 8 0 5 7 3 4 6 2 1
52 44 8 4 5 7 3 1 6 2 0
52 44 8 4 1 7 6 5 0 2 3
52 44 8 5 0 1 7 4 3 2 6
52 44 8 4 5 1 7 6 3 0 2
52 44 8 4 1 2 7 3 5 0 6
52 44 8 4 5 6 1 2 0 7 3
52 44 8 3 0 2 1 4 5 7 6
52 44 8 3 2 7 1 4 5 0 6
52 44 8 0 2 1 5 6 4 7 3
52 44 8 4 2 3 6 0 5 7 1
52 44 8 5 2 1 0 3 7 6 4
52 44 8 1 5 3 6 0 2 7 4
52 44 8 1 5 3 0 4 2 7 6
52 44 8 6 4 3 1 0 2 7 5
52 44 8 0 4 3 1 5 2 7 6
52 45 7 2 5 0 7 3 4 1 6
52 45 7 3 0 5 7 6 2 1 4
52 45 7 4 2 1 3 7 6 0 5
52 45 7 3 2 0 1 5 7 6 4
52 45 7 4 2 1 3 0 6 5 7
52 45 7 4 2 3 0 6 5 1 7
52 45 7 0 1 3 7 4 2 6 5
52 45 7 0 1 3 6 4 5 7 2
52 45 7 6 2 1 4 3 5 0 7
52 45 7 6 2 1 0 3 5 7 4
52 45 7 5 1 3 0 2 7 6 4
52 45 7 0 4 3 5 2 1 7 6
52 45 7 4 3 0 5 2 1 7 6
52 45 7 0 4 3 7 5 1 2 6
52 45 7 4 3 0 7 5 1 2 6
52 45 7 6 1 3 4 2 5 0 7
52 45 7 6 1 3 0 2 5 7 4
52 45 7 6 1 3 4 0 5 7 2
52 45 7 0 6 1 4 2 5 7 3
52 45 7 6 1 0 4 2 5 7 3
52 45 7 0 6 4 1 5 2 7 3
52 45 7 5 6 1 4 0 2 7 3
52 45 7 3 6 1 4 5 2 7 0
52 45 7 0 1 3 2 5 4 7 6
52 45 7 3 5 1 4 2 6 7 0
52 45 7 2 5 1 4 3 6 0 7
52 45 7 2 0 5 3 4 6 7 1
52 45 7 3 2 5 0 4 6 7 1
52 45 7 4 2 5 3 1 6 0 7
52 45 7 5 2 1 3 4 6 0 7
52 45 7 4 1 3 0 2 5 6 7
52 46 6 7 2 1 3 5 6 0 4
52 46 6 6 2 3 0 4 5 7 1
52 46 6 5 2 3 0 6 4 7 1
52 46 6 1 0 3 7 5 2 6 4
52 46 6 1 0 3 6 2 5 7 4
52 46 6 5 2 1 6 4 3 7 0
52 46 6 4 1 3 5 2 7 6 0
52 46 6 3 4 5 6 2 7 1 0
52 46 6 1 0 5 4 6 2 7 3
52 46 6 3 2 4 6 5 0 7 1
52 46 6 3 4 6 1 5 2 7 0
52 46 6 3 0 5 1 2 7 6 4
52 46 6 5 2 3 6 4 7 1 0
52 46 6 2 6 1 4 5 0 7 3
52 46 6 1 4 3 6 5 2 7 0
52 46 6 3 1 4 6 5 2 7 0
52 46 6 3 1 7 4 5 2 6 0
52 46 6 1 2 0 3 4 5 7 6
52 46 6 4 2 3 5 0 1 7 6
52 46 6 4 0 3 2 5 1 7 6
52 46 6 0 4 1 7 2 5 6 3
52 46 6 0 5 3 4 2 1 7 6
52 46 6 6 0 3 4 5 1 2 7
52 46 6 1 3 6 0 5 2 7 4
52 46 6 4 2 1 0 5 6 7 3
52 47 5 1 3 5 6 4 2 7 0
52 47 5 1 0 3 4 6 2 7 5
52 47 5 6 2 3 4 5 7 0 1
53 42 11 4 5 1 6 0 2 3 7
53 42 11 4 5 1 0 7 2 3 6
53 42 11 2 5 1 6 4 7 0 3
53 43 10 3 0 1 2 4 5 7 6
53 43 10 6 4 1 7 3 2 0 5
53 43 10 7 5 1 0 6 2 3 4
53 43 10 2 5 1 7 6 0 3 4
53 43 10 2 5 1 4 3 0 6 7
53 43 10 4 0 7 1 5 2 6 3
53 43 10 4 5 7 0 1 2 6 3
53 43 10 6 5 1 0 3 4 2 7
53 43 10 6 5 4 3 0 2 7 1
53 43 10 6 5 4 7 3 2 0 1
53 43 10 2 6 5 3 4 0 7 1
53 43 10 2 4 5 6 3 0 7 1
53 43 10 2 5 0 6 3 4 7 1
53 43 10 0 5 1 6 3 4 7 2
53 43 10 4 1 6 5 0 2 7 3
53 43 10 4 1 6 7 5 2 0 3
53 44 9 4 0 3 6 5 2 1 7
53 44 9 3 5 1 0 6 4 7 2
53 44 9 0 5 1 4 7 2 6 3
53 44 9 2 5 6 3 4 7 0 1
53 44 9 0 5 1 2 4 3 7 6
53 44 9 0 6 1 3 4 5 2 7
53 44 9 6 1 0 3 4 5 2 7
53 44 9 4 1 2 3 6 5 0 7
53 44 9 0 5 1 6 4 3 2 7
53 44 9 4 5 1 6 7 3 2 0
53 44 9 0 4 1 6 3 5 2 7
53 44 9 4 1 0 6 3 5 2 7
53 44 9 0 5 6 4 3 2 1 7
53 44 9 3 5 7 1 6 0 2 4
53 44 9 4 0 7 3 5 6 2 1
53 44 9 2 1 7 3 6 5 0 4
53 44 9 6 5 1 7 4 3 2 0
53 44 9 4 5 1 0 6 3 2 7
53 44 9 6 4 1 7 3 5 2 0
53 44 9 3 5 1 0 6 2 4 7
53 44 9 3 5 1 7 0 2 4 6
53 44 9 5 2 1 6 0 4 7 3
53 44 9 5 2 1 7 6 4 0 3
53 44 9 4 2 3 7 6 5 0 1
53 44 9 4 5 3 1 0 7 6 2
53 44 9 0 5 3 1 2 7 6 4
53 44 9 5 2 0 4 3 7 6 1
53 44 9 0 2 1 4 3 7 6 5
53 44 9 6 5 0 4 1 2 7 3
53 44 9 1 5 3 7 6 2 0 4
53 45 8 4 5 6 3 1 2 7 0
53 45 8 4 5 7 3 2 0 1 6
53 45 8 4 2 1 5 7 0 6 3
53 45 8 0 2 1 5 4 7 6 3
53 45 8 4 2 1 5 3 7 6 0
53 45 8 5 0 1 2 3 4 7 6
53 45 8 2 5 1 7 3 0 4 6
53 45 8 6 5 7 3 0 4 2 1
53 45 8 0 5 1 6 2 3 7 4
53 45 8 2 1 0 6 3 5 7 4
53 45 8 3 5 1 7 0 6 2 4
53 45 8 3 0 1 7 6 5 2 4
53 45 8 4 0 1 3 7 2 6 5
53 45 8 2 0 1 3 4 7 6 5
53 45 8 0 4 2 3 5 7 6 1
53 45 8 4 7 2 3 5 0 6 1
53 45 8 2 1 0 3 5 7 6 4
53 45 8 2 7 1 3 5 0 6 4
53 45 8 5 2 1 3 7 0 6 4
53 45 8 6 2 1 3 4 0 5 7
53 45 8 6 2 0 3 4 5 1 7
53 45 8 4 7 2 3 5 1 0 6
53 45 8 2 5 1 4 7 0 6 3
53 45 8 5 2 1 3 6 0 4 7
53 45 8 5 2 0 3 6 4 1 7
53 45 8 4 2 1 6 3 0 5 7
53 45 8 4 2 0 6 3 5 1 7
53 45 8 4 1 3 6 2 0 5 7
53 45 8 4 1 0 6 2 5 3 7
53 45 8 5 1 3 6 4 0 2 7
53 45 8 6 2 0 4 3 5 7 1
53 45 8 5 1 6 3 2 7 0 4
53 45 8 5 7 1 3 0 2 6 4
53 45 8 5 7 1 3 2 6 0 4
53 45 8 4 7 0 3 2 1 5 6
53 45 8 5 3 4 1 0 2 7 6
53 45 8 6 3 4 1 5 2 7 0
53 45 8 5 0 2 4 3 7 1 6
53 45 8 5 2 4 0 3 7 1 6
53 45 8 0 1 7 4 2 5 6 3
53 45 8 5 3 4 0 6 2 7 1
53 45 8 5 3 7 4 6 2 0 1
53 45 8 5 2 1 6 3 4 0 7
53 45 8 4 6 1 0 5 2 7 3
53 45 8 4 5 1 0 2 6 7 3
53 45 8 2 5 0 4 3 6 7 1
53 45 8 0 5 1 4 3 6 7 2
53 45 8 4 2 0 3 1 6 7 5
53 45 8 0 2 5 3 1 6 7 4
53 45 8 5 2 0 3 4 6 7 1
53 45 8 0 2 1 3 4 6 7 5
53 45 8 4 1 3 7 0 5 6 2
53 45 8 0 1 3 7 2 5 6 4
53 45 8 2 5 3 0 4 6 7 1
53 46 7 4 3 1 7 5 0 2 6
53 46 7 4 2 1 7 6 5 3 0
53 46 7 0 4 1 3 2 7 6 5
53 46 7 4 1 0 3 2 7 6 5
53 46 7 4 7 1 3 2 0 6 5
53 46 7 7 5 1 4 2 6 0 3
53 46 7 7 0 1 4 2 5 6 3
53 46 7 4 2 6 0 3 5 7 1
53 46 7 5 1 3 7 0 2 6 4
53 46 7 5 1 0 4 2 3 7 6
53 46 7 5 3 1 4 2 0 7 6
53 46 7 5 2 0 1 4 3 7 6
53 46 7 4 2 7 3 6 5 1 0
53 46 7 3 2 0 1 6 5 7 4
53 46 7 4 2 7 1 3 5 6 0
53 46 7 5 0 3 4 2 7 6 1
53 46 7 2 5 3 4 0 7 6 1
53 46 7 1 5 3 4 2 7 6 0
53 46 7 6 4 5 3 2 7 0 1
53 46 7 6 4 5 0 2 7 1 3
53 46 7 5 1 4 3 6 2 7 0
53 46 7 5 1 7 4 6 2 3 0
53 46 7 6 5 1 4 2 7 3 0
53 46 7 6 4 7 1 5 2 3 0
53 46 7 1 5 4 0 6 2 7 3
53 46 7 1 5 7 4 6 2 0 3
53 46 7 5 1 3 0 2 4 7 6
53 46 7 5 1 7 3 2 4 0 6
53 46 7 0 3 4 6 5 2 7 1
53 46 7 4 0 3 1 2 5 7 6
53 46 7 5 0 3 1 4 2 7 6
53 46 7 2 3 1 4 0 5 7 6
53 46 7 5 4 3 6 0 2 7 1
53 46 7 5 3 1 4 6 2 7 0
53 46 7 6 3 1 4 5 2 0 7
53 46 7 6 3 1 0 5 2 7 4
53 46 7 3 1 7 4 5 0 2 6
53 46 7 0 2 3 1 4 5 7 6
53 46 7 4 2 3 5 1 7 0 6
53 46 7 4 1 3 2 5 7 0 6
53 46 7 5 4 1 0 2 7 6 3
53 46 7 2 3 0 4 6 5 7 1
53 46 7 6 2 4 3 0 5 7 1
53 46 7 6 2 4 3 5 7 0 1
53 46 7 5 3 0 4 2 1 7 6
53 46 7 6 1 3 4 0 5 2 7
53 46 7 1 3 7 6 5 2 0 4
53 46 7 2 3 4 0 5 1 7 6
53 46 7 2 3 7 4 5 1 0 6
53 46 7 4 2 0 6 5 7 3 1
53 46 7 2 1 3 0 5 7 6 4
53 47 6 3 2 1 7 4 5 6 0
53 47 6 1 0 3 5 6 2 7 4
53 47 6 7 0 5 3 2 4 1 6
53 47 6 1 0 7 3 2 5 6 4
53 47 6 1 0 7 4 5 2 6 3
53 47 6 2 1 7 3 5 4 6 0
53 47 6 4 3 1 6 5 2 7 0
53 47 6 4 2 0 5 3 6 7 1
53 47 6 0 2 5 4 3 6 7 1
53 47 6 5 2 0 1 3 6 7 4
53 47 6 1 4 3 5 0 2 7 6
53 47 6 1 0 3 2 4 5 7 6
53 47 6 5 2 3 1 6 0 7 4
53 47 6 6 4 3 7 5 2 1 0
53 47 6 2 5 3 4 6 7 1 0
53 47 6 4 3 5 1 2 0 7 6
53 47 6 4 5 1 7 2 6 3 0
53 47 6 5 1 3 4 2 7 6 0
53 47 6 3 0 1 7 2 5 6 4
53 47 6 6 0 3 4 2 1 7 5
53 47 6 3 4 5 7 0 2 6 1
53 47 6 1 4 5 7 3 2 6 0
53 47 6 4 2 5 7 0 3 6 1
53 47 6 2 7 3 4 5 0 1 6
53 47 6 5 2 3 4 7 0 1 6
53 47 6 5 2 3 4 6 7 1 0
53 47 6 6 2 3 0 5 7 1 4
53 47 6 5 2 3 4 1 7 0 6
53 47 6 5 2 1 4 3 6 0 7
53 47 6 1 2 0 3 5 7 6 4
53 48 5 5 2 1 7 3 4 6 0
53 48 5 7 2 3 4 5 1 0 6
53 48 5 0 3 5 7 4 2 6 1
53 48 5 1 2 3 6 4 0 7 5
53 48 5 1 2 3 4 7 0 6 5
53 48 5 1 2 3 4 6 0 5 7
53 49 4 3 5 1 7 2 4 6 0
53 49 4 1 2 3 6 5 7 4 0
53 50 3 1 2 3 4 5 6 7 0