0 0 0 4 5 1 3 0 2 7 6
12 0 12 4 5 1 3 6 2 7 0
13 0 13 4 5 1 3 6 2 0 7
14 0 14 4 5 1 3 2 0 7 6
13 0 13 4 5 1 3 2 7 0 6
11 0 11 4 5 1 3 2 7 6 0
13 0 13 4 5 1 0 2 7 6 3
13 0 13 4 5 0 1 2 7 6 3
12 0 12 4 0 5 1 2 7 6 3
12 0 12 0 4 5 1 2 7 6 3
10 0 10 1 4 5 0 2 7 6 3
7 0 7 1 4 5 3 2 7 6 0
9 0 9 1 4 5 3 2 7 0 6
10 0 10 3 4 5 1 2 7 6 0
10 0 10 1 4 0 5 2 7 6 3
10 0 10 1 4 5 3 2 0 7 6
8 0 8 1 0 5 3 2 4 7 6
9 0 9 1 5 0 3 2 4 7 6
7 0 7 1 5 7 3 2 4 0 6
5 0 5 1 5 7 3 2 4 6 0
7 0 7 1 5 7 0 2 4 6 3
6 0 6 1 5 0 7 2 4 6 3
5 0 5 1 0 5 7 2 4 6 3
7 0 7 1 5 6 7 2 4 0 3
6 0 6 1 5 6 7 2 4 3 0
7 0 7 0 1 5 7 2 4 6 3
5 0 5 3 1 5 7 2 4 6 0
5 0 5 3 1 5 7 2 4 0 6
7 0 7 1 4 5 7 2 0 6 3
7 0 7 3 1 5 0 2 4 6 7
7 0 7 3 1 5 7 2 0 4 6
7 0 7 1 4 5 7 2 6 0 3
6 0 6 1 4 5 7 2 6 3 0
8 0 8 1 5 3 0 2 4 7 6
7 0 7 1 5 3 7 2 4 0 6
3 0 3 1 5 3 7 2 4 6 0
7 0 7 1 5 3 7 2 0 4 6
7 0 7 1 5 0 7 2 4 3 6
6 0 6 1 0 5 7 2 4 3 6
7 0 7 1 5 3 0 2 4 6 7
8 0 8 2 1 5 7 0 4 6 3
8 0 8 3 1 5 7 0 4 6 2
8 0 8 3 1 0 7 2 4 5 6
8 0 8 1 4 5 7 0 2 6 3
8 0 8 3 1 0 5 2 4 6 7
8 0 8 3 1 5 7 0 2 4 6
8 0 8 3 0 5 7 2 1 4 6
8 0 8 1 5 3 6 2 4 7 0
8 0 8 1 5 3 7 0 4 6 2
8 0 8 1 5 3 7 0 2 4 6
8 0 8 1 0 3 7 2 5 4 6
7 0 7 1 3 0 7 2 5 4 6
7 0 7 1 3 4 7 2 5 0 6
5 0 5 1 3 4 7 2 5 6 0
8 0 8 1 5 7 0 2 4 3 6
8 0 8 0 1 5 7 2 4 3 6
8 0 8 1 4 5 7 2 0 3 6
7 0 7 1 4 5 7 2 3 0 6
5 0 5 1 4 5 7 2 3 6 0
8 0 8 1 5 0 3 2 4 6 7
7 0 7 1 0 5 3 2 4 6 7
8 0 8 2 1 5 7 3 4 6 0
8 0 8 3 1 5 7 4 0 6 2
8 0 8 1 4 5 7 3 2 6 0
8 0 8 3 1 5 7 6 2 4 0
8 0 8 0 3 5 7 2 1 4 6
7 0 7 1 3 5 7 2 0 4 6
3 0 3 1 3 5 7 2 4 0 6
1 0 1 1 3 5 7 2 4 6 0