0 0 0 5 1 4 6 2 7 3 0
13 0 13 5 1 4 0 2 7 3 6
14 0 14 5 1 4 6 2 7 0 3
15 0 15 5 1 4 6 0 7 3 2
17 0 17 5 1 0 6 2 7 3 4
18 0 18 0 1 4 6 2 7 3 5
26 13 13 5 1 0 4 2 7 3 6
27 13 14 0 1 4 5 2 7 3 6
27 13 14 5 1 4 3 2 7 0 6
28 14 14 5 1 0 6 2 7 4 3
28 15 13 0 1 4 6 5 7 3 2
29 13 16 5 1 4 2 0 7 3 6
29 14 15 5 1 4 6 2 0 7 3
30 15 15 5 1 4 6 7 0 3 2
30 15 15 5 1 4 0 6 7 3 2
30 17 13 5 1 3 6 2 7 0 4
31 17 14 5 1 6 0 2 7 3 4
31 18 13 2 1 4 6 0 7 3 5
32 15 17 5 0 4 6 1 7 3 2
32 18 14 1 0 4 6 2 7 3 5
33 17 16 5 0 1 6 2 7 3 4
34 18 16 6 1 4 0 2 7 3 5
36 18 18 7 1 4 6 2 0 3 5
37 26 11 5 1 3 4 2 7 0 6
37 27 10 5 1 4 3 2 7 6 0
38 27 11 1 0 4 5 2 7 3 6
39 27 12 5 1 0 3 2 7 4 6
39 28 11 1 0 4 6 5 7 3 2
39 28 11 2 1 4 6 5 7 3 0
40 26 14 5 0 1 4 2 7 3 6
40 27 13 6 1 4 5 2 7 3 0
40 27 13 5 1 4 3 2 0 7 6
41 27 14 2 1 4 5 0 7 3 6
41 27 14 7 1 4 5 2 0 3 6
41 28 13 5 1 6 0 2 7 4 3
41 29 12 5 1 4 2 6 7 3 0
41 30 11 5 1 3 6 2 7 4 0
42 28 14 6 1 4 0 5 7 3 2
42 29 13 0 1 4 2 5 7 3 6
42 30 12 5 1 0 4 6 7 3 2
43 28 15 5 0 1 6 2 7 4 3
43 28 15 7 1 4 6 5 0 3 2
43 29 14 5 1 4 6 0 2 7 3
43 30 13 5 1 4 3 6 7 0 2
43 30 13 5 1 3 6 2 0 7 4
43 31 12 5 1 6 4 2 7 3 0
44 29 15 5 1 4 2 7 0 3 6
44 30 14 5 1 4 6 7 3 0 2
45 29 16 5 0 4 6 2 1 7 3
45 31 14 2 1 4 6 7 0 3 5
45 31 14 2 1 4 0 6 7 3 5
46 29 17 5 0 4 2 1 7 3 6
46 30 16 5 0 4 6 7 1 3 2
46 30 16 0 1 4 5 6 7 3 2
46 31 15 0 1 6 5 2 7 3 4
46 31 15 5 1 6 3 2 7 0 4
46 37 9 5 1 3 4 2 7 6 0
47 31 16 2 0 4 6 1 7 3 5
47 32 15 1 4 0 6 2 7 3 5
47 32 15 1 7 4 6 2 0 3 5
48 31 17 5 1 6 2 0 7 3 4
48 32 16 0 5 4 6 1 7 3 2
48 32 16 5 4 0 6 1 7 3 2
48 32 16 5 7 4 6 1 0 3 2
48 37 11 5 1 3 4 2 0 7 6
49 33 16 0 5 1 6 2 7 3 4
49 33 16 5 7 1 6 2 0 3 4
49 34 15 6 1 0 4 2 7 3 5
49 37 12 5 1 4 0 2 7 6 3
49 38 11 1 4 0 5 2 7 3 6
49 38 11 1 7 4 5 2 0 3 6
50 34 16 6 1 4 3 2 7 0 5
50 37 13 5 1 4 3 0 7 6 2
50 39 11 5 1 3 0 2 7 4 6
50 39 11 2 1 4 6 5 7 0 3
50 39 11 2 1 4 0 5 7 3 6
51 34 17 6 1 4 2 0 7 3 5
51 36 15 7 1 4 6 0 2 3 5
51 36 15 7 1 4 6 2 3 0 5
51 37 14 5 1 0 3 2 7 6 4
51 39 12 1 4 0 6 5 7 3 2
51 39 12 1 7 4 6 5 0 3 2
51 42 9 5 1 3 4 6 7 0 2
52 39 13 5 0 1 3 2 7 4 6
52 40 12 6 1 4 5 2 7 0 3
52 40 12 5 1 4 3 0 2 7 6
52 41 11 7 1 4 5 2 3 0 6
52 41 11 5 1 6 3 2 7 4 0
53 36 17 7 0 4 6 2 1 3 5
53 37 16 0 1 4 3 2 7 6 5
53 39 14 2 1 0 6 5 7 3 4
53 41 12 2 1 4 5 6 7 3 0
53 42 11 6 1 4 2 5 7 3 0
53 42 11 1 0 4 2 5 7 3 6
53 43 10 5 1 4 3 6 7 2 0
54 40 14 0 5 1 4 2 7 3 6
54 40 14 5 7 1 4 2 0 3 6
54 40 14 5 0 4 3 2 1 7 6
54 41 13 7 1 4 5 0 2 3 6
54 41 13 7 0 4 5 2 1 3 6
54 41 13 5 1 4 2 6 7 0 3
54 42 12 6 1 0 4 5 7 3 2
54 43 11 5 1 4 3 6 0 7 2
55 40 15 6 1 0 5 2 7 3 4
55 41 14 0 1 6 5 2 7 4 3
55 41 14 5 1 3 6 0 7 4 2
55 42 13 6 1 4 3 5 7 0 2
55 42 13 5 0 1 4 6 7 3 2
55 43 12 7 1 4 6 5 3 0 2
55 43 12 5 1 4 6 3 2 7 0
55 43 12 5 1 3 6 0 2 7 4
56 40 16 6 1 4 5 0 7 3 2
56 41 15 2 1 4 5 7 0 3 6
56 41 15 5 1 6 4 2 7 0 3
56 43 13 0 1 4 6 5 2 7 3
56 43 13 5 1 0 3 6 7 4 2
56 45 11 2 1 0 4 6 7 3 5
57 41 16 5 1 0 2 6 7 3 4
57 41 16 0 1 4 2 6 7 3 5
57 42 15 7 1 4 2 5 0 3 6
57 43 14 7 1 4 6 0 5 3 2
57 43 14 7 0 4 6 5 1 3 2
57 43 14 5 0 3 6 2 1 7 4
57 43 14 5 1 6 4 0 7 3 2
57 44 13 5 1 4 6 7 3 2 0
57 45 12 2 1 4 3 6 7 0 5
57 46 11 5 1 3 0 2 7 6 4
57 46 11 5 1 3 4 0 7 6 2
58 41 17 2 0 4 5 1 7 3 6
58 41 17 0 1 3 6 2 7 4 5
58 43 15 0 5 1 6 2 7 4 3
58 43 15 5 7 1 6 2 0 4 3
58 43 15 5 1 4 0 6 2 7 3
58 44 14 5 1 4 2 7 3 0 6
58 45 13 2 1 4 6 7 3 0 5
58 46 12 1 0 6 5 2 7 3 4
58 48 10 5 1 3 4 0 2 7 6
58 49 9 1 4 3 5 2 7 0 6
59 41 18 5 1 6 2 0 7 4 3
59 46 13 1 0 4 5 6 7 3 2
59 47 12 1 4 3 6 2 7 0 5
59 49 10 1 4 5 0 2 7 3 6
59 49 10 1 7 4 5 2 3 0 6
59 51 8 5 1 3 4 6 7 2 0
60 43 17 5 0 4 6 1 2 7 3
60 43 17 0 1 6 4 2 7 3 5
60 44 16 5 0 4 2 7 1 3 6
60 44 16 5 1 0 6 7 3 4 2
60 45 15 2 0 4 6 7 1 3 5
60 46 14 4 1 6 5 2 7 3 0
60 46 14 5 1 6 3 2 0 7 4
60 46 14 5 1 0 4 2 7 6 3
60 46 14 0 1 3 4 2 7 6 5
60 48 12 5 0 3 4 2 1 7 6
60 50 10 2 1 0 4 5 7 3 6
60 51 9 1 4 3 6 5 7 0 2
60 51 9 5 1 3 4 6 0 7 2
61 45 16 0 5 4 6 2 1 7 3
61 45 16 5 4 0 6 2 1 7 3
61 46 15 2 1 6 5 0 7 3 4
61 46 15 7 1 6 5 2 0 3 4
61 47 14 0 2 4 6 1 7 3 5
61 47 14 1 4 6 0 2 7 3 5
61 47 14 1 7 4 6 0 2 3 5
61 47 14 1 7 4 6 2 3 0 5
61 48 13 1 5 4 6 0 7 3 2
61 48 13 5 4 3 6 1 7 0 2
61 49 12 6 1 3 4 2 7 0 5
61 49 12 1 7 4 5 0 2 3 6
61 50 11 0 1 4 3 5 7 6 2
61 50 11 2 1 4 6 5 0 7 3
61 50 11 2 1 4 3 5 7 0 6
61 52 9 7 1 4 5 2 3 6 0
62 46 16 0 5 4 2 1 7 3 6
62 46 16 5 4 0 2 1 7 3 6
62 46 16 5 7 4 2 1 0 3 6
62 47 15 2 4 0 6 1 7 3 5
62 47 15 2 7 4 6 1 0 3 5
62 48 14 0 1 6 2 5 7 3 4
62 48 14 2 5 4 6 1 7 3 0
62 49 13 0 1 4 5 2 7 6 3
62 50 12 6 1 4 3 2 7 5 0
62 50 12 0 1 3 5 2 7 4 6
62 51 11 1 7 4 6 5 3 0 2
62 52 10 5 1 4 3 6 2 7 0
62 53 9 2 1 3 6 5 7 0 4
63 46 17 0 5 4 6 7 1 3 2
63 46 17 5 4 0 6 7 1 3 2
63 46 17 7 1 4 5 6 0 3 2
63 48 15 5 1 6 2 4 7 3 0
63 48 15 5 7 4 6 1 3 0 2
63 50 13 5 1 4 3 7 0 6 2
63 50 13 2 1 0 6 5 7 4 3
63 51 12 7 1 4 6 5 2 3 0
63 51 12 1 4 6 0 5 7 3 2
63 52 11 0 1 4 3 5 2 7 6
63 52 11 7 1 0 5 2 3 4 6
63 54 9 6 1 3 4 5 7 0 2
64 48 16 5 1 6 2 7 0 3 4
64 48 16 5 4 6 0 1 7 3 2
64 48 16 5 7 4 6 0 1 3 2
64 49 15 2 5 1 6 0 7 3 4
64 49 15 6 5 1 0 2 7 3 4
64 49 15 5 7 1 6 2 3 0 4
64 50 14 6 1 4 3 2 0 7 5
64 50 14 6 1 0 3 2 7 4 5
64 51 13 7 1 4 6 2 3 5 0
64 51 13 5 0 1 3 2 7 6 4
64 51 13 1 7 4 6 0 5 3 2
64 52 12 6 1 0 5 2 7 4 3
64 53 11 2 1 4 3 0 7 6 5
64 54 10 5 1 4 3 0 6 7 2
64 56 8 2 1 3 4 6 7 0 5
65 48 17 6 5 4 0 1 7 3 2
65 49 16 4 5 1 6 2 7 3 0
65 49 16 6 0 1 4 2 7 3 5
65 49 16 5 1 4 2 0 7 6 3
65 50 15 5 0 4 3 1 7 6 2
65 50 15 5 1 4 0 3 7 6 2
65 50 15 5 1 3 2 0 7 4 6
65 52 13 0 5 1 3 2 7 4 6
65 52 13 5 7 1 3 2 0 4 6
65 52 13 6 1 4 5 2 0 7 3
65 53 12 1 0 4 3 2 7 6 5
65 53 12 2 1 6 0 5 7 3 4
65 53 12 1 4 0 2 5 7 3 6
65 53 12 1 7 4 2 5 0 3 6
65 55 10 6 1 4 3 5 7 2 0
65 58 7 1 4 3 5 2 7 6 0
66 48 18 5 0 6 2 1 7 3 4
66 48 18 7 5 4 6 1 0 3 2
66 49 17 7 5 1 6 2 0 3 4
66 49 17 5 7 1 6 0 2 3 4
66 51 15 7 1 0 6 2 3 4 5
66 53 13 3 1 4 0 2 7 6 5
66 53 13 2 0 1 6 5 7 3 4
66 53 13 2 1 4 5 6 7 0 3
66 53 13 6 1 4 2 5 7 0 3
66 54 12 5 0 4 3 6 1 7 2
66 55 11 6 1 3 5 2 7 0 4
66 55 11 1 0 6 5 2 7 4 3
66 55 11 3 1 6 5 2 7 4 0
66 55 11 6 1 4 3 5 0 7 2
66 55 11 7 1 4 6 5 3 2 0
66 55 11 0 1 3 6 5 2 7 4
66 57 9 2 1 4 3 6 7 5 0
66 57 9 0 1 3 4 5 7 6 2
66 58 8 5 1 3 4 6 2 7 0
67 51 16 6 1 4 2 7 0 3 5
67 51 16 0 1 4 6 7 2 3 5
67 51 16 7 1 4 0 6 2 3 5
67 52 15 5 0 4 3 1 2 7 6
67 52 15 5 1 4 0 3 2 7 6
67 52 15 5 1 6 3 0 7 4 2
67 53 14 5 1 4 0 6 7 2 3
67 53 14 5 1 4 3 0 7 2 6
67 54 13 2 5 1 4 0 7 3 6
67 54 13 5 7 1 4 2 3 0 6
67 54 13 7 1 4 5 6 2 3 0
67 54 13 7 4 0 5 2 1 3 6
67 54 13 5 1 4 2 6 0 7 3
67 54 13 6 0 1 4 5 7 3 2
67 55 12 6 1 5 0 2 7 3 4
67 55 12 0 1 3 6 5 7 4 2
67 55 12 5 1 3 6 4 2 7 0
67 56 11 1 0 4 6 5 2 7 3
67 56 11 3 1 4 6 5 2 7 0
67 57 10 2 1 4 3 6 0 7 5
67 58 9 0 1 3 4 5 2 7 6
67 59 8 1 7 4 5 2 3 6 0
67 60 7 2 1 3 4 5 7 0 6
68 53 15 7 1 4 3 2 0 6 5
68 53 15 5 1 0 3 6 7 2 4
68 53 15 0 1 4 3 6 7 2 5
68 54 14 6 5 1 4 2 7 3 0
68 54 14 0 5 4 3 2 1 7 6
68 54 14 5 4 0 3 2 1 7 6
68 54 14 0 7 4 5 2 1 3 6
68 55 13 6 1 0 3 5 7 4 2
68 55 13 5 1 4 6 3 2 0 7
68 55 13 5 1 3 0 6 2 7 4
68 56 12 5 1 3 0 6 7 4 2
68 56 12 2 0 1 4 6 7 3 5
68 57 11 5 1 3 2 6 7 0 4
68 57 11 5 1 3 4 7 0 6 2
68 58 10 1 4 3 5 2 0 7 6
68 60 8 1 4 3 6 5 7 2 0
68 60 8 5 1 3 4 0 6 7 2
68 61 7 2 1 4 3 5 7 6 0
69 51 18 6 0 4 2 1 7 3 5
69 51 18 7 0 4 6 1 2 3 5
69 52 17 0 1 6 3 2 7 4 5
69 53 16 2 1 0 5 6 7 3 4
69 53 16 6 1 0 2 5 7 3 4
69 54 15 4 5 1 0 2 7 3 6
69 54 15 7 5 1 4 2 0 3 6
69 54 15 5 7 1 4 0 2 3 6
69 54 15 0 1 4 5 7 2 3 6
69 54 15 7 1 4 0 5 2 3 6
69 54 15 5 1 0 2 6 7 4 3
69 55 14 6 0 1 5 2 7 3 4
69 55 14 2 1 6 5 0 7 4 3
69 55 14 7 1 6 5 2 0 4 3
69 55 14 5 1 3 6 7 0 4 2
69 55 14 0 5 1 4 6 7 3 2
69 55 14 5 7 1 4 6 0 3 2
69 55 14 7 1 0 6 5 3 4 2
69 57 12 1 0 4 2 6 7 3 5
69 57 12 7 1 4 2 5 3 0 6
69 57 12 0 1 6 4 5 7 3 2
69 57 12 2 1 0 3 6 7 4 5
69 57 12 0 1 3 5 2 7 6 4
69 59 10 1 4 5 6 2 7 3 0
69 59 10 1 7 0 5 2 3 4 6
69 60 9 2 1 3 4 0 7 6 5
69 60 9 1 4 3 6 5 0 7 2
70 53 17 7 4 0 6 2 1 3 5
70 54 16 7 0 4 5 1 2 3 6
70 55 15 5 0 3 6 1 2 7 4
70 56 14 2 1 4 5 7 3 0 6
70 56 14 5 1 6 4 2 0 7 3
70 56 14 6 1 4 0 5 2 7 3
70 56 14 5 0 1 3 6 7 4 2
70 57 13 5 1 2 0 6 7 3 4
70 57 13 5 0 3 4 1 7 6 2
70 58 12 2 1 3 6 0 7 4 5
70 58 12 5 1 0 4 6 2 7 3
70 58 12 5 1 4 2 7 3 6 0
70 58 12 2 1 4 6 7 3 5 0
70 58 12 1 6 0 5 2 7 3 4
70 58 12 1 7 6 5 2 0 3 4
70 59 11 1 4 3 6 2 7 5 0
70 59 11 1 4 5 3 2 7 0 6
70 60 10 1 0 3 4 2 7 6 5
70 60 10 5 0 3 4 6 1 7 2
70 61 9 1 0 4 3 5 7 6 2
70 61 9 2 1 4 3 5 0 7 6
70 62 8 2 1 3 6 5 7 4 0
71 53 18 0 7 4 6 2 1 3 5
71 55 16 5 0 3 6 1 7 4 2
71 55 16 5 1 0 6 3 2 7 4
71 55 16 0 1 4 6 3 2 7 5
71 57 14 7 1 4 2 0 5 3 6
71 57 14 7 0 4 2 5 1 3 6
71 57 14 7 1 4 6 2 5 3 0
71 57 14 5 3 0 6 2 1 7 4
71 57 14 5 1 6 4 7 0 3 2
71 57 14 5 1 3 2 0 7 6 4
71 57 14 5 1 3 0 4 7 6 2
71 58 13 1 0 3 6 2 7 4 5
71 58 13 3 5 1 6 2 7 4 0
71 58 13 5 7 1 6 2 4 0 3
71 58 13 5 0 3 4 1 2 7 6
71 59 12 1 4 3 6 2 0 7 5
71 59 12 5 1 3 0 6 7 2 4
71 59 12 5 1 3 4 0 7 2 6
71 60 11 2 0 1 4 5 7 3 6
71 61 10 1 4 6 5 2 7 3 0
71 62 9 1 0 3 5 2 7 4 6
71 62 9 2 1 3 6 5 0 7 4
71 63 8 6 1 3 4 5 7 2 0
71 64 7 2 1 3 4 6 7 5 0
72 56 16 6 1 4 5 7 0 3 2
72 56 16 2 0 4 5 7 1 3 6
72 57 15 5 0 1 2 6 7 3 4
72 57 15 0 1 4 6 7 5 3 2
72 57 15 7 1 4 0 6 5 3 2
72 57 15 0 7 4 6 5 1 3 2
72 57 15 7 4 0 6 5 1 3 2
72 57 15 0 5 3 6 2 1 7 4
72 57 15 5 1 4 0 7 3 2 6
72 57 15 5 1 4 6 0 3 2 7
72 58 14 6 1 3 0 2 7 4 5
72 58 14 6 5 1 0 2 7 4 3
72 58 14 5 1 4 7 6 2 0 3
72 58 14 5 1 3 0 4 2 7 6
72 59 13 0 1 3 4 6 7 2 5
72 60 12 2 1 6 4 0 7 3 5
72 60 12 5 3 0 4 2 1 7 6
72 61 11 1 2 4 6 0 7 3 5
72 61 11 1 7 4 6 5 2 3 0
72 61 11 6 1 3 4 2 7 5 0
72 61 11 2 1 0 3 5 7 4 6
72 62 10 1 0 4 5 2 7 6 3
72 62 10 3 1 4 5 2 7 6 0
72 62 10 1 7 4 6 5 3 2 0
72 63 9 1 0 4 3 5 2 7 6
72 63 9 6 1 3 4 5 0 7 2
72 64 8 2 1 3 4 6 0 7 5
72 67 5 2 1 3 4 5 7 6 0
73 57 16 7 1 4 2 6 0 3 5
73 57 16 5 0 6 4 1 7 3 2
73 58 15 0 2 4 5 1 7 3 6
73 58 15 2 4 0 5 1 7 3 6
73 58 15 2 7 4 5 1 0 3 6
73 58 15 2 1 0 6 7 3 4 5
73 59 14 5 1 6 2 3 7 4 0
73 59 14 1 4 0 5 6 7 3 2
73 59 14 1 7 4 5 6 0 3 2
73 59 14 0 4 5 1 2 7 3 6
73 60 13 5 2 4 6 1 0 7 3
73 60 13 1 0 6 4 2 7 3 5
73 60 13 4 1 6 5 2 7 0 3
73 60 13 5 1 6 3 0 2 7 4
73 60 13 5 0 1 4 2 7 6 3
73 60 13 0 5 3 4 2 1 7 6
73 61 12 7 1 6 5 2 3 0 4
73 61 12 1 7 4 6 2 3 5 0
73 61 12 1 5 4 6 2 7 3 0
73 61 12 5 4 3 6 1 7 2 0
73 61 12 6 1 3 4 2 0 7 5
73 61 12 1 7 4 5 6 2 3 0
73 61 12 3 1 4 0 5 7 6 2
73 61 12 2 1 4 6 0 5 7 3
73 61 12 2 0 4 6 5 1 7 3
73 62 11 6 1 3 5 2 7 4 0
73 62 11 5 1 4 3 6 2 0 7
73 63 10 1 4 6 2 5 7 3 0
73 63 10 7 1 5 0 2 3 4 6
73 64 9 0 1 4 3 5 6 7 2
73 65 8 2 1 6 4 5 7 3 0
73 66 7 1 0 3 4 5 7 6 2
74 56 18 6 0 4 5 1 7 3 2
74 57 17 7 0 4 6 1 5 3 2
74 57 17 5 1 6 0 4 7 3 2
74 58 16 7 1 3 6 2 0 4 5
74 58 16 2 5 1 6 0 7 4 3
74 58 16 7 5 1 6 2 0 4 3
74 58 16 5 7 1 6 0 2 4 3
74 58 16 0 1 4 5 6 2 7 3
74 58 16 5 1 0 2 7 3 4 6
74 59 15 0 1 6 2 5 7 4 3
74 59 15 1 4 5 2 0 7 3 6
74 59 15 5 1 0 4 6 7 2 3
74 60 14 4 1 3 0 2 7 6 5
74 60 14 7 1 3 4 2 0 6 5
74 61 13 2 1 6 5 4 7 3 0
74 61 13 5 2 4 6 1 7 3 0
74 61 13 5 4 3 6 1 0 7 2
74 61 13 7 1 4 3 5 0 6 2
74 61 13 7 1 4 0 2 3 6 5
74 61 13 7 1 0 5 2 3 6 4
74 62 12 2 4 3 6 1 7 0 5
74 62 12 1 0 6 2 5 7 3 4
74 62 12 2 1 3 5 0 7 4 6
74 62 12 7 1 3 5 2 0 4 6
74 63 11 5 1 4 3 7 6 0 2
74 63 11 6 1 4 3 5 2 7 0
74 64 10 5 1 4 3 2 6 7 0
74 65 9 1 4 3 2 5 7 0 6
74 67 7 1 0 3 4 5 2 7 6
74 67 7 2 1 3 4 5 0 7 6
75 57 18 5 1 0 6 7 3 2 4
75 57 18 0 1 4 6 7 3 2 5
75 60 15 0 2 4 6 7 1 3 5
75 60 15 4 1 0 5 2 7 3 6
75 60 15 5 0 6 3 2 1 7 4
75 61 14 2 5 4 6 0 1 7 3
75 61 14 3 5 4 6 2 1 7 0
75 61 14 5 4 7 6 2 1 0 3
75 61 14 7 1 6 5 0 2 3 4
75 61 14 7 0 6 5 2 1 3 4
75 61 14 1 7 0 6 2 3 4 5
75 61 14 1 5 4 6 7 0 3 2
75 61 14 1 5 4 0 6 7 3 2
75 61 14 1 7 4 0 5 2 3 6
75 61 14 7 1 4 5 0 3 6 2
75 61 14 0 1 4 5 2 3 6 7
75 62 13 1 5 4 2 0 7 3 6
75 62 13 5 4 3 2 1 7 0 6
75 62 13 4 1 6 2 5 7 3 0
75 62 13 2 1 4 5 0 7 6 3
75 62 13 7 1 4 5 2 0 6 3
75 62 13 1 7 0 6 5 3 4 2
75 63 12 1 4 6 3 5 7 0 2
75 63 12 3 1 4 0 5 2 7 6
75 63 12 7 0 1 5 2 3 4 6
75 64 11 6 1 5 0 2 7 4 3
75 66 9 1 0 3 6 5 2 7 4
75 66 9 5 1 3 4 6 2 0 7
75 68 7 0 1 3 4 5 6 7 2
76 59 17 5 1 6 2 7 0 4 3
76 60 16 0 5 4 6 1 2 7 3
76 60 16 5 4 0 6 1 2 7 3
76 60 16 5 1 6 0 7 3 4 2
76 60 16 2 4 0 6 7 1 3 5
76 60 16 4 1 6 0 2 7 3 5
76 61 15 6 5 4 0 2 1 7 3
76 61 15 1 5 4 6 2 0 7 3
76 61 15 5 4 6 0 2 1 7 3
76 61 15 6 2 4 0 1 7 3 5
76 61 15 1 4 6 3 2 7 0 5
76 61 15 1 7 4 0 6 2 3 5
76 61 15 0 7 4 5 1 2 3 6
76 61 15 1 0 4 5 7 2 3 6
76 62 14 2 7 4 6 1 3 0 5
76 62 14 2 5 4 6 1 7 0 3
76 62 14 2 5 4 0 1 7 3 6
76 62 14 6 1 4 0 2 7 5 3
76 62 14 5 1 0 3 6 2 7 4
76 62 14 0 1 4 3 6 2 7 5
76 63 13 2 1 6 0 5 7 4 3
76 63 13 7 1 4 6 5 2 0 3
76 64 12 2 1 4 3 7 0 6 5
76 65 11 5 1 4 2 3 7 6 0
76 65 11 5 1 3 2 6 7 4 0
76 65 11 5 7 1 3 2 4 0 6
76 65 11 1 4 2 0 5 7 3 6
76 65 11 1 7 4 2 5 3 0 6
76 65 11 1 4 3 0 2 7 6 5
76 66 10 4 1 3 6 5 2 7 0
76 67 9 1 2 4 6 5 0 7 3
76 67 9 2 1 4 3 0 6 7 5
76 67 9 6 1 3 4 5 2 7 0
76 68 8 1 0 3 5 2 4 7 6
76 68 8 5 1 3 4 2 6 7 0
77 60 17 7 1 6 4 2 0 3 5
77 60 17 0 5 4 2 7 1 3 6
77 60 17 5 4 0 2 7 1 3 6
77 60 17 5 0 1 6 7 3 4 2
77 60 17 4 1 6 5 0 7 3 2
77 61 16 2 1 6 5 7 0 3 4
77 61 16 7 2 4 6 1 0 3 5
77 61 16 1 4 6 2 0 7 3 5
77 61 16 1 0 4 6 7 2 3 5
77 62 15 5 4 2 0 1 7 3 6
77 62 15 5 7 4 2 1 3 0 6
77 62 15 2 4 6 0 1 7 3 5
77 62 15 2 7 4 6 0 1 3 5
77 62 15 6 1 4 3 0 7 5 2
77 63 14 5 4 3 6 7 1 0 2
77 63 14 7 1 4 5 0 6 3 2
77 63 14 7 1 4 5 6 3 0 2
77 63 14 5 7 4 6 1 3 2 0
77 63 14 5 0 4 3 7 1 6 2
77 63 14 2 0 1 6 5 7 4 3
77 64 13 5 7 1 6 2 3 4 0
77 64 13 6 1 4 3 0 2 7 5
77 64 13 7 1 4 0 2 3 5 6
77 64 13 0 5 1 3 2 7 6 4
77 64 13 5 7 1 3 2 0 6 4
77 64 13 1 7 4 6 2 5 3 0
77 64 13 6 0 1 5 2 7 4 3
77 64 13 5 0 4 3 1 6 7 2
77 64 13 5 1 4 0 3 6 7 2
77 65 12 5 1 0 4 3 7 6 2
77 65 12 0 1 3 2 5 7 4 6
77 65 12 3 5 1 0 2 7 4 6
77 65 12 1 4 0 3 2 7 6 5
77 65 12 1 7 4 3 2 0 6 5
77 65 12 2 1 6 3 5 7 0 4
77 65 12 1 4 3 5 0 7 6 2
77 65 12 1 4 0 5 2 7 6 3
77 66 11 1 6 0 5 2 7 4 3
77 66 11 1 7 6 5 2 0 4 3
77 66 11 3 1 6 5 2 7 0 4
77 66 11 4 1 3 0 5 7 6 2
77 66 11 7 1 3 4 5 0 6 2
77 67 10 6 1 5 4 2 7 3 0
77 67 10 1 0 3 6 5 7 4 2
77 68 9 5 1 3 4 7 6 0 2
77 70 7 1 4 5 3 2 7 6 0
78 59 19 5 0 6 2 1 7 4 3
78 61 17 0 7 4 6 1 2 3 5
78 62 16 6 5 4 2 1 7 3 0
78 62 16 5 7 4 2 0 1 3 6
78 62 16 7 1 6 2 5 0 3 4
78 62 16 2 5 4 6 0 7 3 1
78 62 16 6 1 0 3 2 7 5 4
78 62 16 0 1 4 3 2 7 5 6
78 63 15 2 5 4 6 7 1 3 0
78 63 15 5 1 6 2 4 7 0 3
78 63 15 0 1 4 6 5 2 3 7
78 64 14 5 4 6 2 1 7 3 0
78 64 14 6 5 0 1 2 7 3 4
78 64 14 1 7 4 0 6 5 3 2
78 64 14 2 0 4 3 1 7 6 5
78 64 14 2 1 4 0 3 7 6 5
78 65 13 0 1 4 2 5 7 6 3
78 65 13 6 5 1 3 2 7 4 0
78 65 13 1 7 4 2 0 5 3 6
78 66 12 3 1 0 4 2 7 6 5
78 66 12 6 1 3 5 2 0 7 4
78 66 12 3 1 0 5 2 7 4 6
78 66 12 6 1 4 3 0 5 7 2
78 66 12 6 0 4 3 5 1 7 2
78 66 12 6 1 3 0 5 2 7 4
78 66 12 0 1 3 4 6 2 7 5
78 67 11 5 2 4 3 1 0 7 6
78 67 11 2 5 1 4 6 7 3 0
78 67 11 5 7 1 4 2 3 6 0
78 67 11 7 4 3 5 2 1 0 6
78 67 11 3 1 4 6 5 2 0 7
78 67 11 2 0 4 3 6 1 7 5
78 67 11 4 1 3 0 5 2 7 6
78 68 10 1 4 3 0 5 7 2 6
78 69 9 1 0 3 5 2 7 6 4
78 69 9 1 0 7 5 2 3 4 6
78 69 9 1 7 5 0 2 3 4 6
78 69 9 1 0 3 6 5 4 7 2
79 61 18 2 0 6 5 1 7 3 4
79 61 18 0 4 6 1 2 7 3 5
79 62 17 2 5 0 6 1 7 3 4
79 63 16 7 5 4 6 0 1 3 2
79 63 16 7 0 4 5 6 1 3 2
79 63 16 7 1 0 6 5 2 3 4
79 63 16 0 4 6 1 5 7 3 2
79 63 16 1 4 6 5 0 7 3 2
79 64 15 5 1 6 2 7 3 0 4
79 64 15 5 7 4 6 2 1 3 0
79 64 15 2 5 1 6 4 7 3 0
79 64 15 6 5 1 3 2 7 0 4
79 64 15 6 0 4 3 2 1 7 5
79 64 15 6 0 1 3 2 7 4 5
79 64 15 1 0 4 6 7 5 3 2
79 65 14 0 5 4 3 1 7 6 2
79 65 14 5 4 0 3 1 7 6 2
79 65 14 5 7 4 3 1 0 6 2
79 65 14 5 1 3 2 7 0 4 6
79 65 14 2 5 1 3 0 7 4 6
79 65 14 7 5 1 3 2 0 4 6
79 65 14 5 7 1 3 0 2 4 6
79 65 14 6 1 4 5 0 2 7 3
79 65 14 6 0 4 5 2 1 7 3
79 65 14 6 1 4 0 5 7 2 3
79 65 14 0 1 4 3 5 7 2 6
79 66 13 0 2 1 6 5 7 3 4
79 66 13 2 1 4 5 6 0 7 3
79 66 13 6 1 4 2 5 0 7 3
79 66 13 0 5 4 3 6 1 7 2
79 66 13 5 4 0 3 6 1 7 2
79 66 13 3 1 6 0 2 7 4 5
79 66 13 7 1 4 0 5 3 2 6
79 66 13 2 1 4 0 6 7 5 3
79 66 13 2 1 4 3 0 7 5 6
79 67 12 5 1 0 4 3 2 7 6
79 67 12 7 4 5 0 2 1 3 6
79 67 12 5 1 4 2 0 6 7 3
79 67 12 1 4 0 6 5 2 7 3
79 67 12 1 7 4 0 2 3 6 5
79 67 12 1 7 0 5 2 3 6 4
79 68 11 5 1 2 3 6 7 0 4
79 68 11 1 0 4 3 6 7 2 5
79 68 11 5 1 3 2 6 0 7 4
79 68 11 1 4 3 5 0 2 7 6
79 68 11 5 0 3 4 1 6 7 2
79 68 11 2 1 4 0 5 7 6 3
79 69 10 7 1 6 5 2 4 0 3
79 69 10 7 1 4 2 5 3 6 0
79 69 10 1 0 6 4 5 7 3 2
79 69 10 2 1 3 4 7 0 6 5
79 69 10 1 4 3 6 0 5 7 2
79 70 9 5 1 2 4 6 7 3 0
79 71 8 1 3 0 5 2 7 4 6
79 72 7 1 2 4 3 5 0 7 6
79 72 7 2 1 3 4 0 6 7 5
79 74 5 1 2 3 4 5 0 7 6
80 62 18 7 5 4 2 1 0 3 6
80 63 17 5 4 6 0 7 1 3 2
80 63 17 5 1 0 2 4 7 3 6
80 63 17 5 7 0 6 1 3 4 2
80 64 16 5 4 6 3 1 7 0 2
80 64 16 2 5 1 6 7 0 3 4
80 64 16 2 5 1 0 6 7 3 4
80 64 16 5 7 0 6 2 3 1 4
80 64 16 7 1 4 6 0 3 5 2
80 64 16 0 7 4 6 1 5 3 2
80 65 15 6 5 0 4 1 7 3 2
80 65 15 4 5 1 6 2 7 0 3
80 65 15 5 1 4 2 7 0 6 3
80 65 15 5 1 4 6 3 7 0 2
80 65 15 6 1 4 3 0 7 2 5
80 65 15 6 1 0 3 5 7 2 4
80 65 15 0 4 3 5 2 7 6 1
80 66 14 7 5 1 6 2 3 0 4
80 66 14 7 1 6 0 2 3 4 5
80 66 14 2 7 1 6 5 0 3 4
80 66 14 2 1 0 5 6 7 4 3
80 66 14 3 1 6 5 0 7 4 2
80 66 14 2 1 0 3 6 7 5 4
80 67 13 7 1 0 4 6 2 3 5
80 67 13 0 1 6 3 5 7 4 2
80 67 13 7 1 4 5 6 2 0 3
80 67 13 0 6 1 4 5 7 3 2
80 67 13 6 1 5 3 2 7 0 4
80 67 13 6 1 3 0 5 7 4 2
80 67 13 5 1 3 6 4 2 0 7
80 67 13 1 7 4 5 0 3 6 2
80 68 12 7 1 4 3 2 6 0 5
80 68 12 2 5 4 3 0 1 7 6
80 68 12 5 4 7 3 2 1 0 6
80 68 12 0 2 1 4 6 7 3 5
80 68 12 5 0 3 4 7 1 6 2
80 68 12 2 1 0 3 5 7 6 4
80 69 11 2 1 3 5 6 7 0 4
80 69 11 6 1 3 2 5 7 0 4
80 69 11 2 1 3 0 6 7 4 5
80 69 11 4 1 3 5 2 7 6 0
80 69 11 1 4 5 6 2 7 0 3
80 70 10 1 6 3 5 2 7 0 4
80 70 10 1 4 5 3 2 0 7 6
80 70 10 1 3 0 4 2 7 6 5
80 70 10 1 4 0 3 5 7 6 2
80 70 10 1 7 4 3 5 0 6 2
80 70 10 2 1 4 3 0 5 7 6
80 70 10 2 0 4 3 5 1 7 6
80 70 10 2 1 3 0 5 7 4 6
80 71 9 5 2 3 4 1 0 7 6
80 71 9 1 7 3 5 2 0 4 6
80 72 8 1 2 4 6 5 7 3 0
80 73 7 1 0 4 3 5 6 7 2
80 73 7 2 1 4 3 5 6 7 0
80 75 5 1 0 3 4 5 6 7 2
80 75 5 2 1 3 4 5 6 7 0
81 63 18 6 5 4 0 7 1 3 2
81 64 17 5 0 6 2 7 1 3 4
81 64 17 5 7 4 0 6 1 3 2
81 64 17 7 1 0 6 2 3 5 4
81 65 16 6 5 4 3 1 7 0 2
81 65 16 0 6 1 4 2 7 3 5
81 65 16 6 7 1 4 2 0 3 5
81 65 16 0 1 4 5 3 7 6 2
81 65 16 5 0 3 2 1 7 4 6
81 66 15 7 5 4 6 1 3 0 2
81 66 15 5 7 1 6 4 2 3 0
81 66 15 3 1 4 2 0 7 6 5
81 66 15 6 1 0 2 5 7 4 3
81 66 15 0 1 4 6 5 3 2 7
81 66 15 0 1 4 3 6 7 5 2
81 67 14 7 1 4 3 6 2 0 5
81 67 14 0 5 4 3 1 2 7 6
81 67 14 5 4 0 3 1 2 7 6
81 67 14 5 1 4 7 3 2 0 6
81 67 14 5 1 4 3 7 0 2 6
81 67 14 2 5 1 4 7 0 3 6
81 67 14 5 7 0 4 2 3 1 6
81 67 14 5 0 4 2 6 1 7 3
81 67 14 6 7 1 4 5 0 3 2
81 67 14 7 1 3 6 5 0 4 2
81 67 14 3 1 4 6 0 2 7 5
81 67 14 3 1 0 6 5 2 7 4
81 68 13 7 1 4 3 0 2 6 5
81 68 13 6 5 1 4 2 7 0 3
81 68 13 3 5 4 0 2 1 7 6
81 68 13 1 5 4 3 2 0 7 6
81 68 13 5 4 3 0 2 1 7 6
81 68 13 5 1 3 7 6 2 0 4
81 68 13 2 7 1 4 6 0 3 5
81 68 13 1 4 3 6 0 7 2 5
81 68 13 5 1 3 0 4 6 7 2
81 69 12 7 5 1 4 2 3 0 6
81 69 12 7 1 0 4 5 2 3 6
81 69 12 2 1 3 5 0 7 6 4
81 69 12 7 1 3 5 2 0 6 4
81 69 12 2 0 3 4 1 7 6 5
81 70 11 5 2 3 6 1 0 7 4
81 70 11 1 6 5 0 2 7 3 4
81 70 11 1 7 6 5 2 3 0 4
81 70 11 1 4 3 0 2 7 5 6
81 70 11 1 7 3 4 2 0 6 5
81 70 11 0 5 3 4 6 1 7 2
81 70 11 5 3 0 4 6 1 7 2
81 71 10 0 1 3 4 5 7 2 6
81 71 10 2 1 3 6 0 5 7 4
81 71 10 2 0 3 6 5 1 7 4
81 72 9 1 0 3 4 6 7 2 5
81 72 9 2 0 3 4 6 1 7 5
81 72 9 2 1 3 0 5 7 6 4
81 73 8 1 3 0 4 5 7 6 2
81 73 8 1 7 3 4 5 0 6 2
81 74 7 1 4 3 2 5 7 6 0
82 63 19 0 1 6 2 4 7 3 5
82 64 18 0 4 6 5 1 7 3 2
82 64 18 5 4 6 1 0 7 3 2
82 64 18 0 1 4 6 2 3 5 7
82 65 17 4 5 1 6 0 7 3 2
82 65 17 5 0 4 2 1 7 6 3
82 66 16 5 6 0 2 1 7 3 4
82 66 16 7 5 1 6 0 2 3 4
82 66 16 7 0 1 6 2 5 3 4
82 66 16 0 7 1 6 5 2 3 4
82 66 16 7 0 1 6 2 3 4 5
82 66 16 3 1 4 6 2 7 0 5
82 66 16 7 1 4 6 0 3 2 5
82 66 16 7 1 0 6 5 3 2 4
82 67 15 6 1 4 2 7 3 0 5
82 67 15 5 1 4 6 7 2 3 0
82 67 15 5 1 6 3 7 0 4 2
82 67 15 0 1 5 6 2 7 3 4
82 68 14 7 0 4 3 2 1 6 5
82 68 14 5 0 1 3 6 7 2 4
82 68 14 3 1 4 0 6 7 2 5
82 68 14 6 5 4 3 2 1 7 0
82 68 14 6 7 4 5 2 1 3 0
82 68 14 6 0 1 3 5 7 4 2
82 68 14 5 1 4 6 3 0 2 7
82 68 14 0 1 3 5 6 2 7 4
82 69 13 1 0 6 3 2 7 4 5
82 69 13 2 1 6 3 0 7 4 5
82 69 13 2 1 5 0 6 7 3 4
82 69 13 6 1 2 0 5 7 3 4
82 69 13 5 7 1 4 6 2 3 0
82 69 13 7 1 4 3 5 2 0 6
82 69 13 7 1 6 5 0 2 4 3
82 69 13 7 0 6 5 2 1 4 3
82 69 13 5 1 3 6 7 4 0 2
82 69 13 5 7 1 4 0 6 3 2
82 69 13 5 7 1 4 6 3 0 2
82 69 13 1 4 0 2 6 7 3 5
82 69 13 1 7 4 2 6 0 3 5
82 69 13 2 0 1 3 6 7 4 5
82 70 12 2 1 4 5 7 3 6 0
82 70 12 6 1 0 4 5 2 7 3
82 70 12 0 5 3 4 1 7 6 2
82 70 12 5 3 0 4 1 7 6 2
82 70 12 5 7 3 4 1 0 6 2
82 70 12 1 4 0 3 2 7 5 6
82 71 11 0 1 3 2 5 7 6 4
82 71 11 5 1 3 2 4 7 6 0
82 71 11 1 4 3 6 0 2 7 5
82 71 11 0 2 1 4 5 7 3 6
82 71 11 1 4 6 5 2 7 0 3
82 71 11 2 1 3 0 6 7 5 4
82 71 11 2 1 3 4 0 7 5 6
82 72 10 5 3 7 4 2 1 0 6
82 72 10 1 7 4 5 2 0 6 3
82 72 10 3 1 4 5 2 7 0 6
82 72 10 1 4 0 3 5 2 7 6
82 72 10 6 1 3 4 0 5 7 2
82 72 10 6 0 3 4 5 1 7 2
82 73 9 3 1 4 2 5 7 6 0
82 74 8 7 1 3 5 2 4 0 6
82 74 8 1 3 0 4 5 2 7 6
82 74 8 2 1 3 4 0 5 7 6
82 74 8 2 0 3 4 5 1 7 6
82 75 7 1 2 3 6 5 0 7 4
83 64 19 6 5 1 2 0 7 3 4
83 65 18 6 5 4 1 0 7 3 2
83 66 17 0 5 6 2 1 7 3 4
83 66 17 5 7 6 2 1 0 3 4
83 67 16 0 1 4 7 6 2 3 5
83 67 16 0 1 4 5 3 2 7 6
83 67 16 5 0 4 3 1 7 2 6
83 67 16 5 1 4 0 3 7 2 6
83 67 16 2 5 1 0 4 7 3 6
83 67 16 7 1 0 5 6 2 3 4
83 67 16 0 1 3 6 4 2 7 5
83 67 16 0 7 4 5 2 3 6 1
83 68 15 7 1 4 3 6 0 2 5
83 68 15 2 7 4 5 0 1 3 6
83 68 15 5 7 4 0 2 1 3 6
83 68 15 5 1 0 6 3 2 4 7
83 68 15 0 1 3 5 6 7 4 2
83 68 15 1 4 0 6 5 7 2 3
83 69 14 4 5 0 1 2 7 3 6
83 69 14 7 5 1 4 0 2 3 6
83 69 14 7 0 1 4 2 5 3 6
83 69 14 0 7 1 4 5 2 3 6
83 69 14 0 1 4 7 5 2 3 6
83 69 14 5 1 2 0 6 7 4 3
83 69 14 6 7 1 5 2 0 3 4
83 69 14 2 1 6 5 3 7 4 0
83 69 14 7 1 6 0 5 3 4 2
83 69 14 7 1 0 2 5 3 4 6
83 69 14 4 1 6 0 5 7 3 2
83 69 14 7 1 6 4 5 0 3 2
83 69 14 2 1 3 0 4 7 6 5
83 70 13 5 1 6 4 0 2 7 3
83 70 13 2 1 3 6 7 0 4 5
83 70 13 5 0 1 4 6 2 7 3
83 70 13 5 1 7 4 6 2 0 3
83 70 13 1 7 6 5 0 2 3 4
83 70 13 1 4 3 6 0 7 5 2
83 71 12 1 0 4 6 3 2 7 5
83 71 12 7 1 4 2 6 5 3 0
83 71 12 5 3 7 6 2 1 0 4
83 71 12 1 3 0 6 2 7 4 5
83 71 12 5 7 1 6 2 4 3 0
83 71 12 0 5 3 4 1 2 7 6
83 71 12 5 3 0 4 1 2 7 6
83 71 12 1 0 3 6 2 4 7 5
83 71 12 5 1 3 4 7 0 2 6
83 71 12 2 7 1 4 5 0 3 6
83 71 12 6 1 3 0 5 7 2 4
83 72 11 5 1 4 7 6 2 3 0
83 72 11 5 1 3 7 4 2 0 6
83 73 10 2 5 3 4 0 1 7 6
83 73 10 7 1 6 5 2 3 4 0
83 73 10 3 1 0 4 5 7 6 2
83 73 10 2 1 4 6 3 5 7 0
83 73 10 7 1 5 6 2 3 4 0
83 73 10 0 1 5 7 2 3 4 6
83 73 10 3 1 4 0 5 6 7 2
83 73 10 2 1 6 4 5 7 0 3
83 74 9 7 1 4 3 5 6 0 2
83 74 9 1 4 3 2 5 0 7 6
83 76 7 1 3 0 5 2 4 7 6
84 65 19 4 5 0 6 2 7 3 1
84 66 18 5 7 1 0 6 2 3 4
84 67 17 6 0 4 2 7 1 3 5
84 67 17 6 1 4 0 7 2 3 5
84 67 17 5 0 6 3 1 7 4 2
84 67 17 5 1 6 0 3 7 4 2
84 67 17 0 1 4 5 6 7 2 3
84 67 17 5 1 4 6 0 7 2 3
84 67 17 0 1 4 5 6 2 3 7
84 67 17 6 1 5 2 0 7 3 4
84 67 17 5 1 0 6 4 2 7 3
84 68 16 6 5 1 4 0 7 3 2
84 68 16 0 4 3 6 5 7 2 1
84 69 15 2 0 1 5 6 7 3 4
84 69 15 6 0 1 2 5 7 3 4
84 69 15 4 5 1 3 2 7 0 6
84 69 15 6 1 4 5 7 2 3 0
84 69 15 0 6 1 5 2 7 3 4
84 69 15 2 1 6 5 7 0 4 3
84 69 15 5 0 3 6 7 1 4 2
84 69 15 7 0 1 6 5 3 4 2
84 69 15 1 4 5 6 0 7 3 2
84 70 14 7 4 0 5 1 2 3 6
84 70 14 0 5 3 6 1 2 7 4
84 70 14 5 3 0 6 1 2 7 4
84 70 14 2 1 0 5 7 3 4 6
84 70 14 6 1 4 7 5 2 0 3
84 70 14 5 1 4 0 7 3 6 2
84 70 14 5 1 4 2 0 3 6 7
84 70 14 2 1 4 0 7 3 5 6
84 70 14 2 1 4 6 0 3 5 7
84 71 13 7 1 4 0 2 5 3 6
84 71 13 5 3 6 0 2 1 7 4
84 71 13 5 1 6 4 7 3 0 2
84 71 13 5 1 3 2 7 0 6 4
84 71 13 5 1 0 3 4 7 6 2
84 71 13 0 1 3 5 4 7 6 2
84 71 13 1 7 3 6 2 0 4 5
84 71 13 3 5 1 6 2 7 0 4
84 71 13 6 1 3 4 0 7 2 5
84 71 13 0 1 3 4 6 7 5 2
84 72 12 7 1 0 4 6 5 3 2
84 72 12 7 4 3 6 5 1 0 2
84 72 12 2 5 3 6 0 1 7 4
84 72 12 5 1 0 7 6 2 4 3
84 72 12 5 3 4 0 2 1 7 6
84 72 12 1 2 4 6 7 0 3 5
84 72 12 1 2 4 0 6 7 3 5
84 72 12 1 7 4 6 5 2 0 3
84 72 12 2 0 1 3 5 7 4 6
84 72 12 3 1 0 5 2 7 6 4
84 72 12 1 7 4 0 5 3 2 6
84 72 12 2 1 0 4 5 7 6 3
84 73 11 1 4 3 5 6 7 0 2
84 73 11 1 5 4 0 2 7 3 6
84 73 11 6 1 3 4 0 2 7 5
84 74 10 7 1 3 4 2 6 0 5
84 74 10 7 1 5 0 2 3 6 4
84 74 10 5 1 4 3 7 6 2 0
84 75 9 1 4 6 3 5 7 2 0
84 75 9 6 1 5 3 2 7 4 0
84 75 9 4 1 3 0 5 6 7 2
84 77 7 7 1 3 4 5 6 0 2
84 79 5 1 2 3 4 5 7 0 6
85 66 19 5 0 1 6 7 2 3 4
85 68 17 6 5 0 4 2 7 3 1
85 69 16 0 6 4 2 1 7 3 5
85 69 16 7 1 6 3 2 0 4 5
85 69 16 5 7 1 0 4 2 3 6
85 69 16 5 1 4 0 7 2 3 6
85 69 16 5 0 1 2 6 7 4 3
85 69 16 4 5 1 0 6 7 3 2
85 69 16 7 5 1 4 6 0 3 2
85 70 15 7 4 3 6 2 1 0 5
85 70 15 7 2 4 5 1 0 3 6
85 70 15 5 0 6 4 2 1 7 3
85 70 15 0 5 1 3 6 7 4 2
85 70 15 5 7 1 3 6 0 4 2
85 70 15 2 0 3 6 1 7 4 5
85 71 14 5 1 6 0 3 2 7 4
85 71 14 2 1 4 6 3 0 7 5
85 71 14 7 1 4 6 2 5 0 3
85 71 14 5 7 0 6 2 4 1 3
85 71 14 5 0 3 4 1 7 2 6
85 71 14 2 1 0 4 6 7 5 3
85 72 13 2 1 4 6 7 5 3 0
85 72 13 7 1 4 3 6 5 0 2
85 72 13 2 7 4 6 5 1 3 0
85 72 13 6 5 0 1 2 7 4 3
85 72 13 5 1 0 3 4 2 7 6
85 72 13 0 1 3 5 4 2 7 6
85 72 13 4 1 3 0 6 7 2 5
85 72 13 7 1 3 4 6 0 2 5
85 72 13 2 1 6 4 7 0 3 5
85 72 13 6 1 3 0 2 7 5 4
85 72 13 6 1 3 4 0 7 5 2
85 72 13 3 1 4 5 0 7 6 2
85 73 12 1 2 4 5 0 7 3 6
85 73 12 4 1 0 5 2 7 6 3
85 73 12 0 1 6 3 5 2 7 4
85 73 12 1 5 3 4 2 0 7 6
85 73 12 1 7 4 0 2 3 5 6
85 73 12 1 5 4 6 2 7 0 3
85 73 12 1 7 4 5 6 2 0 3
85 73 12 0 2 4 6 5 1 7 3
85 73 12 5 1 4 3 6 0 2 7
85 73 12 1 4 6 2 5 7 0 3
85 73 12 7 1 5 4 2 3 0 6
85 74 11 5 1 2 4 6 7 0 3
85 74 11 7 1 3 4 0 2 6 5
85 74 11 2 4 3 6 1 7 5 0
85 74 11 2 1 3 5 6 7 4 0
85 74 11 7 1 3 5 0 2 4 6
85 74 11 7 0 3 5 2 1 4 6
85 74 11 6 1 4 3 5 2 0 7
85 74 11 5 1 4 3 2 6 0 7
85 75 10 1 5 4 2 6 7 3 0
85 75 10 1 0 4 5 2 3 6 7
85 75 10 1 4 6 3 5 0 7 2
85 75 10 3 1 0 4 5 2 7 6
85 75 10 7 3 1 5 2 0 4 6
85 75 10 1 3 0 6 5 2 7 4
85 75 10 5 1 3 4 6 0 2 7
85 76 9 2 1 6 3 5 7 4 0
85 76 9 5 7 1 3 2 4 6 0
85 76 9 1 4 2 6 5 7 3 0
85 76 9 1 7 4 2 5 3 6 0
85 76 9 1 2 4 6 5 7 0 3
85 76 9 6 1 3 4 5 2 0 7
85 76 9 5 1 3 4 2 6 0 7
85 77 8 4 1 3 2 5 7 6 0
85 77 8 5 1 3 4 7 6 2 0
85 78 7 1 3 7 5 2 0 4 6
85 79 6 1 2 3 4 0 5 7 6
85 80 5 2 1 3 4 5 6 0 7
86 69 17 6 4 0 2 1 7 3 5
86 69 17 6 7 4 2 1 0 3 5
86 69 17 7 4 0 6 1 2 3 5
86 69 17 5 0 1 4 7 2 3 6
86 69 17 2 0 6 5 1 7 4 3
86 70 16 7 4 6 0 2 1 3 5
86 70 16 0 1 2 5 6 7 3 4
86 70 16 5 1 2 6 0 7 3 4
86 70 16 1 4 0 6 2 7 5 3
86 71 15 0 5 3 6 1 7 4 2
86 71 15 5 3 0 6 1 7 4 2
86 71 15 5 7 3 6 1 0 4 2
86 71 15 5 0 1 6 3 2 7 4
86 71 15 5 1 7 6 3 2 0 4
86 71 15 6 1 4 0 3 2 7 5
86 71 15 0 1 4 2 7 5 3 6
86 71 15 0 7 4 2 5 1 3 6
86 71 15 7 4 0 2 5 1 3 6
86 71 15 5 0 6 4 7 1 3 2
86 71 15 5 0 3 2 1 7 6 4
86 71 15 5 1 3 6 4 7 0 2
86 71 15 0 1 3 5 6 7 2 4
86 71 15 5 1 3 6 0 7 2 4
86 71 15 5 1 3 0 4 7 2 6
86 71 15 6 1 0 4 5 7 2 3
86 72 14 6 5 3 0 2 1 7 4
86 72 14 4 5 3 6 2 1 7 0
86 72 14 1 5 3 6 2 0 7 4
86 72 14 5 1 0 4 7 3 2 6
86 72 14 5 1 4 7 6 0 2 3
86 73 13 7 1 4 2 0 6 3 5
86 73 13 7 1 4 2 6 3 0 5
86 73 13 2 4 3 5 1 7 0 6
86 73 13 1 4 5 0 6 7 3 2
86 73 13 1 7 4 5 0 6 3 2
86 73 13 1 7 4 5 6 3 0 2
86 73 13 4 0 5 1 2 7 3 6
86 73 13 6 4 5 1 2 7 3 0
86 73 13 5 2 4 6 0 1 7 3
86 73 13 5 2 4 6 1 7 0 3
86 73 13 1 6 0 4 2 7 3 5
86 73 13 5 1 6 3 4 2 7 0
86 73 13 0 5 1 4 2 7 6 3
86 73 13 5 7 1 4 2 0 6 3
86 73 13 6 5 3 4 2 1 7 0
86 73 13 6 0 3 4 2 1 7 5
86 73 13 3 1 4 6 5 7 0 2
86 73 13 2 1 4 0 6 5 7 3
86 73 13 2 4 0 6 5 1 7 3
86 73 13 5 1 0 3 6 2 4 7
86 74 12 7 1 3 6 2 4 0 5
86 74 12 7 5 1 6 2 4 0 3
86 74 12 1 4 5 2 6 7 3 0
86 74 12 7 1 4 3 0 5 6 2
86 74 12 7 0 4 3 5 1 6 2
86 74 12 7 0 1 5 2 3 6 4
86 74 12 2 4 3 6 1 0 7 5
86 74 12 1 6 0 2 5 7 3 4
86 75 11 4 1 3 5 2 7 0 6
86 75 11 1 5 0 4 6 7 3 2
86 75 11 1 7 0 4 5 2 3 6
86 75 11 5 4 3 2 1 7 6 0
86 75 11 7 1 4 5 2 6 0 3
86 76 10 1 0 4 3 6 2 7 5
86 76 10 2 1 4 3 7 6 0 5
86 76 10 4 1 3 6 5 2 0 7
86 76 10 1 2 4 6 0 5 7 3
86 76 10 0 1 3 5 2 4 7 6
86 77 9 5 1 4 2 3 6 7 0
86 77 9 1 4 5 0 2 7 6 3
86 77 9 1 7 6 5 2 4 0 3
86 78 8 1 0 3 4 6 2 7 5
86 78 8 1 3 0 5 2 7 6 4
86 79 7 1 3 5 0 2 7 4 6
86 79 7 1 2 4 3 5 7 0 6
86 80 6 1 3 0 4 5 6 7 2
87 69 18 4 5 1 2 0 7 3 6
87 69 18 0 4 5 6 2 7 3 1
87 70 17 5 1 0 2 7 3 6 4
87 70 17 0 1 4 2 7 3 6 5
87 70 17 2 1 0 6 7 3 5 4
87 71 16 3 5 1 6 0 7 4 2
87 71 16 3 5 0 6 2 7 4 1
87 72 15 6 1 4 5 7 3 0 2
87 72 15 7 4 6 0 5 1 3 2
87 72 15 5 1 4 7 0 3 2 6
87 72 15 5 1 4 0 6 3 2 7
87 72 15 2 0 6 4 1 7 3 5
87 72 15 1 7 0 6 5 2 3 4
87 72 15 0 1 3 4 2 7 5 6
87 72 15 1 7 4 6 0 3 2 5
87 72 15 1 7 0 6 5 3 2 4
87 73 14 5 6 0 4 1 7 3 2
87 73 14 5 2 4 0 1 7 3 6
87 73 14 2 4 5 0 1 7 3 6
87 73 14 2 7 4 5 1 3 0 6
87 73 14 5 1 6 2 3 7 0 4
87 73 14 2 4 5 1 0 7 3 6
87 73 14 7 4 5 1 2 0 3 6
87 73 14 1 7 6 4 2 0 3 5
87 73 14 4 1 6 5 2 0 7 3
87 73 14 4 5 3 0 2 1 7 6
87 73 14 5 4 3 0 1 7 2 6
87 73 14 6 1 3 5 0 7 4 2
87 74 13 1 0 4 5 6 2 7 3
87 74 13 3 1 4 5 6 2 7 0
87 74 13 1 0 6 2 5 7 4 3
87 74 13 3 1 6 2 5 7 4 0
87 74 13 7 0 3 4 2 1 6 5
87 74 13 2 1 6 5 4 7 0 3
87 74 13 5 4 3 6 0 1 7 2
87 74 13 5 0 3 6 1 4 7 2
87 74 13 7 1 0 4 2 3 6 5
87 74 13 0 1 4 7 2 3 6 5
87 74 13 1 7 6 2 5 0 3 4
87 74 13 2 1 3 5 7 0 4 6
87 74 13 5 1 0 3 7 6 4 2
87 74 13 5 1 4 0 2 6 7 3
87 75 12 4 1 5 0 2 7 3 6
87 75 12 2 5 4 6 3 1 7 0
87 75 12 7 1 6 5 4 2 3 0
87 75 12 1 5 4 3 6 7 0 2
87 75 12 1 7 4 3 5 2 0 6
87 75 12 3 1 4 5 2 0 6 7
87 75 12 2 1 4 5 3 7 6 0
87 75 12 7 1 4 5 0 2 6 3
87 75 12 7 0 4 5 2 1 6 3
87 75 12 3 1 4 7 5 2 0 6
87 75 12 5 1 0 4 6 2 3 7
87 76 11 1 4 6 3 2 7 5 0
87 76 11 1 4 2 3 5 7 0 6
87 76 11 5 1 3 0 2 6 7 4
87 77 10 5 1 0 4 3 6 7 2
87 77 10 1 0 3 2 5 7 4 6
87 77 10 2 1 6 3 5 0 7 4
87 77 10 1 6 5 0 2 7 4 3
87 77 10 7 1 3 4 0 5 6 2
87 77 10 7 0 3 4 5 1 6 2
87 78 9 3 1 5 0 2 7 4 6
87 78 9 7 4 3 5 2 1 6 0
87 78 9 1 7 3 5 2 0 6 4
87 78 9 1 7 5 6 2 3 4 0
87 79 8 2 1 3 4 7 6 0 5
87 79 8 1 3 4 5 2 7 0 6
87 79 8 1 2 4 3 0 5 7 6
87 80 7 1 7 3 5 2 4 0 6
87 80 7 2 1 4 3 5 6 0 7
87 80 7 1 6 3 4 5 0 7 2
87 80 7 2 1 3 0 5 6 7 4
87 81 6 1 7 3 4 5 6 0 2
87 84 3 1 2 3 4 5 7 6 0
88 70 18 0 1 4 6 7 3 5 2
88 71 17 6 7 4 0 2 1 3 5
88 71 17 7 0 4 2 1 5 3 6
88 71 17 7 1 0 6 2 5 3 4
88 71 17 0 1 4 6 2 5 3 7
88 72 16 0 2 4 5 7 1 3 6
88 72 16 2 4 0 5 7 1 3 6
88 72 16 0 5 1 2 6 7 3 4
88 72 16 5 7 1 2 6 0 3 4
88 72 16 6 1 4 0 7 5 3 2
88 72 16 0 1 4 7 6 5 3 2
88 72 16 6 7 4 0 5 1 3 2
88 72 16 6 1 3 2 0 7 4 5
88 72 16 6 1 0 4 2 7 5 3
88 73 15 7 0 4 2 6 1 3 5
88 73 15 0 5 6 4 1 7 3 2
88 73 15 5 7 6 4 1 0 3 2
88 73 15 6 2 4 5 1 7 3 0
88 73 15 2 1 6 0 7 3 4 5
88 73 15 1 7 4 6 0 3 5 2
88 73 15 1 5 0 6 2 7 3 4
88 73 15 1 7 0 5 6 2 3 4
88 73 15 0 1 4 6 2 5 7 3
88 73 15 2 0 4 6 1 5 7 3
88 73 15 7 1 5 2 0 3 4 6
88 74 14 7 1 3 6 0 2 4 5
88 74 14 2 5 1 6 3 7 4 0
88 74 14 1 4 5 2 7 0 3 6
88 74 14 1 0 5 2 4 7 3 6
88 74 14 5 0 1 4 6 7 2 3
88 74 14 4 1 0 3 2 7 6 5
88 74 14 4 1 3 2 0 7 6 5
88 74 14 6 1 0 3 5 2 7 4
88 74 14 5 1 0 3 2 6 7 4
88 74 14 0 1 4 3 2 6 7 5
88 75 13 3 5 4 6 2 1 0 7
88 75 13 5 4 7 6 2 1 3 0
88 75 13 1 0 7 6 2 3 4 5
88 75 13 1 7 6 0 2 3 4 5
88 75 13 1 5 4 6 7 3 0 2
88 75 13 2 1 4 5 0 3 6 7
88 75 13 5 1 4 0 2 3 6 7
88 75 13 5 4 3 2 1 0 7 6
88 75 13 4 1 6 2 5 7 0 3
88 75 13 1 0 7 6 5 3 4 2
88 75 13 1 7 6 0 5 3 4 2
88 75 13 0 7 1 5 2 3 4 6
88 75 13 6 1 5 4 2 7 0 3
88 76 12 1 7 0 4 6 2 3 5
88 76 12 5 7 0 3 2 4 1 6
88 76 12 2 0 4 3 1 6 7 5
88 76 12 2 1 4 0 3 6 7 5
88 76 12 0 1 3 4 2 6 7 5
88 77 11 7 1 4 5 2 6 3 0
88 77 11 3 5 0 1 2 7 4 6
88 77 11 1 7 4 3 2 6 0 5
88 77 11 1 4 3 0 5 7 6 2
88 77 11 1 6 4 5 2 7 0 3
88 77 11 4 1 0 3 5 7 6 2
88 77 11 1 3 0 6 5 7 4 2
88 77 11 1 7 3 6 5 0 4 2
88 78 10 1 7 4 2 6 5 3 0
88 78 10 1 3 0 6 5 4 7 2
88 79 9 1 0 7 5 2 3 6 4
88 79 9 1 7 5 0 2 3 6 4
88 79 9 7 1 6 5 2 4 3 0
88 79 9 7 1 0 5 2 4 6 3
88 80 8 1 6 3 5 2 7 4 0
88 80 8 1 0 5 3 2 4 7 6
88 80 8 1 7 4 3 5 6 0 2
88 80 8 2 1 4 3 6 5 7 0
88 80 8 1 4 0 3 5 6 7 2
88 82 6 7 1 3 5 2 4 6 0
88 82 6 2 1 3 4 6 5 7 0
88 83 5 1 3 7 5 2 4 0 6
89 70 19 0 4 3 6 2 7 5 1
89 71 18 0 4 6 5 2 7 3 1
89 72 17 6 0 4 5 7 1 3 2
89 72 17 0 1 4 5 7 3 2 6
89 72 17 5 0 4 6 1 3 2 7
89 72 17 2 1 6 0 4 7 3 5
89 73 16 2 0 1 6 7 3 4 5
89 73 16 5 0 6 3 1 2 7 4
89 73 16 1 7 0 6 2 3 5 4
89 73 16 5 4 3 6 0 7 2 1
89 74 15 7 0 3 6 2 1 4 5
89 74 15 7 5 1 6 0 2 4 3
89 74 15 7 0 1 6 2 5 4 3
89 74 15 5 1 2 0 7 3 4 6
89 74 15 4 1 3 6 2 7 0 5
89 74 15 2 1 0 5 4 7 3 6
89 74 15 5 2 4 6 0 7 3 1
89 74 15 2 0 3 5 1 7 4 6
89 75 14 5 1 2 6 7 3 0 4
89 75 14 1 0 4 6 7 3 2 5
89 75 14 7 2 4 6 0 1 3 5
89 75 14 5 2 4 6 7 1 3 0
89 75 14 4 0 1 5 2 7 3 6
89 75 14 2 5 4 6 1 0 7 3
89 75 14 7 6 0 5 2 1 3 4
89 75 14 7 1 4 5 3 0 6 2
89 75 14 7 1 4 0 5 3 6 2
89 75 14 1 5 4 2 7 0 3 6
89 75 14 2 1 4 5 7 0 6 3
89 75 14 3 1 4 5 0 2 7 6
89 75 14 0 1 5 6 2 7 4 3
89 76 13 1 5 4 6 0 2 7 3
89 76 13 2 4 3 6 7 1 0 5
89 76 13 6 5 4 7 2 1 0 3
89 76 13 1 0 4 6 2 5 7 3
89 76 13 5 4 6 3 2 1 7 0
89 76 13 6 2 0 4 1 7 3 5
89 76 13 1 4 6 3 2 0 7 5
89 76 13 1 7 4 3 6 2 0 5
89 76 13 1 4 0 5 7 2 3 6
89 76 13 1 2 4 5 7 0 3 6
89 76 13 2 7 4 6 1 3 5 0
89 76 13 2 5 0 4 1 7 3 6
89 76 13 5 0 1 3 6 2 7 4
89 76 13 5 1 7 3 6 2 0 4
89 76 13 3 1 4 0 6 2 7 5
89 76 13 2 0 4 3 7 1 6 5
89 76 13 5 1 4 2 3 7 0 6
89 76 13 1 7 0 2 5 3 4 6
89 76 13 1 4 3 2 0 7 6 5
89 76 13 4 1 3 6 0 2 7 5
89 77 12 3 5 1 0 2 7 6 4
89 77 12 1 7 4 0 2 5 3 6
89 77 12 0 5 4 3 1 6 7 2
89 77 12 5 4 0 3 1 6 7 2
89 77 12 5 1 6 4 3 7 0 2
89 77 12 6 1 3 2 5 7 4 0
89 77 12 1 7 4 3 0 2 6 5
89 77 12 1 4 3 5 7 0 6 2
89 77 12 1 0 3 5 4 7 6 2
89 77 12 1 7 6 5 0 2 4 3
89 77 12 3 1 6 5 2 0 7 4
89 77 12 4 1 3 6 5 7 0 2
89 77 12 5 1 0 4 7 6 3 2
89 77 12 1 4 5 3 0 7 6 2
89 78 11 1 0 4 6 5 2 3 7
89 78 11 1 7 0 4 6 5 3 2
89 78 11 2 1 0 4 3 7 6 5
89 78 11 1 0 4 2 5 7 6 3
89 78 11 3 0 1 5 2 7 4 6
89 78 11 0 1 4 3 6 5 7 2
89 78 11 5 2 4 3 0 1 7 6
89 78 11 5 2 4 3 1 7 0 6
89 78 11 0 2 4 3 6 1 7 5
89 78 11 4 1 0 3 5 2 7 6
89 78 11 1 4 0 3 5 7 2 6
89 78 11 0 1 7 5 2 3 4 6
89 78 11 1 7 5 4 2 3 0 6
89 78 11 0 1 3 6 5 4 7 2
89 79 10 7 5 1 3 2 4 0 6
89 79 10 1 0 4 3 5 7 2 6
89 79 10 5 1 2 3 6 7 4 0
89 79 10 5 1 3 2 0 6 7 4
89 79 10 1 4 3 5 6 2 7 0
89 79 10 0 5 3 4 1 6 7 2
89 79 10 5 3 0 4 1 6 7 2
89 79 10 1 6 0 4 5 7 3 2
89 79 10 1 4 3 6 2 5 7 0
89 79 10 2 0 3 4 1 6 7 5
89 80 9 5 2 3 4 0 1 7 6
89 80 9 5 2 3 4 1 7 0 6
89 80 9 1 2 4 0 5 7 3 6
89 80 9 1 6 4 3 5 0 7 2
89 80 9 2 1 4 0 5 6 7 3
89 81 8 1 0 3 4 5 7 2 6
89 81 8 1 3 6 4 5 7 0 2
89 82 7 1 2 3 6 5 7 0 4
89 83 6 1 3 5 0 2 4 7 6
89 85 4 1 2 3 4 6 5 7 0
90 72 18 6 5 1 2 0 7 4 3
90 72 18 0 7 4 6 5 2 3 1
90 72 18 0 7 4 6 5 3 2 1
90 73 17 5 1 0 2 3 7 4 6
90 73 17 0 4 3 6 1 7 2 5
90 74 16 6 4 0 5 1 7 3 2
90 74 16 6 7 4 5 1 0 3 2
90 74 16 7 4 0 6 1 5 3 2
90 74 16 5 1 0 6 4 7 3 2
90 74 16 0 1 6 5 4 7 3 2
90 74 16 5 1 6 3 4 7 0 2
90 74 16 5 7 1 6 3 2 4 0
90 74 16 0 4 5 2 1 7 3 6
90 74 16 5 2 0 6 1 7 3 4
90 74 16 7 1 4 2 0 3 6 5
90 75 15 0 5 6 3 2 1 7 4
90 75 15 5 6 0 3 2 1 7 4
90 75 15 2 5 4 0 6 1 7 3
90 75 15 3 5 4 6 0 1 7 2
90 75 15 5 4 7 6 2 0 1 3
90 75 15 0 7 6 5 2 1 3 4
90 75 15 0 1 4 5 7 3 6 2
90 75 15 4 1 0 2 5 7 3 6
90 76 14 3 5 4 6 1 2 7 0
90 76 14 5 1 6 2 7 3 4 0
90 76 14 6 5 0 4 2 1 7 3
90 76 14 5 4 6 7 2 1 0 3
90 76 14 6 2 4 3 1 7 0 5
90 76 14 2 5 4 3 1 7 0 6
90 76 14 7 1 4 6 5 0 2 3
90 76 14 5 1 0 4 2 6 7 3
90 77 13 7 2 4 6 1 3 0 5
90 77 13 5 4 2 6 1 7 3 0
90 77 13 5 7 4 2 1 3 6 0
90 77 13 5 4 3 6 7 1 2 0
90 77 13 7 1 4 0 5 6 3 2
90 77 13 7 1 4 5 6 3 2 0
90 77 13 5 7 1 0 2 3 4 6
90 77 13 7 1 0 4 2 3 5 6
90 77 13 0 1 4 7 2 3 5 6
90 77 13 2 5 1 3 0 7 6 4
90 77 13 4 5 1 3 2 7 6 0
90 77 13 5 7 1 3 2 6 0 4
90 77 13 1 7 4 6 2 5 0 3
90 77 13 6 7 1 5 2 0 4 3
90 77 13 5 6 4 3 1 0 7 2
90 77 13 5 0 1 4 3 7 6 2
90 77 13 3 5 1 4 2 7 0 6
90 78 12 1 0 4 3 2 7 5 6
90 78 12 6 5 3 1 2 7 0 4
90 78 12 1 7 4 3 6 5 0 2
90 78 12 0 2 4 3 1 7 6 5
90 78 12 6 1 4 3 2 5 7 0
90 78 12 0 6 4 3 5 1 7 2
90 78 12 4 1 3 0 6 2 7 5
90 78 12 2 5 1 4 6 7 0 3
90 78 12 7 4 3 5 2 0 1 6
90 78 12 3 1 4 6 5 0 2 7
90 78 12 2 4 0 3 6 1 7 5
90 79 11 7 1 3 6 5 2 0 4
90 79 11 1 5 4 3 0 7 6 2
90 79 11 2 5 4 3 6 1 7 0
90 79 11 0 1 4 2 5 6 7 3
90 79 11 5 1 2 3 6 0 7 4
90 79 11 1 4 3 0 5 2 7 6
90 79 11 5 6 3 4 1 0 7 2
90 79 11 1 7 6 4 5 0 3 2
90 79 11 2 0 3 4 7 1 6 5
90 79 11 1 4 3 0 6 5 7 2
90 80 10 7 1 3 4 6 2 0 5
90 80 10 5 4 7 3 2 1 6 0
90 80 10 1 3 4 0 2 7 6 5
90 80 10 0 2 4 3 5 1 7 6
90 80 10 1 7 3 5 0 2 4 6
90 80 10 2 1 0 3 5 6 7 4
90 80 10 2 1 0 4 5 6 7 3
90 81 9 5 1 3 7 6 2 4 0
90 81 9 5 1 3 2 4 6 7 0
90 81 9 7 1 3 4 5 2 0 6
90 81 9 1 6 5 4 2 7 3 0
90 81 9 1 7 6 5 2 3 4 0
90 81 9 1 7 3 4 2 6 0 5
90 81 9 2 5 3 4 6 1 7 0
90 81 9 0 2 3 4 6 1 7 5
90 81 9 1 3 4 0 5 7 6 2
90 81 9 1 7 3 4 0 5 6 2
90 82 8 1 4 3 6 5 2 7 0
90 82 8 5 3 7 4 2 1 6 0
90 82 8 0 2 3 4 5 1 7 6
90 82 8 1 2 3 6 0 5 7 4
90 83 7 5 1 3 7 4 2 6 0
90 83 7 1 0 5 7 2 3 4 6
90 83 7 3 1 4 2 5 6 7 0
90 84 6 4 1 3 2 5 6 7 0
90 84 6 7 1 3 4 5 6 2 0
91 73 18 0 1 6 2 3 7 4 5
91 73 18 0 4 6 2 5 7 3 1
91 74 17 0 6 4 5 1 7 3 2
91 74 17 2 5 1 6 7 0 4 3
91 74 17 2 5 1 0 6 7 4 3
91 74 17 0 7 1 6 5 2 4 3
91 74 17 5 7 1 0 6 2 4 3
91 74 17 5 0 1 2 7 3 4 6
91 74 17 7 1 6 2 5 0 4 3
91 75 16 5 1 6 0 7 3 2 4
91 75 16 6 2 4 0 7 1 3 5
91 75 16 3 5 0 6 2 1 7 4
91 75 16 0 1 6 5 7 2 3 4
91 75 16 7 1 6 0 5 2 3 4
91 75 16 0 5 4 1 6 7 3 2
91 75 16 0 7 4 1 5 2 3 6
91 75 16 7 0 4 5 1 3 6 2
91 75 16 4 1 6 2 0 7 3 5
91 75 16 2 0 4 5 1 7 6 3
91 75 16 6 1 5 2 0 7 4 3
91 76 15 5 1 6 2 7 4 0 3
91 76 15 5 4 7 6 1 2 0 3
91 76 15 5 1 6 7 0 3 4 2
91 76 15 6 7 4 5 1 2 3 0
91 76 15 7 1 0 6 5 2 4 3
91 76 15 0 1 3 2 6 7 4 5
91 76 15 0 4 2 1 5 7 3 6
91 76 15 1 4 2 5 0 7 3 6
91 76 15 0 4 3 1 2 7 6 5
91 76 15 4 1 0 6 5 2 7 3
91 77 14 7 1 6 4 0 2 3 5
91 77 14 7 1 6 4 2 3 0 5
91 77 14 5 4 3 2 7 1 0 6
91 77 14 2 4 6 5 1 7 3 0
91 77 14 7 1 0 5 6 3 4 2
91 77 14 0 2 1 6 5 7 4 3
91 77 14 7 5 1 3 2 0 6 4
91 77 14 5 7 1 3 0 2 6 4
91 77 14 0 6 1 5 2 7 4 3
91 77 14 0 1 4 5 3 6 7 2
91 77 14 7 1 3 2 5 0 4 6
91 77 14 0 4 3 5 1 7 6 2
91 77 14 0 1 5 4 2 7 3 6
91 78 13 7 1 6 2 5 3 0 4
91 78 13 3 1 4 0 2 7 5 6
91 78 13 2 1 4 6 5 0 3 7
91 78 13 6 0 5 1 2 7 3 4
91 78 13 2 4 0 3 1 7 6 5
91 78 13 2 7 4 3 1 0 6 5
91 78 13 3 0 1 4 2 7 6 5
91 78 13 3 1 6 4 2 7 0 5
91 78 13 6 1 3 5 0 2 7 4
91 78 13 6 0 3 5 2 1 7 4
91 78 13 6 4 0 3 5 1 7 2
91 78 13 6 1 3 7 5 2 0 4
91 78 13 5 7 1 0 2 3 6 4
91 78 13 3 1 0 6 5 2 4 7
91 78 13 4 1 3 7 5 2 0 6
91 78 13 0 7 5 1 2 3 4 6
91 79 12 2 5 3 6 1 7 0 4
91 79 12 2 5 4 3 1 7 6 0
91 79 12 5 7 4 3 1 6 0 2
91 79 12 2 5 1 3 6 7 4 0
91 79 12 4 2 1 6 5 7 3 0
91 79 12 2 1 4 5 0 6 7 3
91 79 12 1 5 4 3 6 0 7 2
91 79 12 5 4 3 0 6 1 7 2
91 79 12 7 1 0 4 5 3 2 6
91 79 12 7 4 5 6 2 1 3 0
91 79 12 0 4 5 7 2 1 3 6
91 79 12 1 4 6 0 5 2 7 3
91 79 12 1 7 0 4 2 3 6 5
91 79 12 1 4 0 3 6 7 2 5
91 79 12 1 7 4 3 6 0 2 5
91 79 12 5 0 3 2 6 1 7 4
91 79 12 1 0 3 5 4 2 7 6
91 79 12 2 1 3 0 4 6 7 5
91 80 11 6 1 2 3 5 7 0 4
91 80 11 2 1 5 3 6 7 0 4
91 80 11 1 0 6 3 5 7 4 2
91 80 11 2 6 1 4 5 7 3 0
91 80 11 7 1 4 3 2 6 5 0
91 80 11 5 2 1 4 6 7 3 0
91 80 11 2 0 1 3 5 7 6 4
91 80 11 2 1 3 5 6 0 7 4
91 80 11 6 1 3 2 5 0 7 4
91 80 11 1 6 3 5 2 0 7 4
91 80 11 1 4 5 3 0 2 7 6
91 80 11 1 3 6 4 2 7 0 5
91 80 11 1 7 4 3 0 5 6 2
91 80 11 2 4 0 3 5 1 7 6
91 81 10 5 1 4 7 3 2 6 0
91 81 10 7 1 4 3 5 2 6 0
91 81 10 1 5 4 3 2 7 0 6
91 81 10 7 5 1 4 2 3 6 0
91 81 10 2 1 3 5 4 7 6 0
91 81 10 7 1 3 5 2 6 0 4
91 81 10 0 2 3 4 1 7 6 5
91 81 10 1 7 3 4 0 2 6 5
91 81 10 1 5 3 4 6 0 7 2
91 81 10 2 1 3 6 4 5 7 0
91 81 10 0 2 3 6 5 1 7 4
91 81 10 1 3 0 4 6 7 2 5
91 81 10 1 7 3 4 6 0 2 5
91 81 10 2 3 0 4 6 1 7 5
91 82 9 2 1 5 4 6 7 3 0
91 82 9 6 1 2 4 5 7 3 0
91 82 9 1 5 3 4 0 7 6 2
91 82 9 1 0 3 2 5 7 6 4
91 82 9 0 1 3 4 6 5 7 2
91 82 9 1 3 4 0 5 2 7 6
91 82 9 1 3 7 4 5 2 0 6
91 82 9 2 3 0 4 5 1 7 6
91 83 8 3 1 0 4 5 6 7 2
91 83 8 7 1 4 3 5 6 2 0
91 86 5 1 2 4 3 5 7 6 0
91 88 3 1 3 7 5 2 4 6 0
92 73 19 0 5 4 6 2 7 3 1
92 73 19 5 4 0 6 1 7 2 3
92 73 19 0 7 4 5 6 2 3 1
92 75 17 5 0 1 6 7 3 2 4
92 75 17 6 1 4 0 7 3 2 5
92 75 17 3 1 4 6 7 0 2 5
92 75 17 7 0 6 5 1 2 3 4
92 76 16 6 5 4 0 1 2 7 3
92 76 16 5 4 6 0 1 2 7 3
92 76 16 2 4 6 0 7 1 3 5
92 76 16 4 1 0 6 2 7 3 5
92 76 16 4 1 6 3 2 7 0 5
92 76 16 0 4 6 5 2 1 7 3
92 76 16 6 2 4 1 0 7 3 5
92 76 16 5 7 4 0 1 2 3 6
92 76 16 2 7 0 6 1 3 4 5
92 76 16 2 5 0 6 1 7 4 3
92 76 16 2 5 4 1 0 7 3 6
92 76 16 5 1 0 2 3 7 6 4
92 76 16 0 1 4 2 3 7 6 5
92 77 15 2 1 6 5 7 3 0 4
92 77 15 1 4 6 2 7 0 3 5
92 77 15 1 4 0 6 7 2 3 5
92 77 15 5 4 2 3 1 7 0 6
92 77 15 2 4 6 3 1 7 0 5
92 77 15 6 1 4 3 7 0 5 2
92 77 15 5 4 3 6 7 0 1 2
92 77 15 0 1 4 5 7 6 3 2
92 77 15 0 5 4 3 7 1 6 2
92 77 15 5 4 0 3 7 1 6 2
92 77 15 2 7 1 6 5 0 4 3
92 77 15 5 1 4 7 3 6 0 2
92 77 15 4 1 3 5 0 7 6 2
92 77 15 6 1 5 4 0 7 3 2
92 77 15 0 4 5 3 2 7 6 1
92 78 14 5 7 4 2 6 1 3 0
92 78 14 5 1 0 2 4 7 6 3
92 78 14 5 1 4 6 0 2 3 7
92 78 14 6 1 4 0 5 2 3 7
92 78 14 2 1 4 6 3 7 0 5
92 78 14 0 4 3 1 5 7 2 6
92 78 14 1 4 3 5 0 7 2 6
92 78 14 1 7 5 2 0 3 4 6
92 79 13 2 4 6 1 5 7 3 0
92 79 13 5 4 3 0 1 7 6 2
92 79 13 5 1 3 2 7 4 0 6
92 79 13 7 5 1 3 0 2 4 6
92 79 13 7 0 1 3 2 5 4 6
92 79 13 3 1 4 0 5 7 2 6
92 79 13 2 1 4 3 7 0 5 6
92 79 13 5 0 1 4 3 2 7 6
92 79 13 5 1 7 4 3 2 0 6
92 79 13 7 4 5 3 2 1 0 6
92 79 13 1 4 7 6 5 2 0 3
92 79 13 0 4 3 6 1 5 7 2
92 79 13 1 0 3 6 4 5 7 2
92 79 13 5 1 2 4 0 7 3 6
92 80 12 6 5 3 4 1 7 0 2
92 80 12 5 1 4 6 3 7 2 0
92 80 12 7 5 1 6 2 3 4 0
92 80 12 6 1 5 3 2 0 7 4
92 80 12 2 5 4 3 1 0 7 6
92 80 12 1 4 5 6 2 0 7 3
92 80 12 1 2 0 6 5 7 3 4
92 81 11 1 0 4 6 5 3 2 7
92 81 11 1 0 4 3 6 7 5 2
92 81 11 7 1 4 3 6 2 5 0
92 81 11 1 5 4 3 0 2 7 6
92 81 11 7 1 3 6 5 4 0 2
92 81 11 3 5 4 7 2 1 0 6
92 81 11 1 0 4 3 2 5 7 6
92 81 11 7 1 3 5 0 2 6 4
92 81 11 7 0 3 5 2 1 6 4
92 81 11 2 3 0 4 1 7 6 5
92 81 11 2 7 3 4 1 0 6 5
92 81 11 5 2 3 6 0 1 7 4
92 81 11 5 2 3 6 1 7 0 4
92 81 11 2 1 3 0 6 5 7 4
92 81 11 2 3 0 6 5 1 7 4
92 82 10 1 4 3 2 6 7 0 5
92 82 10 2 5 3 4 1 7 6 0
92 82 10 5 7 3 4 1 6 0 2
92 82 10 1 7 4 5 2 6 0 3
92 82 10 6 1 3 4 2 5 7 0
92 82 10 0 6 3 4 5 1 7 2
92 82 10 7 1 0 5 2 4 3 6
92 83 9 1 5 3 4 0 2 7 6
92 83 9 6 1 5 7 2 3 4 0
92 83 9 3 1 5 7 2 0 4 6
92 83 9 1 0 3 2 5 4 7 6
92 84 8 7 1 5 4 2 3 6 0
92 84 8 1 2 0 4 5 7 3 6
92 85 7 2 1 3 4 5 0 6 7
92 86 6 1 2 3 4 6 0 7 5
92 87 5 1 7 3 5 2 4 6 0
92 87 5 1 7 3 4 5 6 2 0
93 73 20 0 7 4 6 2 3 5 1
93 74 19 5 0 1 6 7 2 4 3
93 76 17 0 1 6 5 7 3 4 2
93 76 17 0 7 4 1 6 2 3 5
93 76 17 0 1 4 6 2 7 5 3
93 77 16 7 0 6 4 2 1 3 5
93 77 16 7 5 4 2 0 1 3 6
93 77 16 2 5 4 0 7 1 3 6
93 77 16 5 4 2 0 7 1 3 6
93 77 16 5 3 1 6 7 0 4 2
93 77 16 5 7 0 2 1 3 4 6
93 77 16 2 7 4 0 6 1 3 5
93 77 16 5 7 4 0 1 3 2 6
93 77 16 6 0 4 3 1 2 7 5
93 77 16 1 7 0 6 2 5 3 4
93 77 16 3 5 1 2 0 7 4 6
93 78 15 7 1 6 2 0 5 3 4
93 78 15 7 0 6 2 5 1 3 4
93 78 15 2 0 4 6 5 7 3 1
93 78 15 6 0 1 3 2 7 5 4
93 78 15 7 1 4 3 2 0 5 6
93 78 15 2 5 4 6 7 1 0 3
93 78 15 2 5 4 6 0 1 3 7
93 78 15 7 1 4 2 5 0 6 3
93 78 15 1 0 4 2 7 5 3 6
93 78 15 6 0 4 3 1 5 7 2
93 78 15 6 1 4 0 3 5 7 2
93 78 15 2 5 0 4 6 7 3 1
93 78 15 5 7 1 4 0 3 6 2
93 78 15 4 1 3 5 0 2 7 6
93 79 14 7 5 4 6 2 1 3 0
93 79 14 4 0 6 1 5 7 3 2
93 79 14 6 5 1 3 2 0 7 4
93 79 14 6 5 0 3 2 7 1 4
93 79 14 1 4 0 6 7 5 3 2
93 79 14 3 5 4 0 1 7 6 2
93 79 14 5 7 4 3 0 1 6 2
93 79 14 5 7 1 3 6 2 4 0
93 79 14 6 1 4 5 3 2 7 0
93 79 14 6 4 0 5 2 1 7 3
93 79 14 7 1 4 3 5 0 2 6
93 79 14 5 2 1 6 0 7 3 4
93 79 14 6 2 1 0 5 7 3 4
93 79 14 2 0 4 5 6 1 7 3
93 79 14 6 1 4 2 0 5 7 3
93 79 14 6 0 4 2 5 1 7 3
93 79 14 6 5 4 3 0 1 7 2
93 79 14 3 5 4 0 6 1 7 2
93 79 14 5 4 7 3 6 1 0 2
93 79 14 3 1 0 6 2 7 4 5
93 79 14 0 4 3 5 1 2 7 6
93 79 14 0 1 4 2 5 3 6 7
93 79 14 0 1 2 4 6 7 3 5
93 80 13 5 1 3 2 4 7 0 6
93 80 13 5 4 6 3 1 7 2 0
93 80 13 5 1 4 2 7 6 0 3
93 80 13 5 1 4 6 3 0 7 2
93 80 13 4 0 3 5 2 7 6 1
93 80 13 2 7 1 6 5 3 0 4
93 80 13 2 1 5 0 6 7 4 3
93 80 13 2 0 1 3 6 7 5 4
93 80 13 7 1 0 5 6 2 4 3
93 80 13 1 7 4 5 3 0 6 2
93 80 13 1 7 4 0 5 3 6 2
93 80 13 7 1 0 3 2 6 4 5
93 80 13 5 4 7 3 2 0 1 6
93 80 13 6 2 1 4 0 7 3 5
93 80 13 0 5 3 4 7 1 6 2
93 80 13 5 3 0 4 7 1 6 2
93 80 13 0 1 4 3 2 5 7 6
93 80 13 2 0 4 3 1 5 7 6
93 80 13 2 1 4 0 3 5 7 6
93 81 12 7 1 5 6 2 3 0 4
93 81 12 5 1 0 7 3 2 4 6
93 81 12 3 1 6 0 5 2 7 4
93 81 12 3 5 0 4 2 1 7 6
93 81 12 5 4 3 6 2 1 7 0
93 81 12 5 4 3 7 2 1 0 6
93 81 12 2 7 1 4 0 6 3 5
93 81 12 2 7 1 4 6 3 0 5
93 81 12 5 1 0 3 4 6 7 2
93 81 12 5 1 3 7 4 6 0 2
93 81 12 1 6 5 3 2 7 0 4
93 81 12 6 5 3 4 0 1 7 2
93 81 12 5 3 4 0 6 1 7 2
93 81 12 5 3 7 4 6 1 0 2
93 81 12 4 1 3 0 5 7 2 6
93 81 12 7 1 3 4 5 0 2 6
93 82 11 1 0 3 5 6 2 7 4
93 82 11 6 2 1 4 5 7 3 0
93 82 11 2 1 3 4 7 0 5 6
93 82 11 5 3 7 4 2 0 1 6
93 82 11 1 7 4 5 0 2 6 3
93 82 11 3 1 4 5 2 0 7 6
93 82 11 1 4 7 3 5 2 0 6
93 82 11 6 3 0 4 5 1 7 2
93 82 11 3 1 4 2 5 7 0 6
93 82 11 0 1 3 4 2 5 7 6
93 82 11 2 0 3 4 1 5 7 6
93 83 10 1 2 4 6 3 0 7 5
93 83 10 5 3 7 6 2 1 4 0
93 83 10 2 5 3 4 1 0 7 6
93 83 10 3 1 6 4 5 7 0 2
93 83 10 2 1 5 7 0 3 4 6
93 83 10 2 1 6 4 5 0 7 3
93 83 10 1 4 3 2 0 5 7 6
93 84 9 1 0 3 4 6 7 5 2
93 84 9 7 1 3 4 6 5 0 2
93 84 9 1 2 0 4 6 7 3 5
93 84 9 1 2 4 5 6 7 3 0
93 84 9 3 1 5 0 2 7 6 4
93 84 9 7 1 3 4 2 6 5 0
93 84 9 4 1 0 3 5 6 7 2
93 85 8 7 1 3 4 5 2 6 0
93 85 8 1 3 4 5 2 0 6 7
93 85 8 7 3 1 5 2 4 0 6
93 85 8 1 3 7 5 0 2 4 6
93 85 8 2 1 0 4 5 6 3 7
93 86 7 1 3 5 0 2 7 6 4
93 86 7 1 3 5 6 2 7 4 0
93 86 7 1 3 4 0 5 6 7 2
93 86 7 1 3 7 4 5 6 0 2
93 87 6 1 3 4 5 2 7 6 0
93 87 6 1 2 4 3 6 5 7 0
94 76 18 5 0 6 2 7 1 4 3
94 76 18 6 5 4 2 0 1 7 3
94 76 18 5 4 6 2 0 1 7 3
94 76 18 6 1 4 2 0 7 5 3
94 77 17 6 5 4 2 7 1 3 0
94 77 17 4 1 6 5 7 0 3 2
94 77 17 2 0 6 5 7 1 3 4
94 77 17 0 4 6 2 1 7 3 5
94 77 17 1 0 6 2 4 7 3 5
94 77 17 0 4 2 5 1 7 3 6
94 77 17 5 4 2 1 0 7 3 6
94 77 17 2 4 6 1 0 7 3 5
94 77 17 6 0 4 3 1 7 5 2
94 77 17 6 1 4 0 3 7 5 2
94 77 17 7 0 4 5 1 6 3 2
94 77 17 7 1 4 2 0 3 5 6
94 78 16 5 7 4 6 1 2 3 0
94 78 16 6 5 4 2 1 7 0 3
94 78 16 2 5 4 6 7 0 3 1
94 78 16 2 5 4 0 6 7 3 1
94 78 16 5 1 6 2 4 0 7 3
94 78 16 5 4 6 2 1 7 0 3
94 78 16 0 7 4 1 6 5 3 2
94 78 16 6 5 1 3 0 7 4 2
94 78 16 6 5 0 3 2 7 4 1
94 78 16 0 7 4 2 1 5 3 6
94 78 16 5 7 0 4 2 3 6 1
94 79 15 5 4 6 1 2 7 3 0
94 79 15 2 0 5 6 1 7 3 4
94 79 15 2 5 6 0 1 7 3 4
94 79 15 7 0 1 6 5 2 3 4
94 79 15 1 4 6 5 7 0 3 2
94 79 15 1 0 6 5 4 7 3 2
94 79 15 5 7 4 6 2 1 0 3
94 79 15 2 5 1 6 4 7 0 3
94 79 15 0 6 4 3 2 1 7 5
94 79 15 6 7 1 3 2 0 4 5
94 79 15 5 0 3 2 7 1 4 6
94 79 15 2 5 1 3 7 0 4 6
94 79 15 0 7 1 3 5 2 4 6
94 79 15 0 6 4 5 2 1 7 3
94 79 15 0 1 4 6 5 7 2 3
94 79 15 7 2 1 6 5 0 3 4
94 79 15 0 1 4 7 5 3 2 6
94 79 15 2 0 4 3 1 7 5 6
94 79 15 2 1 4 0 3 7 5 6
94 79 15 5 0 4 2 1 6 7 3
94 79 15 1 7 4 2 0 3 6 5
94 79 15 7 1 0 2 5 3 6 4
94 80 14 5 1 2 0 4 7 3 6
94 80 14 5 4 6 3 1 0 7 2
94 80 14 2 5 0 1 6 7 3 4
94 80 14 2 5 1 3 6 7 0 4
94 80 14 2 7 4 6 1 5 3 0
94 80 14 6 0 1 3 5 7 2 4
94 80 14 2 4 3 5 0 7 6 1
94 80 14 5 4 3 0 2 7 6 1
94 80 14 7 4 3 5 2 0 6 1
94 80 14 0 1 6 7 2 3 4 5
94 80 14 3 1 6 5 7 0 4 2
94 80 14 7 0 1 4 6 2 3 5
94 80 14 3 1 6 0 5 7 4 2
94 80 14 5 6 1 4 0 7 3 2
94 80 14 5 1 3 6 4 0 2 7
94 80 14 4 2 1 0 6 7 3 5
94 80 14 7 2 1 4 6 0 3 5
94 81 13 6 5 4 3 1 7 2 0
94 81 13 2 6 1 4 0 7 3 5
94 81 13 1 0 4 5 3 7 6 2
94 81 13 5 4 3 0 1 2 7 6
94 81 13 5 4 7 3 1 2 0 6
94 81 13 5 1 4 3 7 2 0 6
94 81 13 2 5 1 4 7 3 0 6
94 81 13 2 0 1 4 7 5 3 6
94 81 13 5 0 7 4 2 3 1 6
94 81 13 6 7 1 4 5 3 0 2
94 81 13 7 1 3 6 0 5 4 2
94 81 13 7 0 3 6 5 1 4 2
94 81 13 3 0 1 6 5 2 7 4
94 81 13 3 1 7 6 5 2 0 4
94 81 13 5 1 3 7 6 0 2 4
94 81 13 5 1 0 7 6 2 3 4
94 81 13 1 4 3 6 7 0 2 5
94 81 13 1 4 3 0 6 7 2 5
94 81 13 7 5 0 4 2 3 1 6
94 81 13 7 0 1 4 5 2 3 6
94 81 13 2 1 3 5 7 0 6 4
94 81 13 4 5 3 0 6 1 7 2
94 81 13 0 1 3 6 2 5 7 4
94 81 13 2 0 3 6 1 5 7 4
94 82 12 3 1 4 6 2 7 5 0
94 82 12 7 1 2 6 5 3 0 4
94 82 12 1 0 5 6 2 7 3 4
94 82 12 3 1 0 4 6 7 2 5
94 82 12 3 1 4 5 6 7 2 0
94 82 12 4 1 3 5 6 2 7 0
94 82 12 5 1 3 6 7 4 2 0
94 82 12 0 7 1 4 5 6 3 2
94 82 12 5 7 1 4 6 3 2 0
94 82 12 1 4 2 0 6 7 3 5
94 82 12 1 7 4 2 0 6 3 5
94 82 12 1 7 4 2 6 3 0 5
94 82 12 5 3 6 4 1 7 0 2
94 82 12 5 7 3 4 0 1 6 2
94 82 12 1 4 3 0 6 2 7 5
94 82 12 5 2 1 4 0 7 3 6
94 82 12 1 4 6 5 2 0 7 3
94 83 11 1 4 2 6 5 7 0 3
94 83 11 1 0 4 7 5 2 3 6
94 83 11 7 1 6 4 5 3 0 2
94 83 11 5 1 6 4 3 2 7 0
94 83 11 5 2 1 4 6 0 7 3
94 83 11 5 1 7 4 6 2 3 0
94 83 11 1 7 6 5 4 2 3 0
94 83 11 1 3 6 0 2 7 4 5
94 83 11 5 3 7 4 1 2 0 6
94 83 11 1 3 0 6 2 4 7 5
94 83 11 5 1 3 4 7 2 0 6
94 83 11 2 7 1 4 5 3 0 6
94 83 11 5 1 3 7 4 0 2 6
94 83 11 5 1 0 7 4 2 3 6
94 83 11 3 0 1 4 5 7 6 2
94 83 11 2 1 4 6 3 5 0 7
94 83 11 7 1 0 3 5 6 4 2
94 84 10 1 2 4 3 6 7 0 5
94 84 10 1 4 3 5 6 7 2 0
94 84 10 0 1 5 7 2 3 6 4
94 84 10 7 1 0 4 5 6 3 2
94 85 9 1 5 3 4 2 7 0 6
94 85 9 1 0 3 4 2 5 7 6
94 85 9 5 1 3 4 0 6 2 7
94 85 9 0 2 3 4 1 5 7 6
94 86 8 1 5 3 4 6 7 0 2
94 86 8 1 7 3 4 5 2 0 6
94 86 8 1 2 4 3 6 0 7 5
94 86 8 1 2 4 6 3 5 7 0
94 86 8 1 7 6 5 2 4 3 0
94 86 8 1 7 0 5 2 4 6 3
94 87 7 1 4 2 3 5 7 6 0
94 87 7 2 1 3 4 7 6 5 0
94 87 7 1 6 3 4 5 7 0 2
94 87 7 1 2 3 0 5 7 6 4
94 89 5 1 3 5 7 2 4 0 6
94 89 5 1 2 3 4 6 5 0 7
95 77 18 0 5 1 6 7 3 4 2
95 77 18 5 7 4 6 0 3 2 1
95 77 18 5 7 1 6 0 3 4 2
95 77 18 5 7 0 6 2 3 4 1
95 78 17 0 5 6 2 1 7 4 3
95 78 17 5 6 0 2 1 7 4 3
95 78 17 5 7 6 2 1 0 4 3
95 78 17 0 7 1 4 2 3 6 5
95 79 16 0 2 6 5 1 7 3 4
95 79 16 2 6 0 5 1 7 3 4
95 79 16 2 7 6 5 1 0 3 4
95 79 16 7 4 0 5 6 1 3 2
95 79 16 6 4 0 3 2 1 7 5
95 79 16 0 6 1 3 2 7 4 5
95 79 16 7 5 4 3 1 0 6 2
95 79 16 7 1 4 5 0 3 2 6
95 79 16 0 1 4 2 6 7 5 3
95 79 16 2 1 4 6 0 7 5 3
95 79 16 0 7 4 1 2 3 6 5
95 80 15 7 5 4 2 1 3 0 6
95 80 15 5 4 6 2 7 1 3 0
95 80 15 2 5 1 6 7 3 0 4
95 80 15 2 0 1 6 7 5 3 4
95 80 15 5 0 7 6 2 3 1 4
95 80 15 5 7 6 0 2 3 1 4
95 80 15 7 1 4 6 3 0 5 2
95 80 15 6 0 5 4 1 7 3 2
95 80 15 5 1 0 6 3 7 4 2
95 80 15 6 1 4 3 7 0 2 5
95 80 15 7 5 0 6 2 3 1 4
95 80 15 2 7 1 6 0 5 3 4
95 80 15 2 0 1 5 6 7 4 3
95 80 15 7 1 6 3 5 0 4 2
95 80 15 7 1 4 5 6 0 2 3
95 80 15 4 6 1 0 5 7 3 2
95 80 15 7 6 1 4 5 0 3 2
95 80 15 5 1 0 6 4 2 3 7
95 80 15 0 7 4 5 1 3 6 2
95 80 15 1 0 4 5 7 3 6 2
95 80 15 2 5 4 0 3 1 7 6
95 80 15 0 2 4 6 5 7 3 1
95 81 14 5 7 0 4 6 1 3 2
95 81 14 7 1 6 0 2 3 5 4
95 81 14 6 5 4 3 1 0 7 2
95 81 14 5 3 0 2 1 7 4 6
95 81 14 7 5 4 6 1 3 2 0
95 81 14 3 1 4 2 7 0 6 5
95 81 14 6 1 2 0 5 7 4 3
95 81 14 6 1 4 0 5 3 2 7
95 81 14 3 1 4 0 6 7 5 2
95 81 14 7 1 0 3 6 2 4 5
95 81 14 3 5 4 0 1 2 7 6
95 81 14 6 5 4 3 1 2 7 0
95 81 14 5 1 4 7 3 0 2 6
95 81 14 5 7 4 0 2 3 1 6
95 81 14 3 1 4 6 2 0 7 5
95 81 14 0 1 4 3 7 2 6 5
95 81 14 6 5 1 4 2 0 7 3
95 81 14 6 5 0 4 2 7 1 3
95 81 14 0 4 3 5 2 1 7 6
95 81 14 0 1 3 5 4 6 7 2
95 81 14 1 4 3 2 0 7 5 6
95 81 14 1 4 0 2 5 7 6 3
95 82 13 5 6 3 2 1 7 0 4
95 82 13 6 5 4 3 2 1 0 7
95 82 13 6 7 4 5 2 1 0 3
95 82 13 1 6 0 3 2 7 4 5
95 82 13 1 7 6 3 2 0 4 5
95 82 13 7 1 0 3 5 2 4 6
95 82 13 7 1 6 5 3 2 4 0
95 82 13 7 6 0 5 2 1 4 3
95 82 13 5 7 1 4 2 6 3 0
95 82 13 0 2 1 3 6 7 4 5
95 82 13 2 1 4 0 7 3 6 5
95 82 13 6 0 1 4 5 2 7 3
95 82 13 6 1 7 4 5 2 0 3
95 82 13 5 3 4 0 1 7 6 2
95 82 13 7 1 3 2 5 0 6 4
95 82 13 4 2 1 0 5 7 3 6
95 82 13 7 2 1 4 5 0 3 6
95 82 13 2 0 3 4 1 7 5 6
95 82 13 6 0 3 4 1 5 7 2
95 82 13 2 1 3 0 4 5 7 6
95 83 12 7 1 3 5 6 2 0 4
95 83 12 1 0 3 6 4 2 7 5
95 83 12 7 1 4 3 0 6 2 5
95 83 12 1 0 3 5 6 7 4 2
95 83 12 1 0 4 6 5 7 2 3
95 83 12 4 5 3 1 2 7 0 6
95 83 12 5 1 4 7 0 2 3 6
95 83 12 7 1 6 2 5 3 4 0
95 83 12 0 1 6 4 5 2 7 3
95 83 12 2 1 3 6 7 4 0 5
95 83 12 1 3 4 6 2 7 0 5
95 83 12 5 7 1 0 2 4 3 6
95 83 12 6 5 3 4 1 2 7 0
95 84 11 1 5 3 6 0 2 7 4
95 84 11 6 1 4 7 5 2 3 0
95 84 11 5 3 6 4 2 1 7 0
95 84 11 5 1 3 2 7 6 0 4
95 84 11 1 7 3 6 2 4 0 5
95 84 11 7 4 3 6 5 1 2 0
95 84 11 5 3 4 7 2 1 0 6
95 84 11 1 2 4 6 7 3 0 5
95 84 11 3 0 1 5 2 7 6 4
95 84 11 1 7 0 4 5 3 2 6
95 84 11 2 0 1 4 5 7 6 3
95 84 11 1 4 3 5 6 0 7 2
95 84 11 1 5 0 4 2 7 3 6
95 85 10 7 1 4 3 6 5 2 0
95 85 10 7 1 3 4 0 6 2 5
95 85 10 1 0 6 3 5 2 7 4
95 85 10 3 2 4 6 5 1 7 0
95 85 10 7 3 0 5 2 1 4 6
95 85 10 1 4 0 5 2 3 6 7
95 85 10 1 0 6 3 5 4 7 2
95 85 10 1 3 6 0 5 2 7 4
95 85 10 6 1 3 4 5 0 2 7
95 85 10 4 1 3 2 5 7 0 6
95 86 9 1 6 3 2 5 7 0 4
95 86 9 2 1 4 3 7 6 5 0
95 86 9 1 3 0 4 6 2 7 5
95 86 9 1 3 6 5 2 7 0 4
95 86 9 1 3 5 4 2 7 0 6
95 86 9 1 2 0 3 5 7 4 6
95 87 8 1 7 4 3 5 2 6 0
95 87 8 3 1 4 7 5 2 6 0
95 87 8 1 6 5 3 2 7 4 0
95 87 8 1 6 3 4 0 5 7 2
95 87 8 1 2 3 4 0 7 6 5
95 88 7 1 3 7 5 2 0 6 4
95 88 7 1 7 5 4 2 3 6 0
95 88 7 1 7 4 3 5 6 2 0
95 88 7 1 4 3 0 5 6 7 2
95 88 7 2 1 3 4 6 5 0 7
95 89 6 1 2 3 6 5 7 4 0
95 89 6 1 3 5 6 2 4 7 0
95 90 5 1 3 5 7 2 0 4 6
95 94 1 1 3 5 7 2 4 6 0