0 0 0 5 1 4 6 2 7 3 0
8 0 8 5 1 4 6 2 7 0 3
8 0 8 5 1 4 0 2 7 3 6
10 0 10 5 1 4 6 0 7 3 2
10 0 10 5 1 0 6 2 7 3 4
10 0 10 0 1 4 6 2 7 3 5
16 8 8 5 1 4 6 2 0 7 3
16 8 8 5 1 0 6 2 7 4 3
16 8 8 5 1 0 4 2 7 3 6
17 8 9 0 1 4 5 2 7 3 6
17 10 7 1 0 4 6 2 7 3 5
18 8 10 5 1 4 3 2 7 0 6
18 10 8 0 1 4 6 5 7 3 2
18 10 8 5 0 1 6 2 7 3 4
18 10 8 5 1 6 0 2 7 3 4
18 10 8 5 1 3 6 2 7 0 4
19 8 11 5 1 4 2 0 7 3 6
19 10 9 5 1 4 6 7 0 3 2
19 10 9 2 1 4 6 0 7 3 5
19 10 9 6 1 4 0 2 7 3 5
20 10 10 7 1 4 6 2 0 3 5
21 10 11 5 0 4 6 1 7 3 2
21 10 11 5 1 4 0 6 7 3 2
23 16 7 5 1 3 4 2 7 0 6
24 16 8 5 1 4 6 0 2 7 3
24 16 8 5 0 4 6 2 1 7 3
24 16 8 5 0 1 6 2 7 4 3
24 16 8 5 1 6 0 2 7 4 3
24 16 8 5 0 1 4 2 7 3 6
24 17 7 1 0 4 5 2 7 3 6
24 17 7 1 4 0 6 2 7 3 5
24 17 7 1 7 4 6 2 0 3 5
24 18 6 5 1 4 3 2 7 6 0
25 18 7 1 0 4 6 5 7 3 2
25 18 7 5 1 6 4 2 7 3 0
25 18 7 5 1 3 6 2 0 7 4
25 18 7 5 1 3 6 2 7 4 0
26 17 9 2 1 4 5 0 7 3 6
26 17 9 6 1 4 5 2 7 3 0
26 18 8 5 1 4 3 2 0 7 6
26 18 8 5 1 0 3 2 7 4 6
26 18 8 0 5 1 6 2 7 3 4
26 18 8 5 7 1 6 2 0 3 4
27 17 10 7 1 4 5 2 0 3 6
27 18 9 6 1 4 0 5 7 3 2
27 18 9 2 1 4 6 5 7 3 0
27 18 9 0 1 6 5 2 7 3 4
27 19 8 0 1 4 2 5 7 3 6
27 19 8 6 1 0 4 2 7 3 5
28 18 10 7 1 4 6 5 0 3 2
28 18 10 5 1 6 3 2 7 0 4
28 19 9 5 1 4 2 7 0 3 6
28 19 9 5 1 4 2 6 7 3 0
28 19 9 5 1 4 6 7 3 0 2
28 19 9 5 0 4 6 7 1 3 2
28 19 9 2 1 4 6 7 0 3 5
28 20 8 7 1 4 6 2 3 0 5
28 20 8 7 0 4 6 2 1 3 5
29 18 11 5 1 6 2 0 7 3 4
29 19 10 6 1 4 3 2 7 0 5
29 20 9 7 1 4 6 0 2 3 5
29 21 8 5 1 0 4 6 7 3 2
29 23 6 5 1 3 4 2 0 7 6
29 23 6 5 1 3 4 2 7 6 0
30 19 11 5 0 4 2 1 7 3 6
30 19 11 2 0 4 6 1 7 3 5
30 19 11 2 1 4 0 6 7 3 5
30 19 11 6 1 4 2 0 7 3 5
30 21 9 0 5 4 6 1 7 3 2
30 21 9 5 4 0 6 1 7 3 2
30 21 9 5 7 4 6 1 0 3 2
31 21 10 0 1 4 5 6 7 3 2
31 24 7 0 1 4 6 5 2 7 3
31 24 7 5 1 6 3 2 7 4 0
31 24 7 1 4 0 5 2 7 3 6
31 24 7 1 7 4 5 2 0 3 6
31 24 7 1 4 6 0 2 7 3 5
31 24 7 1 4 3 6 2 7 0 5
31 24 7 1 7 4 6 2 3 0 5
31 24 7 5 1 4 0 2 7 6 3
32 21 11 5 1 4 3 6 7 0 2
32 24 8 5 1 4 6 3 2 7 0
32 24 8 0 5 4 6 2 1 7 3
32 24 8 5 4 0 6 2 1 7 3
32 24 8 0 5 1 6 2 7 4 3
32 24 8 5 7 1 6 2 0 4 3
32 24 8 0 5 1 4 2 7 3 6
32 24 8 5 7 1 4 2 0 3 6
32 24 8 1 7 4 6 0 2 3 5
32 25 7 1 4 0 6 5 7 3 2
32 25 7 1 7 4 6 5 0 3 2
32 25 7 5 1 3 6 0 2 7 4
32 25 7 5 0 3 6 2 1 7 4
33 24 9 0 1 6 5 2 7 4 3
33 24 9 5 1 4 3 0 7 6 2
33 24 9 5 1 0 3 2 7 6 4
33 24 9 0 1 4 3 2 7 6 5
33 25 8 5 1 6 4 2 7 0 3
33 25 8 5 1 3 0 2 7 4 6
34 24 10 5 0 4 6 1 2 7 3
34 24 10 5 1 4 0 6 2 7 3
34 25 9 5 1 6 4 0 7 3 2
34 25 9 5 1 3 6 0 7 4 2
34 26 8 6 1 4 5 2 7 0 3
34 26 8 5 1 4 3 0 2 7 6
34 26 8 5 0 4 3 2 1 7 6
34 26 8 5 0 1 3 2 7 4 6
34 26 8 5 7 1 6 2 3 0 4
34 27 7 6 1 0 4 5 7 3 2
34 27 7 6 1 4 2 5 7 3 0
34 27 7 1 0 6 5 2 7 3 4
34 27 7 1 0 4 2 5 7 3 6
34 27 7 6 1 3 4 2 7 0 5
35 24 11 5 1 6 2 0 7 4 3
35 25 10 0 1 6 4 2 7 3 5
35 25 10 0 1 3 6 2 7 4 5
35 26 9 2 1 4 5 7 0 3 6
35 26 9 2 1 4 5 6 7 3 0
35 26 9 2 5 1 6 0 7 3 4
35 26 9 6 5 1 0 2 7 3 4
35 26 9 4 5 1 6 2 7 3 0
35 26 9 5 7 1 6 0 2 3 4
35 27 8 7 1 4 5 2 3 0 6
35 27 8 7 0 4 5 2 1 3 6
35 27 8 2 1 4 6 5 7 0 3
35 27 8 2 1 4 0 5 7 3 6
35 27 8 6 0 1 4 2 7 3 5
35 28 7 7 1 4 6 2 3 5 0
35 29 6 5 1 3 4 0 2 7 6
35 29 6 5 0 3 4 2 1 7 6
36 26 10 6 1 4 5 0 7 3 2
36 26 10 6 1 0 5 2 7 3 4
36 26 10 7 5 1 6 2 0 3 4
36 27 9 7 1 4 5 0 2 3 6
36 27 9 2 1 6 5 0 7 3 4
36 27 9 4 1 6 5 2 7 3 0
36 28 8 7 1 4 6 5 3 0 2
36 28 8 7 0 4 6 5 1 3 2
36 28 8 5 1 6 3 2 0 7 4
36 28 8 5 1 4 6 7 3 2 0
36 28 8 7 1 0 6 2 3 4 5
36 28 8 0 7 4 6 2 1 3 5
36 28 8 7 4 0 6 2 1 3 5
36 29 7 6 1 4 3 2 7 5 0
36 29 7 5 1 3 4 6 7 0 2
36 29 7 5 1 3 0 2 7 6 4
37 26 11 2 0 4 5 1 7 3 6
37 27 10 6 1 4 3 5 7 0 2
37 27 10 2 1 0 6 5 7 3 4
37 27 10 7 1 6 5 2 0 3 4
37 27 10 7 1 4 2 5 0 3 6
37 28 9 7 1 4 6 0 5 3 2
37 28 9 5 1 4 2 7 3 0 6
37 28 9 5 0 4 2 7 1 3 6
37 28 9 5 1 4 2 6 7 0 3
37 28 9 5 1 0 6 7 3 4 2
37 28 9 0 5 4 6 7 1 3 2
37 28 9 5 4 0 6 7 1 3 2
37 28 9 2 1 4 6 7 3 0 5
37 28 9 2 0 4 6 7 1 3 5
37 29 8 0 1 6 2 5 7 3 4
37 29 8 6 1 4 3 2 0 7 5
37 29 8 6 1 0 3 2 7 4 5
37 29 8 7 1 4 6 5 2 3 0
37 29 8 5 0 1 4 6 7 3 2
37 29 8 5 1 3 4 0 7 6 2
37 31 6 1 0 4 6 5 2 7 3
37 31 6 1 4 5 0 2 7 3 6
37 31 6 1 4 6 5 2 7 3 0
37 31 6 1 4 3 6 2 0 7 5
37 31 6 1 4 3 6 2 7 5 0
37 31 6 1 7 4 6 2 3 5 0
38 29 9 5 1 6 2 7 0 3 4
38 29 9 5 1 6 2 4 7 3 0
38 29 9 0 1 4 6 7 2 3 5
38 29 9 5 1 0 4 2 7 6 3
38 29 9 0 1 3 4 2 7 6 5
38 30 8 0 2 4 6 1 7 3 5
38 30 8 2 1 0 4 6 7 3 5
38 30 8 1 5 4 6 0 7 3 2
38 30 8 5 4 3 6 1 7 0 2
38 31 7 1 4 3 5 2 7 0 6
38 31 7 1 7 4 5 2 3 0 6
38 31 7 1 7 0 6 2 3 4 5
38 32 6 1 4 3 6 5 7 0 2
38 32 6 0 1 3 6 5 2 7 4
39 28 11 5 1 0 2 6 7 3 4
39 28 11 0 1 4 2 6 7 3 5
39 30 9 0 5 4 2 1 7 3 6
39 30 9 5 4 0 2 1 7 3 6
39 30 9 5 7 4 2 1 0 3 6
39 30 9 2 4 0 6 1 7 3 5
39 30 9 2 7 4 6 1 0 3 5
39 30 9 6 1 4 2 7 0 3 5
39 30 9 5 4 6 0 1 7 3 2
39 30 9 5 7 4 6 0 1 3 2
39 30 9 5 7 4 6 1 3 0 2
39 31 8 1 0 4 5 6 7 3 2
39 31 8 6 1 4 0 5 2 7 3
39 31 8 3 1 4 6 5 2 7 0
39 31 8 1 7 4 5 0 2 3 6
39 31 8 0 1 4 5 2 7 6 3
39 32 7 5 7 1 6 2 4 0 3
39 32 7 1 7 4 6 5 2 3 0
39 32 7 1 4 6 0 5 7 3 2
39 32 7 1 7 4 6 5 3 0 2
39 32 7 5 1 3 6 4 2 7 0
39 32 7 0 5 3 6 2 1 7 4
39 32 7 5 3 0 6 2 1 7 4
39 33 6 1 0 4 3 2 7 6 5
40 29 11 5 0 6 2 1 7 3 4
40 29 11 7 0 4 6 1 2 3 5
40 29 11 7 1 4 0 6 2 3 5
40 30 10 6 5 4 0 1 7 3 2
40 30 10 2 5 4 6 1 7 3 0
40 31 9 2 1 4 6 5 0 7 3
40 31 9 0 4 6 1 2 7 3 5
40 31 9 1 4 6 3 2 7 0 5
40 32 8 5 1 4 3 6 0 7 2
40 32 8 5 1 4 3 6 7 2 0
40 32 8 5 1 4 0 3 2 7 6
40 32 8 2 5 4 6 0 1 7 3
40 32 8 5 4 6 0 2 1 7 3
40 32 8 5 4 7 6 2 1 0 3
40 32 8 2 5 1 4 0 7 3 6
40 32 8 5 7 1 4 0 2 3 6
40 32 8 5 7 1 4 2 3 0 6
40 32 8 1 7 4 6 0 5 3 2
40 33 7 1 0 6 5 2 7 4 3
40 33 7 5 0 1 3 2 7 6 4
40 33 7 5 1 6 4 2 0 7 3
40 34 6 6 1 3 4 5 7 0 2
40 34 6 6 1 3 4 2 0 7 5
40 34 6 6 1 3 4 2 7 5 0
40 35 5 0 1 3 4 5 2 7 6
41 30 11 2 1 4 3 6 7 0 5
41 30 11 6 0 4 2 1 7 3 5
41 30 11 7 5 4 6 1 0 3 2
41 31 10 5 1 6 3 0 7 4 2
41 31 10 0 1 6 3 2 7 4 5
41 31 10 1 4 6 2 0 7 3 5
41 31 10 5 1 4 2 0 7 6 3
41 32 9 5 1 0 3 6 7 4 2
41 32 9 5 1 4 6 3 2 0 7
41 32 9 6 5 4 0 2 1 7 3
41 32 9 3 5 4 6 2 1 7 0
41 32 9 1 5 4 6 2 0 7 3
41 32 9 2 5 1 6 0 7 4 3
41 32 9 6 5 1 0 2 7 4 3
41 32 9 3 5 1 6 2 7 4 0
41 32 9 5 7 1 6 0 2 4 3
41 32 9 4 5 1 0 2 7 3 6
41 32 9 6 5 1 4 2 7 3 0
41 32 9 0 7 4 6 1 2 3 5
41 32 9 5 0 3 6 1 2 7 4
41 32 9 5 1 3 0 6 2 7 4
41 33 8 5 1 4 3 7 0 6 2
41 33 8 0 1 4 3 5 7 6 2
41 33 8 2 1 4 3 0 7 6 5
41 33 8 3 1 4 0 2 7 6 5
41 34 7 5 2 4 6 1 0 7 3
41 34 7 5 1 0 4 6 2 7 3
41 34 7 5 1 4 3 6 2 7 0
41 34 7 0 1 6 4 5 7 3 2
41 34 7 0 1 3 6 5 7 4 2
41 34 7 0 1 4 3 5 2 7 6
41 34 7 5 7 1 6 2 3 4 0
41 34 7 6 0 1 4 5 7 3 2
41 34 7 1 6 0 5 2 7 3 4
41 34 7 1 7 6 5 2 0 3 4
41 34 7 1 4 0 2 5 7 3 6
41 34 7 1 7 4 2 5 0 3 6
41 35 6 7 1 4 5 2 3 6 0
41 35 6 5 1 3 4 6 2 7 0
41 35 6 0 5 3 4 2 1 7 6
42 31 11 7 1 4 5 6 0 3 2
42 32 10 5 1 0 6 3 2 7 4
42 32 10 0 1 4 6 3 2 7 5
42 32 10 7 5 1 6 2 0 4 3
42 32 10 7 5 1 4 2 0 3 6
42 32 10 1 0 4 6 7 2 3 5
42 32 10 1 7 4 0 6 2 3 5
42 33 9 2 1 6 5 0 7 4 3
42 33 9 3 1 6 5 2 7 4 0
42 33 9 7 1 4 3 2 0 6 5
42 33 9 0 1 3 5 2 7 4 6
42 34 8 0 5 4 6 1 2 7 3
42 34 8 5 4 0 6 1 2 7 3
42 34 8 5 1 6 4 7 0 3 2
42 34 8 5 1 3 6 7 0 4 2
42 34 8 6 1 4 5 2 0 7 3
42 34 8 6 1 0 5 2 7 4 3
42 34 8 0 5 4 3 2 1 7 6
42 34 8 5 4 0 3 2 1 7 6
42 34 8 0 5 1 3 2 7 4 6
42 34 8 5 7 1 3 2 0 4 6
42 34 8 5 7 0 6 2 3 1 4
42 34 8 6 1 4 2 5 7 0 3
42 35 7 1 0 6 4 2 7 3 5
42 35 7 1 0 3 6 2 7 4 5
42 35 7 2 1 0 4 5 7 3 6
42 35 7 5 3 0 4 2 1 7 6
42 36 6 5 1 3 4 6 0 7 2
42 36 6 5 1 3 4 6 7 2 0
42 37 5 1 2 4 6 5 0 7 3
42 37 5 1 4 5 6 2 7 3 0
43 33 10 7 1 6 5 2 0 4 3
43 33 10 5 0 4 3 1 7 6 2
43 33 10 5 1 4 0 3 7 6 2
43 33 10 5 1 3 2 0 7 4 6
43 34 9 0 1 4 5 6 2 7 3
43 35 8 0 1 6 2 5 7 4 3
43 35 8 2 1 6 4 0 7 3 5
43 35 8 2 1 3 6 0 7 4 5
43 35 8 6 5 0 1 2 7 3 4
43 35 8 4 5 1 6 2 7 0 3
43 35 8 0 7 1 6 5 2 3 4
43 35 8 7 1 0 5 2 3 4 6
43 35 8 0 7 4 5 2 1 3 6
43 35 8 7 4 0 5 2 1 3 6
43 35 8 2 1 0 6 5 7 4 3
43 35 8 0 6 1 4 2 7 3 5
43 35 8 6 7 1 4 2 0 3 5
43 35 8 7 1 4 0 2 3 5 6
43 35 8 5 0 3 4 1 2 7 6
43 36 7 6 1 5 0 2 7 3 4
43 36 7 7 1 4 6 5 3 2 0
43 37 6 0 1 3 4 5 7 6 2
43 37 6 1 4 0 6 5 2 7 3
43 37 6 1 4 3 6 0 2 7 5
43 37 6 1 0 3 6 2 4 7 5
43 38 5 1 4 3 5 2 7 6 0
43 38 5 1 7 4 5 2 3 6 0
43 38 5 1 4 3 6 5 0 7 2
43 38 5 1 4 3 6 5 7 2 0
43 38 5 1 0 3 6 5 2 7 4
44 34 10 5 1 4 7 6 2 0 3
44 34 10 5 0 6 4 1 7 3 2
44 34 10 5 0 3 6 1 7 4 2
44 34 10 5 1 3 0 6 7 4 2
44 34 10 5 0 4 3 1 2 7 6
44 34 10 6 1 0 2 5 7 3 4
44 35 9 5 1 6 2 7 0 4 3
44 35 9 5 1 6 2 3 7 4 0
44 35 9 4 1 6 0 2 7 3 5
44 35 9 6 1 3 0 2 7 4 5
44 35 9 2 1 4 5 7 3 0 6
44 35 9 2 0 4 5 7 1 3 6
44 35 9 2 1 4 5 6 7 0 3
44 35 9 2 5 1 6 7 0 3 4
44 35 9 2 5 1 6 4 7 3 0
44 35 9 5 7 1 6 4 2 3 0
44 35 9 5 1 3 0 4 2 7 6
44 36 8 6 0 1 5 2 7 3 4
44 36 8 6 1 3 5 2 7 0 4
44 36 8 7 5 1 6 2 3 0 4
44 36 8 7 0 1 6 2 5 3 4
44 36 8 4 1 6 5 2 7 0 3
44 36 8 7 1 0 6 5 3 4 2
44 36 8 0 7 4 6 5 1 3 2
44 36 8 7 4 0 6 5 1 3 2
44 36 8 5 1 6 3 0 2 7 4
44 36 8 5 0 6 3 2 1 7 4
44 36 8 7 0 1 6 2 3 4 5
44 36 8 7 1 6 0 2 3 4 5
44 36 8 7 4 6 0 2 1 3 5
44 36 8 7 4 3 6 2 1 0 5
44 36 8 6 1 4 0 2 7 5 3
44 36 8 0 1 3 5 2 7 6 4
44 37 7 6 1 4 3 5 0 7 2
44 37 7 6 1 4 3 5 7 2 0
44 37 7 2 1 3 6 5 7 0 4
44 37 7 5 1 4 2 7 3 6 0
44 37 7 1 0 6 2 5 7 3 4
44 37 7 5 1 3 4 7 0 6 2
44 37 7 1 4 6 5 2 7 0 3
44 37 7 1 4 3 0 2 7 5 6
44 37 7 1 7 4 0 2 3 5 6
44 38 6 1 0 3 4 2 7 6 5
44 38 6 1 4 3 5 2 0 7 6
44 40 4 1 0 3 4 5 2 7 6
45 34 11 5 1 6 0 4 7 3 2
45 35 10 7 1 6 4 2 0 3 5
45 35 10 7 1 3 6 2 0 4 5
45 35 10 2 0 1 6 5 7 3 4
45 35 10 6 5 1 3 2 7 0 4
45 35 10 4 5 1 6 0 7 3 2
45 35 10 4 5 0 6 2 7 3 1
45 35 10 2 1 4 3 5 7 0 6
45 35 10 7 1 4 6 0 3 5 2
45 35 10 7 1 0 6 2 3 5 4
45 35 10 0 1 4 6 2 3 5 7
45 36 9 6 1 4 5 7 0 3 2
45 36 9 7 5 1 6 0 2 3 4
45 36 9 0 1 4 5 7 2 3 6
45 36 9 7 1 4 5 6 2 3 0
45 36 9 2 1 6 5 7 0 3 4
45 36 9 2 1 6 5 4 7 3 0
45 36 9 5 1 4 0 7 3 2 6
45 36 9 2 7 4 6 0 1 3 5
45 36 9 6 7 4 0 2 1 3 5
45 36 9 5 7 4 6 2 1 3 0
45 37 8 0 2 4 5 1 7 3 6
45 37 8 6 1 0 3 5 7 4 2
45 37 8 2 1 6 0 5 7 3 4
45 37 8 7 1 6 5 2 3 0 4
45 37 8 7 0 6 5 2 1 3 4
45 37 8 7 1 4 2 5 3 0 6
45 37 8 7 0 4 2 5 1 3 6
45 37 8 7 1 4 6 2 5 3 0
45 37 8 5 1 4 2 6 0 7 3
45 37 8 5 4 3 6 7 1 0 2
45 37 8 2 1 4 6 7 3 5 0
45 37 8 0 2 4 6 7 1 3 5
45 37 8 6 1 4 3 0 2 7 5
45 37 8 6 0 4 3 2 1 7 5
45 37 8 6 0 1 3 2 7 4 5
45 37 8 7 1 4 6 5 2 0 3
45 37 8 7 1 4 0 5 2 3 6
45 37 8 0 5 1 4 6 7 3 2
45 37 8 5 7 1 4 6 0 3 2
45 37 8 0 4 5 1 2 7 3 6
45 37 8 1 4 5 3 2 7 0 6
45 37 8 1 4 3 6 0 7 5 2
45 38 7 5 0 1 4 2 7 6 3
45 38 7 2 1 3 4 0 7 6 5
45 38 7 1 2 4 6 0 7 3 5
45 38 7 2 1 3 4 6 7 0 5
45 38 7 1 5 4 6 2 7 3 0
45 38 7 5 4 3 6 1 0 7 2
45 38 7 5 4 3 6 1 7 2 0
45 38 7 1 7 0 5 2 3 4 6
45 38 7 1 0 7 6 2 3 4 5
45 38 7 1 7 6 0 2 3 4 5
45 38 7 6 1 3 0 5 2 7 4
45 38 7 4 1 3 6 5 2 7 0
45 39 6 6 1 0 4 5 2 7 3
45 39 6 6 1 4 3 5 2 7 0
45 39 6 1 0 4 5 2 7 6 3
45 39 6 5 7 1 6 2 4 3 0
45 39 6 1 4 6 2 5 7 3 0
45 39 6 1 7 4 6 5 3 2 0
45 39 6 1 4 0 3 2 7 6 5
45 39 6 1 7 4 3 2 0 6 5
45 40 5 6 1 3 4 5 0 7 2
45 40 5 6 1 3 4 5 7 2 0
46 35 11 5 0 6 2 1 7 4 3
46 35 11 2 1 0 5 6 7 3 4
46 35 11 2 5 1 0 6 7 3 4
46 35 11 6 5 1 2 0 7 3 4
46 35 11 5 0 1 6 7 2 3 4
46 35 11 5 7 1 0 6 2 3 4
46 36 10 4 1 6 5 0 7 3 2
46 36 10 4 1 0 5 2 7 3 6
46 36 10 5 1 4 6 0 3 2 7
46 36 10 6 1 4 3 0 7 5 2
46 36 10 6 1 0 3 2 7 5 4
46 36 10 0 1 4 3 2 7 5 6
46 36 10 5 1 3 2 0 7 6 4
46 37 9 2 4 0 5 1 7 3 6
46 37 9 2 7 4 5 1 0 3 6
46 37 9 7 1 6 5 0 2 3 4
46 37 9 7 1 4 2 0 5 3 6
46 37 9 0 1 4 6 7 5 3 2
46 37 9 5 1 0 2 7 3 4 6
46 37 9 0 5 4 2 7 1 3 6
46 37 9 5 4 0 2 7 1 3 6
46 37 9 5 1 0 2 6 7 4 3
46 37 9 5 0 1 6 7 3 4 2
46 37 9 5 1 6 0 7 3 4 2
46 37 9 7 5 4 6 0 1 3 2
46 37 9 5 4 6 0 7 1 3 2
46 37 9 2 1 0 6 7 3 4 5
46 37 9 2 4 0 6 7 1 3 5
46 37 9 4 1 6 2 5 7 3 0
46 37 9 5 0 3 4 1 7 6 2
46 37 9 1 4 5 2 0 7 3 6
46 37 9 1 4 6 5 0 7 3 2
46 37 9 1 4 0 6 2 7 5 3
46 37 9 1 7 4 6 0 3 5 2
46 37 9 1 7 0 6 2 3 5 4
46 38 8 4 1 3 0 2 7 6 5
46 38 8 2 0 1 4 6 7 3 5
46 38 8 1 5 4 6 7 0 3 2
46 38 8 2 1 3 6 5 0 7 4
46 39 7 3 1 4 0 5 2 7 6
46 39 7 5 7 0 6 2 4 1 3
46 39 7 1 7 4 6 5 2 0 3
46 39 7 1 7 4 0 5 2 3 6
46 39 7 1 7 0 6 5 3 4 2
46 39 7 2 5 3 6 0 1 7 4
46 39 7 5 3 6 0 2 1 7 4
46 39 7 5 3 7 6 2 1 0 4
46 40 6 1 4 6 3 2 7 5 0
46 40 6 5 7 1 4 2 3 6 0
46 40 6 6 1 3 4 0 2 7 5
46 40 6 6 0 3 4 2 1 7 5
46 40 6 6 1 3 4 5 2 7 0
47 36 11 6 0 4 5 1 7 3 2
47 36 11 7 0 4 5 1 2 3 6
47 36 11 2 0 6 5 1 7 3 4
47 36 11 5 1 0 6 7 3 2 4
47 36 11 0 1 4 6 7 3 2 5
47 37 10 6 5 4 0 7 1 3 2
47 37 10 2 5 4 6 7 1 3 0
47 37 10 7 1 6 2 5 0 3 4
47 37 10 7 1 0 6 5 2 3 4
47 37 10 0 1 4 6 5 2 3 7
47 37 10 5 1 3 0 4 7 6 2
47 37 10 0 4 6 5 2 7 3 1
47 37 10 0 4 3 6 2 7 5 1
47 37 10 0 7 4 6 2 3 5 1
47 38 9 5 1 6 2 7 3 0 4
47 38 9 5 0 6 2 7 1 3 4
47 38 9 5 1 6 2 4 7 0 3
47 38 9 7 1 3 4 2 0 6 5
47 38 9 6 2 4 0 1 7 3 5
47 38 9 5 2 4 6 1 7 3 0
47 39 8 5 1 3 2 6 7 0 4
47 39 8 1 0 4 2 6 7 3 5
47 39 8 1 5 4 2 0 7 3 6
47 39 8 5 4 3 2 1 7 0 6
47 39 8 2 4 3 6 1 7 0 5
47 39 8 5 4 6 2 1 7 3 0
47 39 8 5 7 4 6 1 3 2 0
47 39 8 1 4 0 5 6 7 3 2
47 39 8 1 7 4 5 6 0 3 2
47 39 8 3 1 4 6 5 2 0 7
47 39 8 1 7 4 5 6 2 3 0
47 39 8 2 1 4 5 0 7 6 3
47 39 8 3 1 4 5 2 7 6 0
47 39 8 5 1 3 6 4 2 0 7
47 39 8 6 5 3 0 2 1 7 4
47 39 8 4 5 3 6 2 1 7 0
47 39 8 1 5 3 6 2 0 7 4
47 40 7 2 0 4 6 5 1 7 3
47 40 7 1 4 6 3 2 0 7 5
47 40 7 5 1 4 3 0 6 7 2
47 40 7 5 1 0 4 3 2 7 6
47 40 7 5 4 6 3 2 1 7 0
47 40 7 5 4 7 6 2 1 3 0
47 40 7 0 7 1 4 5 2 3 6
47 40 7 1 7 4 6 2 5 3 0
47 40 7 1 6 0 5 2 7 4 3
47 40 7 1 7 6 5 2 0 4 3
47 40 7 0 5 1 3 2 7 6 4
47 40 7 5 7 1 3 2 0 6 4
47 40 7 5 1 6 4 0 2 7 3
47 40 7 5 0 6 4 2 1 7 3
47 40 7 4 1 3 0 5 2 7 6
47 40 7 2 1 3 4 5 0 7 6
47 41 6 5 2 3 6 1 0 7 4
47 41 6 1 0 6 4 5 7 3 2
47 41 6 1 0 3 6 5 7 4 2
47 41 6 1 0 4 3 5 2 7 6
47 41 6 1 6 5 0 2 7 3 4
47 41 6 1 4 3 2 5 7 0 6
47 41 6 2 5 3 4 0 1 7 6
47 42 5 5 1 3 4 0 6 7 2
47 43 4 1 2 3 6 5 0 7 4
47 44 3 1 2 3 4 5 0 7 6
48 37 11 7 0 4 6 1 5 3 2
48 37 11 7 1 4 0 6 5 3 2
48 38 10 6 1 4 0 7 2 3 5
48 38 10 5 1 4 6 7 2 3 0
48 38 10 7 2 4 6 1 0 3 5
48 38 10 1 5 4 0 6 7 3 2
48 39 9 5 0 1 2 6 7 3 4
48 39 9 5 1 2 0 6 7 3 4
48 39 9 5 4 2 0 1 7 3 6
48 39 9 5 7 4 2 0 1 3 6
48 39 9 5 7 4 2 1 3 0 6
48 39 9 2 4 6 0 1 7 3 5
48 39 9 2 7 4 6 1 3 0 5
48 39 9 6 1 4 2 7 3 0 5
48 39 9 6 0 4 2 7 1 3 5
48 39 9 5 7 0 6 1 3 4 2
48 39 9 3 1 4 6 0 2 7 5
48 39 9 3 1 0 6 5 2 7 4
48 39 9 0 7 4 5 1 2 3 6
48 39 9 7 1 4 5 2 0 6 3
48 39 9 1 7 0 6 5 2 3 4
48 39 9 0 4 6 1 5 7 3 2
48 39 9 1 4 6 3 5 7 0 2
48 39 9 0 1 3 6 4 2 7 5
48 40 8 7 1 0 4 6 2 3 5
48 40 8 6 5 0 4 1 7 3 2
48 40 8 6 5 4 2 1 7 3 0
48 40 8 2 1 4 6 0 5 7 3
48 40 8 4 0 6 1 2 7 3 5
48 40 8 5 0 4 3 6 1 7 2
48 40 8 2 5 4 6 1 0 7 3
48 40 8 2 5 4 6 3 1 7 0
48 40 8 5 4 7 6 2 0 1 3
48 40 8 2 5 1 4 7 0 3 6
48 40 8 2 5 1 4 6 7 3 0
48 40 8 5 7 1 4 6 2 3 0
48 40 8 5 7 0 4 2 3 1 6
48 40 8 6 1 3 0 2 7 5 4
48 40 8 6 1 3 4 0 7 5 2
48 41 7 1 0 6 3 2 7 4 5
48 41 7 6 5 0 4 2 1 7 3
48 41 7 6 5 4 3 2 1 7 0
48 41 7 1 5 4 6 0 2 7 3
48 41 7 1 5 4 6 2 7 0 3
48 41 7 1 0 4 6 2 5 7 3
48 41 7 6 5 1 3 2 7 4 0
48 41 7 0 5 3 6 1 2 7 4
48 41 7 1 0 4 3 5 7 6 2
48 41 7 3 1 0 4 2 7 6 5
48 41 7 5 2 4 6 0 1 7 3
48 41 7 5 0 1 4 6 2 7 3
48 41 7 0 6 1 4 5 7 3 2
48 41 7 6 7 1 4 5 0 3 2
48 41 7 1 6 3 5 2 7 0 4
48 41 7 1 7 6 5 2 3 0 4
48 41 7 1 4 2 0 5 7 3 6
48 41 7 1 7 4 2 5 3 0 6
48 41 7 7 1 4 0 2 3 6 5
48 41 7 5 1 3 4 6 2 0 7
48 41 7 6 5 3 4 2 1 7 0
48 41 7 1 5 3 4 2 0 7 6
48 42 6 1 3 0 6 2 7 4 5
48 42 6 2 1 3 4 5 7 0 6
48 42 6 5 0 3 4 6 1 7 2
48 42 6 1 2 4 6 0 5 7 3
48 42 6 1 2 4 6 5 7 0 3
48 42 6 1 4 5 6 2 7 0 3
48 43 5 5 2 3 4 1 0 7 6
48 43 5 1 0 3 4 5 7 6 2
48 43 5 1 4 3 6 5 2 7 0
48 43 5 1 3 0 6 2 4 7 5
48 43 5 1 0 3 6 5 4 7 2
49 38 11 5 1 0 2 4 7 3 6
49 38 11 0 1 6 2 4 7 3 5
49 39 10 2 5 4 0 1 7 3 6
49 39 10 0 4 6 5 1 7 3 2
49 39 10 6 1 4 5 0 2 7 3
49 39 10 6 1 4 7 5 2 0 3
49 39 10 1 0 4 5 7 2 3 6
49 39 10 0 7 4 6 5 2 3 1
49 39 10 5 1 0 6 4 2 7 3
49 40 9 0 5 6 2 1 7 3 4
49 40 9 5 6 0 2 1 7 3 4
49 40 9 5 7 6 2 1 0 3 4
49 40 9 7 4 0 6 1 2 3 5
49 40 9 0 1 4 7 6 2 3 5
49 40 9 2 5 4 6 1 7 0 3
49 40 9 2 4 6 1 0 7 3 5
49 40 9 5 4 6 1 2 7 3 0
49 40 9 5 1 4 0 6 7 2 3
49 40 9 0 1 4 5 3 2 7 6
49 40 9 0 4 6 5 2 1 7 3
49 40 9 5 4 6 7 2 1 0 3
49 40 9 2 0 1 4 5 7 3 6
49 40 9 0 7 4 6 1 5 3 2
49 40 9 0 1 3 4 2 7 5 6
49 41 8 2 1 4 3 6 0 7 5
49 41 8 2 1 4 3 6 7 5 0
49 41 8 0 1 6 3 5 7 4 2
49 41 8 1 4 6 2 7 0 3 5
49 41 8 5 1 4 2 7 0 6 3
49 41 8 0 1 4 2 5 7 6 3
49 41 8 5 1 4 2 3 7 6 0
49 41 8 3 5 4 6 2 1 0 7
49 41 8 3 5 4 0 2 1 7 6
49 41 8 6 5 0 1 2 7 4 3
49 41 8 3 5 1 6 2 7 0 4
49 41 8 3 5 1 0 2 7 4 6
49 41 8 0 7 1 6 5 2 4 3
49 41 8 4 5 0 1 2 7 3 6
49 41 8 6 5 1 4 2 7 0 3
49 41 8 5 3 0 6 1 2 7 4
49 41 8 5 1 0 3 6 2 7 4
49 41 8 0 1 3 5 6 2 7 4
49 41 8 5 1 4 3 7 6 0 2
49 41 8 5 0 4 3 7 1 6 2
49 41 8 2 1 4 3 7 0 6 5
49 41 8 2 1 4 3 5 7 6 0
49 41 8 5 2 4 6 1 7 0 3
49 41 8 5 1 7 4 6 2 0 3
49 41 8 2 1 6 4 5 7 3 0
49 41 8 6 1 3 0 5 7 4 2
49 41 8 2 1 3 6 5 7 4 0
49 41 8 5 7 1 0 2 3 4 6
49 41 8 1 7 6 5 0 2 3 4
49 41 8 1 7 4 2 0 5 3 6
49 41 8 0 1 3 4 6 2 7 5
49 41 8 4 5 3 0 2 1 7 6
49 42 7 1 0 4 6 3 2 7 5
49 42 7 7 5 1 6 2 4 0 3
49 42 7 1 2 4 6 7 0 3 5
49 42 7 1 7 0 4 6 2 3 5
49 42 7 7 0 4 3 2 1 6 5
49 42 7 1 0 3 5 2 7 4 6
49 42 7 6 1 5 0 2 7 4 3
49 42 7 5 4 3 0 2 1 7 6
49 42 7 5 7 1 3 2 4 0 6
49 42 7 6 1 4 2 5 0 7 3
49 42 7 1 6 0 4 2 7 3 5
49 42 7 1 7 6 4 2 0 3 5
49 42 7 1 7 3 6 2 0 4 5
49 42 7 5 3 4 0 2 1 7 6
49 42 7 5 3 7 4 2 1 0 6
49 43 6 0 5 3 4 1 2 7 6
49 43 6 6 1 5 4 2 7 3 0
49 43 6 1 4 6 0 5 2 7 3
49 43 6 1 4 3 0 2 7 6 5
49 43 6 1 7 4 0 2 3 6 5
49 43 6 1 4 3 6 0 5 7 2
49 43 6 1 4 3 0 5 7 2 6
49 43 6 1 3 0 6 5 2 7 4
49 44 5 1 3 0 4 2 7 6 5
49 44 5 1 3 0 4 5 2 7 6
49 45 4 1 4 5 3 2 7 6 0
50 39 11 7 1 4 2 6 0 3 5
50 39 11 7 5 4 2 1 0 3 6
50 39 11 5 4 6 1 0 7 3 2
50 39 11 5 4 6 3 1 7 0 2
50 39 11 5 7 4 0 6 1 3 2
50 40 10 2 5 4 6 0 7 3 1
50 40 10 7 4 6 1 2 0 3 5
50 40 10 5 1 4 3 0 7 2 6
50 40 10 5 1 4 7 3 2 0 6
50 40 10 2 5 4 0 6 1 7 3
50 40 10 5 4 6 2 0 1 7 3
50 40 10 5 0 1 4 7 2 3 6
50 40 10 1 0 4 6 7 5 3 2
50 40 10 1 7 4 0 6 5 3 2
50 40 10 6 1 0 4 2 7 5 3
50 41 9 2 1 0 3 6 7 4 5
50 41 9 0 6 4 2 1 7 3 5
50 41 9 6 4 0 2 1 7 3 5
50 41 9 6 7 4 2 1 0 3 5
50 41 9 7 5 4 6 1 3 0 2
50 41 9 5 1 6 3 7 0 4 2
50 41 9 2 1 6 3 0 7 4 5
50 41 9 3 1 6 0 2 7 4 5
50 41 9 0 4 6 2 1 7 3 5
50 41 9 5 0 1 3 6 7 4 2
50 41 9 5 1 4 6 3 0 2 7
50 41 9 5 1 0 6 3 2 4 7
50 41 9 6 5 4 7 2 1 0 3
50 41 9 3 5 4 6 0 1 7 2
50 41 9 2 5 1 6 7 0 4 3
50 41 9 2 5 1 6 3 7 4 0
50 41 9 5 7 1 6 3 2 4 0
50 41 9 6 5 1 4 0 7 3 2
50 41 9 3 1 4 0 5 7 6 2
50 41 9 5 1 4 3 6 2 0 7
50 41 9 4 1 6 0 5 7 3 2
50 41 9 7 1 6 4 5 0 3 2
50 41 9 7 1 3 6 5 0 4 2
50 41 9 2 1 4 3 5 0 7 6
50 41 9 7 1 4 5 0 3 6 2
50 41 9 7 1 0 5 2 3 6 4
50 41 9 0 1 4 5 2 3 6 7
50 42 8 7 1 4 5 0 6 3 2
50 42 8 5 0 1 6 3 2 7 4
50 42 8 5 1 6 0 3 2 7 4
50 42 8 7 0 1 6 2 5 4 3
50 42 8 7 5 1 4 0 2 3 6
50 42 8 7 5 1 4 2 3 0 6
50 42 8 7 0 1 4 2 5 3 6
50 42 8 1 4 0 6 7 2 3 5
50 42 8 3 1 6 5 2 7 0 4
50 42 8 7 1 4 3 0 2 6 5
50 42 8 7 1 4 3 2 6 0 5
50 42 8 2 1 3 5 0 7 4 6
50 42 8 5 4 6 0 1 2 7 3
50 42 8 5 1 6 4 7 3 0 2
50 42 8 5 0 6 4 7 1 3 2
50 42 8 5 1 3 6 7 4 0 2
50 42 8 5 0 3 6 7 1 4 2
50 42 8 6 0 4 5 2 1 7 3
50 42 8 6 0 1 5 2 7 4 3
50 42 8 2 5 4 3 0 1 7 6
50 42 8 5 4 7 3 2 1 0 6
50 42 8 5 0 7 6 2 3 1 4
50 42 8 5 7 6 0 2 3 1 4
50 42 8 6 1 0 2 5 7 4 3
50 42 8 5 1 3 0 6 7 2 4
50 42 8 5 1 3 4 0 7 2 6
50 42 8 1 4 5 6 0 7 3 2
50 43 7 7 1 6 5 2 4 0 3
50 43 7 0 1 3 2 5 7 4 6
50 43 7 1 0 4 5 6 2 7 3
50 43 7 1 0 6 2 5 7 4 3
50 43 7 6 0 5 1 2 7 3 4
50 43 7 7 1 5 0 2 3 4 6
50 43 7 7 4 5 0 2 1 3 6
50 43 7 5 3 0 4 1 2 7 6
50 43 7 2 1 3 4 5 7 6 0
50 43 7 1 4 7 6 5 2 0 3
50 43 7 0 4 3 6 1 2 7 5
50 43 7 0 1 3 6 2 4 7 5
50 44 6 1 0 3 5 2 7 6 4
50 44 6 5 1 3 4 7 6 0 2
50 44 6 1 4 0 5 2 7 6 3
50 44 6 1 7 3 4 2 0 6 5
50 44 6 1 4 3 5 0 2 7 6
50 44 6 1 0 3 5 2 4 7 6
50 45 5 6 0 3 4 5 1 7 2
51 40 11 7 1 4 3 6 2 0 5
51 40 11 6 5 4 1 0 7 3 2
51 40 11 6 5 4 3 1 7 0 2
51 40 11 2 5 0 6 1 7 3 4
51 40 11 5 1 0 3 6 7 2 4
51 40 11 0 1 4 3 6 7 2 5
51 40 11 2 5 1 0 4 7 3 6
51 40 11 5 7 1 0 4 2 3 6
51 41 10 7 1 6 3 2 0 4 5
51 41 10 1 0 6 2 4 7 3 5
51 41 10 5 0 4 2 1 7 6 3
51 41 10 6 5 4 2 0 1 7 3
51 41 10 3 5 0 6 2 1 7 4
51 41 10 2 0 1 6 5 7 4 3
51 41 10 3 5 1 6 0 7 4 2
51 41 10 3 5 0 6 2 7 4 1
51 41 10 4 5 1 3 2 7 0 6
51 41 10 6 5 0 4 2 7 3 1
51 41 10 6 7 4 0 1 2 3 5
51 41 10 5 7 4 6 1 2 3 0
51 41 10 5 1 3 7 6 2 0 4
51 41 10 7 1 4 3 5 0 6 2
51 41 10 2 0 4 3 1 7 6 5
51 41 10 2 1 4 0 3 7 6 5
51 41 10 3 1 4 2 0 7 6 5
51 41 10 3 1 4 6 2 7 0 5
51 41 10 0 1 4 3 6 2 7 5
51 41 10 5 7 1 6 0 3 4 2
51 41 10 5 7 0 6 2 3 4 1
51 41 10 0 7 1 6 2 3 4 5
51 42 9 7 1 4 5 6 3 0 2
51 42 9 7 0 4 5 6 1 3 2
51 42 9 5 1 7 6 3 2 0 4
51 42 9 6 1 4 0 3 2 7 5
51 42 9 7 5 1 6 0 2 4 3
51 42 9 2 1 6 5 7 0 4 3
51 42 9 2 1 6 5 3 7 4 0
51 42 9 6 1 3 5 2 7 4 0
51 42 9 6 5 4 0 1 2 7 3
51 42 9 3 5 4 6 1 2 7 0
51 42 9 5 4 7 6 1 2 0 3
51 42 9 1 5 4 3 2 0 7 6
51 42 9 2 5 1 3 0 7 4 6
51 42 9 5 7 1 3 0 2 4 6
51 42 9 0 1 3 4 6 7 2 5
51 42 9 0 4 5 6 2 7 3 1
51 43 8 7 0 6 5 2 1 4 3
51 43 8 0 5 4 3 1 7 6 2
51 43 8 5 4 0 3 1 7 6 2
51 43 8 5 7 4 3 1 0 6 2
51 43 8 5 1 0 4 3 7 6 2
51 43 8 5 1 3 2 7 0 4 6
51 43 8 5 1 3 2 6 7 4 0
51 43 8 2 1 6 4 7 0 3 5
51 43 8 2 1 3 6 7 0 4 5
51 43 8 6 5 3 1 2 7 0 4
51 43 8 4 5 1 6 2 0 7 3
51 43 8 4 5 0 6 2 7 1 3
51 43 8 7 0 1 6 5 2 3 4
51 43 8 7 0 1 5 2 3 4 6
51 43 8 7 4 3 5 2 1 0 6
51 43 8 2 1 6 0 5 7 4 3
51 43 8 2 6 1 4 0 7 3 5
51 43 8 6 7 1 4 0 2 3 5
51 43 8 6 7 1 4 2 3 0 5
51 43 8 7 1 0 4 2 3 5 6
51 43 8 0 1 4 7 2 3 5 6
51 43 8 0 1 5 6 2 7 3 4
51 43 8 7 1 4 0 5 3 2 6
51 43 8 4 1 3 0 5 7 6 2
51 43 8 7 1 3 4 5 0 6 2
51 43 8 1 0 3 6 4 2 7 5
51 43 8 1 4 3 0 6 2 7 5
51 43 8 1 4 3 5 0 7 6 2
51 43 8 1 7 4 5 0 3 6 2
51 43 8 1 7 0 5 2 3 6 4
51 43 8 1 4 3 6 0 7 2 5
51 44 7 5 1 4 7 6 2 3 0
51 44 7 5 2 4 3 1 0 7 6
51 44 7 6 1 3 2 5 7 0 4
51 44 7 2 1 4 5 7 3 6 0
51 44 7 6 1 3 5 2 0 7 4
51 44 7 7 5 1 6 2 3 4 0
51 44 7 4 1 0 5 2 7 6 3
51 44 7 7 4 3 6 5 1 0 2
51 44 7 0 1 6 3 5 2 7 4
51 44 7 7 3 1 6 2 0 4 5
51 44 7 7 1 6 5 2 3 4 0
51 44 7 7 4 6 5 2 1 3 0
51 44 7 7 4 3 6 2 1 5 0
51 44 7 6 0 4 3 5 1 7 2
51 44 7 1 6 0 2 5 7 3 4
51 44 7 1 7 6 2 5 0 3 4
51 44 7 5 0 3 4 7 1 6 2
51 44 7 1 4 6 5 2 0 7 3
51 44 7 1 4 0 3 2 7 5 6
51 44 7 1 7 0 4 2 3 5 6
51 45 6 1 4 5 3 2 0 7 6
51 45 6 1 2 4 6 5 7 3 0
51 45 6 2 1 3 4 6 0 7 5
51 45 6 2 1 3 4 6 7 5 0
51 45 6 1 7 5 0 2 3 4 6
51 45 6 1 3 7 6 2 0 4 5
51 45 6 1 7 6 5 2 3 4 0
51 45 6 6 0 1 4 5 2 7 3
51 45 6 1 7 4 5 2 0 6 3
51 45 6 6 1 3 4 0 5 7 2
51 47 4 0 1 3 4 5 6 7 2
51 47 4 1 2 3 4 0 5 7 6
51 47 4 1 2 3 4 5 7 0 6
52 41 11 5 0 6 3 1 7 4 2
52 41 11 5 1 6 0 3 7 4 2
52 41 11 2 5 1 0 6 7 4 3
52 41 11 6 5 1 2 0 7 4 3
52 41 11 5 0 1 6 7 2 4 3
52 41 11 5 7 1 0 6 2 4 3
52 41 11 4 5 1 2 0 7 3 6
52 42 10 2 1 4 6 3 0 7 5
52 42 10 0 7 4 1 6 2 3 5
52 42 10 1 7 4 3 6 2 0 5
52 42 10 3 1 6 5 0 7 4 2
52 42 10 3 1 0 5 2 7 4 6
52 42 10 7 1 3 5 2 0 4 6
52 42 10 7 5 1 3 2 0 4 6
52 42 10 5 1 0 4 6 7 2 3
52 43 9 7 1 6 5 0 2 4 3
52 43 9 0 1 4 5 3 7 6 2
52 43 9 3 1 4 5 6 2 7 0
52 43 9 3 1 6 2 5 7 4 0
52 43 9 6 7 1 0 5 2 3 4
52 43 9 4 7 1 6 5 2 3 0
52 43 9 2 7 4 5 0 1 3 6
52 43 9 5 7 4 0 2 1 3 6
52 43 9 6 7 4 5 2 1 3 0
52 43 9 4 6 1 0 2 7 3 5
52 43 9 5 6 1 4 2 7 3 0
52 43 9 6 1 5 3 2 7 0 4
52 43 9 0 4 3 5 2 7 6 1
52 43 9 0 7 4 5 2 3 6 1
52 43 9 1 4 0 6 5 7 2 3
52 43 9 0 4 3 6 5 7 2 1
52 44 8 5 1 4 7 6 0 2 3
52 44 8 5 1 0 7 6 2 4 3
52 44 8 0 5 6 4 1 7 3 2
52 44 8 5 6 0 4 1 7 3 2
52 44 8 5 7 6 4 1 0 3 2
52 44 8 0 5 3 6 1 7 4 2
52 44 8 5 3 0 6 1 7 4 2
52 44 8 5 7 3 6 1 0 4 2
52 44 8 0 5 4 3 1 2 7 6
52 44 8 5 4 0 3 1 2 7 6
52 44 8 6 0 1 2 5 7 3 4
52 44 8 6 1 2 0 5 7 3 4
52 44 8 5 1 6 2 7 4 0 3
52 44 8 4 1 0 6 2 7 3 5
52 44 8 0 2 4 5 7 1 3 6
52 44 8 2 1 4 5 6 0 7 3
52 44 8 5 1 0 3 4 2 7 6
52 44 8 0 1 3 5 4 2 7 6
52 44 8 0 6 1 5 2 7 3 4
52 44 8 6 7 1 5 2 0 3 4
52 44 8 7 5 0 6 2 3 1 4
52 44 8 0 7 1 6 2 5 3 4
52 44 8 7 1 0 6 2 5 3 4
52 44 8 4 1 6 5 2 0 7 3
52 44 8 7 0 1 6 5 3 4 2
52 44 8 7 1 6 0 5 3 4 2
52 44 8 7 4 6 0 5 1 3 2
52 44 8 5 1 6 3 4 2 7 0
52 44 8 0 5 6 3 2 1 7 4
52 44 8 5 6 0 3 2 1 7 4
52 44 8 0 1 6 7 2 3 4 5
52 44 8 0 4 6 7 2 1 3 5
52 44 8 7 4 3 6 2 0 1 5
52 44 8 2 1 3 5 0 7 6 4
52 44 8 4 1 3 5 2 7 6 0
52 44 8 6 1 4 3 0 5 7 2
52 44 8 6 1 4 0 5 7 2 3
52 44 8 5 1 4 0 7 3 6 2
52 45 7 7 1 3 6 2 4 0 5
52 45 7 0 2 1 6 5 7 3 4
52 45 7 4 0 5 6 2 7 3 1
52 45 7 7 1 5 6 2 3 0 4
52 45 7 1 0 4 6 2 3 5 7
52 45 7 1 2 4 5 0 7 3 6
52 45 7 7 1 4 2 5 3 6 0
52 45 7 5 1 4 2 0 6 7 3
52 45 7 5 4 3 6 7 1 2 0
52 45 7 7 1 0 4 5 2 3 6
52 45 7 5 7 1 4 0 6 3 2
52 45 7 4 0 5 1 2 7 3 6
52 45 7 1 4 3 6 7 0 5 2
52 45 7 0 5 1 4 2 7 6 3
52 45 7 5 7 1 4 2 0 6 3
52 45 7 2 1 3 4 7 0 6 5
52 45 7 1 5 4 0 2 7 3 6
52 45 7 5 4 3 6 0 1 7 2
52 45 7 5 0 3 6 1 4 7 2
52 45 7 1 0 7 5 2 3 4 6
52 45 7 6 1 0 3 5 2 7 4
52 45 7 4 1 3 6 5 2 0 7
52 45 7 6 1 7 4 5 2 0 3
52 45 7 5 7 1 0 2 4 3 6
52 45 7 1 4 6 2 5 7 0 3
52 45 7 1 7 4 0 5 3 2 6
52 45 7 1 7 4 3 0 2 6 5
52 45 7 1 7 4 3 2 6 0 5
52 45 7 6 1 3 0 5 7 2 4
52 46 6 1 7 5 6 2 3 0 4
52 46 6 2 0 3 6 5 1 7 4
52 46 6 3 1 0 4 5 2 7 6
52 46 6 1 7 0 4 5 2 3 6
52 46 6 5 3 6 4 2 1 7 0
52 46 6 5 3 7 6 2 1 4 0
52 46 6 0 6 3 4 2 1 7 5
52 46 6 6 1 3 4 5 2 0 7
52 47 5 2 0 3 4 5 1 7 6
52 47 5 1 2 4 3 5 0 7 6
52 47 5 1 6 5 4 2 7 3 0
52 47 5 1 4 3 2 5 0 7 6
52 47 5 1 4 3 2 5 7 6 0
52 47 5 5 1 3 4 2 6 7 0
52 47 5 1 2 3 6 0 5 7 4
52 47 5 1 2 3 6 5 7 0 4
53 42 11 2 0 6 5 1 7 4 3
53 43 10 5 0 3 2 1 7 4 6
53 43 10 7 1 6 2 5 0 4 3
53 43 10 2 0 6 4 1 7 3 5
53 43 10 2 0 3 6 1 7 4 5
53 43 10 2 1 3 0 6 7 4 5
53 43 10 2 7 1 6 5 0 3 4
53 43 10 7 6 1 4 2 0 3 5
53 43 10 6 1 5 2 0 7 3 4
53 43 10 7 1 4 6 0 3 2 5
53 43 10 7 1 0 6 5 3 2 4
53 43 10 0 1 4 6 5 3 2 7
53 44 9 0 1 3 5 6 7 4 2
53 44 9 5 0 6 2 7 1 4 3
53 44 9 5 1 6 2 3 7 0 4
53 44 9 2 1 0 5 7 3 4 6
53 44 9 2 4 0 5 7 1 3 6
53 44 9 2 1 0 5 6 7 4 3
53 44 9 2 5 1 6 7 3 0 4
53 44 9 2 0 1 6 7 5 3 4
53 44 9 2 5 1 6 4 7 0 3
53 44 9 5 7 1 6 4 2 0 3
53 44 9 6 7 4 0 5 1 3 2
53 44 9 2 7 4 6 5 1 3 0
53 44 9 0 1 4 6 2 7 5 3
53 44 9 7 1 3 5 2 0 6 4
53 44 9 5 1 4 2 0 3 6 7
53 44 9 0 4 3 1 2 7 5 6
53 44 9 1 4 3 2 0 7 5 6
53 44 9 0 7 4 1 2 3 5 6
53 45 8 7 1 6 4 0 2 3 5
53 45 8 7 1 6 4 2 3 0 5
53 45 8 7 0 6 4 2 1 3 5
53 45 8 7 1 3 6 0 2 4 5
53 45 8 7 0 3 6 2 1 4 5
53 45 8 6 5 1 3 2 0 7 4
53 45 8 6 5 0 3 2 7 1 4
53 45 8 4 5 6 0 2 7 3 1
53 45 8 4 5 3 6 2 7 0 1
53 45 8 2 1 0 3 5 7 4 6
53 45 8 7 0 1 6 2 3 5 4
53 45 8 7 1 6 0 2 3 5 4
53 45 8 5 1 0 4 7 3 2 6
53 45 8 6 7 0 4 2 1 3 5
53 45 8 5 7 4 6 2 1 0 3
53 45 8 6 0 1 3 5 7 4 2
53 45 8 0 7 6 5 2 1 3 4
53 45 8 7 6 0 5 2 1 3 4
53 45 8 7 1 0 2 5 3 4 6
53 45 8 0 7 4 2 5 1 3 6
53 45 8 7 4 0 2 5 1 3 6
53 45 8 7 1 4 6 2 5 0 3
53 45 8 7 1 4 0 2 5 3 6
53 45 8 5 0 4 2 6 1 7 3
53 45 8 5 4 3 6 7 0 1 2
53 45 8 7 2 4 6 0 1 3 5
53 45 8 0 6 4 3 2 1 7 5
53 45 8 6 4 0 3 2 1 7 5
53 45 8 0 6 1 3 2 7 4 5
53 45 8 6 7 1 3 2 0 4 5
53 45 8 7 1 4 6 5 0 2 3
53 45 8 7 1 0 6 5 2 4 3
53 45 8 5 7 1 4 6 3 0 2
53 45 8 2 4 5 1 0 7 3 6
53 45 8 6 4 5 1 2 7 3 0
53 45 8 0 4 3 6 1 7 5 2
53 45 8 5 4 3 0 1 7 2 6
53 45 8 0 1 7 6 2 3 4 5
53 45 8 4 1 3 6 0 2 7 5
53 45 8 6 1 4 3 5 2 0 7
53 45 8 6 1 3 4 0 7 2 5
53 45 8 0 1 3 4 5 7 2 6
53 46 7 4 1 5 0 2 7 3 6
53 46 7 1 0 4 3 2 7 5 6
53 46 7 0 1 3 2 5 7 6 4
53 46 7 0 5 3 4 1 7 6 2
53 46 7 5 3 0 4 1 7 6 2
53 46 7 5 7 3 4 1 0 6 2
53 46 7 1 4 5 2 7 0 3 6
53 46 7 1 4 5 2 6 7 3 0
53 46 7 1 0 4 6 2 7 5 3
53 46 7 1 4 6 0 2 7 5 3
53 46 7 1 0 7 6 2 3 5 4
53 46 7 1 7 6 0 2 3 5 4
53 46 7 4 1 0 3 2 7 6 5
53 46 7 0 2 1 4 6 7 3 5
53 46 7 2 1 3 6 0 5 7 4
53 46 7 5 0 7 6 2 4 1 3
53 46 7 5 7 6 0 2 4 1 3
53 46 7 1 7 4 6 5 0 2 3
53 46 7 1 7 0 6 5 2 4 3
53 46 7 1 0 7 6 5 3 4 2
53 46 7 1 7 6 0 5 3 4 2
53 46 7 2 5 3 6 1 0 7 4
53 46 7 2 5 3 6 4 1 7 0
53 46 7 5 3 7 6 2 0 1 4
53 46 7 5 7 1 0 2 3 6 4
53 46 7 6 3 0 4 2 1 7 5
53 47 6 7 1 3 4 2 6 0 5
53 47 6 1 5 3 6 0 2 7 4
53 47 6 1 0 3 6 2 5 7 4
53 47 6 0 2 4 6 5 1 7 3
53 47 6 1 0 6 3 2 4 7 5
53 47 6 0 1 4 3 5 6 7 2
53 47 6 1 6 5 0 2 7 4 3
53 47 6 1 7 6 5 2 4 0 3
53 47 6 0 1 6 4 5 2 7 3
53 47 6 2 1 3 4 0 5 7 6
53 47 6 5 2 3 6 0 1 7 4
53 47 6 1 6 0 4 5 7 3 2
53 47 6 1 7 6 4 5 0 3 2
53 47 6 1 7 3 6 5 0 4 2
53 47 6 1 4 0 3 5 2 7 6
53 47 6 2 5 3 4 1 0 7 6
53 47 6 2 5 3 4 6 1 7 0
53 48 5 1 5 3 4 0 2 7 6
53 48 5 1 0 3 4 2 5 7 6
53 48 5 5 2 3 4 0 1 7 6
53 48 5 1 7 3 4 5 0 6 2
53 48 5 1 4 3 0 5 2 7 6
53 48 5 1 3 6 0 2 4 7 5
53 48 5 1 3 7 6 2 4 0 5
54 43 11 5 1 4 6 3 7 0 2
54 43 11 2 1 6 0 4 7 3 5
54 43 11 7 1 4 2 0 3 5 6
54 44 10 4 1 6 3 2 7 0 5
54 44 10 6 1 3 2 0 7 4 5
54 44 10 5 1 3 7 4 2 0 6
54 44 10 5 0 6 3 1 2 7 4
54 44 10 7 4 6 3 2 1 0 5
54 44 10 6 1 4 3 0 7 2 5
54 44 10 6 1 0 3 5 7 2 4
54 44 10 0 1 4 3 5 7 2 6
54 44 10 5 1 0 2 7 3 6 4
54 44 10 0 1 4 2 7 3 6 5
54 44 10 1 7 4 2 0 3 5 6
54 45 9 5 1 0 6 4 7 3 2
54 45 9 4 5 1 6 7 0 3 2
54 45 9 0 5 1 6 4 7 3 2
54 45 9 7 1 4 6 3 0 5 2
54 45 9 0 1 4 6 7 3 5 2
54 45 9 2 1 4 6 0 3 5 7
54 45 9 6 1 4 0 2 3 5 7
54 45 9 6 1 4 5 7 3 0 2
54 45 9 6 0 4 5 7 1 3 2
54 45 9 0 5 1 6 7 2 3 4
54 45 9 7 5 1 6 4 2 3 0
54 45 9 7 1 4 5 6 2 0 3
54 45 9 2 1 6 5 7 3 0 4
54 45 9 2 0 6 5 7 1 3 4
54 45 9 2 1 6 5 4 7 0 3
54 45 9 5 2 4 0 1 7 3 6
54 45 9 6 2 4 5 1 7 3 0
54 45 9 2 1 4 0 7 3 5 6
54 45 9 6 2 4 0 7 1 3 5
54 45 9 5 2 4 6 7 1 3 0
54 45 9 0 1 4 7 5 2 3 6
54 45 9 7 4 5 1 2 0 3 6
54 45 9 1 0 3 6 4 7 5 2
54 45 9 1 4 3 0 6 7 5 2
54 45 9 2 0 3 4 1 7 6 5
54 45 9 1 2 4 0 6 7 3 5
54 45 9 1 5 0 6 2 7 3 4
54 45 9 5 4 3 6 0 7 2 1
54 45 9 0 7 6 1 2 3 4 5
54 45 9 1 7 6 4 2 3 0 5
54 45 9 6 1 3 5 0 2 7 4
54 45 9 6 1 3 7 5 2 0 4
54 45 9 4 1 0 6 5 2 7 3
54 45 9 5 7 1 6 0 4 3 2
54 45 9 5 7 0 6 2 4 3 1
54 45 9 0 7 1 6 2 4 3 5
54 45 9 1 7 4 6 0 3 2 5
54 45 9 1 7 0 6 5 3 2 4
54 45 9 6 1 0 4 5 7 2 3
54 46 8 2 1 5 0 6 7 3 4
54 46 8 2 1 3 5 6 7 0 4
54 46 8 5 2 1 6 7 0 3 4
54 46 8 4 0 1 5 2 7 3 6
54 46 8 4 1 3 5 2 7 0 6
54 46 8 6 0 1 3 2 7 5 4
54 46 8 5 1 3 2 7 0 6 4
54 46 8 5 1 3 2 4 7 6 0
54 46 8 2 4 5 0 1 7 3 6
54 46 8 2 4 3 5 1 7 0 6
54 46 8 5 4 3 2 7 1 0 6
54 46 8 5 3 1 6 7 0 4 2
54 46 8 5 1 6 2 7 3 4 0
54 46 8 7 5 4 6 2 1 3 0
54 46 8 5 4 6 2 7 1 3 0
54 46 8 2 4 3 6 7 1 0 5
54 46 8 4 1 6 2 5 7 0 3
54 46 8 0 4 5 2 1 7 3 6
54 46 8 1 4 6 5 7 0 3 2
54 46 8 1 7 4 6 3 0 5 2
54 46 8 2 7 1 4 6 0 3 5
54 46 8 1 5 4 6 7 3 0 2
54 46 8 0 3 6 5 2 1 7 4
54 46 8 5 3 6 7 2 1 0 4
54 46 8 6 0 3 4 1 2 7 5
54 47 7 7 1 3 6 5 2 0 4
54 47 7 1 0 4 6 5 2 3 7
54 47 7 7 1 3 4 0 2 6 5
54 47 7 7 0 3 4 2 1 6 5
54 47 7 6 2 0 4 1 7 3 5
54 47 7 5 1 3 2 6 0 7 4
54 47 7 5 4 3 2 1 0 7 6
54 47 7 5 4 3 2 1 7 6 0
54 47 7 2 4 3 6 1 0 7 5
54 47 7 2 4 3 6 1 7 5 0
54 47 7 1 4 5 0 6 7 3 2
54 47 7 1 4 3 5 6 7 0 2
54 47 7 1 7 4 5 0 6 3 2
54 47 7 1 5 3 6 2 7 0 4
54 47 7 2 4 0 6 5 1 7 3
54 47 7 1 4 6 3 0 2 7 5
54 47 7 5 1 4 3 2 6 7 0
54 47 7 5 0 1 4 3 2 7 6
54 47 7 7 0 1 4 5 2 3 6
54 47 7 1 7 4 6 2 5 0 3
54 47 7 1 7 4 0 2 5 3 6
54 47 7 1 6 4 5 2 7 0 3
54 47 7 5 1 6 4 3 2 7 0
54 47 7 0 5 6 4 2 1 7 3
54 47 7 5 6 0 4 2 1 7 3
54 47 7 4 1 0 3 5 2 7 6
54 47 7 5 2 3 6 1 7 0 4
54 47 7 1 3 0 6 5 7 4 2
54 47 7 5 0 3 4 1 6 7 2
54 48 6 1 7 3 6 5 2 0 4
54 48 6 1 4 6 3 5 0 7 2
54 48 6 1 4 6 3 5 7 2 0
54 48 6 5 2 1 4 6 0 7 3
54 48 6 1 6 3 5 2 0 7 4
54 48 6 1 6 3 5 2 7 4 0
54 48 6 1 4 2 6 5 7 3 0
54 48 6 1 7 4 2 5 3 6 0
54 48 6 1 5 3 4 2 7 0 6
54 48 6 1 3 6 0 2 7 4 5
54 48 6 1 3 4 6 2 7 0 5
54 48 6 0 5 3 4 6 1 7 2
54 48 6 1 2 4 6 3 5 7 0
54 48 6 1 2 0 6 5 7 4 3
54 48 6 1 4 5 6 2 0 7 3
54 48 6 5 2 3 4 1 7 0 6
54 48 6 1 3 0 4 5 7 6 2
54 48 6 1 4 3 6 5 2 0 7
54 48 6 0 1 3 6 5 4 7 2
54 48 6 1 3 0 6 5 4 7 2
54 49 5 1 0 3 4 6 2 7 5
54 49 5 5 7 1 3 2 4 6 0
54 49 5 5 3 7 4 2 1 6 0
54 49 5 1 4 6 3 5 2 7 0
54 49 5 1 3 4 0 2 7 6 5
54 49 5 1 4 5 0 2 7 6 3
54 51 3 1 0 3 4 5 6 7 2
54 51 3 1 2 3 4 5 7 6 0
55 44 11 5 1 0 2 3 7 4 6
55 44 11 0 1 6 2 3 7 4 5
55 44 11 4 1 6 2 0 7 3 5
55 44 11 2 5 0 6 4 7 3 1
55 44 11 5 7 0 6 4 2 3 1
55 44 11 0 7 1 6 4 2 3 5
55 44 11 7 1 6 2 0 3 4 5
55 44 11 7 4 6 2 0 1 3 5
55 44 11 6 1 4 2 0 7 5 3
55 45 10 0 1 6 5 4 7 3 2
55 45 10 4 0 1 6 5 7 3 2
55 45 10 3 1 4 6 2 0 5 7
55 45 10 5 1 4 0 7 2 3 6
55 45 10 6 1 4 5 7 2 3 0
55 45 10 0 1 4 5 7 3 2 6
55 45 10 5 1 4 7 0 3 2 6
55 45 10 6 7 4 3 2 1 0 5
55 45 10 5 7 0 6 2 1 3 4
55 45 10 7 2 4 5 1 0 3 6
55 45 10 2 1 6 3 5 7 0 4
55 45 10 0 1 4 6 2 5 3 7
55 45 10 6 0 4 3 1 2 7 5
55 45 10 7 1 4 3 5 2 0 6
55 45 10 4 5 1 0 6 7 3 2
55 45 10 7 5 1 4 6 0 3 2
55 45 10 2 1 3 0 4 7 6 5
55 45 10 0 5 4 6 2 7 3 1
55 45 10 0 4 3 6 1 7 2 5
55 45 10 1 7 6 2 0 3 4 5
55 45 10 0 4 6 2 5 7 3 1
55 45 10 0 7 4 6 5 3 2 1
55 46 9 0 5 6 2 1 7 4 3
55 46 9 5 6 0 2 1 7 4 3
55 46 9 5 7 6 2 1 0 4 3
55 46 9 2 0 1 5 6 7 3 4
55 46 9 2 5 0 1 6 7 3 4
55 46 9 6 5 1 2 7 0 3 4
55 46 9 0 5 1 2 6 7 3 4
55 46 9 6 5 1 2 4 7 3 0
55 46 9 5 1 0 6 7 2 3 4
55 46 9 5 7 0 1 6 2 3 4
55 46 9 4 1 6 5 7 0 3 2
55 46 9 6 1 4 3 7 0 5 2
55 46 9 0 1 4 3 6 7 5 2
55 46 9 2 1 4 3 0 7 5 6
55 46 9 3 1 4 0 2 7 5 6
55 46 9 2 7 4 5 1 3 0 6
55 46 9 0 1 6 5 7 2 3 4
55 46 9 7 1 6 5 4 2 3 0
55 46 9 0 1 4 2 7 5 3 6
55 46 9 7 1 4 2 6 5 3 0
55 46 9 5 0 1 2 7 3 4 6
55 46 9 5 1 2 0 7 3 4 6
55 46 9 7 5 4 2 0 1 3 6
55 46 9 5 4 2 0 7 1 3 6
55 46 9 5 0 1 2 6 7 4 3
55 46 9 5 1 2 0 6 7 4 3
55 46 9 0 5 1 6 7 3 4 2
55 46 9 2 0 1 6 7 3 4 5
55 46 9 2 1 6 0 7 3 4 5
55 46 9 2 4 6 0 7 1 3 5
55 46 9 1 0 5 2 4 7 3 6
55 46 9 0 7 4 6 1 3 5 2
55 46 9 0 7 4 1 5 2 3 6
55 46 9 1 7 4 3 5 2 0 6
55 46 9 2 5 3 0 6 1 7 4
55 46 9 1 4 6 3 0 7 5 2
55 46 9 5 7 1 4 0 3 6 2
55 46 9 5 7 0 4 2 3 6 1
55 46 9 0 7 1 4 2 3 6 5
55 46 9 6 1 3 0 4 2 7 5
55 47 8 0 2 6 5 1 7 3 4
55 47 8 1 0 4 6 7 3 2 5
55 47 8 6 5 0 4 7 1 3 2
55 47 8 6 5 4 2 7 1 3 0
55 47 8 7 1 6 2 5 3 0 4
55 47 8 7 0 6 2 5 1 3 4
55 47 8 7 1 6 0 5 2 3 4
55 47 8 5 1 0 3 4 7 6 2
55 47 8 4 0 6 5 2 7 3 1
55 47 8 4 0 3 6 2 7 5 1
55 47 8 2 4 3 6 0 7 5 1
55 47 8 7 0 4 6 2 3 5 1
55 47 8 5 1 6 2 4 0 7 3
55 47 8 5 1 0 2 4 7 6 3
55 47 8 1 4 0 2 6 7 3 5
55 47 8 1 7 4 2 6 0 3 5
55 47 8 1 5 4 2 7 0 3 6
55 47 8 1 5 4 2 6 7 3 0
55 47 8 1 7 4 5 6 3 0 2
55 47 8 3 1 4 6 5 0 2 7
55 47 8 3 1 0 6 5 2 4 7
55 47 8 1 7 4 5 6 2 0 3
55 47 8 2 1 4 5 7 0 6 3
55 47 8 2 1 4 5 3 7 6 0
55 47 8 3 1 4 5 2 7 0 6
55 47 8 5 1 3 6 4 0 2 7
55 47 8 6 5 0 3 2 1 7 4
55 47 8 4 5 3 6 2 1 0 7
55 47 8 4 5 3 6 0 1 7 2
55 47 8 5 1 7 4 3 2 0 6
55 47 8 5 4 6 3 2 1 0 7
55 47 8 5 4 7 0 2 1 3 6
55 47 8 6 7 1 4 5 2 3 0
55 47 8 1 7 6 5 0 2 4 3
55 47 8 2 5 1 3 0 7 6 4
55 47 8 3 5 1 0 2 7 6 4
55 47 8 4 5 1 3 2 7 6 0
55 47 8 5 7 1 3 0 2 6 4
55 47 8 5 7 1 3 2 6 0 4
55 47 8 0 6 5 1 2 7 3 4
55 47 8 1 6 5 3 2 7 0 4
55 47 8 5 1 3 0 4 6 7 2
55 48 7 1 5 0 4 6 7 3 2
55 48 7 5 1 2 4 6 7 3 0
55 48 7 5 7 4 2 1 3 6 0
55 48 7 3 0 1 6 5 2 7 4
55 48 7 3 1 6 0 5 2 7 4
55 48 7 7 0 4 5 2 1 6 3
55 48 7 1 0 7 6 5 2 3 4
55 48 7 1 7 6 0 5 2 3 4
55 48 7 1 4 0 3 5 7 6 2
55 48 7 7 1 3 4 6 2 0 5
55 48 7 6 5 3 4 1 7 0 2
55 48 7 6 1 3 4 7 0 5 2
55 48 7 0 1 3 4 6 7 5 2
55 48 7 1 6 0 3 2 7 4 5
55 48 7 1 7 6 3 2 0 4 5
55 48 7 6 0 5 4 2 1 7 3
55 48 7 1 5 4 6 3 2 7 0
55 48 7 1 5 0 6 2 7 4 3
55 48 7 1 4 0 6 2 5 7 3
55 48 7 1 7 4 3 5 0 6 2
55 48 7 3 0 1 4 2 7 6 5
55 48 7 5 2 4 6 3 1 7 0
55 48 7 0 5 1 4 6 2 7 3
55 48 7 6 7 1 4 5 3 0 2
55 48 7 1 7 0 2 5 3 4 6
55 48 7 7 1 0 4 2 3 6 5
55 48 7 0 1 4 7 2 3 6 5
55 48 7 5 1 3 4 6 0 2 7
55 48 7 6 5 3 4 2 1 0 7
55 48 7 6 5 3 4 0 1 7 2
55 48 7 5 3 0 4 6 1 7 2
55 48 7 0 2 4 6 1 5 7 3
55 49 6 5 4 6 7 2 1 3 0
55 49 6 5 4 0 7 2 1 6 3
55 49 6 0 2 1 4 5 7 3 6
55 49 6 1 0 3 4 2 7 5 6
55 49 6 1 0 3 5 6 2 7 4
55 49 6 6 1 3 2 5 7 4 0
55 49 6 1 2 4 6 3 0 7 5
55 49 6 7 5 1 6 2 4 3 0
55 49 6 1 7 3 4 6 2 0 5
55 49 6 1 3 0 5 2 7 4 6
55 49 6 6 1 5 3 2 7 4 0
55 49 6 5 4 3 6 2 1 7 0
55 49 6 1 6 3 4 2 7 0 5
55 49 6 1 7 3 6 2 4 0 5
55 49 6 5 3 4 6 2 1 7 0
55 49 6 1 7 0 4 2 3 6 5
55 49 6 1 4 3 6 2 5 7 0
55 49 6 1 3 6 0 5 2 7 4
55 49 6 1 3 6 4 2 7 0 5
55 49 6 1 3 4 0 5 2 7 6
55 49 6 1 3 7 4 5 2 0 6
55 50 5 1 3 0 5 2 7 6 4
55 50 5 5 1 3 4 7 6 2 0
55 50 5 1 7 3 4 2 6 0 5
55 50 5 1 3 0 5 2 4 7 6
55 50 5 0 6 3 4 5 1 7 2
55 51 4 1 2 3 4 6 5 7 0
56 45 11 5 1 6 3 4 7 0 2
56 45 11 7 0 4 6 1 3 5 2
56 45 11 7 1 4 0 6 3 5 2
56 45 11 7 5 1 0 6 2 3 4
56 45 11 7 1 0 5 6 2 3 4
56 45 11 0 1 4 5 6 2 3 7
56 45 11 2 1 0 5 4 7 3 6
56 45 11 2 7 4 0 6 1 3 5
56 45 11 6 7 4 2 0 1 3 5
56 45 11 2 1 0 6 7 3 5 4
56 45 11 5 4 0 6 1 7 2 3
56 46 10 0 7 1 5 6 2 3 4
56 46 10 7 1 4 3 2 0 5 6
56 46 10 5 0 3 2 1 7 6 4
56 46 10 6 1 4 0 7 5 3 2
56 46 10 2 1 4 6 7 5 3 0
56 46 10 2 5 4 0 7 1 3 6
56 46 10 0 1 6 5 7 3 4 2
56 46 10 5 1 6 7 0 3 4 2
56 46 10 0 4 6 5 7 1 3 2
56 46 10 5 4 6 7 0 1 3 2
56 46 10 4 1 0 2 5 7 3 6
56 46 10 1 0 6 5 4 7 3 2
56 46 10 1 0 4 6 7 3 5 2
56 46 10 1 7 4 0 6 3 5 2
56 46 10 4 1 3 2 0 7 6 5
56 46 10 4 1 3 6 2 7 0 5
56 46 10 3 1 4 5 0 2 7 6
56 46 10 3 1 4 7 5 2 0 6
56 46 10 5 3 6 2 0 1 7 4
56 46 10 0 4 6 3 2 7 5 1
56 47 9 0 6 4 5 1 7 3 2
56 47 9 6 4 0 5 1 7 3 2
56 47 9 6 7 4 5 1 0 3 2
56 47 9 7 4 0 5 1 2 3 6
56 47 9 2 6 0 5 1 7 3 4
56 47 9 2 7 6 5 1 0 3 4
56 47 9 5 0 1 6 7 3 2 4
56 47 9 5 1 6 0 7 3 2 4
56 47 9 5 1 2 6 7 3 0 4
56 47 9 2 5 4 6 7 1 0 3
56 47 9 7 1 6 2 0 5 3 4
56 47 9 5 1 4 6 0 2 3 7
56 47 9 6 1 4 0 5 2 3 7
56 47 9 0 1 3 5 4 7 6 2
56 47 9 2 4 6 5 0 7 3 1
56 47 9 5 4 6 0 2 7 3 1
56 47 9 6 4 3 0 2 7 5 1
56 47 9 2 7 4 6 0 3 5 1
56 47 9 6 7 4 0 2 3 5 1
56 47 9 0 5 6 2 7 1 3 4
56 47 9 5 6 0 2 7 1 3 4
56 47 9 5 2 4 6 0 7 3 1
56 47 9 5 4 6 2 1 7 0 3
56 47 9 5 7 4 0 1 3 2 6
56 47 9 3 1 4 5 0 7 6 2
56 47 9 3 1 0 5 2 7 6 4
56 47 9 5 1 0 6 4 2 3 7
56 47 9 6 5 3 2 0 1 7 4
56 47 9 6 5 3 7 2 1 0 4
56 47 9 5 0 4 3 1 6 7 2
56 47 9 5 1 4 0 3 6 7 2
56 47 9 5 4 6 3 0 1 7 2
56 47 9 4 7 1 0 5 2 3 6
56 47 9 2 7 1 4 5 0 3 6
56 47 9 1 7 0 6 2 5 3 4
56 47 9 7 5 1 3 2 0 6 4
56 47 9 5 0 6 4 1 2 7 3
56 47 9 4 1 3 5 0 2 7 6
56 47 9 4 1 3 7 5 2 0 6
56 47 9 1 6 5 2 0 7 3 4
56 47 9 2 5 3 0 4 1 7 6
56 48 8 7 1 0 4 6 5 3 2
56 48 8 6 1 0 4 7 2 3 5
56 48 8 7 2 4 6 1 3 0 5
56 48 8 5 4 2 6 1 7 3 0
56 48 8 2 4 6 5 1 7 3 0
56 48 8 2 7 4 6 1 3 5 0
56 48 8 6 1 4 2 7 3 5 0
56 48 8 3 1 4 6 2 0 7 5
56 48 8 3 1 7 6 5 2 0 4
56 48 8 7 1 4 5 0 2 6 3
56 48 8 7 1 4 5 2 6 0 3
56 48 8 4 0 6 1 5 7 3 2
56 48 8 7 0 1 4 6 2 3 5
56 48 8 6 0 5 4 1 7 3 2
56 48 8 0 1 4 6 2 5 7 3
56 48 8 2 1 4 6 3 5 7 0
56 48 8 4 6 0 1 2 7 3 5
56 48 8 4 7 6 1 2 0 3 5
56 48 8 0 5 4 3 6 1 7 2
56 48 8 5 4 0 3 6 1 7 2
56 48 8 2 0 4 6 1 5 7 3
56 48 8 2 5 4 0 3 1 7 6
56 48 8 2 5 1 4 7 3 0 6
56 48 8 2 0 1 4 7 5 3 6
56 48 8 2 5 1 4 6 7 0 3
56 48 8 5 7 1 4 6 2 0 3
56 48 8 5 0 7 4 2 3 1 6
56 48 8 5 7 4 0 2 3 1 6
56 48 8 6 5 7 4 2 1 0 3
56 48 8 6 5 4 3 2 1 0 7
56 48 8 6 5 3 0 1 2 7 4
56 48 8 4 5 3 6 1 2 7 0
56 48 8 3 1 6 4 2 7 0 5
56 48 8 5 6 1 4 0 7 3 2
56 48 8 2 6 1 4 5 7 3 0
56 48 8 6 7 1 4 0 5 3 2
56 48 8 5 1 0 4 6 2 3 7
56 48 8 1 2 4 0 6 5 7 3
56 48 8 0 4 3 6 5 2 7 1
56 49 7 6 1 4 7 5 2 3 0
56 49 7 1 2 4 5 7 0 3 6
56 49 7 1 0 4 7 6 2 3 5
56 49 7 1 0 4 5 3 2 7 6
56 49 7 5 4 6 7 2 0 1 3
56 49 7 2 1 3 4 0 7 5 6
56 49 7 2 1 4 3 0 6 7 5
56 49 7 1 0 6 3 5 7 4 2
56 49 7 1 0 6 2 7 4 3 5
56 49 7 1 0 4 2 5 7 6 3
56 49 7 3 5 0 4 2 1 7 6
56 49 7 6 0 5 1 2 7 4 3
56 49 7 6 5 1 4 2 0 7 3
56 49 7 5 1 4 3 7 6 2 0
56 49 7 5 1 7 4 6 2 3 0
56 49 7 2 1 6 4 5 7 0 3
56 49 7 2 1 3 0 5 7 4 6
56 49 7 1 4 0 6 3 2 7 5
56 49 7 7 5 0 6 2 4 1 3
56 49 7 1 2 4 6 7 3 0 5
56 49 7 1 0 7 4 6 2 3 5
56 49 7 0 7 4 3 2 1 6 5
56 49 7 7 4 0 3 2 1 6 5
56 49 7 1 7 3 5 2 0 4 6
56 49 7 5 7 0 3 2 4 1 6
56 49 7 6 0 4 2 5 1 7 3
56 49 7 1 6 4 0 2 7 3 5
56 49 7 1 7 6 4 0 2 3 5
56 49 7 1 7 3 6 0 2 4 5
56 49 7 5 3 7 4 2 0 1 6
56 49 7 6 5 3 4 1 2 7 0
56 49 7 6 1 5 4 2 7 0 3
56 49 7 0 4 3 6 1 5 7 2
56 49 7 1 4 0 3 5 7 2 6
56 49 7 1 3 7 6 5 2 0 4
56 49 7 1 4 5 3 0 7 6 2
56 50 6 5 1 4 7 3 2 6 0
56 50 6 6 5 4 7 2 1 3 0
56 50 6 7 1 5 0 2 3 6 4
56 50 6 1 0 4 5 2 3 6 7
56 50 6 7 5 1 4 2 3 6 0
56 50 6 5 4 7 3 2 1 6 0
56 50 6 7 1 6 5 2 4 3 0
56 50 6 7 1 0 5 2 4 6 3
56 50 6 1 0 3 2 5 7 4 6
56 50 6 1 2 4 5 6 0 7 3
56 50 6 7 1 5 6 2 3 4 0
56 50 6 7 4 5 6 2 1 3 0
56 50 6 1 4 7 6 5 2 3 0
56 50 6 1 7 3 5 2 0 6 4
56 50 6 1 7 3 4 0 2 6 5
56 50 6 1 4 3 5 6 2 7 0
56 50 6 6 3 0 4 5 1 7 2
56 51 5 7 1 3 4 5 6 0 2
56 51 5 1 2 3 6 4 0 7 5
56 51 5 1 7 5 0 2 3 6 4
56 51 5 1 0 5 3 2 4 7 6
56 51 5 2 1 3 4 0 6 7 5
56 51 5 1 7 5 6 2 3 4 0
56 51 5 6 2 1 4 5 0 7 3
56 51 5 2 1 3 4 5 6 7 0
56 51 5 0 2 3 4 1 5 7 6
56 51 5 1 2 0 4 5 7 3 6
56 52 4 0 2 3 4 5 1 7 6
56 52 4 1 2 3 6 5 7 4 0
57 46 11 2 5 1 3 6 7 0 4
57 46 11 5 7 1 3 6 2 0 4
57 46 11 4 0 6 5 1 7 3 2
57 46 11 5 0 4 6 1 3 2 7
57 46 11 5 1 4 0 6 3 2 7
57 46 11 6 0 4 3 1 7 5 2
57 46 11 6 1 4 0 3 7 5 2
57 46 11 7 0 6 5 1 2 3 4
57 46 11 7 0 4 2 1 5 3 6
57 46 11 7 5 4 0 6 1 3 2
57 46 11 5 4 6 3 7 1 0 2
57 47 10 6 1 4 0 7 3 2 5
57 47 10 6 5 4 7 0 1 3 2
57 47 10 2 5 4 6 0 1 3 7
57 47 10 2 1 4 6 5 0 3 7
57 47 10 5 1 3 6 4 7 0 2
57 47 10 7 4 6 5 2 0 3 1
57 47 10 7 4 3 6 2 0 5 1
57 47 10 3 7 4 6 2 0 5 1
57 47 10 6 2 4 1 0 7 3 5
57 47 10 6 2 4 3 1 7 0 5
57 47 10 5 2 0 6 1 7 3 4
57 47 10 5 4 6 2 0 7 3 1
57 47 10 5 7 4 6 0 3 2 1
57 47 10 1 7 0 5 6 2 3 4
57 47 10 2 0 4 5 1 7 6 3
57 47 10 2 1 4 0 5 7 6 3
57 47 10 4 5 0 6 2 1 7 3
57 47 10 0 4 6 3 2 1 7 5
57 47 10 5 4 7 6 0 1 3 2
57 47 10 5 4 0 6 2 1 3 7
57 47 10 0 4 7 6 2 1 3 5
57 47 10 0 7 4 6 2 5 3 1
57 47 10 5 1 6 0 4 2 7 3
57 48 9 7 4 0 6 1 5 3 2
57 48 9 0 1 4 7 6 5 3 2
57 48 9 5 1 4 6 7 2 0 3
57 48 9 5 7 1 2 6 0 3 4
57 48 9 5 7 4 2 6 1 3 0
57 48 9 5 7 0 2 1 3 4 6
57 48 9 2 7 0 6 1 3 4 5
57 48 9 6 1 0 2 7 3 4 5
57 48 9 0 6 4 2 7 1 3 5
57 48 9 6 4 0 2 7 1 3 5
57 48 9 5 0 7 6 1 3 4 2
57 48 9 5 7 6 0 1 3 4 2
57 48 9 2 4 6 1 5 7 3 0
57 48 9 2 1 3 6 4 0 7 5
57 48 9 6 5 4 2 1 7 0 3
57 48 9 2 5 4 6 3 1 0 7
57 48 9 5 4 7 6 0 2 1 3
57 48 9 0 1 3 6 2 7 5 4
57 48 9 6 0 3 4 1 7 5 2
57 48 9 6 5 4 3 0 1 7 2
57 48 9 1 5 4 0 6 2 7 3
57 48 9 5 2 4 0 6 1 7 3
57 48 9 4 6 1 0 5 7 3 2
57 48 9 7 6 1 4 5 0 3 2
57 48 9 0 4 2 1 5 7 3 6
57 48 9 1 4 2 3 5 7 0 6
57 49 8 5 1 3 2 4 7 0 6
57 49 8 2 5 0 4 1 7 3 6
57 49 8 6 1 4 5 3 2 7 0
57 49 8 6 1 4 7 5 0 2 3
57 49 8 6 1 0 7 5 2 4 3
57 49 8 1 4 0 5 7 2 3 6
57 49 8 7 0 4 6 5 2 3 1
57 49 8 5 0 1 6 4 2 7 3
57 49 8 1 5 6 2 0 7 3 4
57 49 8 5 6 3 2 1 7 0 4
57 49 8 7 4 3 6 1 2 0 5
57 49 8 6 1 4 7 0 2 3 5
57 49 8 5 4 6 1 2 7 0 3
57 49 8 4 0 6 5 2 1 7 3
57 49 8 2 4 6 5 0 1 7 3
57 49 8 2 0 4 3 6 1 7 5
57 49 8 1 4 6 2 7 3 0 5
57 49 8 5 1 4 2 7 6 0 3
57 49 8 5 0 4 2 7 1 6 3
57 49 8 3 5 4 6 2 0 1 7
57 49 8 3 5 0 6 2 1 4 7
57 49 8 6 5 4 1 2 7 0 3
57 49 8 3 5 1 6 2 0 7 4
57 49 8 3 5 0 6 2 7 1 4
57 49 8 3 5 0 1 2 7 4 6
57 49 8 7 0 1 6 5 2 4 3
57 49 8 4 5 3 1 2 7 0 6
57 49 8 6 5 0 4 2 7 1 3
57 49 8 5 3 6 0 1 2 7 4
57 49 8 5 3 7 6 1 2 0 4
57 49 8 5 0 1 3 6 2 7 4
57 49 8 4 1 3 5 6 2 7 0
57 49 8 5 1 0 3 7 6 4 2
57 49 8 0 5 4 3 7 1 6 2
57 49 8 5 4 0 3 7 1 6 2
57 49 8 2 1 4 3 7 6 0 5
57 49 8 2 0 4 3 7 1 6 5
57 49 8 5 2 0 6 1 7 4 3
57 49 8 5 1 7 4 6 0 2 3
57 49 8 5 7 0 1 2 3 4 6
57 49 8 1 7 6 5 4 2 3 0
57 49 8 1 7 4 2 6 5 3 0
57 49 8 4 1 3 0 6 2 7 5
57 49 8 4 5 0 3 2 1 7 6
57 49 8 0 1 5 6 2 7 4 3
57 49 8 0 4 3 5 2 1 7 6
57 49 8 6 1 4 2 0 5 7 3
57 49 8 0 3 4 5 2 1 7 6
57 49 8 5 3 4 7 2 1 0 6
57 49 8 4 5 3 0 1 2 7 6
57 49 8 0 4 6 1 5 2 7 3
57 49 8 0 4 3 1 2 7 6 5
57 49 8 0 7 4 1 2 3 6 5
57 49 8 1 0 3 6 4 5 7 2
57 49 8 1 4 3 0 6 5 7 2
57 49 8 0 4 3 1 5 7 2 6
57 49 8 0 4 5 3 2 7 6 1
57 50 7 7 0 6 1 2 4 3 5
57 50 7 2 5 0 4 6 1 7 3
57 50 7 2 5 4 3 6 1 7 0
57 50 7 0 4 6 2 5 1 7 3
57 50 7 5 2 1 4 7 0 3 6
57 50 7 1 7 0 4 6 5 3 2
57 50 7 6 5 4 7 2 0 1 3
57 50 7 6 5 0 7 2 1 4 3
57 50 7 3 1 0 4 5 7 6 2
57 50 7 3 1 4 2 5 7 6 0
57 50 7 7 1 6 4 5 3 0 2
57 50 7 7 0 6 4 5 1 3 2
57 50 7 7 1 3 6 5 4 0 2
57 50 7 7 0 3 6 5 1 4 2
57 50 7 2 0 4 3 5 1 7 6
57 50 7 7 0 1 5 2 3 6 4
57 50 7 5 2 1 6 3 0 7 4
57 50 7 1 4 3 6 7 2 0 5
57 50 7 7 1 4 3 2 6 5 0
57 50 7 5 4 6 3 1 2 7 0
57 50 7 5 1 6 4 7 3 2 0
57 50 7 5 1 3 6 7 4 2 0
57 50 7 5 7 6 4 2 3 1 0
57 50 7 5 1 3 4 7 0 2 6
57 50 7 1 4 5 6 7 0 3 2
57 50 7 1 4 0 5 6 2 7 3
57 50 7 1 6 0 2 5 7 4 3
57 50 7 1 7 6 2 5 0 4 3
57 50 7 6 7 5 1 2 0 3 4
57 50 7 0 1 5 7 2 3 4 6
57 50 7 0 4 5 7 2 1 3 6
57 50 7 2 1 3 0 5 7 6 4
57 50 7 1 4 7 6 5 0 2 3
57 50 7 4 0 3 6 1 2 7 5
57 50 7 2 1 3 6 0 4 7 5
57 50 7 5 1 0 4 7 6 3 2
57 50 7 0 4 3 5 1 2 7 6
57 50 7 0 1 3 5 2 4 7 6
57 51 6 1 0 3 4 6 7 2 5
57 51 6 7 4 3 5 2 1 6 0
57 51 6 1 0 4 7 2 3 5 6
57 51 6 1 0 5 6 2 7 3 4
57 51 6 4 1 3 2 5 7 6 0
57 51 6 7 0 3 4 5 1 6 2
57 51 6 1 0 7 5 2 3 6 4
57 51 6 6 1 3 2 5 0 7 4
57 51 6 4 1 5 0 2 7 6 3
57 51 6 7 4 3 6 5 1 2 0
57 51 6 1 0 6 3 5 2 7 4
57 51 6 7 3 1 6 2 4 0 5
57 51 6 1 6 3 2 5 7 0 4
57 51 6 1 0 6 5 2 4 7 3
57 51 6 1 7 5 4 2 3 0 6
57 51 6 1 2 4 0 5 7 3 6
57 51 6 2 0 3 4 6 1 7 5
57 51 6 0 6 1 4 5 2 7 3
57 51 6 0 1 3 4 6 5 7 2
57 51 6 6 1 3 4 2 5 7 0
57 51 6 4 1 3 0 5 6 7 2
57 52 5 0 2 3 6 5 1 7 4
57 52 5 1 7 3 4 5 2 0 6
57 52 5 1 0 3 2 5 4 7 6
57 52 5 1 2 3 6 4 5 7 0
57 53 4 1 7 3 4 5 6 0 2
57 53 4 1 3 6 5 2 4 7 0
57 53 4 1 3 7 6 2 4 5 0
58 47 11 3 1 4 6 7 0 2 5
58 47 11 6 5 4 3 7 1 0 2
58 47 11 2 5 0 6 7 1 3 4
58 47 11 5 7 0 6 1 3 2 4
58 47 11 0 7 4 6 1 3 2 5
58 47 11 0 7 4 5 6 2 3 1
58 48 10 0 5 4 1 6 7 3 2
58 48 10 1 5 4 3 6 7 0 2
58 48 10 0 1 2 5 6 7 3 4
58 48 10 0 4 2 5 1 7 3 6
58 48 10 3 0 4 6 1 2 7 5
58 48 10 3 1 4 0 6 2 7 5
58 48 10 5 7 4 0 1 2 3 6
58 48 10 6 7 4 5 1 2 3 0
58 48 10 7 4 6 1 5 0 3 2
58 48 10 6 5 4 2 0 7 3 1
58 48 10 2 1 4 0 6 5 7 3
58 48 10 2 5 0 6 3 1 7 4
58 48 10 0 5 4 6 3 1 7 2
58 48 10 2 5 0 4 6 7 3 1
58 48 10 5 7 0 4 6 2 3 1
58 48 10 0 7 1 4 6 2 3 5
58 48 10 6 1 3 2 0 7 5 4
58 48 10 6 1 3 0 4 7 5 2
58 48 10 6 5 1 3 0 7 4 2
58 48 10 6 5 0 3 2 7 4 1
58 48 10 1 4 2 5 0 7 3 6
58 48 10 7 1 4 2 0 3 6 5
58 49 9 5 0 1 2 4 7 3 6
58 49 9 5 1 2 0 4 7 3 6
58 49 9 5 7 4 6 0 2 3 1
58 49 9 6 7 4 0 5 2 3 1
58 49 9 5 1 7 6 4 2 0 3
58 49 9 5 6 2 0 1 7 3 4
58 49 9 5 7 6 2 0 1 3 4
58 49 9 5 7 6 2 1 3 0 4
58 49 9 7 4 6 0 1 2 3 5
58 49 9 2 5 0 6 1 7 4 3
58 49 9 2 4 6 1 7 0 3 5
58 49 9 3 4 6 5 2 1 7 0
58 49 9 4 1 3 0 2 7 5 6
58 49 9 7 1 3 4 2 0 5 6
58 49 9 2 1 4 0 6 7 5 3
58 49 9 3 1 6 0 5 7 4 2
58 49 9 2 1 6 3 5 7 4 0
58 49 9 5 1 4 2 3 7 0 6
58 49 9 3 5 4 7 2 1 0 6
58 49 9 6 7 1 0 5 2 4 3
58 49 9 3 7 1 6 5 2 4 0
58 49 9 5 1 7 3 6 2 0 4
58 49 9 2 1 3 5 6 0 7 4
58 49 9 0 7 1 5 2 3 4 6
58 49 9 0 7 6 5 1 2 3 4
58 49 9 0 7 4 2 1 5 3 6
58 49 9 4 5 3 2 0 1 7 6
58 49 9 4 5 3 7 2 1 0 6
58 49 9 5 4 3 2 0 1 7 6
58 49 9 5 4 3 7 2 1 0 6
58 49 9 6 1 5 4 0 7 3 2
58 49 9 0 1 5 4 2 7 3 6
58 49 9 1 4 6 5 0 2 7 3
58 49 9 1 4 6 7 5 2 0 3
58 49 9 1 4 3 2 0 7 6 5
58 49 9 1 7 4 2 0 3 6 5
58 49 9 1 4 3 5 0 7 2 6
58 50 8 7 1 4 2 0 6 3 5
58 50 8 5 4 6 3 1 0 7 2
58 50 8 5 4 6 3 1 7 2 0
58 50 8 5 7 0 4 6 1 3 2
58 50 8 7 4 6 1 2 3 0 5
58 50 8 5 1 4 7 3 0 2 6
58 50 8 5 1 0 7 3 2 4 6
58 50 8 5 4 6 2 1 0 7 3
58 50 8 5 4 6 2 3 1 7 0
58 50 8 0 5 1 4 7 2 3 6
58 50 8 5 1 0 4 7 2 3 6
58 50 8 1 4 0 6 7 5 3 2
58 50 8 6 0 1 4 2 7 5 3
58 50 8 1 6 4 2 0 7 3 5
58 50 8 6 4 3 2 1 7 0 5
58 50 8 7 5 4 6 1 3 2 0
58 50 8 5 1 6 3 7 4 0 2
58 50 8 3 1 0 6 2 7 4 5
58 50 8 3 5 4 6 1 0 7 2
58 50 8 2 5 1 6 7 4 0 3
58 50 8 6 5 1 4 7 0 3 2
58 50 8 4 1 0 6 5 7 3 2
58 50 8 7 1 6 4 0 5 3 2
58 50 8 7 1 3 6 0 5 4 2
58 50 8 2 1 4 3 0 5 7 6
58 50 8 7 1 4 5 3 0 6 2
58 50 8 0 1 4 5 7 3 6 2
58 50 8 2 1 4 5 0 3 6 7
58 50 8 5 1 4 0 2 3 6 7
58 50 8 0 1 4 5 7 6 3 2
58 50 8 7 1 4 5 2 6 3 0
58 50 8 0 5 1 6 3 2 7 4
58 50 8 0 7 1 6 2 5 4 3
58 50 8 7 1 0 6 2 5 4 3
58 50 8 7 5 1 4 6 2 3 0
58 50 8 7 5 0 4 2 3 1 6
58 50 8 0 7 1 4 2 5 3 6
58 50 8 7 1 0 4 2 5 3 6
58 50 8 1 4 6 0 7 2 3 5
58 50 8 3 1 6 5 2 0 7 4
58 50 8 0 1 4 3 7 2 6 5
58 50 8 7 1 4 3 5 2 6 0
58 50 8 7 1 0 3 2 6 4 5
58 50 8 2 1 3 5 7 0 4 6
58 50 8 2 1 3 5 6 7 4 0
58 50 8 5 1 0 4 7 3 6 2
58 50 8 0 5 6 4 7 1 3 2
58 50 8 5 6 0 4 7 1 3 2
58 50 8 5 1 0 6 7 4 3 2
58 50 8 0 5 3 6 7 1 4 2
58 50 8 5 3 0 6 7 1 4 2
58 50 8 0 6 4 5 2 1 7 3
58 50 8 6 4 0 5 2 1 7 3
58 50 8 0 6 1 5 2 7 4 3
58 50 8 6 7 1 5 2 0 4 3
58 50 8 2 5 4 3 1 0 7 6
58 50 8 5 4 7 3 2 0 1 6
58 50 8 0 5 7 6 2 3 1 4
58 50 8 6 0 1 2 5 7 4 3
58 50 8 6 1 2 0 5 7 4 3
58 50 8 0 4 5 6 1 7 3 2
58 50 8 5 3 4 0 1 2 7 6
58 50 8 5 3 7 4 1 2 0 6
58 50 8 6 4 3 0 1 2 7 5
58 50 8 5 4 3 6 1 2 7 0
58 50 8 6 1 3 0 2 4 7 5
58 50 8 5 1 3 6 2 4 7 0
58 50 8 1 0 3 5 4 2 7 6
58 51 7 7 1 6 3 2 4 0 5
58 51 7 3 0 5 6 2 1 7 4
58 51 7 0 2 1 6 5 7 4 3
58 51 7 3 0 5 6 2 7 4 1
58 51 7 6 0 5 4 2 7 3 1
58 51 7 6 5 3 4 2 7 0 1
58 51 7 5 1 3 7 6 2 4 0
58 51 7 7 1 4 3 5 6 0 2
58 51 7 3 1 4 6 2 7 5 0
58 51 7 1 0 4 3 6 2 7 5
58 51 7 6 1 0 4 3 2 7 5
58 51 7 6 5 0 4 1 2 7 3
58 51 7 6 5 4 3 1 2 7 0
58 51 7 1 5 4 3 0 2 7 6
58 51 7 1 5 4 3 2 7 0 6
58 51 7 1 0 4 3 2 5 7 6
58 51 7 1 5 4 3 0 7 6 2
58 51 7 6 5 3 1 2 0 7 4
58 51 7 6 5 3 1 2 7 4 0
58 51 7 4 0 5 6 2 7 1 3
58 51 7 7 2 1 6 5 0 3 4
58 51 7 7 3 1 5 2 0 4 6
58 51 7 6 7 1 4 2 3 5 0
58 51 7 7 1 5 4 2 3 0 6
58 51 7 7 1 0 4 5 3 2 6
58 51 7 7 1 3 4 0 5 6 2
58 51 7 1 3 0 6 4 2 7 5
58 51 7 1 4 0 3 6 2 7 5
58 51 7 1 4 3 5 7 0 6 2
58 51 7 1 7 4 5 3 0 6 2
58 51 7 1 4 3 6 7 0 2 5
58 51 7 5 2 4 3 0 1 7 6
58 51 7 6 0 3 5 2 1 7 4
58 51 7 4 0 1 5 2 7 6 3
58 51 7 7 4 3 6 5 0 1 2
58 51 7 0 6 4 3 5 1 7 2
58 51 7 6 4 0 3 5 1 7 2
58 51 7 1 6 2 0 5 7 3 4
58 51 7 1 7 6 2 5 3 0 4
58 51 7 0 5 3 4 7 1 6 2
58 51 7 5 3 0 4 7 1 6 2
58 51 7 1 0 7 4 2 3 5 6
58 51 7 1 4 5 3 0 2 7 6
58 51 7 1 3 7 6 0 2 4 5
58 51 7 1 7 4 5 0 2 6 3
58 51 7 1 7 4 5 2 6 0 3
58 51 7 1 2 3 0 4 5 7 6
58 52 6 6 1 2 4 5 7 3 0
58 52 6 1 0 6 7 2 3 4 5
58 52 6 7 1 3 6 2 4 5 0
58 52 6 1 3 4 6 2 0 5 7
58 52 6 0 1 4 2 5 6 7 3
58 52 6 7 1 3 4 5 2 0 6
58 52 6 0 7 1 4 5 6 3 2
58 52 6 2 1 3 4 7 6 0 5
58 52 6 0 4 3 6 5 1 7 2
58 52 6 1 3 7 5 2 0 4 6
58 52 6 6 1 7 4 5 2 3 0
58 52 6 1 4 6 2 5 0 7 3
58 52 6 1 7 0 4 5 3 2 6
58 52 6 1 7 4 3 2 6 5 0
58 52 6 1 7 5 6 2 0 3 4
58 52 6 3 0 1 4 5 2 7 6
58 52 6 1 0 7 4 5 2 3 6
58 52 6 2 6 3 4 0 1 7 5
58 52 6 6 1 3 4 5 0 2 7
58 52 6 2 3 0 4 5 1 7 6
58 52 6 1 2 4 3 0 5 7 6
58 52 6 1 2 4 3 5 7 0 6
58 52 6 1 6 5 4 2 7 0 3
58 52 6 1 4 3 2 0 5 7 6
58 52 6 1 4 3 0 5 7 6 2
58 52 6 5 1 3 4 2 6 0 7
58 52 6 5 1 3 0 2 6 7 4
58 52 6 0 2 3 6 1 5 7 4
58 52 6 1 2 0 6 5 7 3 4
58 53 5 1 0 3 4 5 7 2 6
58 53 5 7 1 3 4 2 6 5 0
58 53 5 1 0 4 3 5 6 7 2
58 53 5 1 6 5 3 2 7 4 0
58 53 5 1 7 6 5 2 4 3 0
58 53 5 1 7 0 5 2 4 6 3
58 53 5 1 0 6 4 5 2 7 3
58 53 5 1 6 3 4 5 7 0 2
58 53 5 1 5 3 4 6 2 7 0
58 53 5 5 2 3 4 6 1 7 0
58 54 4 1 2 3 4 6 0 7 5
58 54 4 1 3 4 5 2 7 6 0
58 54 4 1 3 0 4 5 6 7 2
58 54 4 1 6 3 4 5 0 7 2
59 48 11 7 1 4 3 6 5 0 2
59 48 11 6 1 4 3 7 2 0 5
59 48 11 5 1 2 6 0 7 3 4
59 48 11 5 1 2 3 6 7 0 4
59 48 11 5 4 2 1 0 7 3 6
59 48 11 5 4 2 3 1 7 0 6
59 48 11 2 4 6 3 1 7 0 5
59 48 11 6 5 0 2 1 7 3 4
59 49 10 6 0 4 5 1 2 7 3
59 49 10 2 7 4 6 5 0 3 1
59 49 10 2 5 6 0 1 7 3 4
59 49 10 4 5 6 2 1 7 3 0
59 49 10 2 1 4 7 6 0 3 5
59 49 10 5 4 0 1 2 7 3 6
59 49 10 0 1 4 5 6 7 2 3
59 49 10 2 1 4 5 3 0 7 6
59 49 10 6 7 4 0 1 5 3 2
59 49 10 2 7 4 6 1 5 3 0
59 49 10 7 1 6 3 5 0 4 2
59 49 10 7 1 4 2 5 0 6 3
59 49 10 5 1 0 2 3 7 6 4
59 49 10 0 1 4 2 3 7 6 5
59 49 10 3 5 4 2 0 1 7 6
59 49 10 3 5 1 4 2 7 0 6
59 49 10 2 7 1 6 5 0 4 3
59 49 10 2 1 0 3 5 7 6 4
59 49 10 6 1 3 5 0 7 4 2
59 49 10 1 0 6 5 7 2 3 4
59 49 10 1 0 4 2 7 5 3 6
59 49 10 6 1 5 2 0 7 4 3
59 49 10 5 3 4 2 0 1 7 6
59 50 9 7 1 4 2 6 3 0 5
59 50 9 7 0 4 2 6 1 3 5
59 50 9 7 5 4 2 1 3 0 6
59 50 9 5 4 6 1 7 0 3 2
59 50 9 2 5 4 6 7 0 3 1
59 50 9 7 4 6 1 0 2 3 5
59 50 9 5 1 4 3 7 0 2 6
59 50 9 0 5 4 2 6 1 7 3
59 50 9 2 0 1 3 6 7 4 5
59 50 9 6 4 2 0 1 7 3 5
59 50 9 6 7 4 2 1 3 0 5
59 50 9 7 5 0 6 1 3 4 2
59 50 9 5 0 6 3 7 1 4 2
59 50 9 2 1 6 3 7 0 4 5
59 50 9 4 0 6 2 1 7 3 5
59 50 9 0 5 1 3 6 7 4 2
59 50 9 5 7 1 3 6 0 4 2
59 50 9 5 0 4 6 3 1 2 7
59 50 9 5 0 1 6 3 2 4 7
59 50 9 5 1 6 0 3 2 4 7
59 50 9 3 0 4 6 5 1 7 2
59 50 9 2 0 1 6 7 5 4 3
59 50 9 2 5 1 6 3 7 0 4
59 50 9 2 5 1 0 3 7 4 6
59 50 9 5 7 1 6 3 2 0 4
59 50 9 5 7 1 0 3 2 4 6
59 50 9 5 1 4 3 6 0 2 7
59 50 9 5 1 0 3 6 2 4 7
59 50 9 3 1 4 5 2 0 6 7
59 50 9 7 1 4 0 5 6 3 2
59 50 9 0 1 6 5 3 2 7 4
59 50 9 0 4 6 5 1 2 7 3
59 50 9 0 7 6 5 2 3 1 4
59 50 9 0 1 3 5 6 7 2 4
59 50 9 5 0 3 4 1 7 2 6
59 50 9 1 0 5 6 4 7 3 2
59 50 9 7 1 3 2 5 0 4 6
59 50 9 7 4 5 3 2 1 0 6
59 50 9 2 1 0 4 5 7 6 3
59 50 9 4 1 3 6 2 0 7 5
59 51 8 7 1 4 3 6 2 5 0
59 51 8 6 5 4 1 2 7 3 0
59 51 8 6 5 4 3 1 0 7 2
59 51 8 6 5 4 3 1 7 2 0
59 51 8 2 0 5 6 1 7 3 4
59 51 8 2 5 3 6 1 7 0 4
59 51 8 1 0 4 3 6 7 2 5
59 51 8 7 0 6 3 2 1 4 5
59 51 8 1 6 0 2 4 7 3 5
59 51 8 1 7 6 2 4 0 3 5
59 51 8 0 5 4 2 1 7 6 3
59 51 8 5 4 0 2 1 7 6 3
59 51 8 5 7 4 2 1 0 6 3
59 51 8 6 5 4 2 1 0 7 3
59 51 8 6 5 4 2 3 1 7 0
59 51 8 3 5 6 0 2 1 7 4
59 51 8 3 5 7 6 2 1 0 4
59 51 8 3 5 6 0 2 7 4 1
59 51 8 3 5 4 6 2 7 0 1
59 51 8 4 5 1 3 2 0 7 6
59 51 8 4 5 0 3 2 7 1 6
59 51 8 6 5 4 0 2 7 3 1
59 51 8 6 7 0 4 1 2 3 5
59 51 8 5 1 3 7 6 0 2 4
59 51 8 5 1 0 7 6 2 3 4
59 51 8 7 1 4 3 0 5 6 2
59 51 8 7 0 4 3 5 1 6 2
59 51 8 0 2 4 3 1 7 6 5
59 51 8 2 4 0 3 1 7 6 5
59 51 8 2 7 4 3 1 0 6 5
59 51 8 2 1 0 4 3 7 6 5
59 51 8 3 1 4 2 7 0 6 5
59 51 8 0 7 1 6 5 3 4 2
59 51 8 5 0 7 6 2 3 4 1
59 51 8 5 7 6 0 2 3 4 1
59 51 8 5 7 4 6 2 3 0 1
59 51 8 7 1 4 5 6 3 2 0
59 51 8 5 1 7 6 3 2 4 0
59 51 8 2 1 6 5 7 4 0 3
59 51 8 3 5 4 0 1 2 7 6
59 51 8 5 4 7 6 1 2 3 0
59 51 8 0 7 1 3 5 2 4 6
59 51 8 2 4 5 6 0 7 3 1
59 51 8 6 4 5 0 2 7 3 1
59 51 8 0 7 6 5 2 1 4 3
59 51 8 7 6 0 5 2 1 4 3
59 51 8 5 4 3 0 1 7 6 2
59 51 8 5 7 4 3 0 1 6 2
59 51 8 5 7 4 3 1 6 0 2
59 51 8 5 0 1 4 3 7 6 2
59 51 8 5 1 6 4 3 7 0 2
59 51 8 5 1 3 2 7 4 0 6
59 51 8 5 0 3 2 7 1 4 6
59 51 8 2 1 6 4 7 3 0 5
59 51 8 2 0 6 4 7 1 3 5
59 51 8 2 1 3 6 7 4 0 5
59 51 8 2 0 3 6 7 1 4 5
59 51 8 4 5 1 6 0 2 7 3
59 51 8 4 0 1 6 2 5 7 3
59 51 8 4 5 6 0 2 7 1 3
59 51 8 7 4 3 5 2 0 1 6
59 51 8 2 6 1 4 7 0 3 5
59 51 8 6 7 0 4 2 3 1 5
59 51 8 7 0 1 4 2 3 5 6
59 51 8 2 1 4 7 0 3 5 6
59 51 8 6 1 4 7 2 3 5 0
59 51 8 2 1 5 6 0 7 3 4
59 51 8 4 1 5 6 2 7 3 0
59 51 8 4 1 0 3 5 7 6 2
59 51 8 0 4 3 1 6 2 7 5
59 51 8 0 4 3 5 1 7 6 2
59 51 8 0 7 4 5 1 3 6 2
59 51 8 5 2 4 3 1 7 0 6
59 51 8 2 1 4 0 7 3 6 5
59 51 8 7 5 1 0 2 3 4 6
59 51 8 4 1 6 3 5 2 7 0
59 51 8 7 3 1 6 0 2 4 5
59 51 8 7 4 6 5 2 1 0 3
59 51 8 7 4 3 0 2 1 5 6
59 51 8 1 7 6 2 0 5 3 4
59 51 8 2 1 3 0 6 7 5 4
59 51 8 0 7 5 1 2 3 4 6
59 51 8 6 0 3 4 1 5 7 2
59 52 7 1 7 4 3 6 2 5 0
59 52 7 3 1 5 0 2 7 4 6
59 52 7 7 1 3 5 2 4 0 6
59 52 7 7 5 1 3 2 4 0 6
59 52 7 1 0 4 5 3 7 6 2
59 52 7 4 6 1 5 2 7 3 0
59 52 7 6 1 5 3 2 0 7 4
59 52 7 4 0 3 5 2 7 6 1
59 52 7 7 0 4 5 2 3 6 1
59 52 7 1 0 4 6 5 7 2 3
59 52 7 1 4 6 0 5 7 2 3
59 52 7 1 4 2 6 5 7 0 3
59 52 7 4 0 3 6 5 7 2 1
59 52 7 1 5 6 4 0 7 3 2
59 52 7 5 6 3 4 1 7 0 2
59 52 7 1 5 3 6 0 7 4 2
59 52 7 5 4 3 0 1 2 7 6
59 52 7 5 1 6 2 7 4 3 0
59 52 7 5 1 0 2 7 4 6 3
59 52 7 2 1 4 5 0 6 7 3
59 52 7 7 0 5 6 2 3 1 4
59 52 7 7 1 6 2 5 3 4 0
59 52 7 7 4 6 2 5 1 3 0
59 52 7 5 6 3 0 2 1 7 4
59 52 7 4 0 6 7 2 1 3 5
59 52 7 7 0 3 6 2 4 1 5
59 52 7 7 1 0 6 2 4 3 5
59 52 7 4 7 5 6 2 0 3 1
59 52 7 7 1 5 6 2 0 3 4
59 52 7 1 4 0 6 2 3 5 7
59 52 7 1 2 4 5 6 7 3 0
59 52 7 5 1 4 2 3 6 7 0
59 52 7 5 7 1 4 2 6 3 0
59 52 7 4 7 5 1 2 0 3 6
59 52 7 1 4 3 6 7 5 0 2
59 52 7 1 0 3 6 7 4 5 2
59 52 7 5 7 1 4 2 6 0 3
59 52 7 2 0 3 4 7 1 6 5
59 52 7 1 5 0 4 2 7 3 6
59 52 7 0 5 3 6 1 4 7 2
59 52 7 5 3 0 6 1 4 7 2
59 52 7 6 0 1 3 5 2 7 4
59 52 7 4 1 3 6 5 0 2 7
59 52 7 6 1 7 4 5 0 2 3
59 52 7 5 7 0 1 2 4 3 6
59 52 7 1 4 0 2 5 7 6 3
59 52 7 1 7 4 3 5 2 6 0
59 52 7 1 7 0 3 2 6 4 5
59 52 7 2 3 0 6 5 1 7 4
59 52 7 3 1 7 4 5 2 0 6
59 52 7 5 3 6 4 2 1 0 7
59 52 7 5 3 7 0 2 1 4 6
59 52 7 5 6 3 4 2 1 7 0
59 52 7 1 6 3 4 2 0 7 5
59 52 7 6 1 0 4 5 2 3 7
59 52 7 0 1 3 4 2 6 7 5
59 52 7 1 2 3 0 6 5 7 4
59 53 6 1 0 3 2 5 7 6 4
59 53 6 1 5 3 4 0 7 6 2
59 53 6 5 7 3 4 1 6 0 2
59 53 6 1 0 5 2 7 4 3 6
59 53 6 1 3 7 6 2 0 5 4
59 53 6 1 7 6 4 2 3 5 0
59 53 6 5 7 6 3 2 4 1 0
59 53 6 1 7 6 2 5 3 4 0
59 53 6 1 5 3 6 4 2 7 0
59 53 6 1 3 0 6 2 5 7 4
59 53 6 1 6 0 3 2 4 7 5
59 53 6 0 1 3 4 2 5 7 6
59 53 6 2 1 3 4 6 5 7 0
59 53 6 5 2 3 6 4 1 7 0
59 53 6 1 7 6 4 5 3 0 2
59 53 6 1 7 3 6 5 4 0 2
59 53 6 2 0 3 4 1 5 7 6
59 53 6 1 3 0 4 2 5 7 6
59 53 6 1 7 3 4 0 5 6 2
59 53 6 1 3 6 7 2 4 0 5
59 54 5 5 3 6 7 2 1 4 0
59 54 5 5 3 0 7 2 1 6 4
59 54 5 6 2 3 4 1 0 7 5
59 54 5 0 5 3 4 1 6 7 2
59 54 5 1 7 3 6 5 2 4 0
59 54 5 5 2 1 4 0 6 7 3
59 54 5 1 0 3 5 2 6 7 4
59 54 5 1 5 3 4 2 7 6 0
59 54 5 1 3 6 5 2 7 4 0
59 54 5 1 3 4 6 2 7 5 0
59 54 5 1 0 5 6 2 4 7 3
59 54 5 5 2 3 4 1 7 6 0
59 54 5 1 2 3 0 5 7 6 4
59 55 4 1 3 6 4 5 2 7 0
59 55 4 1 3 5 0 2 7 6 4
59 55 4 1 7 3 4 2 6 5 0
59 55 4 1 3 5 0 2 4 7 6
60 49 11 7 1 6 2 4 0 3 5
60 49 11 2 5 4 1 0 7 3 6
60 49 11 2 5 4 3 1 7 0 6
60 49 11 7 4 6 5 1 0 3 2
60 49 11 7 5 6 2 1 0 3 4
60 49 11 2 0 6 1 4 7 3 5
60 49 11 5 1 4 6 0 7 2 3
60 49 11 2 1 0 3 6 7 5 4
60 49 11 3 5 1 2 0 7 4 6
60 49 11 5 7 1 2 0 3 4 6
60 50 10 0 7 4 5 6 1 3 2
60 50 10 2 0 4 6 5 7 3 1
60 50 10 2 5 4 7 6 1 0 3
60 50 10 5 0 6 2 4 1 7 3
60 50 10 0 7 4 1 6 5 3 2
60 50 10 1 7 4 3 6 5 0 2
60 50 10 2 6 4 0 1 7 3 5
60 50 10 5 6 4 2 1 7 3 0
60 50 10 3 5 4 0 6 1 7 2
60 50 10 3 1 4 6 5 7 0 2
60 50 10 4 1 6 3 5 7 0 2
60 50 10 7 0 4 5 1 3 6 2
60 50 10 7 1 4 0 5 3 6 2
60 50 10 7 0 4 5 1 6 3 2
60 50 10 5 1 6 7 3 2 0 4
60 50 10 7 0 4 3 1 2 6 5
60 50 10 7 1 4 0 3 2 6 5
60 50 10 2 0 3 5 1 7 4 6
60 50 10 5 4 6 1 0 2 7 3
60 50 10 5 4 6 7 1 2 0 3
60 50 10 5 7 6 1 2 3 0 4
60 50 10 5 1 3 6 0 7 2 4
60 50 10 5 1 3 0 4 7 2 6
60 50 10 7 1 5 2 0 3 4 6
60 50 10 7 4 5 2 0 1 3 6
60 51 9 7 1 4 3 6 0 2 5
60 51 9 7 1 0 3 6 2 4 5
60 51 9 6 5 4 1 7 0 3 2
60 51 9 6 5 0 3 1 7 4 2
60 51 9 5 0 1 3 6 7 2 4
60 51 9 2 5 0 1 4 7 3 6
60 51 9 5 7 0 1 4 2 3 6
60 51 9 7 1 6 3 0 2 4 5
60 51 9 3 5 1 6 7 0 4 2
60 51 9 0 5 1 6 3 7 4 2
60 51 9 5 7 4 6 1 2 0 3
60 51 9 5 7 1 6 3 0 4 2
60 51 9 2 7 1 6 0 3 4 5
60 51 9 6 7 1 0 2 3 4 5
60 51 9 7 1 0 5 6 3 4 2
60 51 9 7 4 0 5 6 1 3 2
60 51 9 5 1 7 6 3 0 2 4
60 51 9 0 5 1 6 7 2 4 3
60 51 9 7 5 1 6 3 2 4 0
60 51 9 2 0 6 5 7 1 4 3
60 51 9 2 1 6 5 3 7 0 4
60 51 9 2 1 6 0 3 7 4 5
60 51 9 3 5 4 6 1 2 0 7
60 51 9 3 5 4 6 0 2 7 1
60 51 9 5 4 7 6 1 0 2 3
60 51 9 2 5 1 3 7 0 4 6
60 51 9 2 5 1 3 6 7 4 0
60 51 9 5 7 1 3 6 2 4 0
60 51 9 4 1 3 0 6 7 2 5
60 51 9 7 1 3 4 6 0 2 5
60 51 9 7 4 5 6 2 0 3 1
60 51 9 3 5 4 0 1 7 6 2
60 51 9 2 5 4 3 1 7 6 0
60 51 9 3 1 4 7 2 0 5 6
60 51 9 0 1 4 7 5 3 2 6
60 51 9 4 1 3 6 5 7 0 2
60 51 9 1 4 3 7 6 2 0 5
60 51 9 1 0 3 5 4 7 6 2
60 51 9 1 0 4 5 7 3 6 2
60 51 9 1 7 4 0 5 3 6 2
60 51 9 1 0 3 6 4 7 2 5
60 51 9 1 4 3 0 6 7 2 5
60 51 9 5 1 4 0 6 2 3 7
60 51 9 5 1 4 7 0 2 3 6
60 51 9 2 1 6 3 5 0 7 4
60 51 9 7 4 3 6 0 1 5 2
60 51 9 0 2 4 6 5 7 3 1
60 51 9 1 7 5 2 0 3 4 6
60 51 9 1 7 6 5 0 3 4 2
60 51 9 6 1 3 0 4 5 7 2
60 52 8 5 2 1 6 7 0 4 3
60 52 8 2 1 4 6 0 3 7 5
60 52 8 2 0 4 6 3 1 7 5
60 52 8 1 7 4 3 6 0 2 5
60 52 8 1 7 0 3 6 2 4 5
60 52 8 3 0 1 5 2 7 4 6
60 52 8 7 1 3 5 0 2 4 6
60 52 8 7 0 3 5 2 1 4 6
60 52 8 7 0 1 3 2 5 4 6
60 52 8 5 0 1 4 6 7 2 3
60 52 8 5 1 2 4 6 7 0 3
60 52 8 3 1 6 2 5 7 0 4
60 52 8 6 7 0 1 5 2 3 4
60 52 8 4 7 1 6 5 2 0 3
60 52 8 5 7 0 4 2 1 3 6
60 52 8 6 7 4 5 2 1 0 3
60 52 8 5 6 1 4 2 7 0 3
60 52 8 5 6 1 0 2 7 3 4
60 52 8 2 4 3 5 0 7 6 1
60 52 8 5 4 3 0 2 7 6 1
60 52 8 2 7 4 5 0 3 6 1
60 52 8 5 7 4 0 2 3 6 1
60 52 8 6 4 3 0 5 7 2 1
60 52 8 5 1 4 7 0 6 2 3
60 52 8 5 0 4 7 6 1 2 3
60 52 8 5 0 1 7 6 2 4 3
60 52 8 5 7 6 4 0 1 3 2
60 52 8 5 7 6 4 1 3 0 2
60 52 8 5 3 6 0 1 7 4 2
60 52 8 5 3 4 6 1 7 0 2
60 52 8 5 7 3 6 0 1 4 2
60 52 8 5 7 3 6 1 4 0 2
60 52 8 0 6 1 2 5 7 3 4
60 52 8 6 7 1 2 5 0 3 4
60 52 8 4 0 1 6 2 7 3 5
60 52 8 7 2 4 5 0 1 3 6
60 52 8 2 0 4 5 6 1 7 3
60 52 8 5 0 1 3 4 2 7 6
60 52 8 6 1 3 5 4 2 7 0
60 52 8 6 7 1 5 2 3 0 4
60 52 8 7 5 6 0 2 3 1 4
60 52 8 7 1 6 0 2 5 3 4
60 52 8 7 1 3 6 2 5 0 4
60 52 8 4 1 6 5 0 2 7 3
60 52 8 7 3 1 6 5 0 4 2
60 52 8 2 5 6 3 0 1 7 4
60 52 8 5 6 7 3 2 1 0 4
60 52 8 2 1 6 7 0 3 4 5
60 52 8 5 1 6 7 2 3 4 0
60 52 8 2 4 6 7 0 1 3 5
60 52 8 1 4 6 7 2 0 3 5
60 52 8 7 4 3 6 0 2 1 5
60 52 8 2 1 3 5 7 0 6 4
60 52 8 2 1 3 5 4 7 6 0
60 52 8 0 1 4 3 6 5 7 2
60 52 8 6 1 4 3 2 5 7 0
60 52 8 5 2 1 6 0 7 3 4
60 52 8 6 2 1 0 5 7 3 4
60 52 8 4 2 1 6 5 7 3 0
60 52 8 5 4 3 0 7 1 2 6
60 52 8 2 5 1 4 0 7 6 3
60 52 8 4 5 1 0 2 7 6 3
60 52 8 3 5 1 4 2 7 6 0
60 52 8 5 7 1 4 0 2 6 3
60 52 8 0 1 7 5 2 3 4 6
60 52 8 6 1 7 3 5 2 0 4
60 52 8 4 1 0 6 5 2 3 7
60 52 8 0 7 1 5 2 4 3 6
60 52 8 0 7 4 3 1 2 6 5
60 52 8 0 1 3 6 5 7 2 4
60 52 8 5 3 6 4 0 1 7 2
60 52 8 4 6 3 0 2 1 7 5
60 52 8 1 6 5 4 0 7 3 2
60 52 8 5 1 0 4 2 6 7 3
60 53 7 0 2 6 4 1 7 3 5
60 53 7 0 2 3 6 1 7 4 5
60 53 7 7 0 1 4 2 6 3 5
60 53 7 1 0 4 6 5 3 2 7
60 53 7 1 0 3 5 6 7 4 2
60 53 7 6 7 0 4 5 1 3 2
60 53 7 6 7 4 2 5 1 3 0
60 53 7 7 1 3 5 2 6 0 4
60 53 7 7 0 3 5 2 1 6 4
60 53 7 1 4 3 2 7 0 5 6
60 53 7 1 4 3 2 6 7 5 0
60 53 7 7 1 6 4 5 2 3 0
60 53 7 7 1 6 4 2 3 5 0
60 53 7 7 1 3 6 5 2 4 0
60 53 7 7 3 0 6 2 1 4 5
60 53 7 6 0 5 3 2 7 1 4
60 53 7 4 5 6 1 2 7 3 0
60 53 7 4 5 3 6 2 0 7 1
60 53 7 4 5 3 6 2 7 1 0
60 53 7 7 3 1 6 2 0 5 4
60 53 7 6 7 3 4 2 1 0 5
60 53 7 7 6 5 0 2 1 3 4
60 53 7 7 4 3 2 5 1 0 6
60 53 7 7 2 4 6 5 1 3 0
60 53 7 6 4 3 0 2 1 7 5
60 53 7 6 7 1 3 2 4 0 5
60 53 7 5 7 1 4 6 3 2 0
60 53 7 6 4 5 1 2 7 0 3
60 53 7 6 1 3 4 7 0 2 5
60 53 7 1 7 4 3 2 0 5 6
60 53 7 5 3 4 0 1 7 6 2
60 53 7 5 7 3 4 0 1 6 2
60 53 7 1 4 5 2 7 3 0 6
60 53 7 1 4 5 2 6 7 0 3
60 53 7 1 7 4 6 2 0 5 3
60 53 7 4 0 1 3 2 7 6 5
60 53 7 6 2 1 4 0 7 3 5
60 53 7 0 1 3 6 2 5 7 4
60 53 7 2 1 3 6 4 5 7 0
60 53 7 0 5 7 6 2 4 1 3
60 53 7 1 0 7 6 5 2 4 3
60 53 7 1 7 6 0 5 2 4 3
60 53 7 1 3 7 6 5 0 4 2
60 53 7 2 0 3 6 1 5 7 4
60 53 7 5 7 0 1 2 3 6 4
60 53 7 6 3 4 0 2 1 7 5
60 53 7 6 3 7 4 2 1 0 5
60 53 7 7 1 0 4 2 6 3 5
60 53 7 6 2 4 0 5 1 7 3
60 53 7 3 2 4 6 5 1 7 0
60 53 7 0 1 6 3 2 4 7 5
60 53 7 3 1 4 0 5 6 7 2
60 53 7 2 1 4 3 5 6 7 0
60 53 7 3 1 6 4 5 2 7 0
60 53 7 1 6 4 0 5 7 3 2
60 53 7 1 7 6 4 0 5 3 2
60 53 7 1 7 3 6 0 5 4 2
60 53 7 1 4 7 3 5 2 0 6
60 53 7 2 5 3 4 1 7 0 6
60 53 7 2 5 3 4 6 1 0 7
60 53 7 0 4 3 1 5 2 7 6
60 53 7 0 3 6 1 2 4 7 5
60 54 6 5 1 3 7 4 2 6 0
60 54 6 7 0 5 1 2 4 3 6
60 54 6 0 2 3 4 1 7 6 5
60 54 6 1 2 0 4 6 7 3 5
60 54 6 6 1 3 7 5 2 4 0
60 54 6 5 3 6 7 2 0 1 4
60 54 6 0 6 3 4 1 2 7 5
60 54 6 1 2 4 6 5 0 3 7
60 54 6 7 1 3 4 5 2 6 0
60 54 6 7 3 0 4 2 1 6 5
60 54 6 6 2 3 4 1 7 0 5
60 54 6 5 1 3 2 0 6 7 4
60 54 6 1 4 3 5 6 0 7 2
60 54 6 1 4 3 5 6 7 2 0
60 54 6 1 5 3 6 2 7 4 0
60 54 6 5 2 1 4 3 0 7 6
60 54 6 7 2 1 4 5 0 3 6
60 54 6 1 6 4 5 2 7 3 0
60 54 6 5 2 3 6 1 7 4 0
60 54 6 5 3 0 4 1 6 7 2
60 54 6 5 6 3 4 1 0 7 2
60 54 6 1 7 3 6 5 0 2 4
60 54 6 1 0 6 3 5 4 7 2
60 54 6 1 6 3 5 0 2 7 4
60 54 6 1 3 4 6 2 0 7 5
60 54 6 1 2 4 0 3 5 7 6
60 54 6 1 2 6 0 5 7 4 3
60 54 6 1 3 4 0 5 7 6 2
60 54 6 1 3 6 4 5 7 0 2
60 54 6 1 4 3 6 5 0 2 7
60 54 6 1 3 6 0 5 4 7 2
60 54 6 1 3 7 6 5 4 0 2
60 54 6 1 3 0 4 6 2 7 5
60 54 6 5 7 1 0 2 4 6 3
60 54 6 5 3 7 0 2 1 6 4
60 54 6 1 2 3 4 0 7 6 5
60 55 5 5 1 3 2 4 6 7 0
60 55 5 1 7 6 4 5 2 3 0
60 55 5 1 0 4 7 2 3 6 5
60 55 5 1 2 3 5 6 0 7 4
60 55 5 1 7 3 4 6 2 5 0
60 55 5 1 3 5 0 2 7 4 6
60 55 5 1 6 3 4 2 7 5 0
60 55 5 1 7 3 6 2 4 5 0
60 55 5 1 3 6 4 2 7 5 0
60 55 5 1 3 4 6 5 2 7 0
60 55 5 1 3 7 4 5 2 6 0
60 55 5 1 3 7 5 2 4 0 6
60 55 5 1 2 3 4 6 5 0 7
60 56 4 7 1 3 4 5 6 2 0
60 56 4 1 7 5 4 2 3 6 0
60 57 3 1 7 3 4 5 6 2 0
61 50 11 5 0 6 1 4 7 3 2
61 50 11 5 7 4 3 6 1 0 2
61 50 11 2 5 4 0 6 7 3 1
61 50 11 5 0 4 3 1 7 2 6
61 50 11 5 1 4 0 3 7 2 6
61 50 11 7 6 4 2 1 0 3 5
61 50 11 2 0 6 3 1 7 4 5
61 50 11 3 1 6 2 0 7 4 5
61 50 11 7 4 6 2 1 0 3 5
61 50 11 2 5 0 6 3 7 4 1
61 50 11 5 7 0 6 3 2 4 1
61 50 11 0 7 1 6 3 2 4 5
61 50 11 6 5 1 0 4 7 3 2
61 50 11 7 5 1 0 4 2 3 6
61 50 11 5 7 6 2 0 3 1 4
61 51 10 6 0 4 1 5 7 3 2
61 51 10 3 1 4 0 6 7 2 5
61 51 10 0 5 1 2 4 7 3 6
61 51 10 0 7 1 5 4 2 3 6
61 51 10 3 0 1 6 5 7 4 2
61 51 10 3 0 4 2 1 7 6 5
61 51 10 3 7 1 6 2 0 4 5
61 51 10 6 1 4 7 3 2 0 5
61 51 10 6 5 4 1 0 2 7 3
61 51 10 6 5 4 7 1 2 0 3
61 51 10 3 5 0 6 1 2 7 4
61 51 10 2 0 1 3 5 7 4 6
61 51 10 7 5 4 3 1 0 6 2
61 51 10 0 1 3 2 6 7 4 5
61 51 10 6 0 1 4 7 2 3 5
61 51 10 4 1 3 5 0 7 6 2
61 51 10 2 1 0 5 7 3 6 4
61 51 10 7 5 1 6 0 3 4 2
61 51 10 7 5 0 6 2 3 4 1
61 51 10 0 5 1 6 2 3 4 7
61 51 10 7 1 6 5 0 3 4 2
61 51 10 0 1 6 5 2 3 4 7
61 51 10 7 4 6 5 0 1 3 2
61 51 10 0 4 6 5 2 1 3 7
61 51 10 7 4 0 6 2 1 5 3
61 51 10 0 4 3 6 2 1 5 7
61 51 10 2 1 0 4 6 7 5 3
61 51 10 0 7 6 5 2 3 4 1
61 52 9 0 5 6 3 1 7 4 2
61 52 9 5 6 0 3 1 7 4 2
61 52 9 5 7 6 3 1 0 4 2
61 52 9 5 1 0 6 3 7 4 2
61 52 9 2 5 0 1 6 7 4 3
61 52 9 6 5 1 2 7 0 4 3
61 52 9 0 5 1 2 6 7 4 3
61 52 9 6 5 1 2 3 7 4 0
61 52 9 5 1 0 6 7 2 4 3
61 52 9 5 7 0 1 6 2 4 3
61 52 9 4 5 1 2 7 0 3 6
61 52 9 4 5 1 2 6 7 3 0
61 52 9 2 1 4 6 3 7 0 5
61 52 9 7 0 4 1 6 2 3 5
61 52 9 6 7 4 1 0 2 3 5
61 52 9 3 1 6 5 7 0 4 2
61 52 9 0 1 6 5 3 7 4 2
61 52 9 7 5 1 3 0 2 4 6
61 52 9 0 1 6 5 7 2 4 3
61 52 9 7 1 6 5 3 2 4 0
61 52 9 3 1 4 5 6 2 0 7
61 52 9 2 7 4 5 6 1 3 0
61 52 9 7 4 3 5 2 0 6 1
61 52 9 3 7 4 5 2 0 6 1
61 52 9 7 4 3 6 5 0 2 1
61 52 9 5 1 7 0 6 2 4 3
61 52 9 2 5 6 4 1 7 3 0
61 52 9 5 6 4 0 1 7 3 2
61 52 9 6 5 3 0 1 7 4 2
61 52 9 2 5 3 6 1 7 4 0
61 52 9 5 4 7 3 1 2 0 6
61 52 9 0 1 2 6 5 7 3 4
61 52 9 5 2 4 0 7 1 3 6
61 52 9 6 2 4 5 7 1 3 0
61 52 9 5 1 7 3 4 2 0 6
61 52 9 2 1 3 5 4 0 7 6
61 52 9 2 6 1 5 0 7 3 4
61 52 9 6 7 1 5 0 2 3 4
61 52 9 2 7 1 6 0 5 3 4
61 52 9 6 7 1 0 2 5 3 4
61 52 9 4 7 1 6 2 5 3 0
61 52 9 0 1 6 7 5 3 4 2
61 52 9 0 4 6 7 5 1 3 2
61 52 9 5 1 6 3 4 2 0 7
61 52 9 4 5 6 3 2 1 7 0
61 52 9 1 5 6 3 2 0 7 4
61 52 9 3 1 6 7 2 0 4 5
61 52 9 0 1 4 6 5 7 2 3
61 52 9 5 1 4 7 0 3 6 2
61 52 9 5 0 4 2 1 6 7 3
61 52 9 5 1 4 0 2 6 7 3
61 52 9 5 4 3 6 0 1 2 7
61 52 9 5 0 1 4 7 6 3 2
61 52 9 7 5 1 4 2 0 6 3
61 52 9 0 5 4 1 2 7 3 6
61 52 9 5 0 3 6 4 1 7 2
61 52 9 5 4 3 0 6 1 7 2
61 52 9 0 7 4 1 5 3 2 6
61 52 9 1 0 4 3 7 2 6 5
61 52 9 1 7 4 0 3 2 6 5
61 52 9 0 3 6 4 2 1 7 5
61 52 9 5 3 7 6 0 1 4 2
61 52 9 5 3 0 6 2 1 4 7
61 52 9 0 3 7 6 2 1 4 5
61 52 9 0 6 5 4 2 7 3 1
61 52 9 0 4 3 2 5 7 6 1
61 53 8 0 2 6 5 1 7 4 3
61 53 8 0 5 3 2 1 7 4 6
61 53 8 5 3 0 2 1 7 4 6
61 53 8 5 7 3 2 1 0 4 6
61 53 8 7 1 6 2 5 4 0 3
61 53 8 7 0 6 2 5 1 4 3
61 53 8 2 6 0 4 1 7 3 5
61 53 8 2 7 6 4 1 0 3 5
61 53 8 2 3 0 6 1 7 4 5
61 53 8 2 7 3 6 1 0 4 5
61 53 8 2 7 1 6 5 3 0 4
61 53 8 7 6 1 4 0 2 3 5
61 53 8 7 6 1 4 2 3 0 5
61 53 8 6 1 5 2 7 0 3 4
61 53 8 0 1 5 2 6 7 3 4
61 53 8 6 1 5 2 4 7 3 0
61 53 8 7 0 1 6 5 3 2 4
61 53 8 7 1 6 0 5 3 2 4
61 53 8 7 1 2 6 5 3 0 4
61 53 8 5 1 6 2 3 0 7 4
61 53 8 2 1 5 0 7 3 4 6
61 53 8 2 4 5 0 7 1 3 6
61 53 8 2 4 3 5 7 1 0 6
61 53 8 2 1 5 0 6 7 4 3
61 53 8 2 5 1 6 7 3 4 0
61 53 8 0 2 1 6 7 5 3 4
61 53 8 2 5 1 6 4 0 7 3
61 53 8 2 7 4 6 5 1 0 3
61 53 8 2 7 4 0 5 1 3 6
61 53 8 7 1 3 5 0 2 6 4
61 53 8 5 1 4 2 3 0 6 7
61 53 8 0 1 4 2 5 3 6 7
61 53 8 4 0 3 1 2 7 5 6
61 53 8 2 4 3 1 0 7 5 6
61 53 8 0 4 3 2 1 7 5 6
61 53 8 7 0 4 1 2 3 5 6
61 53 8 0 1 6 4 7 2 3 5
61 53 8 0 7 6 4 2 1 3 5
61 53 8 7 6 0 4 2 1 3 5
61 53 8 0 1 3 6 7 2 4 5
61 53 8 0 7 3 6 2 1 4 5
61 53 8 6 5 1 3 0 2 7 4
61 53 8 6 0 1 3 2 5 7 4
61 53 8 6 5 3 0 2 7 1 4
61 53 8 0 7 1 6 2 3 5 4
61 53 8 0 1 6 7 2 3 5 4
61 53 8 5 0 1 4 7 3 2 6
61 53 8 5 1 2 4 7 3 0 6
61 53 8 6 0 7 4 2 1 3 5
61 53 8 5 7 4 6 2 0 1 3
61 53 8 5 7 0 6 2 1 4 3
61 53 8 0 6 1 3 5 7 4 2
61 53 8 6 7 1 3 5 0 4 2
61 53 8 7 6 3 5 2 1 0 4
61 53 8 7 0 1 2 5 3 4 6
61 53 8 7 1 2 0 5 3 4 6
61 53 8 7 4 2 0 5 1 3 6
61 53 8 7 1 4 6 2 0 5 3
61 53 8 0 1 4 7 2 5 3 6
61 53 8 5 4 0 2 6 1 7 3
61 53 8 5 4 3 6 0 7 1 2
61 53 8 5 0 3 6 7 4 1 2
61 53 8 2 6 4 3 0 1 7 5
61 53 8 6 4 7 3 2 1 0 5
61 53 8 7 0 4 6 5 1 2 3
61 53 8 7 1 6 0 5 2 4 3
61 53 8 5 7 0 4 6 3 1 2
61 53 8 2 4 5 1 7 0 3 6
61 53 8 2 4 5 1 6 7 3 0
61 53 8 4 0 3 6 1 7 5 2
61 53 8 6 1 4 3 5 0 2 7
61 53 8 6 1 0 3 5 2 4 7
61 53 8 4 1 3 0 5 7 2 6
61 53 8 7 1 3 4 5 0 2 6
61 53 8 2 5 3 4 1 7 6 0
61 53 8 5 3 6 4 1 7 0 2
61 53 8 0 1 7 6 2 3 5 4
61 53 8 5 2 1 4 6 7 3 0
61 53 8 0 7 6 5 2 4 1 3
61 53 8 1 7 4 6 0 5 2 3
61 53 8 0 1 7 6 5 3 4 2
61 53 8 2 5 3 6 4 1 0 7
61 53 8 5 3 7 6 0 2 1 4
61 53 8 0 7 1 5 2 3 6 4
61 53 8 1 5 3 0 6 2 7 4
61 53 8 0 6 5 1 2 7 4 3
61 53 8 4 1 6 0 5 2 7 3
61 53 8 2 1 6 4 5 0 7 3
61 53 8 5 2 3 0 6 1 7 4
61 53 8 1 5 3 0 4 2 7 6
61 53 8 5 2 3 0 4 1 7 6
61 53 8 1 4 3 7 5 2 0 6
61 53 8 1 3 6 2 0 4 7 5
61 54 7 4 1 6 3 2 7 5 0
61 54 7 5 2 6 3 1 0 7 4
61 54 7 7 4 6 3 2 1 5 0
61 54 7 1 0 4 3 5 7 2 6
61 54 7 1 0 4 2 7 3 6 5
61 54 7 5 2 0 4 1 7 3 6
61 54 7 6 2 0 4 7 1 3 5
61 54 7 1 0 4 7 5 2 3 6
61 54 7 7 4 5 1 2 3 0 6
61 54 7 1 3 0 6 4 7 5 2
61 54 7 1 7 3 6 4 0 5 2
61 54 7 2 3 0 4 1 7 6 5
61 54 7 2 7 3 4 1 0 6 5
61 54 7 1 5 6 0 2 7 3 4
61 54 7 6 1 3 7 5 0 2 4
61 54 7 4 0 1 6 5 2 7 3
61 54 7 5 0 7 6 2 4 3 1
61 54 7 5 7 6 0 2 4 3 1
61 54 7 5 7 3 6 2 4 0 1
61 54 7 7 0 1 6 2 4 3 5
61 54 7 1 0 7 6 5 3 2 4
61 54 7 1 7 6 0 5 3 2 4
61 54 7 1 7 2 6 5 3 0 4
61 54 7 6 0 1 4 5 7 2 3
61 54 7 6 1 2 4 5 7 0 3
61 54 7 2 1 5 4 6 7 3 0
61 54 7 4 1 3 5 2 0 7 6
61 54 7 5 1 3 2 7 6 0 4
61 54 7 2 4 5 6 1 7 3 0
61 54 7 2 4 3 5 1 0 7 6
61 54 7 2 4 3 5 1 7 6 0
61 54 7 5 4 3 2 7 1 6 0
61 54 7 5 3 1 6 7 4 0 2
61 54 7 2 4 3 6 7 1 5 0
61 54 7 4 1 6 2 5 0 7 3
61 54 7 1 0 6 5 7 4 3 2
61 54 7 2 7 1 4 0 6 3 5
61 54 7 1 5 4 6 7 3 2 0
61 54 7 6 3 0 4 1 2 7 5
61 54 7 7 1 3 6 5 0 2 4
61 54 7 1 4 0 6 5 2 3 7
61 54 7 0 1 3 4 7 2 6 5
61 54 7 0 7 3 4 2 1 6 5
61 54 7 5 0 3 2 6 1 7 4
61 54 7 5 0 3 2 1 4 7 6
61 54 7 2 4 3 6 0 1 7 5
61 54 7 2 0 3 6 1 4 7 5
61 54 7 1 7 4 5 2 6 3 0
61 54 7 2 4 6 0 5 1 7 3
61 54 7 0 5 1 4 3 2 7 6
61 54 7 1 7 0 6 2 5 4 3
61 54 7 1 7 0 4 2 5 3 6
61 54 7 1 6 4 5 2 0 7 3
61 54 7 2 5 6 4 0 1 7 3
61 54 7 4 0 1 3 5 2 7 6
61 54 7 1 3 6 0 5 7 4 2
61 54 7 1 3 4 6 5 7 0 2
61 54 7 1 4 6 3 0 5 7 2
61 54 7 5 2 1 4 6 7 0 3
61 54 7 1 6 3 0 2 7 4 5
61 54 7 1 5 3 4 6 0 7 2
61 54 7 1 2 4 6 3 5 0 7
61 54 7 1 0 2 6 5 7 4 3
61 54 7 1 4 5 6 0 2 7 3
61 54 7 5 1 3 6 0 4 7 2
61 54 7 6 1 3 0 5 4 7 2
61 54 7 2 1 3 6 5 4 7 0
61 54 7 1 4 6 3 5 2 0 7
61 54 7 0 3 4 1 2 7 6 5
61 54 7 0 4 5 1 2 7 6 3
61 54 7 1 2 0 4 5 7 6 3
61 54 7 0 2 3 4 5 7 6 1
61 55 6 1 6 5 3 2 0 7 4
61 55 6 1 5 3 4 6 7 0 2
61 55 6 3 2 1 6 5 0 7 4
61 55 6 1 2 7 6 5 0 3 4
61 55 6 7 1 3 4 6 2 5 0
61 55 6 6 5 3 4 1 0 7 2
61 55 6 6 5 3 4 1 7 2 0
61 55 6 1 0 3 4 6 7 5 2
61 55 6 1 7 6 3 2 4 0 5
61 55 6 1 0 5 6 2 7 4 3
61 55 6 1 7 4 3 5 6 0 2
61 55 6 0 3 1 4 2 7 6 5
61 55 6 6 7 1 4 5 3 2 0
61 55 6 5 1 3 4 0 6 2 7
61 55 6 5 0 4 7 2 1 6 3
61 55 6 1 3 0 4 2 7 5 6
61 55 6 1 7 3 4 2 0 5 6
61 55 6 1 2 4 6 0 3 7 5
61 55 6 1 7 3 4 6 0 2 5
61 55 6 1 3 4 5 2 7 0 6
61 55 6 1 7 0 6 2 4 3 5
61 55 6 1 0 7 4 2 3 6 5
61 55 6 1 4 3 0 2 5 7 6
61 55 6 1 3 6 4 2 0 7 5
61 55 6 1 3 7 4 5 0 2 6
61 55 6 1 3 6 5 2 7 0 4
61 55 6 1 7 0 4 2 6 3 5
61 55 6 5 6 3 4 0 1 7 2
61 55 6 2 6 3 4 5 1 7 0
61 56 5 1 2 0 4 6 5 7 3
61 56 5 1 2 4 3 6 5 7 0
61 56 5 7 1 5 4 2 3 6 0
61 56 5 1 3 4 5 2 0 6 7
61 56 5 7 1 5 0 2 4 6 3
61 56 5 1 2 4 5 0 6 7 3
61 56 5 1 7 3 4 5 2 6 0
61 56 5 1 2 3 6 0 4 7 5
61 56 5 2 1 3 4 5 6 0 7
61 56 5 2 1 3 0 5 6 7 4
61 56 5 6 2 3 4 5 1 7 0
61 56 5 1 2 3 0 5 7 4 6
61 57 4 5 3 4 7 2 1 6 0
61 57 4 4 1 3 2 5 6 7 0
61 58 3 1 2 3 4 0 6 7 5
62 51 11 2 5 1 3 4 7 0 6
62 51 11 5 7 1 3 4 2 0 6
62 51 11 3 5 1 0 6 7 4 2
62 51 11 6 7 4 3 1 2 0 5
62 51 11 5 7 0 6 1 2 3 4
62 51 11 5 7 1 0 6 3 4 2
62 51 11 7 5 1 0 6 2 4 3
62 51 11 2 1 0 5 3 7 4 6
62 51 11 5 0 1 3 7 2 4 6
62 51 11 2 6 1 0 4 7 3 5
62 51 11 6 7 1 0 4 2 3 5
62 51 11 7 1 4 5 0 3 2 6
62 52 10 0 7 1 5 6 2 4 3
62 52 10 4 0 1 2 5 7 3 6
62 52 10 5 7 4 1 6 2 3 0
62 52 10 3 1 0 5 6 2 7 4
62 52 10 3 1 0 2 5 7 4 6
62 52 10 6 7 1 3 5 2 0 4
62 52 10 4 7 1 6 0 2 3 5
62 52 10 4 7 0 6 5 2 3 1
62 52 10 5 7 4 3 2 1 0 6
62 52 10 6 7 4 5 0 1 3 2
62 52 10 6 7 0 5 2 1 3 4
62 52 10 4 6 1 3 2 7 0 5
62 52 10 5 6 0 4 2 7 3 1
62 52 10 4 5 6 0 1 7 3 2
62 52 10 7 5 6 4 1 0 3 2
62 52 10 7 5 3 6 1 0 4 2
62 52 10 6 1 2 3 5 7 0 4
62 52 10 7 6 1 5 2 0 3 4
62 52 10 7 4 6 3 5 1 0 2
62 52 10 0 1 6 3 4 2 7 5
62 52 10 2 0 3 5 1 7 6 4
62 52 10 6 0 4 3 1 5 7 2
62 52 10 6 1 4 0 3 5 7 2
62 52 10 7 1 0 2 5 3 6 4
62 52 10 0 4 3 6 7 1 2 5
62 52 10 5 7 1 0 4 6 3 2
62 52 10 5 7 1 2 0 4 3 6
62 52 10 1 7 4 5 0 3 2 6
62 52 10 6 1 3 5 0 7 2 4
62 53 9 2 6 0 5 1 7 4 3
62 53 9 2 7 6 5 1 0 4 3
62 53 9 7 1 6 2 0 5 4 3
62 53 9 7 1 4 6 3 0 2 5
62 53 9 6 1 4 0 5 3 2 7
62 53 9 0 5 6 2 7 1 4 3
62 53 9 5 6 0 2 7 1 4 3
62 53 9 2 0 1 5 7 3 4 6
62 53 9 2 0 1 5 6 7 4 3
62 53 9 2 5 0 6 7 3 1 4
62 53 9 2 1 0 6 7 5 3 4
62 53 9 2 5 0 6 4 7 1 3
62 53 9 5 7 1 6 4 0 2 3
62 53 9 5 7 0 6 4 2 1 3
62 53 9 2 1 4 6 0 7 5 3
62 53 9 6 4 3 1 2 7 5 0
62 53 9 1 0 3 2 4 7 5 6
62 53 9 2 7 4 1 0 3 5 6
62 53 9 6 7 4 1 2 3 5 0
62 53 9 0 5 6 4 2 7 3 1
62 53 9 2 7 6 5 0 1 3 4
62 53 9 5 7 6 0 2 1 3 4
62 53 9 4 7 6 5 2 1 3 0
62 53 9 3 6 4 0 2 1 7 5
62 53 9 5 6 4 3 2 1 7 0
62 53 9 1 6 4 3 2 0 7 5
62 53 9 2 6 1 3 0 7 4 5
62 53 9 3 6 1 0 2 7 4 5
62 53 9 5 6 1 3 2 7 4 0
62 53 9 6 7 1 3 0 2 4 5
62 53 9 7 1 4 6 0 5 2 3
62 53 9 6 4 5 1 0 7 3 2
62 53 9 6 4 3 0 1 7 5 2
62 53 9 5 4 0 3 1 7 2 6
62 53 9 0 4 3 5 1 7 2 6
62 53 9 2 1 7 6 0 3 4 5
62 53 9 6 1 7 0 2 3 4 5
62 53 9 5 1 7 6 2 3 4 0
62 53 9 6 0 3 4 1 7 2 5
62 53 9 4 1 5 3 2 7 0 6
62 53 9 7 1 3 2 5 0 6 4
62 53 9 4 5 3 0 1 7 6 2
62 53 9 7 5 3 4 1 0 6 2
62 53 9 0 4 6 1 2 7 5 3
62 53 9 0 7 6 1 2 3 5 4
62 53 9 4 2 1 0 6 7 3 5
62 53 9 7 2 1 4 6 0 3 5
62 53 9 2 1 3 0 6 5 7 4
62 53 9 5 7 6 1 2 4 0 3
62 53 9 0 7 6 1 5 3 4 2
62 53 9 0 5 3 6 4 1 7 2
62 53 9 1 6 5 2 0 7 4 3
62 53 9 2 1 3 0 4 5 7 6
62 54 8 5 1 4 6 3 0 7 2
62 54 8 5 1 4 6 3 7 2 0
62 54 8 4 1 6 3 2 0 7 5
62 54 8 6 1 3 2 7 0 4 5
62 54 8 5 1 3 7 4 0 2 6
62 54 8 5 1 0 7 4 2 3 6
62 54 8 0 5 6 3 1 2 7 4
62 54 8 5 6 0 3 1 2 7 4
62 54 8 7 4 6 3 2 0 1 5
62 54 8 6 0 1 3 5 7 2 4
62 54 8 5 0 1 2 7 3 6 4
62 54 8 5 1 2 0 7 3 6 4
62 54 8 1 7 4 2 3 0 5 6
62 54 8 1 7 4 2 6 3 5 0
62 54 8 6 1 0 4 2 3 5 7
62 54 8 6 1 4 5 7 3 2 0
62 54 8 2 1 6 5 7 3 4 0
62 54 8 0 2 6 5 7 1 3 4
62 54 8 2 1 6 5 4 0 7 3
62 54 8 2 1 0 5 4 7 6 3
62 54 8 6 2 4 5 1 7 0 3
62 54 8 2 1 0 4 7 3 5 6
62 54 8 5 2 4 6 7 1 0 3
62 54 8 7 4 5 1 0 2 3 6
62 54 8 0 1 3 6 4 7 5 2
62 54 8 1 4 0 3 6 7 5 2
62 54 8 5 4 3 6 7 0 2 1
62 54 8 7 0 6 1 2 3 4 5
62 54 8 6 1 0 7 5 2 3 4
62 54 8 4 1 7 6 5 2 0 3
62 54 8 0 7 1 6 5 4 3 2
62 54 8 2 7 1 6 0 4 3 5
62 54 8 6 7 1 0 2 4 3 5
62 54 8 1 7 4 6 3 0 2 5
62 54 8 5 2 1 6 7 3 0 4
62 54 8 0 4 1 5 2 7 3 6
62 54 8 4 7 1 5 2 0 3 6
62 54 8 0 6 1 3 2 7 5 4
62 54 8 6 7 1 3 2 0 5 4
62 54 8 5 0 3 2 7 1 6 4
62 54 8 5 4 3 2 7 0 1 6
62 54 8 5 3 1 6 0 7 4 2
62 54 8 7 5 4 6 2 1 0 3
62 54 8 7 5 4 0 2 1 3 6
62 54 8 2 4 3 6 7 0 1 5
62 54 8 4 1 0 2 5 7 6 3
62 54 8 4 0 5 2 1 7 3 6
62 54 8 1 4 6 5 7 3 0 2
62 54 8 1 7 4 6 3 5 0 2
62 54 8 1 0 4 6 3 7 5 2
62 54 8 2 7 1 4 6 3 0 5
62 54 8 1 5 0 6 7 3 4 2
62 54 8 3 0 6 5 2 1 7 4
62 54 8 2 3 6 5 0 1 7 4
62 54 8 4 3 6 5 2 1 7 0
62 54 8 1 3 6 5 2 0 7 4
62 54 8 6 0 2 4 1 7 3 5
62 54 8 2 4 3 0 1 7 5 6
62 54 8 0 7 4 5 1 6 3 2
62 54 8 1 7 4 0 5 6 3 2
62 54 8 2 4 7 6 5 1 0 3
62 54 8 0 4 6 3 1 2 7 5
62 54 8 5 1 4 3 2 6 0 7
62 54 8 5 1 6 4 3 2 0 7
62 54 8 3 5 6 4 2 1 7 0
62 54 8 1 5 6 4 2 0 7 3
62 54 8 5 6 4 0 2 1 7 3
62 54 8 5 6 7 4 2 1 0 3
62 54 8 4 1 7 3 5 2 0 6
62 54 8 1 6 3 5 0 7 4 2
62 54 8 0 3 6 1 2 7 4 5
62 54 8 4 5 3 0 6 1 7 2
62 54 8 1 2 0 6 3 5 7 4
62 54 8 4 1 3 6 5 0 7 2
62 54 8 5 7 1 3 0 4 6 2
62 54 8 5 7 0 3 2 4 6 1
62 54 8 0 7 1 3 2 4 6 5
62 54 8 5 3 7 4 0 1 6 2
62 54 8 5 3 0 4 2 1 6 7
62 54 8 0 3 7 4 2 1 6 5
62 54 8 1 3 4 2 0 7 6 5
62 54 8 1 4 5 2 0 7 6 3
62 55 7 6 7 4 3 2 1 5 0
62 55 7 1 0 4 6 2 5 3 7
62 55 7 6 2 4 3 1 0 7 5
62 55 7 7 5 1 4 0 6 3 2
62 55 7 2 7 4 5 1 3 6 0
62 55 7 1 7 5 2 4 0 3 6
62 55 7 1 7 4 3 5 0 2 6
62 55 7 1 7 0 3 5 2 4 6
62 55 7 0 7 1 4 5 3 6 2
62 55 7 5 0 7 4 2 3 6 1
62 55 7 7 0 1 4 2 3 6 5
62 55 7 1 2 6 5 0 7 3 4
62 55 7 1 3 4 6 7 0 2 5
62 55 7 6 5 3 4 7 1 0 2
62 55 7 4 3 0 6 2 7 5 1
62 55 7 7 3 4 6 2 0 5 1
62 55 7 1 4 3 2 6 7 0 5
62 55 7 1 7 4 2 0 6 3 5
62 55 7 1 7 4 5 6 3 2 0
62 55 7 6 0 5 3 2 1 7 4
62 55 7 4 5 3 6 1 0 7 2
62 55 7 5 1 7 4 3 2 6 0
62 55 7 5 4 0 3 2 1 6 7
62 55 7 5 4 0 7 2 1 3 6
62 55 7 6 7 1 4 5 2 0 3
62 55 7 3 5 0 1 2 7 6 4
62 55 7 5 7 1 3 2 6 4 0
62 55 7 1 6 0 3 2 7 5 4
62 55 7 5 1 0 3 4 6 7 2
62 55 7 0 1 3 5 4 6 7 2
62 55 7 1 0 5 4 6 7 3 2
62 55 7 0 3 1 6 5 2 7 4
62 55 7 0 7 4 5 2 1 6 3
62 55 7 7 4 0 5 2 1 6 3
62 55 7 6 1 3 4 7 5 0 2
62 55 7 6 0 3 4 7 1 5 2
62 55 7 1 6 4 3 2 7 0 5
62 55 7 0 6 5 4 2 1 7 3
62 55 7 6 1 5 4 2 0 7 3
62 55 7 1 5 4 0 3 2 7 6
62 55 7 1 5 6 0 2 7 4 3
62 55 7 1 4 6 0 2 5 7 3
62 55 7 1 4 7 6 2 5 0 3
62 55 7 1 7 4 3 0 5 6 2
62 55 7 3 7 1 4 2 0 6 5
62 55 7 5 2 4 0 3 1 7 6
62 55 7 6 5 1 4 0 2 7 3
62 55 7 6 7 0 4 5 3 1 2
62 55 7 1 0 7 2 5 3 4 6
62 55 7 1 7 2 0 5 3 4 6
62 55 7 2 1 4 7 0 3 6 5
62 55 7 5 1 4 7 2 3 6 0
62 55 7 5 0 3 4 6 1 2 7
62 55 7 6 5 3 4 2 0 1 7
62 55 7 5 4 7 0 2 1 6 3
62 55 7 5 2 1 4 0 7 3 6
62 55 7 6 2 1 4 5 7 3 0
62 55 7 1 3 0 5 6 2 7 4
62 55 7 1 2 4 6 3 7 0 5
62 55 7 7 5 1 0 2 4 3 6
62 55 7 5 3 4 6 2 1 0 7
62 55 7 1 4 3 6 2 5 0 7
62 55 7 5 1 3 0 7 6 2 4
62 55 7 4 6 3 0 5 1 7 2
62 55 7 0 2 3 4 6 5 7 1
62 56 6 3 1 4 7 5 2 6 0
62 56 6 3 1 5 0 2 7 6 4
62 56 6 6 5 3 7 2 1 4 0
62 56 6 5 1 0 4 3 6 7 2
62 56 6 5 2 6 4 1 0 7 3
62 56 6 4 1 3 7 5 2 6 0
62 56 6 4 0 3 6 5 2 7 1
62 56 6 1 2 4 5 3 0 7 6
62 56 6 5 0 6 7 2 4 1 3
62 56 6 7 0 5 6 2 4 1 3
62 56 6 1 2 4 6 7 3 5 0
62 56 6 1 2 7 4 6 0 3 5
62 56 6 1 7 3 5 2 4 0 6
62 56 6 1 3 7 6 5 2 4 0
62 56 6 1 4 5 3 7 0 6 2
62 56 6 0 1 5 7 2 3 6 4
62 56 6 1 4 0 5 2 3 6 7
62 56 6 7 0 1 5 2 4 6 3
62 56 6 1 7 3 2 5 0 4 6
62 56 6 1 7 3 5 2 6 0 4
62 56 6 7 1 0 4 5 6 3 2
62 56 6 1 2 3 6 4 7 0 5
62 56 6 0 1 5 3 2 4 7 6
62 56 6 1 5 0 3 2 4 7 6
62 56 6 6 2 1 4 0 5 7 3
62 56 6 6 2 1 4 5 7 0 3
62 56 6 6 2 3 4 1 5 7 0
62 56 6 1 0 2 4 5 7 3 6
62 56 6 4 2 3 0 5 1 7 6
62 57 5 1 4 3 2 6 5 7 0
62 57 5 1 0 5 7 2 3 4 6
62 57 5 1 3 4 7 2 0 5 6
62 57 5 1 3 7 5 2 0 6 4
62 57 5 4 1 5 3 2 7 6 0
62 57 5 1 2 6 3 5 0 7 4
62 57 5 7 3 1 6 2 4 5 0
62 57 5 1 6 3 2 5 0 7 4
62 57 5 1 6 3 2 5 7 4 0
62 57 5 0 2 3 4 6 1 7 5
62 57 5 1 0 3 4 6 5 7 2
62 57 5 1 7 3 4 5 0 2 6
62 57 5 1 7 0 4 5 6 3 2
62 57 5 1 3 6 5 2 4 0 7
62 57 5 1 3 7 0 2 4 5 6
62 58 4 1 7 5 0 2 4 6 3
62 58 4 1 2 6 4 5 0 7 3
62 58 4 1 6 3 4 5 7 2 0
62 59 3 1 3 6 7 2 4 5 0
62 59 3 1 3 0 7 2 4 6 5
62 59 3 1 3 5 4 2 7 6 0
62 59 3 1 3 5 6 2 4 7 0
63 52 11 2 7 4 1 6 0 3 5
63 52 11 3 0 6 5 1 7 4 2
63 52 11 7 0 6 5 1 2 4 3
63 52 11 4 6 1 2 0 7 3 5
63 52 11 6 1 2 5 0 7 3 4
63 52 11 6 1 4 5 0 7 2 3
63 52 11 5 4 0 6 7 1 2 3
63 53 10 6 0 5 2 1 7 3 4
63 53 10 7 1 3 5 6 0 4 2
63 53 10 6 7 4 3 5 1 0 2
63 53 10 2 7 0 6 5 1 3 4
63 53 10 5 0 4 2 1 3 6 7
63 53 10 7 4 3 1 2 0 5 6
63 53 10 3 7 4 1 2 0 5 6
63 53 10 7 0 6 4 1 2 3 5
63 53 10 7 0 3 6 1 2 4 5
63 53 10 7 1 3 0 6 2 4 5
63 53 10 4 5 6 3 2 7 0 1
63 53 10 7 1 4 3 2 5 0 6
63 53 10 7 2 4 0 6 1 3 5
63 53 10 7 6 1 3 2 0 4 5
63 53 10 2 0 5 1 4 7 3 6
63 53 10 6 4 0 1 2 7 3 5
63 53 10 7 4 3 6 1 0 5 2
63 53 10 5 4 3 1 0 7 2 6
63 53 10 3 1 7 6 2 0 4 5
63 53 10 6 1 3 0 4 7 2 5
63 53 10 4 1 5 2 0 7 3 6
63 53 10 0 4 5 2 6 7 3 1
63 53 10 1 4 6 2 0 7 5 3
63 53 10 1 7 6 2 0 3 5 4
63 53 10 5 7 6 2 0 4 1 3
63 53 10 2 5 0 6 4 1 7 3
63 53 10 5 7 1 2 0 3 6 4
63 54 9 2 1 0 6 4 7 3 5
63 54 9 7 1 4 2 3 0 5 6
63 54 9 0 1 4 2 7 3 5 6
63 54 9 7 1 4 2 6 3 5 0
63 54 9 6 1 4 3 7 0 2 5
63 54 9 3 1 4 0 5 7 2 6
63 54 9 0 7 4 2 1 3 5 6
63 54 9 5 0 1 6 4 7 3 2
63 54 9 4 5 1 6 7 3 0 2
63 54 9 4 0 1 6 7 5 3 2
63 54 9 7 1 4 6 3 5 0 2
63 54 9 7 0 4 6 3 1 5 2
63 54 9 2 1 4 6 3 0 5 7
63 54 9 6 1 0 5 7 3 4 2
63 54 9 0 6 4 5 7 1 3 2
63 54 9 6 4 0 5 7 1 3 2
63 54 9 7 5 1 6 4 2 0 3
63 54 9 7 1 4 5 6 0 2 3
63 54 9 7 1 0 5 6 2 4 3
63 54 9 2 6 0 5 7 1 3 4
63 54 9 6 2 4 5 0 7 3 1
63 54 9 5 2 4 6 0 1 3 7
63 54 9 0 4 3 1 6 7 5 2
63 54 9 0 2 4 1 6 7 3 5
63 54 9 1 2 4 3 6 7 0 5
63 54 9 2 7 6 1 0 3 4 5
63 54 9 5 7 6 1 2 3 4 0
63 54 9 6 0 3 5 1 2 7 4
63 54 9 5 7 1 6 4 0 3 2
63 54 9 5 4 6 2 7 1 0 3
63 54 9 6 4 5 2 1 7 3 0
63 54 9 7 0 3 4 1 2 6 5
63 54 9 5 4 3 2 0 7 6 1
63 54 9 0 4 5 1 6 7 3 2
63 54 9 1 4 5 3 6 7 0 2
63 54 9 1 0 4 5 7 6 3 2
63 54 9 1 0 6 3 4 2 7 5
63 54 9 1 4 6 0 3 2 7 5
63 54 9 5 1 0 3 2 6 7 4
63 54 9 0 1 4 3 2 6 7 5
63 54 9 0 7 4 1 2 5 3 6
63 54 9 1 7 4 3 2 5 0 6
63 54 9 0 1 6 4 3 2 7 5
63 54 9 4 5 6 0 2 1 7 3
63 54 9 1 4 6 3 0 7 2 5
63 54 9 1 4 2 6 0 7 3 5
63 54 9 1 7 0 2 5 3 6 4
63 54 9 1 3 6 2 0 7 4 5
63 54 9 0 2 4 6 3 5 7 1
63 54 9 0 4 6 3 5 2 7 1
63 55 8 1 0 6 2 3 7 4 5
63 55 8 2 0 5 6 4 7 3 1
63 55 8 2 5 3 6 4 7 0 1
63 55 8 5 7 3 6 4 2 0 1
63 55 8 0 4 1 6 5 7 3 2
63 55 8 4 7 1 6 5 0 3 2
63 55 8 3 1 4 6 2 5 0 7
63 55 8 3 0 4 6 2 1 5 7
63 55 8 1 0 4 5 7 3 2 6
63 55 8 5 1 4 7 6 3 2 0
63 55 8 6 7 4 3 2 0 1 5
63 55 8 6 7 0 3 2 1 4 5
63 55 8 5 0 7 6 2 1 3 4
63 55 8 5 7 3 6 2 1 0 4
63 55 8 7 2 4 5 1 3 0 6
63 55 8 0 6 4 3 1 2 7 5
63 55 8 6 4 0 3 1 2 7 5
63 55 8 7 1 4 3 5 0 2 6
63 55 8 7 1 0 3 5 2 4 6
63 55 8 7 5 1 4 6 3 0 2
63 55 8 7 0 1 4 6 5 3 2
63 55 8 2 1 0 3 4 7 6 5
63 55 8 5 0 4 6 2 7 3 1
63 55 8 4 0 3 6 1 7 2 5
63 55 8 1 7 6 2 3 0 4 5
63 55 8 4 0 6 2 5 7 3 1
63 55 8 7 0 4 6 5 3 2 1
63 55 8 1 5 6 2 0 7 4 3
63 55 8 5 7 6 2 1 4 0 3
63 55 8 0 2 1 5 6 7 3 4
63 55 8 2 0 5 1 6 7 3 4
63 55 8 2 5 3 1 6 7 0 4
63 55 8 5 1 3 6 7 2 0 4
63 55 8 5 7 3 1 6 2 0 4
63 55 8 1 0 4 3 6 7 5 2
63 55 8 3 1 0 4 2 7 5 6
63 55 8 5 3 1 2 7 0 4 6
63 55 8 5 1 2 6 7 3 4 0
63 55 8 5 4 2 6 7 1 3 0
63 55 8 5 1 2 3 6 7 4 0
63 55 8 0 2 1 6 7 3 4 5
63 55 8 2 3 1 6 7 0 4 5
63 55 8 2 4 6 5 7 1 3 0
63 55 8 0 1 5 2 4 7 3 6
63 55 8 1 5 0 2 4 7 3 6
63 55 8 7 0 4 1 5 2 3 6
63 55 8 2 5 0 3 6 1 7 4
63 55 8 0 5 3 2 6 1 7 4
63 55 8 1 4 6 3 7 0 5 2
63 55 8 5 7 1 4 3 0 6 2
63 55 8 5 7 6 4 2 3 0 1
63 55 8 2 7 1 4 0 3 6 5
63 55 8 4 7 1 0 2 3 6 5
63 55 8 6 1 0 3 4 2 7 5
63 55 8 1 4 0 6 7 3 2 5
63 55 8 6 0 5 4 7 1 3 2
63 55 8 0 7 6 2 5 1 3 4
63 55 8 7 6 0 2 5 1 3 4
63 55 8 5 0 1 3 4 7 6 2
63 55 8 4 6 0 5 2 7 3 1
63 55 8 4 7 6 5 2 0 3 1
63 55 8 4 7 3 6 2 0 5 1
63 55 8 2 4 3 6 7 0 5 1
63 55 8 7 4 0 6 2 3 5 1
63 55 8 5 1 6 2 0 4 7 3
63 55 8 5 0 1 2 4 7 6 3
63 55 8 5 1 2 0 4 7 6 3
63 55 8 1 4 2 0 6 7 3 5
63 55 8 1 7 4 2 6 3 0 5
63 55 8 1 5 4 2 7 3 0 6
63 55 8 1 5 4 2 6 7 0 3
63 55 8 1 7 0 5 6 3 4 2
63 55 8 3 0 4 6 5 1 2 7
63 55 8 3 0 1 6 5 2 4 7
63 55 8 3 1 6 0 5 2 4 7
63 55 8 1 7 4 5 6 0 2 3
63 55 8 1 7 0 5 6 2 4 3
63 55 8 2 1 4 5 7 6 0 3
63 55 8 2 0 4 5 7 1 6 3
63 55 8 3 1 4 5 2 0 7 6
63 55 8 5 1 3 6 0 4 2 7
63 55 8 5 0 3 6 4 1 2 7
63 55 8 6 5 7 3 2 1 0 4
63 55 8 4 5 3 6 2 0 1 7
63 55 8 4 5 0 6 2 1 3 7
63 55 8 4 0 3 6 5 1 7 2
63 55 8 5 1 7 4 3 0 2 6
63 55 8 5 4 6 3 2 0 1 7
63 55 8 1 7 6 5 3 2 4 0
63 55 8 2 5 1 3 7 0 6 4
63 55 8 2 5 1 3 4 7 6 0
63 55 8 0 7 1 3 5 2 6 4
63 55 8 5 7 1 3 4 2 6 0
63 55 8 5 7 0 3 2 6 1 4
63 55 8 2 6 5 1 0 7 3 4
63 55 8 4 6 5 1 2 7 3 0
63 55 8 5 7 4 0 1 3 6 2
63 55 8 0 1 7 6 5 2 3 4
63 55 8 1 7 6 3 0 2 4 5
63 55 8 1 5 4 6 3 2 0 7
63 55 8 5 2 4 6 3 1 0 7
63 55 8 3 5 1 4 6 2 7 0
63 55 8 3 1 4 7 2 0 6 5
63 55 8 6 5 0 4 2 1 3 7
63 55 8 5 3 4 0 6 1 7 2
63 55 8 5 3 7 4 6 1 0 2
63 55 8 6 2 4 0 1 5 7 3
63 55 8 3 2 4 6 1 5 7 0
63 55 8 5 4 6 0 2 1 3 7
63 55 8 4 2 1 0 5 7 3 6
63 55 8 5 4 3 6 2 1 0 7
63 55 8 0 3 6 1 5 2 7 4
63 55 8 1 3 6 7 5 2 0 4
63 55 8 0 3 4 1 5 2 7 6
63 55 8 1 3 4 7 5 2 0 6
63 55 8 0 1 3 4 7 6 2 5
63 56 7 5 3 0 2 1 7 6 4
63 56 7 4 1 3 2 5 7 0 6
63 56 7 1 3 4 6 7 0 5 2
63 56 7 1 7 0 4 6 3 5 2
63 56 7 4 1 3 6 2 7 5 0
63 56 7 0 3 6 2 5 1 7 4
63 56 7 3 0 1 5 2 7 6 4
63 56 7 6 5 3 2 1 0 7 4
63 56 7 6 5 3 2 4 1 7 0
63 56 7 6 5 3 7 2 0 1 4
63 56 7 6 5 0 7 2 1 3 4
63 56 7 0 5 4 3 1 6 7 2
63 56 7 5 4 0 3 1 6 7 2
63 56 7 0 4 6 3 5 1 7 2
63 56 7 2 7 1 4 5 3 0 6
63 56 7 1 0 7 6 2 5 3 4
63 56 7 1 7 6 0 2 5 3 4
63 56 7 1 7 3 6 2 5 0 4
63 56 7 7 0 1 3 2 5 6 4
63 56 7 0 5 6 4 1 2 7 3
63 56 7 5 6 0 4 1 2 7 3
63 56 7 4 1 3 7 5 0 2 6
63 56 7 1 6 5 2 7 0 3 4
63 56 7 1 6 5 2 4 7 3 0
63 56 7 7 1 3 4 6 5 0 2
63 56 7 6 1 3 4 7 2 0 5
63 56 7 7 2 4 6 1 3 5 0
63 56 7 3 1 7 6 5 2 4 0
63 56 7 2 5 0 4 3 1 7 6
63 56 7 2 5 1 4 7 3 6 0
63 56 7 0 2 1 4 7 5 3 6
63 56 7 2 5 1 4 6 0 7 3
63 56 7 5 7 4 6 2 3 1 0
63 56 7 6 5 7 4 2 1 3 0
63 56 7 3 1 6 4 2 0 7 5
63 56 7 3 1 6 4 2 7 5 0
63 56 7 2 6 1 4 5 7 0 3
63 56 7 5 4 3 6 0 2 7 1
63 56 7 6 4 3 0 5 2 7 1
63 56 7 1 2 4 5 7 3 0 6
63 56 7 1 4 0 7 6 2 3 5
63 56 7 1 2 4 7 6 0 3 5
63 56 7 1 4 0 5 3 2 7 6
63 56 7 2 1 3 4 7 0 5 6
63 56 7 1 6 0 3 5 7 4 2
63 56 7 1 7 6 3 5 0 4 2
63 56 7 1 6 0 2 7 4 3 5
63 56 7 1 7 4 2 5 0 6 3
63 56 7 3 0 5 4 2 1 7 6
63 56 7 6 7 5 1 2 0 4 3
63 56 7 6 0 1 4 2 5 7 3
63 56 7 7 5 6 0 2 4 1 3
63 56 7 1 2 0 6 7 3 4 5
63 56 7 7 4 3 0 2 1 6 5
63 56 7 1 7 3 5 0 2 4 6
63 56 7 5 0 7 3 2 4 1 6
63 56 7 5 7 3 0 2 4 1 6
63 56 7 0 6 4 2 5 1 7 3
63 56 7 6 4 0 2 5 1 7 3
63 56 7 6 5 3 4 1 2 0 7
63 56 7 6 5 3 4 0 2 7 1
63 56 7 4 0 3 6 1 5 7 2
63 56 7 1 3 7 6 5 0 2 4
63 56 7 0 4 5 3 1 7 6 2
63 56 7 7 5 1 0 2 3 6 4
63 56 7 7 1 6 0 2 4 3 5
63 56 7 1 3 0 2 5 7 4 6
63 56 7 1 2 4 5 6 7 0 3
63 56 7 7 4 5 6 2 1 0 3
63 56 7 1 4 7 0 5 2 3 6
63 56 7 1 7 3 5 0 2 6 4
63 56 7 0 7 3 4 1 2 6 5
63 56 7 1 4 3 5 6 2 0 7
63 56 7 6 3 4 0 5 1 7 2
63 56 7 6 3 7 4 5 1 0 2
63 56 7 0 7 5 1 2 3 6 4
63 56 7 2 0 3 4 1 6 7 5
63 56 7 2 1 0 4 5 6 7 3
63 56 7 4 2 3 0 1 5 7 6
63 56 7 1 2 3 6 0 7 4 5
63 57 6 1 5 0 4 6 2 7 3
63 57 6 1 5 4 3 6 2 7 0
63 57 6 5 2 0 4 6 1 7 3
63 57 6 5 2 4 3 6 1 7 0
63 57 6 7 0 1 4 5 6 3 2
63 57 6 1 4 2 3 5 0 7 6
63 57 6 1 4 2 3 5 7 6 0
63 57 6 4 5 3 1 2 7 6 0
63 57 6 5 3 6 4 1 2 7 0
63 57 6 5 3 4 7 2 0 1 6
63 57 6 5 3 0 7 2 1 4 6
63 57 6 1 5 3 6 4 0 7 2
63 57 6 4 0 5 3 2 7 6 1
63 57 6 1 7 3 4 6 5 0 2
63 57 6 6 0 5 7 2 1 4 3
63 57 6 7 1 6 4 5 3 2 0
63 57 6 7 1 3 6 5 4 2 0
63 57 6 0 2 4 3 5 1 7 6
63 57 6 7 3 1 5 2 0 6 4
63 57 6 1 4 3 6 7 2 5 0
63 57 6 1 0 5 6 7 4 3 2
63 57 6 4 0 5 7 2 1 3 6
63 57 6 4 2 3 6 1 0 7 5
63 57 6 1 4 0 7 2 3 5 6
63 57 6 0 7 3 4 5 1 6 2
63 57 6 6 0 3 2 5 1 7 4
63 57 6 1 6 0 3 5 2 7 4
63 57 6 7 3 0 6 2 4 1 5
63 57 6 1 6 0 5 2 4 7 3
63 57 6 1 7 5 4 2 0 3 6
63 57 6 4 1 0 3 5 6 7 2
63 57 6 6 2 3 0 5 1 7 4
63 57 6 4 2 3 6 5 1 7 0
63 57 6 0 1 3 2 5 4 7 6
63 57 6 1 3 0 2 5 4 7 6
63 57 6 1 2 3 6 4 5 0 7
63 58 5 3 5 4 7 2 1 6 0
63 58 5 4 5 3 7 2 1 6 0
63 58 5 5 4 3 7 2 1 6 0
63 58 5 1 2 3 5 4 0 7 6
63 58 5 1 5 4 3 2 7 6 0
63 58 5 1 6 2 4 5 7 3 0
63 58 5 1 3 6 7 2 0 4 5
63 58 5 1 0 4 2 5 6 7 3
63 58 5 2 1 3 4 7 6 5 0
63 58 5 3 2 1 4 5 0 7 6
63 58 5 1 2 7 4 5 0 3 6
63 58 5 1 2 4 3 5 7 6 0
63 58 5 1 4 0 3 5 6 7 2
63 58 5 1 0 7 5 2 4 6 3
63 58 5 1 6 0 4 5 2 7 3
63 58 5 1 2 3 4 6 7 0 5
63 58 5 1 3 4 0 5 6 7 2
63 58 5 1 3 7 4 5 6 0 2
63 58 5 1 6 3 4 0 5 7 2
63 59 4 1 0 3 4 2 6 7 5
63 59 4 1 5 3 4 0 6 7 2
63 59 4 0 2 1 4 5 6 7 3
63 60 3 1 3 7 5 2 4 6 0
63 61 2 1 2 3 4 5 6 7 0