0 0 0 3 5 6 0 7 4 2 1
7 0 7 3 5 6 1 7 4 2 0
8 0 8 3 5 0 6 7 4 2 1
9 0 9 0 5 6 3 7 4 2 1
9 0 9 3 5 6 7 0 4 2 1
10 0 10 3 5 6 2 7 4 0 1
15 7 8 3 5 6 1 7 4 0 2
15 8 7 3 0 5 6 7 4 2 1
16 7 9 3 5 6 1 0 4 2 7
16 8 8 3 5 2 6 7 4 0 1
16 9 7 0 5 6 7 3 4 2 1
16 9 7 3 5 6 7 1 4 2 0
17 7 10 3 5 0 1 7 4 2 6
17 7 10 0 5 6 1 7 4 2 3
17 9 8 5 0 6 3 7 4 2 1
17 9 8 7 5 6 3 0 4 2 1
17 9 8 1 5 6 3 7 4 2 0
17 9 8 3 5 6 7 4 0 2 1
17 10 7 3 5 6 2 7 4 1 0
17 10 7 3 5 0 2 7 4 6 1
18 9 9 3 0 6 7 5 4 2 1
19 10 9 3 5 6 2 7 0 4 1
20 9 11 4 5 6 3 7 0 2 1
21 15 6 0 3 5 6 7 4 2 1
22 15 7 3 5 0 1 7 4 6 2
23 15 8 3 4 5 6 7 0 2 1
23 16 7 3 5 2 6 7 4 1 0
23 16 7 5 0 6 7 3 4 2 1
23 16 7 1 5 6 7 3 4 2 0
23 16 7 3 5 6 7 1 4 0 2
23 17 6 3 0 5 2 7 4 6 1
24 15 9 3 5 6 1 7 0 4 2
24 16 8 0 5 6 1 3 4 2 7
24 16 8 3 5 6 0 1 4 2 7
24 17 7 3 0 5 1 7 4 2 6
24 17 7 1 5 6 3 7 4 0 2
24 17 7 1 5 6 0 7 4 2 3
24 17 7 3 5 2 0 7 4 6 1
24 18 6 0 3 6 7 5 4 2 1
25 16 9 3 5 6 1 4 0 2 7
25 16 9 3 5 2 6 7 0 4 1
25 16 9 7 5 6 0 3 4 2 1
25 16 9 3 5 0 7 1 4 2 6
25 16 9 0 5 6 7 1 4 2 3
25 17 8 3 5 1 0 7 4 2 6
25 17 8 3 5 2 1 7 4 0 6
25 17 8 5 0 6 1 7 4 2 3
25 17 8 7 5 6 1 0 4 2 3
25 17 8 5 6 0 3 7 4 2 1
25 17 8 7 5 6 3 1 4 2 0
25 17 8 1 5 6 3 0 4 2 7
25 17 8 3 5 6 7 4 2 0 1
25 17 8 3 0 6 7 4 5 2 1
25 17 8 3 5 6 0 7 4 1 2
25 18 7 3 6 0 7 5 4 2 1
26 16 10 3 0 6 1 5 4 2 7
26 16 10 4 5 6 7 3 0 2 1
26 17 9 5 4 6 3 7 0 2 1
26 17 9 7 5 6 3 4 0 2 1
26 17 9 1 5 0 3 7 4 2 6
26 17 9 3 5 6 2 0 4 1 7
26 18 8 3 4 6 7 5 0 2 1
27 17 10 7 0 6 3 5 4 2 1
27 17 10 3 5 0 2 7 4 1 6
27 17 10 0 5 6 2 7 4 1 3
27 21 6 7 3 5 6 0 4 2 1
27 21 6 1 3 5 6 7 4 2 0
28 17 11 4 5 6 1 7 0 2 3
28 19 9 3 5 6 2 0 7 4 1
28 19 9 3 0 6 2 7 5 4 1
28 21 7 6 3 5 0 7 4 2 1
28 22 6 3 0 5 1 7 4 6 2
28 23 5 0 3 5 2 7 4 6 1
29 20 9 4 5 6 3 0 7 2 1
29 20 9 4 5 6 3 7 2 0 1
29 20 9 4 0 6 3 7 5 2 1
29 22 7 3 5 1 0 7 4 6 2
29 23 6 1 5 6 7 3 4 0 2
29 23 6 3 5 0 7 1 4 6 2
30 21 9 4 3 5 6 7 0 2 1
30 23 7 5 6 0 7 3 4 2 1
30 23 7 1 5 6 0 3 4 2 7
30 23 7 1 5 6 7 0 4 2 3
30 23 7 3 4 5 2 7 0 6 1
30 24 6 0 3 5 1 7 4 2 6
30 24 6 1 5 0 3 7 4 6 2
30 24 6 3 5 2 1 7 4 6 0
30 24 6 5 3 6 7 0 4 2 1
30 24 6 1 3 6 7 5 4 2 0
31 23 8 3 4 5 6 0 7 2 1
31 23 8 3 4 5 6 7 2 0 1
31 23 8 3 5 2 0 7 4 1 6
31 23 8 5 4 6 7 3 0 2 1
31 23 8 1 5 0 7 3 4 2 6
31 23 8 3 5 6 7 1 0 4 2
31 24 7 1 5 0 6 7 4 2 3
31 25 6 3 0 5 7 1 4 2 6
32 23 9 3 5 2 6 0 4 1 7
32 24 8 5 0 6 1 3 4 2 7
32 24 8 3 5 0 6 1 4 2 7
32 24 8 3 4 5 1 7 0 2 6
32 24 8 1 5 6 3 7 0 4 2
32 24 8 0 5 2 3 7 4 6 1
32 24 8 3 5 2 7 0 4 6 1
32 24 8 7 3 6 0 5 4 2 1
32 25 7 7 5 6 1 3 4 2 0
32 25 7 3 5 2 7 1 4 0 6
32 25 7 5 0 6 7 1 4 2 3
32 25 7 3 5 1 6 7 4 2 0
32 25 7 3 5 6 7 4 2 1 0
32 25 7 3 5 0 7 4 2 6 1
32 25 7 0 3 6 7 4 5 2 1
32 25 7 3 6 2 7 5 4 0 1
32 26 6 1 0 5 3 7 4 2 6
32 27 5 1 3 5 6 7 4 0 2
32 27 5 1 3 5 0 7 4 2 6
33 23 10 3 5 0 6 7 4 1 2
33 23 10 0 5 2 6 7 4 1 3
33 24 9 3 5 6 1 0 7 4 2
33 24 9 3 0 6 1 7 5 4 2
33 24 9 0 5 6 3 1 4 2 7
33 24 9 1 5 6 2 7 4 0 3
33 24 9 4 3 6 7 5 0 2 1
33 25 8 7 5 0 6 3 4 2 1
33 25 8 3 5 7 0 1 4 2 6
33 25 8 5 6 0 1 7 4 2 3
33 25 8 5 6 3 0 7 4 2 1
33 25 8 5 6 2 3 7 4 0 1
33 25 8 7 5 6 3 1 4 0 2
33 25 8 7 5 6 0 1 4 2 3
33 25 8 1 5 6 3 4 0 2 7
33 25 8 3 6 0 7 4 5 2 1
33 25 8 3 6 7 0 5 4 2 1
33 26 7 0 3 6 1 5 4 2 7
33 26 7 1 5 3 0 7 4 2 6
33 26 7 1 5 2 3 7 4 0 6
33 27 6 7 3 5 6 1 4 2 0
33 27 6 1 3 5 6 0 4 2 7
33 28 5 6 3 5 1 7 4 2 0
33 28 5 0 3 5 1 7 4 6 2
33 28 5 7 3 5 2 0 4 6 1
33 28 5 1 3 5 2 7 4 6 0
34 24 10 3 5 6 2 1 4 0 7
34 25 9 3 5 6 1 4 2 0 7
34 25 9 3 0 6 1 4 5 2 7
34 25 9 3 5 2 6 0 7 4 1
34 25 9 3 0 2 6 7 5 4 1
34 25 9 0 5 1 3 7 4 2 6
34 25 9 3 5 1 7 0 4 2 6
34 25 9 3 5 2 1 7 0 4 6
34 25 9 5 4 6 1 7 0 2 3
34 25 9 7 5 6 1 4 0 2 3
34 25 9 1 0 6 3 5 4 2 7
34 25 9 0 5 6 3 7 4 1 2
34 25 9 3 5 6 7 0 4 1 2
34 26 8 3 6 0 1 5 4 2 7
34 26 8 3 4 6 1 5 0 2 7
34 26 8 4 5 6 7 0 3 2 1
34 26 8 4 5 6 7 3 2 0 1
34 26 8 4 0 6 7 3 5 2 1
34 26 8 0 5 6 2 3 4 1 7
34 26 8 3 4 6 7 0 5 2 1
34 26 8 3 4 6 7 5 2 0 1
34 27 7 3 0 5 2 7 4 1 6
34 27 7 7 3 5 6 4 0 2 1
34 28 6 2 3 5 0 7 4 6 1
34 29 5 1 5 0 7 3 4 6 2
34 29 5 3 0 5 7 1 4 6 2
35 24 11 4 5 6 1 3 0 2 7
35 25 10 7 5 6 2 3 4 0 1
35 25 10 4 5 6 7 1 0 2 3
35 25 10 3 5 1 2 7 4 0 6
35 25 10 7 0 6 1 5 4 2 3
35 25 10 7 5 0 3 1 4 2 6
35 26 9 5 4 6 3 0 7 2 1
35 26 9 5 4 6 3 7 2 0 1
35 26 9 7 5 6 3 4 2 0 1
35 26 9 7 0 6 3 4 5 2 1
35 26 9 3 5 6 2 4 0 1 7
35 26 9 3 5 6 0 2 4 1 7
35 27 8 0 7 6 3 5 4 2 1
35 27 8 7 6 0 3 5 4 2 1
35 27 8 7 4 6 3 5 0 2 1
35 27 8 5 0 6 2 7 4 1 3
35 27 8 7 5 6 2 0 4 1 3
35 27 8 7 3 5 0 6 4 2 1
35 27 8 1 3 0 6 7 4 2 5
35 28 7 6 3 0 5 7 4 2 1
35 28 7 6 3 5 7 0 4 2 1
35 28 7 3 4 5 1 7 0 6 2
35 29 6 3 5 1 2 7 4 6 0
35 30 5 1 0 5 3 7 4 6 2
35 30 5 1 3 6 7 5 4 0 2
36 26 10 3 0 6 2 5 4 1 7
36 27 9 2 5 6 0 7 4 1 3
36 27 9 7 0 5 6 3 4 2 1
36 28 8 0 3 6 2 7 5 4 1
36 28 8 6 3 5 2 7 4 0 1
36 28 8 4 3 5 2 7 0 6 1
36 29 7 1 5 6 7 3 0 4 2
36 29 7 3 5 7 0 1 4 6 2
36 30 6 7 3 5 1 0 4 2 6
36 30 6 1 5 3 0 7 4 6 2
36 30 6 5 3 6 7 1 4 2 0
36 30 6 1 3 6 0 5 4 2 7
36 30 6 1 3 6 7 0 4 2 5
36 31 5 1 0 5 7 3 4 2 6
36 31 5 0 3 5 7 1 4 2 6
37 28 9 4 5 6 1 0 7 2 3
37 28 9 4 5 6 1 7 2 0 3
37 28 9 4 0 6 1 7 5 2 3
37 28 9 0 5 6 2 3 7 4 1
37 28 9 3 5 6 2 1 7 4 0
37 28 9 3 6 0 2 7 5 4 1
37 29 8 4 5 6 3 7 2 1 0
37 29 8 4 5 0 3 7 2 6 1
37 29 8 0 5 1 3 7 4 6 2
37 29 8 3 5 1 7 0 4 6 2
37 30 7 4 3 5 6 0 7 2 1
37 30 7 4 3 5 6 7 2 0 1
37 30 7 5 6 2 7 3 4 0 1
37 30 7 1 5 0 6 3 4 2 7
37 30 7 1 5 6 7 4 0 2 3
37 30 7 3 4 5 2 0 7 6 1
37 30 7 5 3 6 7 4 0 2 1
37 30 7 1 3 0 7 5 4 2 6
37 31 6 1 5 2 7 3 4 0 6
37 31 6 1 0 5 6 7 4 2 3
37 32 5 3 5 2 7 1 4 6 0
37 33 4 1 3 5 0 7 4 6 2
38 27 11 4 5 6 2 7 0 1 3
38 28 10 3 0 6 2 5 7 4 1
38 28 10 3 5 6 0 2 7 4 1
38 29 9 0 5 6 3 4 7 2 1
38 29 9 4 5 6 3 1 7 2 0
38 29 9 0 4 6 3 7 5 2 1
38 29 9 4 6 0 3 7 5 2 1
38 30 8 4 0 5 6 7 3 2 1
38 30 8 5 6 7 0 3 4 2 1
38 30 8 1 0 6 7 5 4 2 3
38 30 8 3 4 5 2 7 6 0 1
38 30 8 3 5 2 1 0 4 6 7
38 31 7 3 4 5 6 7 2 1 0
38 31 7 1 5 7 0 3 4 2 6
38 31 7 1 5 2 6 7 4 0 3
38 31 7 3 4 5 7 1 0 2 6
38 32 6 0 5 2 7 3 4 6 1
38 32 6 7 3 6 1 5 4 2 0
38 32 6 3 0 5 7 4 2 6 1
38 32 6 3 6 2 7 5 4 1 0
38 32 6 1 3 5 6 7 0 4 2
38 32 6 1 3 0 6 7 4 5 2
38 32 6 1 3 0 5 7 4 2 6
38 32 6 1 3 5 7 0 4 2 6
38 33 5 1 5 2 3 7 4 6 0
38 33 5 7 3 5 1 0 4 6 2
38 33 5 7 3 5 2 1 4 6 0
38 33 5 1 3 5 2 7 4 0 6
38 33 5 1 3 5 2 0 4 6 7
38 34 4 2 3 5 1 7 4 6 0
38 34 4 1 0 5 7 3 4 6 2
38 34 4 0 3 5 7 1 4 6 2
39 29 10 4 0 6 3 5 7 2 1
39 29 10 3 5 1 6 7 4 0 2
39 30 9 1 5 6 2 3 4 0 7
39 30 9 4 3 5 1 7 0 2 6
39 30 9 0 5 2 1 7 4 6 3
39 30 9 5 3 6 0 7 4 2 1
39 31 8 0 4 5 6 3 7 2 1
39 31 8 3 4 5 6 1 7 2 0
39 31 8 5 4 6 7 0 3 2 1
39 31 8 5 4 6 7 3 2 0 1
39 31 8 3 5 6 7 0 1 4 2
39 31 8 3 0 6 7 1 5 4 2
39 32 7 3 0 5 6 1 4 2 7
39 32 7 5 0 2 3 7 4 6 1
39 32 7 7 5 2 3 0 4 6 1
39 32 7 3 5 2 7 4 0 6 1
39 32 7 7 3 0 6 5 4 2 1
39 32 7 5 6 0 7 1 4 2 3
39 32 7 4 3 6 7 0 5 2 1
39 32 7 1 3 6 7 4 5 2 0
39 32 7 0 1 5 3 7 4 2 6
39 32 7 1 4 5 3 7 0 2 6
39 33 6 1 5 6 2 7 4 3 0
39 33 6 1 5 0 2 7 4 6 3
39 33 6 1 5 3 6 7 4 2 0
39 33 6 7 3 5 6 1 4 0 2
39 33 6 7 3 5 0 1 4 2 6
39 33 6 1 3 5 6 4 0 2 7
39 33 6 0 3 5 6 1 4 2 7
39 33 6 6 3 5 1 7 4 0 2
39 33 6 7 3 5 2 4 0 6 1
39 33 6 7 3 5 0 2 4 6 1
39 35 4 1 3 0 7 5 4 6 2
40 29 11 4 5 6 0 3 7 2 1
40 31 9 3 4 0 6 7 2 5 1
40 31 9 0 5 2 3 7 4 1 6
40 31 9 3 5 2 7 0 4 1 6
40 32 8 0 5 2 6 3 4 1 7
40 32 8 5 6 0 1 3 4 2 7
40 32 8 3 5 2 6 1 4 0 7
40 32 8 3 4 5 1 0 7 2 6
40 32 8 3 4 5 1 7 2 0 6
40 32 8 1 5 6 3 0 7 4 2
40 32 8 1 0 6 3 7 5 4 2
40 32 8 3 0 2 7 5 4 6 1
40 32 8 7 5 6 1 3 4 0 2
40 32 8 3 5 2 7 1 0 4 6
40 32 8 5 4 6 7 1 0 2 3
40 32 8 3 5 7 0 4 2 6 1
40 32 8 3 6 2 7 5 0 4 1
40 33 7 3 0 5 6 7 4 1 2
40 33 7 4 3 6 7 5 2 0 1
40 33 7 3 5 7 6 1 4 2 0
40 33 7 5 6 3 1 7 4 2 0
40 33 7 5 6 2 3 7 4 1 0
40 33 7 7 5 0 3 1 4 6 2
40 33 7 3 6 7 1 5 4 2 0
40 33 7 5 3 6 1 0 4 2 7
40 33 7 1 3 5 0 6 4 2 7
40 33 7 6 3 5 1 0 4 2 7
40 33 7 1 3 0 2 7 4 6 5
40 34 6 3 5 6 7 2 4 1 0
40 34 6 0 3 5 2 7 4 1 6
40 34 6 2 3 0 5 7 4 6 1
40 34 6 2 3 5 7 0 4 6 1
40 34 6 1 5 7 0 3 4 6 2
40 34 6 3 4 5 7 1 0 6 2
40 35 5 7 3 5 1 6 4 2 0
40 35 5 0 3 5 7 6 4 2 1
40 35 5 6 3 5 7 1 4 2 0
41 31 10 3 0 5 6 4 7 2 1
41 31 10 3 4 5 0 6 7 2 1
41 32 9 3 5 2 6 4 0 1 7
41 32 9 5 4 6 1 3 0 2 7
41 32 9 7 3 6 5 0 4 2 1
41 32 9 7 3 6 2 5 4 0 1
41 32 9 3 5 1 6 0 4 2 7
41 32 9 3 5 6 0 4 2 1 7
41 32 9 3 5 6 7 0 2 1 4
41 32 9 7 3 6 0 4 5 2 1
41 33 8 5 0 2 6 7 4 1 3
41 33 8 7 5 2 6 0 4 1 3
41 33 8 3 5 6 1 2 7 4 0
41 33 8 0 3 6 1 7 5 4 2
41 33 8 5 0 6 3 1 4 2 7
41 33 8 1 5 6 2 7 0 4 3
41 33 8 4 0 6 7 5 3 2 1
41 33 8 7 5 2 6 3 4 0 1
41 33 8 5 6 1 0 7 4 2 3
41 33 8 5 6 2 1 7 4 0 3
41 33 8 7 5 0 6 1 4 2 3
41 33 8 1 5 6 3 4 2 0 7
41 33 8 1 0 6 3 4 5 2 7
41 33 8 3 6 2 7 4 5 0 1
41 33 8 1 5 3 7 0 4 2 6
41 33 8 1 5 2 3 7 0 4 6
41 33 8 1 0 5 6 3 4 2 7
41 33 8 4 3 5 1 7 0 6 2
41 33 8 7 0 5 2 3 4 6 1
41 34 7 3 5 6 2 1 4 7 0
41 34 7 3 5 0 2 1 4 6 7
41 34 7 3 5 6 1 4 2 7 0
41 34 7 0 5 1 7 3 4 2 6
41 34 7 3 5 1 7 6 4 2 0
41 34 7 1 6 0 3 5 4 2 7
41 34 7 1 4 6 3 5 0 2 7
41 34 7 0 5 6 7 3 4 1 2
41 34 7 4 5 6 7 3 2 1 0
41 34 7 4 5 0 7 3 2 6 1
41 34 7 3 4 6 7 5 2 1 0
41 34 7 3 4 0 7 5 2 6 1
41 34 7 7 3 5 6 4 2 0 1
41 35 6 1 3 6 0 7 4 2 5
41 35 6 1 3 2 6 7 4 0 5
41 35 6 6 3 5 7 4 0 2 1
41 35 6 0 1 5 3 7 4 6 2
41 35 6 1 4 5 3 7 0 6 2
41 35 6 1 3 6 7 5 0 4 2
41 36 5 6 3 5 2 7 4 1 0
41 36 5 1 5 3 2 7 4 6 0
41 37 4 1 5 2 7 3 4 6 0
41 38 3 1 3 5 7 0 4 6 2
42 32 10 3 0 2 6 5 4 1 7
42 32 10 3 5 2 0 6 4 1 7
42 32 10 4 5 2 3 7 0 6 1
42 32 10 7 5 0 1 3 4 2 6
42 32 10 0 5 1 6 7 4 2 3
42 32 10 3 5 0 7 4 2 1 6
42 32 10 0 5 6 7 4 2 1 3
42 33 9 6 5 2 0 7 4 1 3
42 33 9 0 5 6 1 3 7 4 2
42 33 9 3 6 0 1 7 5 4 2
42 33 9 0 5 7 3 1 4 2 6
42 33 9 0 6 3 5 7 4 2 1
42 33 9 5 6 3 7 0 4 2 1
42 33 9 5 6 2 3 7 0 4 1
42 33 9 7 5 6 3 1 0 4 2
42 33 9 3 6 7 0 4 5 2 1
42 33 9 0 6 7 3 5 4 2 1
42 33 9 0 5 3 1 7 4 2 6
42 33 9 1 5 3 2 7 4 0 6
42 33 9 7 3 0 6 1 4 2 5
42 33 9 6 3 0 1 7 4 2 5
42 34 8 3 5 0 1 4 2 6 7
42 34 8 0 3 6 1 4 5 2 7
42 34 8 0 3 2 6 7 5 4 1
42 34 8 3 2 0 6 7 5 4 1
42 34 8 5 0 1 3 7 4 2 6
42 34 8 7 5 1 3 0 4 2 6
42 34 8 3 5 1 7 4 0 2 6
42 34 8 0 1 6 3 5 4 2 7
42 34 8 5 0 6 3 7 4 1 2
42 34 8 7 5 6 3 0 4 1 2
42 34 8 3 5 6 7 4 0 1 2
42 34 8 3 6 1 0 5 4 2 7
42 34 8 3 6 2 1 5 4 0 7
42 34 8 3 4 6 1 5 2 0 7
42 34 8 0 5 6 7 4 3 2 1
42 34 8 4 5 6 7 1 3 2 0
42 34 8 0 4 6 7 3 5 2 1
42 34 8 4 6 0 7 3 5 2 1
42 34 8 5 0 6 2 3 4 1 7
42 34 8 3 4 6 7 1 5 2 0
42 34 8 3 4 5 2 7 0 1 6
42 34 8 7 0 5 6 4 3 2 1
42 34 8 2 3 5 6 7 4 0 1
42 35 7 7 5 6 2 3 4 1 0
42 35 7 7 5 0 2 3 4 6 1
42 35 7 7 0 5 3 1 4 2 6
42 35 7 3 5 0 6 2 4 1 7
42 35 7 7 6 3 0 5 4 2 1
42 35 7 7 3 0 5 6 4 2 1
42 35 7 1 0 3 6 7 4 2 5
42 35 7 6 3 2 5 7 4 0 1
42 35 7 3 4 5 1 0 7 6 2
42 36 6 4 3 5 2 0 7 6 1
42 36 6 3 5 7 2 1 4 6 0
42 36 6 5 3 6 7 1 4 0 2
42 36 6 1 3 0 6 5 4 2 7
42 36 6 1 3 6 7 4 0 2 5
42 36 6 0 3 6 7 1 4 2 5
42 36 6 0 1 5 7 3 4 2 6
42 36 6 1 4 5 7 3 0 2 6
42 37 5 3 5 1 7 2 4 6 0
42 37 5 1 3 2 7 5 4 0 6
42 37 5 1 3 0 5 7 4 6 2
42 38 4 1 3 5 7 6 4 2 0
42 38 4 7 3 5 1 2 4 6 0
43 33 10 3 0 6 1 5 7 4 2
43 33 10 3 5 7 1 0 4 2 6
43 33 10 3 5 7 2 1 4 0 6
43 33 10 5 6 3 2 7 4 0 1
43 33 10 7 5 6 2 1 4 0 3
43 33 10 3 6 7 5 0 4 2 1
43 33 10 3 6 7 2 5 4 0 1
43 33 10 4 3 6 1 5 0 2 7
43 34 9 3 5 6 2 1 0 4 7
43 34 9 3 6 0 1 4 5 2 7
43 34 9 0 5 2 6 3 7 4 1
43 34 9 3 5 2 6 1 7 4 0
43 34 9 6 5 1 3 7 4 2 0
43 34 9 3 0 1 7 5 4 2 6
43 34 9 3 5 2 1 0 7 4 6
43 34 9 3 0 2 1 7 5 4 6
43 34 9 5 4 6 1 0 7 2 3
43 34 9 5 4 6 1 7 2 0 3
43 34 9 7 5 6 1 4 2 0 3
43 34 9 7 0 6 1 4 5 2 3
43 34 9 2 5 6 3 7 4 1 0
43 34 9 3 0 6 7 5 4 1 2
43 34 9 3 4 6 1 0 5 2 7
43 34 9 2 5 6 0 3 4 1 7
43 35 8 4 5 6 7 0 1 2 3
43 35 8 4 5 6 7 1 2 0 3
43 35 8 4 0 6 7 1 5 2 3
43 35 8 0 7 6 1 5 4 2 3
43 35 8 7 6 0 1 5 4 2 3
43 35 8 7 4 6 1 5 0 2 3
43 35 8 7 5 3 0 1 4 2 6
43 35 8 7 5 2 3 1 4 0 6
43 35 8 0 4 6 3 5 7 2 1
43 35 8 5 4 6 3 7 2 1 0
43 35 8 5 4 0 3 7 2 6 1
43 35 8 7 5 6 3 4 2 1 0
43 35 8 7 5 0 3 4 2 6 1
43 35 8 0 5 6 3 2 4 1 7
43 35 8 5 7 6 3 0 4 2 1
43 35 8 1 7 6 3 5 4 2 0
43 35 8 7 6 2 3 5 4 0 1
43 35 8 7 4 6 3 5 2 0 1
43 35 8 5 6 0 2 7 4 1 3
43 35 8 7 3 5 2 6 4 0 1
43 35 8 6 0 3 5 7 4 2 1
43 35 8 6 0 5 7 3 4 2 1
43 35 8 3 4 5 1 7 6 0 2
43 35 8 3 5 1 2 0 4 6 7
43 36 7 0 3 6 2 5 4 1 7
43 36 7 0 7 5 6 3 4 2 1
43 36 7 6 3 5 2 7 0 4 1
43 36 7 6 3 0 2 7 4 5 1
43 36 7 4 3 5 2 7 6 0 1
43 36 7 4 0 5 2 7 3 6 1
43 36 7 1 5 6 7 0 3 4 2
43 36 7 1 0 6 7 3 5 4 2
43 36 7 7 3 5 1 4 0 2 6
43 36 7 1 5 3 7 0 4 6 2
43 36 7 5 3 6 0 1 4 2 7
43 37 6 0 5 1 7 3 4 6 2
43 37 6 4 3 5 6 7 2 1 0
43 37 6 5 6 2 7 3 4 1 0
43 37 6 1 0 3 7 5 4 2 6
43 37 6 1 3 7 0 5 4 2 6
43 38 5 0 3 5 7 4 2 6 1
43 38 5 1 3 5 7 4 0 2 6
43 38 5 7 3 5 0 1 4 6 2
43 38 5 1 3 5 2 4 0 6 7
43 38 5 0 3 5 2 1 4 6 7
43 38 5 1 3 5 0 2 4 6 7
43 38 5 0 1 5 7 3 4 6 2
43 38 5 1 4 5 7 3 0 6 2
43 38 5 2 3 5 7 1 4 6 0
43 39 4 0 3 5 7 2 4 6 1
43 41 2 1 3 5 7 2 4 6 0