0 0 0 3 5 6 0 7 4 2 1
12 0 12 3 5 6 1 7 4 2 0
14 0 14 3 5 6 7 0 4 2 1
16 0 16 3 5 0 6 7 4 2 1
17 0 17 3 5 6 2 7 4 0 1
18 0 18 0 5 6 3 7 4 2 1
24 14 10 3 5 6 7 1 4 2 0
25 12 13 3 5 6 1 7 4 0 2
26 12 14 3 5 6 1 0 4 2 7
27 12 15 3 5 0 1 7 4 2 6
27 14 13 3 5 6 7 4 0 2 1
29 14 15 0 5 6 7 3 4 2 1
29 14 15 3 0 6 7 5 4 2 1
30 12 18 0 5 6 1 7 4 2 3
30 17 13 3 5 6 2 7 4 1 0
31 16 15 3 0 5 6 7 4 2 1
31 16 15 3 5 2 6 7 4 0 1
31 17 14 3 5 0 2 7 4 6 1
31 18 13 1 5 6 3 7 4 2 0
33 18 15 7 5 6 3 0 4 2 1
34 17 17 3 5 6 2 7 0 4 1
34 24 10 3 5 6 7 1 4 0 2
35 18 17 5 0 6 3 7 4 2 1
36 24 12 3 5 0 7 1 4 2 6
37 18 19 4 5 6 3 7 0 2 1
37 24 13 3 5 6 0 1 4 2 7
37 25 12 3 5 0 1 7 4 6 2
38 27 11 3 5 6 7 4 2 0 1
39 24 15 0 5 6 7 1 4 2 3
39 27 12 3 0 5 1 7 4 2 6
39 27 12 3 5 2 1 7 4 0 6
40 25 15 3 5 6 1 7 0 4 2
40 26 14 3 5 6 1 4 0 2 7
40 27 13 3 5 1 0 7 4 2 6
40 29 11 1 5 6 7 3 4 2 0
41 27 14 3 0 6 7 4 5 2 1
42 26 16 0 5 6 1 3 4 2 7
42 26 16 3 0 6 1 5 4 2 7
42 29 13 0 3 6 7 5 4 2 1
42 29 13 3 6 0 7 5 4 2 1
43 31 12 1 5 6 3 7 4 0 2
43 34 9 3 5 0 7 1 4 6 2
44 29 15 5 0 6 7 3 4 2 1
44 29 15 3 4 6 7 5 0 2 1
44 30 14 7 5 6 1 0 4 2 3
44 30 14 1 5 6 0 7 4 2 3
44 30 14 3 5 6 0 7 4 1 2
44 31 13 3 5 2 6 7 4 1 0
44 31 13 3 0 5 2 7 4 6 1
44 31 13 3 5 2 0 7 4 6 1
44 31 13 1 5 6 3 0 4 2 7
45 30 15 3 5 6 2 0 4 1 7
45 31 14 1 5 0 3 7 4 2 6
45 36 9 3 0 5 7 1 4 2 6
45 36 9 3 5 2 7 1 4 0 6
46 29 17 7 5 6 0 3 4 2 1
46 30 16 5 0 6 1 7 4 2 3
46 30 16 3 5 0 2 7 4 1 6
46 31 15 0 3 5 6 7 4 2 1
46 33 13 7 5 6 3 1 4 2 0
46 34 12 3 5 6 7 1 0 4 2
47 36 11 3 5 7 0 1 4 2 6
47 38 9 3 5 6 7 4 2 1 0
48 29 19 4 5 6 7 3 0 2 1
48 31 17 3 4 5 6 7 0 2 1
48 31 17 3 5 2 6 7 0 4 1
48 37 11 3 0 5 1 7 4 6 2
48 38 10 3 5 0 7 4 2 6 1
49 30 19 0 5 6 2 7 4 1 3
49 33 16 7 5 6 3 4 0 2 1
49 37 12 3 5 1 0 7 4 6 2
49 39 10 1 5 6 7 0 4 2 3
49 39 10 3 5 2 1 7 4 6 0
50 30 20 4 5 6 1 7 0 2 3
50 33 17 7 0 6 3 5 4 2 1
50 34 16 3 5 6 2 0 7 4 1
50 40 10 1 5 6 7 3 4 0 2
51 34 17 3 0 6 2 7 5 4 1
51 37 14 3 5 0 6 1 4 2 7
51 39 12 0 3 5 1 7 4 2 6
51 42 9 1 3 6 7 5 4 2 0
51 43 8 3 0 5 7 1 4 6 2
52 35 17 5 6 0 3 7 4 2 1
52 35 17 5 4 6 3 7 0 2 1
52 37 15 3 5 6 2 1 4 0 7
52 39 13 5 0 6 7 1 4 2 3
52 40 12 3 5 6 1 4 2 0 7
52 40 12 3 5 1 7 0 4 2 6
52 40 12 1 5 0 7 3 4 2 6
52 45 7 3 5 2 7 1 4 6 0
53 37 16 4 5 6 3 0 7 2 1
53 37 16 4 5 6 3 7 2 0 1
53 37 16 4 0 6 3 7 5 2 1
53 37 16 0 5 6 3 1 4 2 7
53 39 14 3 4 5 1 7 0 2 6
53 39 14 3 5 2 1 7 0 4 6
53 40 13 3 5 1 6 7 4 2 0
53 40 13 1 5 6 0 3 4 2 7
53 43 10 3 5 7 0 1 4 6 2
54 39 15 7 5 6 0 1 4 2 3
54 40 14 3 5 6 1 0 7 4 2
54 42 12 5 3 6 7 0 4 2 1
54 42 12 3 6 2 7 5 4 0 1
54 43 11 1 5 0 3 7 4 6 2
54 45 9 0 3 5 7 1 4 2 6
55 40 15 3 0 6 1 4 5 2 7
55 40 15 3 5 1 2 7 4 0 6
55 41 14 0 3 6 7 4 5 2 1
55 41 14 3 6 0 7 4 5 2 1
56 39 17 4 5 6 7 1 0 2 3
56 40 16 3 0 6 1 7 5 4 2
56 40 16 0 5 1 3 7 4 2 6
56 42 14 0 3 6 1 5 4 2 7
56 42 14 3 6 0 1 5 4 2 7
56 42 14 3 4 6 1 5 0 2 7
56 42 14 3 6 7 0 5 4 2 1
56 44 12 3 5 2 7 0 4 6 1
56 45 11 1 0 5 3 7 4 2 6
56 45 11 1 5 3 0 7 4 2 6
56 45 11 1 5 2 3 7 4 0 6
56 45 11 3 4 5 7 1 0 2 6
56 45 11 3 5 2 7 1 0 4 6
57 42 15 7 5 6 1 3 4 2 0
57 42 15 7 3 6 0 5 4 2 1
57 43 14 1 5 6 3 7 0 4 2
57 44 13 3 4 6 7 5 2 0 1
57 44 13 3 5 6 7 0 4 1 2
57 44 13 3 5 2 0 7 4 1 6
57 44 13 0 3 5 2 7 4 6 1
57 44 13 1 5 6 3 4 0 2 7
57 44 13 1 0 6 3 5 4 2 7
57 46 11 1 3 5 6 7 4 2 0
57 48 9 3 0 5 7 4 2 6 1
58 42 16 5 0 6 1 3 4 2 7
58 44 14 1 5 0 6 7 4 2 3
58 45 13 3 5 6 0 2 4 1 7
58 46 12 3 5 6 7 0 1 4 2
58 47 11 3 5 7 6 1 4 2 0
59 42 17 4 3 6 7 5 0 2 1
59 44 15 5 6 0 7 3 4 2 1
59 44 15 3 4 6 7 0 5 2 1
59 44 15 7 5 6 1 4 0 2 3
59 44 15 1 5 6 2 7 4 0 3
59 44 15 3 5 0 6 7 4 1 2
59 44 15 3 5 2 6 0 4 1 7
59 44 15 3 4 5 2 7 0 6 1
59 46 13 3 0 5 2 7 4 1 6
59 46 13 7 3 5 6 0 4 2 1
59 46 13 7 5 6 3 1 4 0 2
59 46 13 3 0 6 7 1 5 4 2
59 47 12 3 5 0 7 4 2 1 6
59 48 11 0 3 5 1 7 4 6 2
59 48 11 3 5 7 0 4 2 6 1
59 50 9 1 5 0 7 3 4 6 2
59 51 8 1 3 6 7 5 4 0 2
59 51 8 0 3 5 7 1 4 6 2
60 42 18 4 5 6 1 3 0 2 7
60 44 16 0 5 2 3 7 4 6 1
60 45 15 3 5 6 2 4 0 1 7
60 46 14 6 3 5 0 7 4 2 1
60 47 13 3 5 7 1 0 4 2 6
60 47 13 3 5 7 2 1 4 0 6
60 47 13 3 5 6 0 4 2 1 7
60 47 13 3 5 6 7 0 2 1 4
60 49 11 3 5 1 2 7 4 6 0
60 49 11 3 5 1 7 0 4 6 2
60 49 11 1 5 6 7 4 0 2 3
60 54 6 1 3 5 7 0 4 2 6
61 44 17 5 4 6 7 3 0 2 1
61 44 17 7 0 6 1 5 4 2 3
61 44 17 0 5 6 3 7 4 1 2
61 45 16 3 0 6 2 5 4 1 7
61 46 15 7 5 0 3 1 4 2 6
61 47 14 0 5 7 3 1 4 2 6
61 48 13 3 4 5 1 7 0 6 2
61 49 12 3 5 2 1 0 4 6 7
61 51 10 7 3 5 1 0 4 2 6
61 51 10 1 3 5 0 7 4 2 6
61 51 10 1 3 0 7 5 4 2 6
61 51 10 3 4 5 7 1 0 6 2
61 52 9 1 0 5 7 3 4 2 6
61 52 9 1 5 2 7 3 4 0 6
62 45 17 0 5 6 2 3 4 1 7
62 46 16 5 6 0 1 7 4 2 3
62 47 15 0 5 6 7 4 2 1 3
62 49 13 1 0 6 7 5 4 2 3
62 50 12 1 5 6 7 3 0 4 2
62 51 11 1 3 6 0 5 4 2 7
62 51 11 1 3 6 7 0 4 2 5
62 52 10 3 5 1 7 6 4 2 0
62 53 9 3 5 7 2 1 4 6 0
63 44 19 0 5 2 6 7 4 1 3
63 46 17 7 5 0 6 3 4 2 1
63 48 15 4 5 6 7 3 2 0 1
63 48 15 3 4 5 6 7 2 0 1
63 49 14 7 5 6 3 4 2 0 1
63 51 12 6 3 5 1 7 4 2 0
63 52 11 3 5 6 1 4 2 7 0
63 52 11 3 5 0 1 4 2 6 7
63 52 11 3 5 1 7 4 0 2 6
63 52 11 1 5 7 0 3 4 2 6
63 52 11 3 5 2 0 1 4 6 7
63 54 9 6 3 5 7 1 4 2 0
64 46 18 7 5 6 2 3 4 0 1
64 46 18 5 4 6 1 7 0 2 3
64 48 16 4 5 6 7 0 3 2 1
64 48 16 3 4 5 6 0 7 2 1
64 48 16 3 5 2 6 0 7 4 1
64 48 16 3 0 2 6 7 5 4 1
64 49 15 7 5 6 2 0 4 1 3
64 49 15 0 5 1 3 7 4 6 2
64 50 14 3 5 6 2 1 7 4 0
64 51 13 3 0 5 6 1 4 2 7
64 51 13 3 5 2 6 1 4 0 7
64 52 12 3 5 6 2 1 4 7 0
64 52 12 3 5 0 2 1 4 6 7
64 54 10 5 3 6 7 1 4 2 0
64 54 10 3 6 2 7 5 4 1 0
64 54 10 1 0 5 3 7 4 6 2
64 54 10 1 5 3 0 7 4 6 2
64 59 5 1 3 5 7 0 4 6 2
65 46 19 4 3 5 6 7 0 2 1
65 49 16 2 5 6 0 7 4 1 3
65 49 16 3 5 1 6 7 4 0 2
65 49 16 0 5 2 1 7 4 6 3
65 50 15 7 6 0 3 5 4 2 1
65 50 15 7 4 6 3 5 0 2 1
65 50 15 3 5 6 0 2 7 4 1
65 52 13 5 6 0 7 1 4 2 3
65 52 13 0 5 1 7 3 4 2 6
65 52 13 3 0 1 7 5 4 2 6
65 52 13 0 5 2 7 1 4 6 3
65 53 12 3 4 5 1 7 2 0 6
65 53 12 3 5 7 1 0 4 6 2
65 54 11 3 5 6 1 2 7 4 0
65 54 11 7 3 5 0 1 4 2 6
65 55 10 1 3 6 7 4 5 2 0
65 56 9 1 5 2 3 7 4 6 0
65 56 9 3 4 5 7 1 2 0 6
65 57 8 3 5 6 7 2 4 1 0
66 48 18 4 0 6 7 3 5 2 1
66 49 17 5 0 6 2 7 4 1 3
66 49 17 7 0 6 3 4 5 2 1
66 50 16 4 5 6 1 7 2 0 3
66 50 16 0 7 6 3 5 4 2 1
66 53 13 3 4 5 1 0 7 2 6
66 53 13 3 5 2 1 0 7 4 6
66 53 13 0 5 7 3 1 4 6 2
66 56 10 1 5 3 7 0 4 2 6
66 57 9 1 3 5 2 7 4 6 0
66 57 9 0 3 5 7 4 2 6 1
66 59 7 1 3 0 7 5 4 6 2
66 59 7 2 3 5 7 1 4 6 0
66 60 6 3 5 1 7 2 4 6 0
66 60 6 1 3 5 7 6 4 2 0
66 64 2 1 3 5 7 2 4 6 0