0 0 0 1 3 0 4 5 2 6 7
1 0 1 1 0 3 4 5 2 6 7
1 0 1 1 3 4 0 5 2 6 7
1 0 1 1 3 6 4 5 2 0 7
2 1 1 0 1 3 4 5 2 6 7
2 1 1 1 2 3 4 5 0 6 7
2 1 1 1 3 4 7 5 2 6 0
2 1 1 1 3 6 4 5 0 2 7
2 1 1 1 3 6 4 5 2 7 0
3 1 2 0 3 4 1 5 2 6 7
3 2 1 5 1 3 4 0 2 6 7
3 2 1 1 2 3 4 0 5 6 7
3 2 1 1 2 3 4 5 6 0 7
3 2 1 1 3 4 7 5 2 0 6
3 2 1 1 3 6 4 0 5 2 7
3 2 1 1 0 6 4 5 3 2 7
3 2 1 1 3 6 0 5 2 7 4
4 1 3 1 3 4 5 0 2 6 7
4 1 3 1 3 4 6 5 2 0 7
4 2 2 4 1 3 0 5 2 6 7
4 2 2 1 3 4 7 0 2 6 5
4 2 2 1 3 6 4 0 2 7 5
4 3 1 3 0 4 1 5 2 6 7
4 3 1 5 3 4 1 0 2 6 7
4 3 1 5 1 3 4 2 0 6 7
4 3 1 0 2 3 4 1 5 6 7
4 3 1 1 2 3 4 5 6 7 0