0 0 0 1 2 7 6 0 3 5 4
7 0 7 1 2 7 6 3 0 5 4
7 0 7 1 2 7 6 4 3 5 0
8 0 8 0 2 7 6 1 3 5 4
9 0 9 1 0 7 6 2 3 5 4
9 0 9 1 2 7 0 6 3 5 4
14 7 7 1 2 7 6 3 5 0 4
14 7 7 1 2 7 6 4 3 0 5
14 7 7 1 2 7 0 4 3 5 6
14 9 5 1 2 7 4 6 3 5 0
15 7 8 1 0 7 6 3 2 5 4
15 9 6 1 3 7 6 2 0 5 4
16 7 9 1 2 0 6 4 3 5 7
16 9 7 1 7 0 6 2 3 5 4
16 9 7 1 2 0 7 6 3 5 4
17 7 10 0 2 7 6 4 3 5 1
17 8 9 2 0 7 6 1 3 5 4
17 8 9 6 2 7 0 1 3 5 4
17 8 9 4 2 7 6 1 3 5 0
17 9 8 0 1 7 6 2 3 5 4
18 8 10 3 2 7 6 1 0 5 4
18 9 9 0 2 7 1 6 3 5 4
18 9 9 1 2 7 5 6 3 0 4
20 14 6 1 2 7 6 3 5 4 0
20 14 6 1 2 0 6 3 5 7 4
20 14 6 1 2 0 6 4 3 7 5
20 14 6 1 2 7 4 6 3 0 5
21 14 7 1 2 7 6 4 0 3 5
21 14 7 1 2 0 7 4 3 5 6
21 14 7 1 2 7 4 0 3 5 6
21 15 6 1 3 7 6 2 5 0 4
22 14 8 1 2 0 4 6 3 5 7
22 15 7 1 3 7 6 0 2 5 4
22 16 6 1 7 5 6 2 3 0 4
22 16 6 1 2 5 7 6 3 0 4
23 14 9 0 2 7 1 4 3 5 6
23 14 9 1 2 7 5 4 3 0 6
23 14 9 0 2 7 4 6 3 5 1
23 15 8 1 7 0 6 3 2 5 4
23 16 7 1 2 6 0 4 3 5 7
23 16 7 1 2 5 6 4 3 0 7
23 16 7 1 7 6 0 2 3 5 4
23 16 7 1 0 2 7 6 3 5 4
23 17 6 6 2 7 4 1 3 5 0
24 15 9 0 1 7 6 3 2 5 4
24 16 8 1 0 2 6 4 3 5 7
24 18 6 1 2 7 5 6 3 4 0
24 18 6 1 2 0 5 6 3 7 4
25 17 8 4 2 7 6 0 3 5 1
25 17 8 2 3 7 6 1 0 5 4
25 17 8 6 2 0 7 1 3 5 4
25 17 8 4 2 7 6 1 3 0 5
25 17 8 4 2 7 0 1 3 5 6
25 18 7 1 2 7 5 6 0 3 4
25 20 5 1 2 0 4 6 3 7 5
26 17 9 2 0 7 6 4 3 5 1
26 17 9 6 2 7 0 4 3 5 1
26 17 9 2 7 0 6 1 3 5 4
26 17 9 2 1 7 6 0 3 5 4
26 17 9 6 1 7 0 2 3 5 4
26 17 9 4 1 7 6 2 3 5 0
26 18 8 3 2 7 6 0 1 5 4
26 18 8 3 2 7 6 1 5 0 4
26 18 8 6 2 7 1 0 3 5 4
26 20 6 1 2 6 0 3 5 7 4
26 20 6 1 2 6 0 4 3 7 5
26 20 6 1 2 7 4 6 0 3 5
26 21 5 1 3 7 6 2 5 4 0
27 17 10 3 2 7 6 4 0 5 1
27 17 10 6 2 7 5 1 3 0 4
27 17 10 4 2 0 6 1 3 5 7
27 17 10 3 1 7 6 2 0 5 4
27 18 9 3 0 7 6 1 2 5 4
27 18 9 2 0 7 1 6 3 5 4
27 18 9 4 2 7 1 6 3 5 0
27 20 7 1 2 7 0 3 5 4 6
27 20 7 1 0 2 6 3 5 7 4
27 20 7 1 0 2 6 4 3 7 5
27 21 6 1 2 5 7 4 3 0 6
27 21 6 1 2 7 4 3 0 5 6
27 21 6 1 3 0 6 2 5 7 4
27 22 5 1 7 5 6 2 3 4 0
27 22 5 1 2 5 7 6 3 4 0
28 18 10 3 2 7 1 6 0 5 4
28 20 8 1 2 7 6 0 5 4 3
28 21 7 1 2 7 6 0 4 3 5
28 21 7 1 0 2 7 4 3 5 6
28 21 7 0 2 7 4 1 3 5 6
28 22 6 1 2 5 4 6 3 0 7
28 22 6 1 7 5 6 2 0 3 4
28 22 6 1 2 5 7 6 0 3 4
28 23 5 1 2 5 6 4 3 7 0
29 20 9 1 2 0 6 3 5 4 7
29 21 8 1 0 7 6 4 2 3 5
29 22 7 1 0 2 4 6 3 5 7
29 22 7 1 2 4 0 6 3 5 7
29 22 7 1 3 7 6 4 2 5 0
29 23 6 1 2 7 5 4 3 6 0
29 23 6 1 2 0 5 4 3 7 6
29 23 6 1 2 6 7 4 3 5 0
29 23 6 1 7 6 4 2 3 5 0
29 23 6 1 3 2 7 6 0 5 4
30 20 10 0 2 7 6 3 5 4 1
30 21 9 1 0 7 4 2 3 5 6
30 22 8 0 3 7 6 1 2 5 4
30 23 7 1 2 7 5 4 0 3 6
30 23 7 6 2 7 4 0 3 5 1
30 23 7 1 7 5 6 3 2 0 4
30 23 7 1 2 5 6 4 0 3 7
30 23 7 6 2 7 4 1 3 0 5
30 24 6 1 2 5 0 6 3 7 4
30 26 4 1 2 6 4 3 5 7 0
31 22 9 1 3 7 0 6 2 5 4
31 23 8 4 2 7 1 0 3 5 6
31 23 8 2 0 7 4 6 3 5 1
31 23 8 1 7 6 0 3 2 5 4
31 23 8 1 2 6 4 0 3 5 7
31 23 8 0 1 2 7 6 3 5 4
31 24 7 1 3 2 6 4 0 5 7
31 24 7 1 2 7 0 6 3 4 5
31 24 7 1 0 2 5 6 3 7 4
31 25 6 1 2 7 5 0 6 3 4
31 25 6 1 0 2 4 6 3 7 5
31 25 6 1 2 4 0 6 3 7 5
31 26 5 1 2 6 5 4 3 7 0
31 26 5 1 2 7 4 0 6 3 5
31 27 4 1 2 5 7 4 3 6 0
32 23 9 2 0 7 1 4 3 5 6
32 23 9 6 2 7 1 4 3 5 0
32 23 9 4 2 7 0 6 3 5 1
32 23 9 3 2 7 4 6 0 5 1
32 23 9 0 2 6 1 4 3 5 7
32 23 9 1 2 6 5 4 3 0 7
32 23 9 0 7 6 1 2 3 5 4
32 23 9 1 7 6 5 2 3 0 4
32 23 9 6 2 0 4 1 3 5 7
32 24 8 1 2 7 5 0 3 4 6
32 25 7 6 2 5 7 1 3 0 4
32 25 7 4 2 0 6 1 3 7 5
32 26 6 1 3 7 0 2 5 4 6
32 28 4 1 2 5 4 6 3 7 0
33 23 10 3 2 7 1 4 0 5 6
33 23 10 1 7 6 2 0 3 5 4
33 24 9 3 1 7 6 0 2 5 4
33 24 9 0 1 2 6 4 3 5 7
33 24 9 1 2 0 5 6 3 4 7
33 25 8 4 2 7 6 3 0 5 1
33 25 8 2 3 7 6 0 1 5 4
33 25 8 2 3 7 6 1 5 0 4
33 25 8 6 0 2 7 1 3 5 4
33 25 8 4 2 7 6 1 0 3 5
33 25 8 4 2 0 7 1 3 5 6
33 25 8 1 0 7 5 6 2 3 4
33 26 7 6 1 0 7 2 3 5 4
33 26 7 6 1 7 4 2 3 5 0
33 26 7 3 2 7 6 1 5 4 0
33 26 7 3 2 0 6 1 5 7 4
33 26 7 1 2 6 4 0 3 7 5
33 26 7 1 0 7 4 6 2 3 5
33 27 6 1 2 5 7 4 0 3 6
33 27 6 1 2 7 4 3 5 0 6
33 27 6 1 0 3 6 2 5 7 4
33 27 6 1 3 6 0 2 5 7 4
33 27 6 1 7 5 0 2 3 4 6
34 24 10 6 1 7 0 3 2 5 4
34 24 10 4 1 7 6 3 2 5 0
34 24 10 0 2 7 5 6 3 4 1
34 26 8 2 3 7 6 4 0 5 1
34 26 8 6 2 0 7 4 3 5 1
34 26 8 2 7 5 6 1 3 0 4
34 26 8 4 1 7 6 2 3 0 5
34 26 8 4 1 7 0 2 3 5 6
34 26 8 0 2 7 6 3 1 5 4
34 26 8 3 2 7 6 4 1 5 0
34 26 8 6 2 7 1 3 0 5 4
34 26 8 0 2 6 1 3 5 7 4
34 26 8 1 2 6 3 0 5 7 4
34 26 8 0 2 6 1 4 3 7 5
34 26 8 1 3 7 6 0 5 4 2
34 26 8 1 3 0 6 2 5 4 7
34 27 7 6 2 7 5 1 3 4 0
34 27 7 6 2 0 5 1 3 7 4
34 27 7 1 2 0 7 3 5 4 6
34 27 7 1 5 2 6 3 0 7 4
34 27 7 1 3 2 6 4 0 7 5
34 27 7 1 0 7 4 3 2 5 6
34 27 7 1 2 5 0 6 3 4 7
34 27 7 1 2 5 7 0 3 4 6
34 28 6 1 2 7 6 5 0 4 3
34 28 6 1 2 7 6 5 4 3 0
34 28 6 1 3 2 7 4 0 5 6
34 28 6 1 2 5 4 6 0 3 7
34 28 6 1 0 5 6 2 7 3 4
34 28 6 1 2 5 7 0 6 3 4
34 28 6 1 0 5 7 6 2 3 4
34 28 6 1 2 5 0 4 3 7 6
35 24 11 2 1 7 6 3 0 5 4
35 25 10 4 0 7 6 2 3 5 1
35 25 10 4 2 7 5 1 3 0 6
35 26 9 2 7 0 6 4 3 5 1
35 26 9 2 7 6 0 1 3 5 4
35 26 9 2 1 7 6 4 3 5 0
35 26 9 1 2 6 7 3 5 0 4
35 26 9 1 2 6 7 4 3 0 5
35 26 9 0 3 7 6 2 5 4 1
35 27 8 3 2 7 6 0 4 5 1
35 27 8 3 2 7 6 4 5 0 1
35 27 8 6 2 7 5 1 0 3 4
35 27 8 4 2 6 0 1 3 5 7
35 27 8 4 2 5 6 1 3 0 7
35 27 8 3 1 7 6 2 5 0 4
35 27 8 3 0 7 6 2 1 5 4
35 27 8 2 3 7 1 6 0 5 4
35 27 8 4 2 7 1 6 3 0 5
35 27 8 0 1 2 6 3 5 7 4
35 27 8 0 1 2 6 4 3 7 5
35 27 8 1 7 5 6 0 3 4 2
35 28 7 3 2 7 1 0 6 5 4
35 28 7 1 7 5 6 0 2 3 4
35 28 7 1 2 5 6 0 3 7 4
35 29 6 1 2 4 7 6 3 5 0
35 29 6 1 3 2 7 0 6 5 4
35 29 6 1 3 2 7 6 5 0 4
35 31 4 1 2 7 4 5 6 3 0
36 26 10 6 2 7 5 4 3 0 1
36 26 10 6 1 7 5 2 3 0 4
36 26 10 4 1 7 6 0 3 5 2
36 26 10 4 1 0 6 2 3 5 7
36 26 10 3 2 7 0 6 1 5 4
36 26 10 6 0 7 1 2 3 5 4
36 27 9 3 0 7 6 4 2 5 1
36 27 9 4 0 2 6 1 3 5 7
36 27 9 3 7 0 6 1 2 5 4
36 27 9 2 7 0 1 6 3 5 4
36 27 9 0 2 7 1 3 5 4 6
36 27 9 1 2 7 3 0 5 4 6
36 27 9 1 7 0 6 2 3 4 5
36 27 9 0 7 5 6 2 3 4 1
36 27 9 1 2 0 7 6 3 4 5
36 27 9 0 2 5 7 6 3 4 1
36 28 8 3 2 7 1 6 5 0 4
36 28 8 0 2 7 6 1 5 4 3
36 28 8 0 2 7 6 1 4 3 5
36 28 8 1 0 7 6 2 4 3 5
36 28 8 0 1 2 7 4 3 5 6
36 28 8 2 0 7 4 1 3 5 6
36 29 7 1 2 6 0 3 5 4 7
36 29 7 1 2 4 6 3 5 0 7
36 29 7 1 3 2 4 6 0 5 7
36 29 7 1 3 7 6 4 2 0 5
36 29 7 1 3 7 0 4 2 5 6
36 29 7 1 2 7 0 4 3 6 5
36 29 7 1 0 2 5 4 3 7 6
36 29 7 1 7 6 4 2 3 0 5
36 30 6 1 3 7 4 2 0 5 6
36 30 6 1 7 5 6 3 2 4 0
36 30 6 1 2 5 6 0 4 3 7
36 30 6 6 2 0 4 1 3 7 5
36 30 6 1 2 6 4 3 5 0 7
36 30 6 1 2 6 4 0 5 7 3
36 31 5 1 2 4 5 6 3 7 0
37 26 11 2 1 7 0 6 3 5 4
37 26 11 6 1 7 2 0 3 5 4
37 27 10 4 2 0 1 6 3 5 7
37 28 9 3 0 7 1 6 2 5 4
37 28 9 1 0 7 6 2 5 4 3
37 28 9 1 2 7 0 6 5 4 3
37 28 9 1 2 7 0 6 4 3 5
37 28 9 3 2 7 4 1 0 5 6
37 28 9 0 2 5 6 4 3 7 1
37 29 8 1 0 2 6 3 5 4 7
37 29 8 1 7 0 6 4 2 3 5
37 29 8 0 1 2 4 6 3 5 7
37 29 8 1 2 7 5 0 3 6 4
37 29 8 1 2 6 7 0 3 5 4
37 29 8 1 7 6 4 0 3 5 2
37 30 7 1 7 0 4 2 3 5 6
37 30 7 1 2 7 5 0 4 3 6
37 30 7 6 2 7 4 3 0 5 1
37 30 7 1 7 5 6 3 0 2 4
37 30 7 1 0 5 6 4 2 3 7
37 30 7 6 2 7 4 1 0 3 5
37 30 7 1 2 0 4 3 5 7 6
37 31 6 1 3 0 7 6 2 5 4
37 31 6 1 3 7 4 6 2 5 0
37 31 6 1 7 6 4 3 2 5 0
37 31 6 1 2 6 4 3 0 5 7
37 31 6 1 2 6 4 7 3 5 0
37 31 6 1 3 2 6 0 4 5 7
37 31 6 1 2 7 5 4 6 3 0
37 31 6 1 3 2 4 6 0 7 5
37 31 6 0 2 7 4 1 6 3 5
37 31 6 1 2 5 0 4 3 6 7
37 31 6 1 2 5 7 0 3 6 4
37 32 5 1 3 0 7 2 5 4 6
37 33 4 1 2 6 4 5 3 7 0
38 29 9 0 1 7 6 4 2 3 5
38 29 9 0 2 4 1 6 3 5 7
38 29 9 1 2 4 6 0 3 5 7
38 29 9 1 2 4 5 6 3 0 7
38 29 9 1 3 0 6 4 2 5 7
38 29 9 1 2 0 5 4 3 6 7
38 30 8 3 2 7 6 0 5 4 1
38 30 8 0 1 7 4 2 3 5 6
38 30 8 1 0 7 5 4 2 3 6
38 30 8 0 2 5 1 6 3 7 4
38 30 8 0 2 6 4 3 5 7 1
38 31 7 0 2 6 4 1 3 5 7
38 31 7 1 3 2 6 4 5 0 7
38 31 7 1 3 2 5 6 0 7 4
38 31 7 0 2 7 5 1 6 3 4
38 31 7 1 2 7 0 5 6 3 4
38 31 7 0 1 2 4 6 3 7 5
38 31 7 1 2 6 5 0 3 7 4
38 32 6 3 2 7 4 0 6 5 1
38 32 6 1 7 6 5 2 3 4 0
38 32 6 1 7 0 5 2 3 6 4
38 32 6 6 2 5 7 1 3 4 0
38 32 6 1 2 5 4 0 3 7 6
38 33 5 1 2 6 4 3 0 7 5
38 33 5 1 2 5 7 0 4 3 6
38 33 5 1 2 7 4 3 5 6 0
38 33 5 1 3 6 4 2 5 7 0
39 29 10 0 3 7 6 4 2 5 1
39 29 10 0 2 7 5 4 3 6 1
39 29 10 0 2 6 7 4 3 5 1
39 29 10 0 7 6 4 2 3 5 1
39 30 9 2 0 7 6 3 5 4 1
39 30 9 6 2 7 0 3 5 4 1
39 30 9 6 3 7 0 1 2 5 4
39 30 9 4 3 7 6 1 2 5 0
39 31 8 4 2 7 1 3 0 5 6
39 31 8 2 7 0 4 6 3 5 1
39 31 8 2 3 7 4 6 0 5 1
39 31 8 6 1 2 7 0 3 5 4
39 31 8 0 1 2 5 6 3 7 4
39 31 8 0 2 4 1 6 3 7 5
39 31 8 1 2 4 6 0 3 7 5
39 31 8 1 0 7 4 2 6 3 5
39 31 8 1 2 7 0 4 6 3 5
39 31 8 1 2 0 7 4 3 6 5
39 31 8 0 2 5 7 4 3 6 1
39 32 7 3 2 7 4 6 5 0 1
39 32 7 1 2 6 5 4 0 3 7
39 32 7 1 7 6 5 2 0 3 4
39 32 7 6 2 5 4 1 3 0 7
39 32 7 1 2 7 5 3 0 4 6
39 32 7 6 2 5 7 1 0 3 4
39 32 7 4 2 6 0 1 3 7 5
39 33 6 6 1 5 7 2 3 0 4
39 33 6 0 2 6 4 1 3 7 5
39 33 6 1 0 5 7 4 2 3 6
39 33 6 1 5 3 6 2 0 7 4
39 34 5 1 2 6 3 5 0 7 4
39 34 5 1 3 2 7 0 4 5 6
39 34 5 1 2 5 4 0 6 3 7
39 35 4 1 2 7 4 5 6 0 3
40 30 10 5 2 7 6 3 0 4 1
40 30 10 6 0 7 4 2 3 5 1
40 31 9 0 3 7 1 6 2 5 4
40 31 9 1 3 7 5 6 2 0 4
40 31 9 1 0 6 4 2 3 5 7
40 31 9 4 1 2 7 6 3 5 0
40 31 9 0 2 7 1 6 3 4 5
40 31 9 1 2 7 6 0 3 4 5
40 31 9 1 0 7 5 2 6 3 4
40 31 9 1 2 4 7 6 3 0 5
40 31 9 0 2 6 5 4 3 7 1
40 32 8 2 3 7 1 4 0 5 6
40 32 8 6 2 7 1 4 3 0 5
40 32 8 4 2 0 7 6 3 5 1
40 32 8 3 0 7 4 6 2 5 1
40 32 8 4 2 6 1 0 3 5 7
40 32 8 7 0 6 1 2 3 5 4
40 32 8 6 0 2 4 1 3 5 7
40 32 8 6 2 4 0 1 3 5 7
40 32 8 0 2 7 5 1 3 4 6
40 32 8 1 2 7 0 5 3 4 6
40 32 8 4 0 2 6 1 3 7 5
40 32 8 0 3 7 1 2 5 4 6
40 32 8 1 3 7 4 2 5 0 6
40 32 8 0 2 5 4 6 3 7 1
40 33 7 0 3 7 6 2 1 5 4
40 33 7 2 3 7 6 1 5 4 0
40 33 7 6 3 2 7 1 0 5 4
40 33 7 4 2 5 7 1 3 0 6
40 33 7 6 0 1 7 2 3 5 4
40 33 7 3 2 6 0 1 5 7 4
40 33 7 1 7 0 4 6 2 3 5
40 33 7 0 1 3 6 2 5 7 4
40 33 7 1 3 6 7 2 5 0 4
40 33 7 1 7 0 5 2 3 4 6
40 34 6 1 2 6 3 4 5 7 0
40 34 6 1 3 6 0 2 5 4 7
40 34 6 1 3 4 6 2 5 0 7
40 34 6 1 3 2 6 0 4 7 5
40 34 6 1 2 5 7 3 0 4 6
40 34 6 1 2 7 6 5 4 0 3
40 34 6 1 2 7 0 5 4 3 6
40 34 6 1 3 2 7 4 5 0 6
40 34 6 1 2 5 7 4 6 3 0
40 35 5 1 3 2 7 6 5 4 0
40 36 4 1 2 6 4 5 0 7 3
41 31 10 4 0 7 1 2 3 5 6
41 31 10 0 7 6 1 3 2 5 4
41 31 10 1 7 6 3 0 2 5 4
41 31 10 1 7 6 5 3 2 0 4
41 31 10 7 1 2 0 6 3 5 4
41 31 10 3 1 2 7 6 0 5 4
41 32 9 2 7 0 1 4 3 5 6
41 32 9 2 0 6 1 4 3 5 7
41 32 9 7 2 6 1 4 3 5 0
41 32 9 2 7 6 1 0 3 5 4
41 32 9 4 7 6 1 2 3 5 0
41 32 9 1 0 7 5 2 3 4 6
41 32 9 1 3 7 2 0 5 4 6
41 33 8 3 2 7 1 0 4 5 6
41 33 8 3 2 7 1 4 5 0 6
41 33 8 1 7 6 2 3 0 5 4
41 33 8 1 7 6 2 4 3 5 0
41 33 8 1 0 2 5 6 3 4 7
41 33 8 4 2 7 6 3 5 0 1
41 33 8 2 3 7 6 4 1 5 0
41 33 8 2 3 0 6 1 5 7 4
41 33 8 0 6 2 7 1 3 5 4
41 33 8 4 2 7 6 0 1 3 5
41 33 8 4 0 2 7 1 3 5 6
41 33 8 1 7 0 5 6 2 3 4
41 33 8 6 1 7 4 2 3 0 5
41 33 8 3 2 7 0 1 5 4 6
41 33 8 3 0 2 6 1 5 7 4
41 33 8 1 0 6 4 2 3 7 5
41 33 8 0 1 7 4 6 2 3 5
41 33 8 0 3 6 1 2 5 7 4
41 33 8 0 7 5 1 2 3 4 6
41 33 8 1 7 5 4 2 3 0 6
41 34 7 6 1 7 4 3 2 5 0
41 34 7 2 3 7 6 0 4 5 1
41 34 7 6 2 5 7 4 3 0 1
41 34 7 2 7 5 6 1 3 4 0
41 34 7 4 1 0 7 2 3 5 6
41 34 7 3 2 6 1 0 5 7 4
41 34 7 0 2 6 3 1 5 7 4
41 34 7 4 2 6 1 0 3 7 5
41 34 7 1 3 7 6 5 0 4 2
41 34 7 1 0 3 6 2 5 4 7
41 34 7 6 2 5 0 1 3 7 4
41 34 7 1 0 2 7 3 5 4 6
41 34 7 1 2 4 7 3 5 0 6
41 34 7 1 5 2 6 0 3 7 4
41 34 7 1 3 2 6 4 7 0 5
41 34 7 1 7 0 4 3 2 5 6
41 34 7 0 2 5 7 1 3 4 6
41 34 7 1 0 5 7 2 3 4 6
41 34 7 1 0 7 6 5 2 4 3
41 34 7 1 0 5 4 6 2 3 7
41 34 7 0 1 5 6 2 7 3 4
41 34 7 1 5 0 6 2 7 3 4
41 34 7 0 2 5 7 1 6 3 4
41 34 7 1 0 5 7 2 6 3 4
41 34 7 0 1 5 7 6 2 3 4
41 34 7 1 5 0 7 6 2 3 4
41 35 6 1 2 6 7 3 5 4 0
41 35 6 1 2 0 7 3 5 6 4
41 35 6 4 2 5 6 1 3 7 0
41 35 6 1 2 5 6 3 0 7 4
41 35 6 1 3 2 7 4 6 5 0
41 35 6 1 3 0 7 6 5 2 4
41 35 6 1 2 0 4 5 6 3 7
41 36 5 1 2 4 6 3 5 7 0
42 32 10 6 2 0 1 4 3 5 7
42 32 10 4 2 7 5 6 3 0 1
42 32 10 3 2 6 1 4 0 5 7
42 32 10 3 7 6 1 2 0 5 4
42 33 9 3 0 7 1 4 2 5 6
42 33 9 0 7 6 2 1 3 5 4
42 33 9 3 1 7 6 4 2 5 0
42 33 9 4 1 2 6 0 3 5 7
42 33 9 4 0 7 6 3 2 5 1
42 33 9 4 0 7 6 1 2 3 5
42 33 9 0 1 7 5 6 2 3 4
42 33 9 6 1 7 4 0 3 5 2
42 33 9 1 3 6 2 0 5 7 4
42 33 9 1 7 5 2 0 3 4 6
42 34 8 6 1 0 7 3 2 5 4
42 34 8 6 2 7 5 0 3 4 1
42 34 8 2 3 7 6 4 5 0 1
42 34 8 6 0 2 7 4 3 5 1
42 34 8 2 7 5 6 1 0 3 4
42 34 8 4 1 7 6 2 0 3 5
42 34 8 4 1 0 6 2 3 7 5
42 34 8 3 2 7 6 4 1 0 5
42 34 8 3 2 7 0 4 1 5 6
42 34 8 6 2 7 1 3 5 0 4
42 34 8 2 0 6 1 3 5 7 4
42 34 8 4 2 6 1 3 5 7 0
42 34 8 2 0 6 1 4 3 7 5
42 34 8 5 2 6 1 4 3 7 0
42 34 8 0 3 7 6 1 5 4 2
42 34 8 6 2 7 0 1 3 4 5
42 34 8 6 0 2 5 1 3 7 4
42 34 8 1 5 2 6 3 7 0 4
42 34 8 0 1 7 4 3 2 5 6
42 34 8 1 2 0 6 5 4 3 7
42 34 8 1 2 5 0 7 6 3 4
42 34 8 0 2 5 1 4 3 7 6
42 35 7 4 3 7 6 2 0 5 1
42 35 7 4 2 7 5 1 3 6 0
42 35 7 4 2 0 5 1 3 7 6
42 35 7 2 7 6 4 1 3 5 0
42 35 7 1 2 6 7 3 0 5 4
42 35 7 1 2 6 7 4 0 3 5
42 35 7 3 2 7 6 4 5 1 0
42 35 7 3 2 0 6 4 5 7 1
42 35 7 4 2 6 7 1 3 5 0
42 35 7 3 1 7 6 2 5 4 0
42 35 7 4 2 0 1 6 3 7 5
42 35 7 1 7 5 6 3 0 4 2
42 35 7 0 2 7 1 3 6 5 4
42 35 7 3 2 7 1 4 6 5 0
42 35 7 1 7 5 6 4 2 3 0
42 35 7 0 2 5 6 1 3 7 4
42 35 7 0 3 2 7 1 6 5 4
42 35 7 0 2 7 4 5 6 3 1
42 36 6 3 2 7 4 6 1 5 0
42 36 6 1 2 7 3 5 0 4 6
42 36 6 1 7 0 6 2 4 3 5
42 36 6 1 3 2 4 0 6 5 7
42 36 6 1 3 0 7 4 2 5 6
42 36 6 1 7 0 4 2 3 6 5
42 36 6 1 2 5 6 7 4 3 0
42 36 6 1 2 0 4 3 5 6 7
42 36 6 0 2 6 4 1 5 7 3
42 37 5 1 3 5 7 6 2 0 4
42 37 5 1 3 2 4 0 6 7 5
42 37 5 1 2 5 7 3 0 6 4
42 37 5 1 3 4 7 2 5 0 6
42 37 5 1 2 6 4 5 3 0 7
42 37 5 1 2 6 0 5 3 7 4
42 39 3 1 2 0 4 5 6 7 3
43 33 10 1 0 6 2 7 3 5 4
43 33 10 6 1 2 0 4 3 5 7
43 33 10 7 1 2 6 4 3 5 0
43 33 10 2 3 7 0 6 1 5 4
43 33 10 6 1 0 4 2 3 5 7
43 33 10 3 2 0 6 1 5 4 7
43 34 9 4 1 7 6 3 2 0 5
43 34 9 4 1 7 0 3 2 5 6
43 34 9 2 0 7 5 6 3 4 1
43 34 9 5 2 7 0 6 3 4 1
43 34 9 2 0 7 6 3 1 5 4
43 34 9 6 2 7 0 3 1 5 4
43 34 9 4 2 7 6 3 1 5 0
43 34 9 6 0 7 1 3 2 5 4
43 34 9 5 2 6 1 3 0 7 4
43 34 9 1 0 6 3 2 5 7 4
43 34 9 3 2 6 1 4 0 7 5
43 34 9 1 3 7 0 6 5 4 2
43 34 9 0 2 5 1 6 3 4 7
43 34 9 1 2 5 6 0 3 4 7
43 34 9 1 2 5 0 7 3 4 6
43 34 9 0 2 7 6 5 4 3 1
43 35 8 0 4 7 6 2 3 5 1
43 35 8 4 7 0 6 2 3 5 1
43 35 8 4 2 7 5 1 0 3 6
43 35 8 2 7 5 6 4 3 0 1
43 35 8 3 0 7 6 2 5 4 1
43 35 8 2 3 7 6 0 5 4 1
43 35 8 6 3 7 0 2 5 4 1
43 35 8 0 2 7 6 3 4 5 1
43 35 8 3 2 7 6 1 4 5 0
43 35 8 6 2 7 5 0 1 3 4
43 35 8 4 2 5 6 1 0 3 7
43 35 8 3 1 0 6 2 5 7 4
43 35 8 3 7 0 6 2 1 5 4
43 35 8 2 3 7 1 0 6 5 4
43 35 8 2 3 7 1 6 5 0 4
43 35 8 4 2 7 1 6 0 3 5
43 35 8 3 1 2 6 0 5 7 4
43 35 8 4 1 2 6 0 3 7 5
43 35 8 0 7 5 6 1 3 4 2
43 35 8 0 7 5 6 1 2 3 4
43 35 8 1 0 5 6 2 3 7 4
43 35 8 1 2 4 7 0 3 5 6
43 36 7 6 2 7 5 4 3 1 0
43 36 7 6 2 0 5 4 3 7 1
43 36 7 6 1 7 5 2 3 4 0
43 36 7 4 1 5 6 2 3 0 7
43 36 7 6 3 7 1 2 0 5 4
43 36 7 1 2 7 3 6 5 4 0
43 36 7 1 0 7 6 2 3 4 5
43 36 7 1 7 6 0 2 3 4 5
43 36 7 1 7 4 6 2 3 0 5
43 36 7 7 0 5 6 2 3 4 1
43 36 7 1 0 2 7 6 3 4 5
43 36 7 2 0 5 7 6 3 4 1
43 36 7 6 2 5 7 0 3 4 1
43 36 7 3 2 7 1 6 5 4 0
43 36 7 3 2 0 1 6 5 7 4
43 36 7 0 1 7 6 2 4 3 5
43 36 7 1 4 7 6 2 0 3 5
43 36 7 1 2 4 6 3 0 5 7
43 36 7 1 3 2 4 6 5 0 7
43 36 7 1 3 7 6 4 0 2 5
43 36 7 1 3 0 6 4 2 7 5
43 36 7 1 3 2 5 4 0 7 6
43 36 7 1 7 6 4 2 0 3 5
43 36 7 1 3 7 4 0 2 5 6
43 36 7 1 7 5 0 3 2 4 6
43 36 7 0 2 5 6 1 4 3 7
43 36 7 1 0 5 6 2 4 3 7
43 36 7 6 0 2 4 1 3 7 5
43 36 7 6 2 4 0 1 3 7 5
43 36 7 1 2 4 5 0 3 7 6
43 37 6 1 2 0 7 6 4 3 5
43 37 6 1 2 7 5 6 4 3 0
43 37 6 1 0 2 4 3 5 7 6
43 37 6 1 2 4 0 3 5 7 6
43 37 6 1 2 6 4 7 3 0 5
43 37 6 1 3 2 6 7 4 5 0
43 37 6 1 2 7 5 4 6 0 3
43 37 6 0 2 5 7 1 3 6 4
43 37 6 1 0 5 7 2 3 6 4
43 37 6 1 0 3 7 2 5 4 6
43 37 6 1 2 0 4 5 3 7 6
43 38 5 1 2 0 7 5 6 3 4
43 38 5 1 7 5 0 2 3 6 4
43 38 5 1 2 5 4 3 0 7 6
43 38 5 1 2 5 7 6 4 3 0
44 33 11 3 1 7 0 6 2 5 4
44 33 11 3 1 2 6 4 0 5 7
44 34 10 4 1 7 6 0 2 5 3
44 34 10 3 2 7 5 6 0 4 1
44 34 10 4 1 7 5 2 3 0 6
44 34 10 3 2 0 6 4 1 5 7
44 34 10 0 2 7 6 4 1 5 3
44 34 10 1 0 7 6 3 5 4 2
44 34 10 6 2 0 5 1 3 4 7
44 35 9 2 1 7 6 3 5 0 4
44 35 9 2 7 6 0 4 3 5 1
44 35 9 2 1 7 6 4 3 0 5
44 35 9 2 1 7 0 4 3 5 6
44 35 9 5 3 7 6 2 0 4 1
44 35 9 3 0 7 6 2 4 5 1
44 35 9 6 0 7 5 1 2 3 4
44 35 9 6 1 2 0 3 5 7 4
44 35 9 4 1 2 6 3 5 7 0
44 35 9 6 1 2 0 4 3 7 5
44 35 9 5 1 2 6 4 3 7 0
44 35 9 1 0 5 6 7 3 4 2
44 35 9 1 7 5 0 6 3 4 2
44 35 9 3 2 7 0 1 6 5 4
44 35 9 1 0 5 6 7 2 3 4
44 35 9 1 7 5 0 6 2 3 4
44 35 9 1 0 2 7 3 6 5 4
44 35 9 1 3 2 0 7 6 5 4
44 36 8 6 2 7 5 4 0 3 1
44 36 8 6 1 7 5 2 0 3 4
44 36 8 6 1 0 5 2 3 7 4
44 36 8 4 0 1 6 2 3 5 7
44 36 8 4 1 6 0 2 3 5 7
44 36 8 3 2 0 7 6 1 5 4
44 36 8 0 6 7 1 2 3 5 4
44 36 8 6 7 0 1 2 3 5 4
44 36 8 4 3 2 6 1 0 5 7
44 36 8 3 7 5 6 1 2 0 4
44 36 8 2 7 5 1 6 3 0 4
44 36 8 3 2 7 1 0 5 4 6
44 36 8 0 2 7 3 1 5 4 6
44 36 8 2 7 5 6 0 3 4 1
44 36 8 6 7 5 0 2 3 4 1
44 36 8 2 0 7 6 1 4 3 5
44 36 8 4 1 2 7 0 3 5 6
44 36 8 2 7 0 4 1 3 5 6
44 36 8 2 3 7 4 1 0 5 6
44 36 8 1 2 7 4 0 3 6 5
44 36 8 0 1 2 5 4 3 7 6
44 36 8 1 7 5 6 0 2 4 3
44 36 8 1 2 5 0 6 4 3 7
44 36 8 1 0 6 4 2 5 7 3
44 36 8 1 2 6 0 4 5 7 3
44 37 7 2 1 7 4 6 3 5 0
44 37 7 1 7 0 6 2 5 4 3
44 37 7 1 5 7 6 2 0 4 3
44 37 7 1 2 0 7 6 5 4 3
44 37 7 3 2 7 4 0 1 5 6
44 37 7 3 2 7 4 1 5 0 6
44 37 7 4 2 5 6 0 3 7 1
44 37 7 1 7 3 6 4 2 0 5
44 37 7 1 2 7 5 3 0 6 4
44 37 7 1 7 6 4 3 0 5 2
44 37 7 1 7 4 0 2 3 5 6
44 37 7 6 2 7 4 3 5 0 1
44 37 7 1 7 5 6 0 3 2 4
44 37 7 1 0 5 6 3 7 2 4
44 37 7 6 2 7 4 0 1 3 5
44 37 7 1 0 3 7 6 2 5 4
44 37 7 1 3 7 4 6 2 0 5
44 37 7 1 7 6 4 3 2 0 5
44 37 7 1 0 6 4 3 2 5 7
44 37 7 1 2 6 0 7 3 5 4
44 37 7 0 3 2 6 1 4 5 7
44 37 7 1 3 2 4 6 7 0 5
44 37 7 2 0 7 4 1 6 3 5
44 37 7 5 2 7 4 1 6 3 0
44 37 7 0 2 6 4 5 3 7 1
44 38 6 1 3 5 6 4 2 0 7
44 38 6 3 2 6 4 0 5 7 1
44 38 6 1 3 2 6 4 5 7 0
44 38 6 1 3 2 5 0 6 7 4
44 38 6 1 2 6 5 3 0 7 4
44 38 6 0 2 7 4 3 6 5 1
44 38 6 3 2 7 4 1 6 5 0
44 38 6 1 0 7 5 2 3 6 4
44 38 6 0 2 5 4 1 3 7 6
44 38 6 1 2 6 4 3 7 0 5
44 38 6 1 0 6 4 3 2 7 5
44 38 6 0 2 5 7 1 4 3 6
44 38 6 1 0 5 7 2 4 3 6
44 38 6 1 3 6 4 2 5 0 7
44 39 5 1 2 4 6 5 3 7 0
44 39 5 6 2 5 4 1 3 7 0
44 39 5 6 1 5 7 2 3 4 0
44 39 5 1 3 2 7 6 4 5 0
44 39 5 1 2 5 4 7 6 3 0
44 39 5 1 2 7 4 5 0 6 3
44 40 4 1 3 7 4 2 5 6 0
44 40 4 1 3 6 7 2 5 4 0
44 40 4 1 3 0 7 2 5 6 4
44 40 4 1 3 2 7 4 5 6 0
44 41 3 1 2 3 4 5 6 0 7
45 34 11 6 1 7 3 0 2 5 4
45 34 11 6 1 7 5 3 2 0 4
45 34 11 4 1 0 6 3 2 5 7
45 34 11 4 1 7 2 0 3 5 6
45 35 10 3 2 7 0 6 4 5 1
45 35 10 4 2 6 5 1 3 0 7
45 35 10 5 1 2 6 3 0 7 4
45 35 10 3 1 2 6 4 0 7 5
45 35 10 3 0 7 1 2 6 5 4
45 35 10 0 2 4 7 6 3 5 1
45 36 9 4 1 7 6 3 0 5 2
45 36 9 0 1 7 6 4 3 5 2
45 36 9 0 2 7 3 6 1 5 4
45 36 9 3 7 0 6 4 2 5 1
45 36 9 0 4 2 6 1 3 5 7
45 36 9 3 7 6 0 1 2 5 4
45 36 9 2 7 1 0 6 3 5 4
45 36 9 2 0 7 1 3 5 4 6
45 36 9 6 2 7 1 3 5 4 0
45 36 9 1 0 7 3 2 5 4 6
45 36 9 3 7 5 6 2 0 4 1
45 36 9 7 2 5 0 6 3 4 1
45 36 9 3 2 5 7 6 0 4 1
45 36 9 2 0 7 6 1 5 4 3
45 36 9 6 2 7 0 1 5 4 3
45 36 9 6 2 7 0 1 4 3 5
45 36 9 5 2 7 6 1 4 3 0
45 36 9 6 1 2 7 4 3 5 0
45 36 9 0 2 6 1 3 5 4 7
45 36 9 1 2 6 3 0 5 4 7
45 36 9 0 3 7 1 4 2 5 6
45 36 9 1 3 7 5 4 2 0 6
45 36 9 0 2 7 1 4 3 6 5
45 36 9 0 2 4 5 6 3 7 1
45 37 8 2 1 0 7 6 3 5 4
45 37 8 4 2 1 0 6 3 5 7
45 37 8 4 2 5 1 6 3 0 7
45 37 8 0 1 7 6 2 5 4 3
45 37 8 1 2 7 4 6 5 0 3
45 37 8 3 0 7 4 1 2 5 6
45 37 8 2 0 5 6 4 3 7 1
45 37 8 6 2 5 0 4 3 7 1
45 37 8 1 5 2 6 3 0 4 7
45 37 8 1 7 6 0 4 2 3 5
45 37 8 6 1 2 4 0 3 5 7
45 37 8 0 2 7 5 1 3 6 4
45 37 8 1 2 7 0 5 3 6 4
45 37 8 0 2 6 7 1 3 5 4
45 37 8 1 0 6 7 2 3 5 4
45 37 8 0 7 6 4 1 3 5 2
45 37 8 0 2 7 5 1 4 3 6
45 37 8 1 0 7 5 2 4 3 6
45 37 8 6 0 7 4 3 2 5 1
45 37 8 0 1 5 6 4 2 3 7
45 37 8 1 5 0 6 4 2 3 7
45 37 8 6 0 7 4 1 2 3 5
45 37 8 1 7 6 4 0 2 5 3
45 37 8 1 2 0 4 7 3 5 6
45 37 8 1 3 2 0 6 4 5 7
45 37 8 1 2 0 5 4 6 3 7
45 37 8 4 2 7 0 1 6 3 5
45 37 8 0 2 5 1 4 3 6 7
45 37 8 1 2 5 4 0 3 6 7
45 37 8 1 2 5 0 7 3 6 4
45 38 7 1 2 4 6 7 3 5 0
45 38 7 1 2 4 5 6 0 3 7
45 38 7 1 0 3 6 4 2 5 7
45 38 7 1 3 6 0 4 2 5 7
45 38 7 1 0 2 5 4 3 6 7
45 38 7 3 2 7 6 5 0 4 1
45 38 7 6 2 5 1 0 3 7 4
45 38 7 2 0 6 4 3 5 7 1
45 38 7 1 3 0 6 4 5 2 7
45 38 7 1 3 2 5 6 7 0 4
45 38 7 0 2 7 1 5 6 3 4
45 38 7 1 2 7 3 5 6 0 4
45 38 7 6 1 2 4 0 3 7 5
45 38 7 0 2 6 5 1 3 7 4
45 38 7 1 2 7 0 3 5 6 4
45 38 7 1 2 7 4 0 5 6 3
45 38 7 1 3 6 4 0 5 7 2
45 39 6 1 2 4 6 3 0 7 5
45 39 6 1 7 0 4 2 6 3 5
45 39 6 1 2 0 7 4 6 3 5
45 39 6 1 0 2 7 4 3 6 5
45 39 6 2 0 5 7 4 3 6 1
45 39 6 4 2 5 7 0 3 6 1
45 39 6 3 2 7 4 6 5 1 0
45 39 6 3 2 0 4 6 5 7 1
45 39 6 4 2 6 5 1 3 7 0
45 39 6 6 1 5 7 2 0 3 4
45 39 6 1 5 3 6 0 2 7 4
45 39 6 1 2 6 3 5 7 0 4
45 39 6 1 0 6 3 5 2 7 4
45 39 6 0 3 2 7 1 4 5 6
45 39 6 0 2 5 4 1 6 3 7
45 40 5 1 2 7 6 5 3 4 0
45 40 5 4 2 5 7 1 3 6 0
45 40 5 3 2 6 4 1 5 7 0
45 40 5 1 3 6 7 2 0 5 4
45 40 5 1 3 4 6 2 5 7 0
45 40 5 1 2 5 7 3 4 0 6
45 40 5 1 2 0 6 5 4 7 3
45 40 5 1 2 6 4 5 7 0 3
45 40 5 1 0 6 4 5 2 7 3
45 41 4 1 7 5 4 2 3 6 0
45 41 4 1 3 5 7 2 0 4 6
45 42 3 1 3 4 7 2 5 6 0
45 44 1 1 2 3 4 5 6 7 0