0 0 0 1 2 7 6 0 3 5 4
13 0 13 1 2 7 6 3 0 5 4
13 0 13 1 2 7 6 4 3 5 0
14 0 14 1 2 7 0 6 3 5 4
15 0 15 1 0 7 6 2 3 5 4
16 0 16 0 2 7 6 1 3 5 4
22 14 8 1 2 7 4 6 3 5 0
24 13 11 1 2 7 6 3 5 0 4
25 13 12 1 2 7 0 4 3 5 6
26 13 13 1 2 7 6 4 3 0 5
26 15 11 1 3 7 6 2 0 5 4
27 14 13 1 2 0 7 6 3 5 4
28 13 15 1 0 7 6 3 2 5 4
28 13 15 1 2 0 6 4 3 5 7
28 14 14 1 2 7 5 6 3 0 4
29 15 14 1 7 0 6 2 3 5 4
30 14 16 0 2 7 1 6 3 5 4
30 15 15 0 1 7 6 2 3 5 4
31 16 15 4 2 7 6 1 3 5 0
31 22 9 1 2 7 4 6 3 0 5
32 16 16 2 0 7 6 1 3 5 4
33 13 20 0 2 7 6 4 3 5 1
33 16 17 6 2 7 0 1 3 5 4
33 16 17 3 2 7 6 1 0 5 4
33 22 11 1 2 0 4 6 3 5 7
34 22 12 1 2 7 4 0 3 5 6
34 24 10 1 2 7 6 3 5 4 0
34 24 10 1 2 0 6 3 5 7 4
36 25 11 1 2 0 7 4 3 5 6
36 26 10 1 3 7 6 2 5 0 4
37 25 12 1 2 7 5 4 3 0 6
37 27 10 1 2 5 7 6 3 0 4
38 22 16 0 2 7 4 6 3 5 1
38 26 12 1 2 0 6 4 3 7 5
38 26 12 1 3 7 6 0 2 5 4
38 28 10 1 2 7 5 6 3 4 0
39 28 11 1 2 0 5 6 3 7 4
39 31 8 1 2 0 4 6 3 7 5
40 26 14 1 2 7 6 4 0 3 5
40 27 13 1 0 2 7 6 3 5 4
40 28 12 1 2 5 6 4 3 0 7
40 29 11 1 7 5 6 2 3 0 4
41 25 16 0 2 7 1 4 3 5 6
41 28 13 1 2 6 0 4 3 5 7
41 28 13 1 2 7 5 6 0 3 4
41 31 10 1 2 7 4 6 0 3 5
41 33 8 1 2 5 4 6 3 0 7
42 28 14 1 0 2 6 4 3 5 7
42 29 13 1 7 6 0 2 3 5 4
43 28 15 1 7 0 6 3 2 5 4
43 33 10 1 0 2 4 6 3 5 7
43 33 10 1 2 4 0 6 3 5 7
44 30 14 4 2 7 1 6 3 5 0
44 30 14 6 1 7 0 2 3 5 4
44 34 10 1 2 6 0 3 5 7 4
44 36 8 1 2 5 7 4 3 0 6
44 36 8 1 3 7 6 2 5 4 0
45 28 17 0 1 7 6 3 2 5 4
45 30 15 2 0 7 1 6 3 5 4
45 30 15 2 1 7 6 0 3 5 4
45 30 15 4 1 7 6 2 3 5 0
45 30 15 3 1 7 6 2 0 5 4
45 31 14 4 2 7 6 1 3 0 5
45 33 12 6 2 7 4 1 3 5 0
45 34 11 1 2 7 4 3 0 5 6
45 34 11 1 0 2 6 3 5 7 4
45 37 8 1 2 7 5 4 3 6 0
45 37 8 1 2 5 7 6 3 4 0
46 30 16 6 2 7 1 0 3 5 4
46 30 16 3 2 7 1 6 0 5 4
46 31 15 4 2 7 0 1 3 5 6
46 33 13 3 2 7 6 1 5 0 4
46 34 12 1 2 7 0 3 5 4 6
47 31 16 4 2 0 6 1 3 5 7
47 32 15 2 3 7 6 1 0 5 4
47 34 13 1 0 7 4 2 3 5 6
47 34 13 1 2 0 6 3 5 4 7
47 36 11 1 0 2 7 4 3 5 6
47 41 6 1 2 5 4 6 3 7 0
48 31 17 4 2 7 6 0 3 5 1
48 32 16 2 7 0 6 1 3 5 4
48 33 15 6 2 0 7 1 3 5 4
48 33 15 3 2 7 6 0 1 5 4
48 33 15 3 0 7 6 1 2 5 4
48 34 14 0 2 7 4 1 3 5 6
48 34 14 1 2 7 6 0 5 4 3
48 36 12 1 3 0 6 2 5 7 4
48 37 11 1 2 7 5 4 0 3 6
48 37 11 1 2 5 7 6 0 3 4
48 38 10 1 3 7 6 4 2 5 0
48 39 9 1 0 2 4 6 3 7 5
48 39 9 1 2 4 0 6 3 7 5
49 33 16 6 2 7 5 1 3 0 4
49 37 12 1 2 0 5 4 3 7 6
49 39 10 1 2 5 0 6 3 7 4
49 40 9 1 7 5 6 2 3 4 0
50 33 17 2 0 7 6 4 3 5 1
50 33 17 6 2 7 0 4 3 5 1
50 38 12 1 2 6 0 4 3 7 5
50 38 12 1 2 7 0 6 3 4 5
50 38 12 1 2 7 5 0 3 4 6
50 40 10 1 2 5 6 4 3 7 0
50 41 9 1 2 7 4 0 6 3 5
50 41 9 1 2 5 4 6 0 3 7
50 44 6 1 2 6 4 3 5 7 0
50 44 6 1 2 5 7 4 3 6 0
51 33 18 3 2 7 6 4 0 5 1
51 38 13 1 0 2 6 4 3 7 5
51 38 13 1 3 7 0 6 2 5 4
51 39 12 1 0 2 5 6 3 7 4
51 40 11 1 3 2 7 6 0 5 4
51 41 10 1 2 6 7 4 3 5 0
52 34 18 0 2 7 6 3 5 4 1
52 38 14 2 0 7 4 6 3 5 1
52 38 14 1 2 0 5 6 3 4 7
52 40 12 1 7 5 6 2 0 3 4
52 43 9 1 3 2 4 6 0 5 7
52 44 8 1 3 7 0 2 5 4 6
53 38 15 6 2 7 4 0 3 5 1
53 38 15 3 2 7 4 6 0 5 1
53 38 15 0 3 7 6 1 2 5 4
53 40 13 1 2 7 6 0 4 3 5
53 40 13 1 2 5 6 4 0 3 7
53 41 12 1 2 6 4 0 3 5 7
53 41 12 1 2 7 5 0 6 3 4
53 41 12 1 0 7 5 6 2 3 4
53 41 12 1 0 7 4 6 2 3 5
53 42 11 1 7 6 4 2 3 5 0
53 43 10 1 2 4 7 6 3 5 0
53 44 9 1 2 5 7 4 0 3 6
54 38 16 4 2 7 0 6 3 5 1
54 40 14 1 0 7 6 4 2 3 5
54 45 9 1 2 7 4 3 5 0 6
55 40 15 0 1 2 7 6 3 5 4
55 41 14 2 0 7 1 4 3 5 6
55 41 14 1 2 6 5 4 3 0 7
55 42 13 1 3 2 6 4 0 5 7
55 42 13 1 7 6 5 2 3 0 4
55 43 12 0 1 2 4 6 3 5 7
55 43 12 1 2 4 5 6 3 0 7
55 44 11 6 1 7 4 2 3 5 0
55 44 11 1 2 6 3 0 5 7 4
55 45 10 1 2 5 7 0 3 4 6
56 38 18 0 2 7 5 6 3 4 1
56 41 15 4 2 7 1 0 3 5 6
56 41 15 6 2 7 1 4 3 5 0
56 41 15 3 2 7 1 4 0 5 6
56 43 13 1 7 5 6 3 2 0 4
56 43 13 1 2 4 6 0 3 5 7
56 44 12 6 1 0 7 2 3 5 4
56 45 11 1 2 5 0 6 3 4 7
56 47 9 1 3 7 4 2 0 5 6
56 47 9 1 2 4 6 3 5 0 7
56 47 9 1 3 2 7 4 0 5 6
56 48 8 1 3 2 4 6 0 7 5
56 48 8 1 2 4 5 6 3 7 0
56 50 6 1 2 7 4 5 6 3 0
57 43 14 0 2 4 1 6 3 5 7
57 44 13 4 2 7 1 6 3 0 5
57 44 13 6 1 7 5 2 3 0 4
57 44 13 1 3 7 6 0 5 4 2
57 44 13 1 3 0 6 2 5 4 7
57 45 12 3 1 7 6 2 5 0 4
57 45 12 1 5 2 6 3 0 7 4
57 45 12 1 2 7 0 4 3 6 5
57 45 12 1 2 7 5 0 3 6 4
57 47 10 1 2 5 4 0 3 7 6
57 48 9 1 3 7 0 4 2 5 6
58 41 17 0 2 6 1 4 3 5 7
58 42 16 0 1 2 6 4 3 5 7
58 43 15 1 7 6 0 3 2 5 4
58 44 14 0 2 6 1 3 5 7 4
58 44 14 1 2 6 7 3 5 0 4
58 45 13 4 1 7 0 2 3 5 6
58 45 13 4 2 0 6 1 3 7 5
58 45 13 6 2 7 4 1 3 0 5
58 45 13 1 0 7 4 3 2 5 6
58 45 13 0 1 2 6 3 5 7 4
58 45 13 1 2 0 5 4 3 6 7
58 46 12 3 2 7 1 6 5 0 4
58 46 12 3 2 7 6 1 5 4 0
58 46 12 3 2 0 6 1 5 7 4
58 46 12 1 2 0 7 3 5 4 6
58 47 11 1 2 6 0 3 5 4 7
58 48 10 1 2 7 5 0 4 3 6
58 48 10 1 0 7 5 4 2 3 6
58 48 10 1 2 5 7 0 6 3 4
58 48 10 1 0 5 7 6 2 3 4
58 49 9 1 7 5 0 2 3 4 6
58 50 8 1 2 5 4 0 6 3 7
58 50 8 1 2 6 4 3 5 0 7
59 42 17 0 7 6 1 2 3 5 4
59 42 17 1 7 6 2 0 3 5 4
59 44 15 4 2 0 1 6 3 5 7
59 45 14 3 1 7 6 0 2 5 4
59 45 14 2 3 7 1 6 0 5 4
59 45 14 2 1 7 6 4 3 5 0
59 45 14 3 0 7 6 2 1 5 4
59 46 13 3 2 7 1 0 6 5 4
59 46 13 1 2 7 3 0 5 4 6
59 47 12 1 7 0 4 2 3 5 6
59 47 12 1 0 2 6 3 5 4 7
59 48 11 1 0 3 6 2 5 7 4
59 48 11 1 3 6 0 2 5 7 4
59 48 11 1 3 7 6 4 2 0 5
59 48 11 0 1 2 4 6 3 7 5
59 52 7 1 3 2 4 6 5 0 7
59 52 7 1 3 0 7 2 5 4 6
60 44 16 0 3 7 6 2 5 4 1
60 45 15 2 7 0 1 6 3 5 4
60 45 15 2 1 7 6 3 0 5 4
60 45 15 4 1 7 6 2 3 0 5
60 45 15 4 2 7 6 1 0 3 5
60 45 15 6 2 0 4 1 3 5 7
60 45 15 1 2 0 7 6 3 4 5
60 46 14 3 0 7 1 6 2 5 4
60 47 13 4 2 5 6 1 3 0 7
60 47 13 2 3 7 6 1 5 0 4
60 47 13 0 1 7 4 2 3 5 6
60 47 13 0 1 2 7 4 3 5 6
60 48 12 6 2 5 7 1 3 0 4
60 48 12 1 2 7 6 5 0 4 3
60 48 12 1 2 4 6 0 3 7 5
60 49 11 1 2 5 0 4 3 7 6
60 50 10 1 2 6 4 0 5 7 3
60 50 10 1 2 0 4 3 5 7 6
60 50 10 1 2 5 0 4 3 6 7
60 50 10 1 2 5 7 0 3 6 4
60 51 9 1 3 7 4 6 2 5 0
60 52 8 1 3 2 4 0 6 5 7
61 45 16 6 1 7 0 3 2 5 4
61 45 16 4 1 7 6 3 2 5 0
61 45 16 2 1 7 0 6 3 5 4
61 45 16 0 2 7 5 4 3 6 1
61 45 16 0 2 5 7 6 3 4 1
61 46 15 4 2 0 7 1 3 5 6
61 47 14 4 2 6 0 1 3 5 7
61 47 14 0 2 5 4 6 3 7 1
61 48 13 0 2 4 1 6 3 7 5
61 48 13 1 2 4 7 6 3 0 5
61 49 12 6 2 7 5 1 3 4 0
61 49 12 1 0 2 5 4 3 7 6
61 50 11 1 2 6 5 4 3 7 0
61 50 11 1 2 6 4 0 3 7 5
61 50 11 1 0 7 5 2 3 4 6
61 50 11 1 0 5 4 6 2 3 7
61 51 10 1 3 0 7 6 2 5 4
61 51 10 1 3 2 7 0 6 5 4
61 51 10 1 3 2 7 6 5 0 4
61 53 8 1 2 5 7 0 4 3 6
61 53 8 1 0 5 7 4 2 3 6
61 54 7 1 2 7 4 3 5 6 0
62 44 18 6 1 7 2 0 3 5 4
62 45 17 4 1 7 6 0 3 5 2
62 46 16 6 2 7 1 3 0 5 4
62 46 16 6 0 7 1 2 3 5 4
62 46 16 4 2 7 5 1 3 0 6
62 46 16 0 2 7 1 3 5 4 6
62 47 15 4 0 2 6 1 3 5 7
62 47 15 2 3 7 6 0 1 5 4
62 48 14 3 2 7 6 4 1 5 0
62 48 14 2 0 7 4 1 3 5 6
62 48 14 1 0 7 6 2 5 4 3
62 48 14 1 2 7 0 6 5 4 3
62 48 14 1 3 0 6 4 2 5 7
62 49 13 1 2 5 6 0 3 7 4
62 50 12 1 2 7 5 3 0 4 6
62 50 12 0 2 7 4 1 6 3 5
62 51 11 1 3 7 5 6 2 0 4
62 51 11 1 3 2 5 6 0 7 4
62 52 10 1 3 7 4 2 5 0 6
63 45 18 4 1 0 6 2 3 5 7
63 48 15 2 7 5 6 1 3 0 4
63 48 15 6 0 2 7 1 3 5 4
63 48 15 3 2 7 4 1 0 5 6
63 49 14 0 2 5 1 6 3 7 4
63 49 14 1 7 5 6 0 3 4 2
63 50 13 1 2 7 0 5 3 4 6
63 50 13 1 2 0 7 4 3 6 5
63 51 12 1 3 2 6 4 0 7 5
63 51 12 1 2 6 7 4 3 0 5
63 53 10 1 2 7 6 5 4 3 0
63 53 10 1 2 6 4 3 0 5 7
63 53 10 1 2 6 4 7 3 5 0
63 53 10 1 2 7 5 4 6 3 0
63 55 8 1 2 6 3 5 0 7 4
63 56 7 1 2 4 6 3 5 7 0
63 56 7 1 3 2 4 0 6 7 5
63 56 7 1 2 7 4 5 6 0 3
64 48 16 4 2 7 6 3 0 5 1
64 48 16 2 7 6 0 1 3 5 4
64 48 16 0 2 7 6 3 1 5 4
64 48 16 3 2 7 0 6 1 5 4
64 48 16 3 7 0 6 1 2 5 4
64 48 16 0 2 7 6 1 5 4 3
64 49 15 6 2 7 5 1 0 3 4
64 49 15 6 2 0 5 1 3 7 4
64 50 14 0 2 7 5 1 3 4 6
64 50 14 1 0 7 4 2 6 3 5
64 50 14 1 2 7 0 4 6 3 5
64 50 14 0 2 6 4 3 5 7 1
64 50 14 0 2 5 7 4 3 6 1
64 52 12 1 0 5 6 2 7 3 4
64 52 12 0 3 7 1 2 5 4 6
64 53 11 3 2 7 4 6 5 0 1
64 53 11 1 2 7 0 5 6 3 4
64 55 9 1 7 6 5 2 3 4 0
64 55 9 1 2 6 3 4 5 7 0
64 55 9 1 0 5 7 2 3 4 6
64 56 8 1 3 2 7 0 4 5 6
64 56 8 1 3 2 7 4 5 0 6
64 56 8 1 3 2 4 6 7 0 5
64 56 8 1 2 0 4 5 6 3 7
64 59 5 1 3 2 4 6 5 7 0
65 48 17 0 3 7 6 4 2 5 1
65 49 16 1 7 0 6 2 3 4 5
65 50 15 2 3 7 6 4 0 5 1
65 50 15 6 2 0 7 4 3 5 1
65 50 15 1 2 7 6 0 3 4 5
65 51 14 0 1 2 5 6 3 7 4
65 51 14 1 2 6 7 0 3 5 4
65 52 13 2 3 7 4 6 0 5 1
65 52 13 1 0 2 5 6 3 4 7
65 52 13 1 7 5 6 0 2 3 4
65 52 13 1 3 7 2 0 5 4 6
65 53 12 3 2 7 4 0 6 5 1
65 53 12 1 2 5 6 0 4 3 7
65 53 12 1 0 5 6 4 2 3 7
65 53 12 1 0 7 5 2 6 3 4
65 53 12 1 7 0 4 6 2 3 5
65 55 10 1 7 0 5 2 3 6 4
65 55 10 1 2 5 7 3 0 4 6
65 56 9 6 1 5 7 2 3 0 4
65 57 8 1 3 0 7 4 2 5 6
66 49 17 0 7 5 6 2 3 4 1
66 50 16 6 2 7 5 4 3 0 1
66 50 16 0 2 6 1 4 3 7 5
66 50 16 0 2 7 1 6 3 4 5
66 51 15 3 2 7 6 0 4 5 1
66 51 15 3 2 7 6 4 5 0 1
66 51 15 3 0 7 6 4 2 5 1
66 51 15 0 1 2 6 4 3 7 5
66 51 15 0 3 7 1 6 2 5 4
66 52 14 2 7 0 4 6 3 5 1
66 53 13 0 2 6 4 1 3 5 7
66 53 13 1 7 0 5 6 2 3 4
66 53 13 1 7 6 4 2 3 0 5
66 53 13 1 2 4 7 0 3 5 6
66 55 11 1 3 2 6 4 5 0 7
66 55 11 1 2 4 5 6 0 3 7
66 56 10 1 3 7 4 0 2 5 6
66 57 9 6 1 7 5 2 3 4 0
66 57 9 1 2 5 4 3 0 7 6
66 57 9 1 3 7 5 4 2 0 6
66 58 8 1 2 5 7 4 6 3 0
66 58 8 1 2 5 4 7 6 3 0
66 58 8 1 2 0 4 3 5 6 7
66 59 7 1 3 4 7 2 5 0 6
67 48 19 4 0 7 6 2 3 5 1
67 52 15 3 2 7 6 0 5 4 1
67 53 14 6 3 7 0 1 2 5 4
67 53 14 1 0 7 6 2 4 3 5
67 53 14 1 2 7 0 6 4 3 5
67 53 14 0 1 7 5 6 2 3 4
67 53 14 0 1 7 4 6 2 3 5
67 53 14 1 7 6 4 0 3 5 2
67 55 12 2 3 7 1 4 0 5 6
67 55 12 1 3 2 6 0 4 5 7
67 55 12 1 7 6 5 2 0 3 4
67 55 12 7 1 2 4 6 3 5 0
67 55 12 0 2 6 3 1 5 7 4
67 55 12 0 2 5 7 1 3 4 6
67 56 11 1 7 5 6 3 2 4 0
67 56 11 1 2 4 6 3 0 5 7
67 56 11 1 2 4 6 7 3 5 0
67 57 10 1 3 6 0 2 5 4 7
67 57 10 3 1 7 6 2 5 4 0
67 59 8 1 3 6 4 2 5 7 0
67 59 8 1 0 3 7 2 5 4 6
67 60 7 1 2 4 6 5 3 7 0
67 61 6 1 2 6 4 5 3 7 0
67 63 4 1 3 2 4 5 6 7 0
67 64 3 1 2 3 4 5 6 0 7
68 50 18 2 7 0 6 4 3 5 1
68 50 18 0 2 5 6 4 3 7 1
68 52 16 2 0 7 6 3 5 4 1
68 53 15 6 2 7 4 3 0 5 1
68 53 15 3 0 7 4 6 2 5 1
68 53 15 4 3 7 6 1 2 5 0
68 53 15 1 0 6 4 2 3 5 7
68 53 15 0 2 7 5 1 6 3 4
68 55 13 1 2 6 5 4 0 3 7
68 55 13 6 1 2 4 0 3 5 7
68 55 13 3 1 2 4 6 0 5 7
68 55 13 6 1 7 4 2 3 0 5
68 56 12 3 2 7 1 0 4 5 6
68 56 12 3 2 7 1 4 5 0 6
68 56 12 3 0 7 1 4 2 5 6
68 56 12 1 2 4 5 0 3 7 6
68 57 11 1 3 4 6 2 5 0 7
68 57 11 1 0 7 5 2 3 6 4
68 58 10 1 2 7 5 6 4 3 0
68 58 10 1 0 7 5 2 4 3 6
68 58 10 1 0 5 7 2 6 3 4
68 58 10 1 7 0 5 2 3 4 6
68 59 9 1 2 7 3 6 5 4 0
68 59 9 1 7 5 4 2 3 0 6
68 59 9 1 3 0 4 6 5 2 7
68 60 8 1 2 6 4 5 0 7 3
68 60 8 1 3 2 4 7 6 5 0
68 61 7 1 3 7 5 2 0 4 6
68 61 7 1 3 5 7 6 2 0 4
68 62 6 1 3 7 4 2 5 6 0
68 67 1 1 2 3 4 5 6 7 0