0 0 0 1 5 0 2 3 6 7 4
10 0 10 1 5 2 0 3 6 7 4
11 0 11 1 0 5 2 3 6 7 4
12 0 12 1 5 7 2 3 6 0 4
16 10 6 1 5 2 4 3 6 7 0
21 10 11 1 5 2 3 0 6 7 4
23 10 13 1 5 2 7 3 6 0 4
23 12 11 1 5 7 2 3 6 4 0
24 10 14 0 5 2 1 3 6 7 4
24 11 13 0 1 5 2 3 6 7 4
24 11 13 1 6 5 2 3 0 7 4
24 16 8 1 5 2 4 3 6 0 7
25 12 13 1 5 7 2 3 0 6 4
26 16 10 1 5 2 4 0 6 7 3
27 16 11 1 5 0 4 3 6 7 2
30 16 14 0 5 2 4 3 6 7 1
30 21 9 1 5 2 3 4 6 7 0
30 21 9 1 0 2 3 5 6 7 4
31 21 10 1 5 2 3 6 0 7 4
32 23 9 1 5 2 7 3 6 4 0
33 21 12 0 5 2 3 1 6 7 4
34 23 11 1 5 2 7 3 0 6 4
34 24 10 1 5 2 4 3 0 6 7
34 24 10 1 5 0 4 3 6 2 7
35 23 12 1 5 0 7 3 6 2 4
35 23 12 1 5 7 0 3 6 4 2
35 26 9 1 0 2 4 5 6 7 3
36 23 13 1 5 7 2 0 6 4 3
36 24 12 5 0 2 1 3 6 7 4
36 24 12 3 5 2 1 0 6 7 4
36 24 12 4 5 2 1 3 6 7 0
36 24 12 3 1 5 2 0 6 7 4
36 24 12 2 1 5 0 3 6 7 4
36 24 12 4 1 5 2 3 6 7 0
36 26 10 1 5 2 4 6 0 7 3
36 27 9 1 0 5 4 3 6 7 2
36 30 6 1 2 0 3 5 6 7 4
37 23 14 1 5 0 2 3 6 4 7
37 24 13 1 6 5 2 0 3 7 4
37 24 13 1 6 5 2 3 7 0 4
37 25 12 1 5 7 2 0 3 6 4
37 27 10 1 5 4 0 3 6 7 2
37 27 10 1 5 7 4 3 6 0 2
38 25 13 1 0 7 2 3 5 6 4
38 26 12 0 5 2 4 1 6 7 3
39 30 9 0 1 2 3 5 6 7 4
39 30 9 1 6 2 3 5 0 7 4
40 26 14 1 5 2 0 4 6 7 3
40 30 10 1 5 2 3 4 6 0 7
40 31 9 1 0 2 3 6 5 7 4
41 24 17 6 5 2 1 3 0 7 4
41 24 17 6 1 5 2 3 0 7 4
41 30 11 5 0 2 4 3 6 7 1
41 30 11 3 5 2 4 0 6 7 1
41 31 10 1 5 2 3 6 7 0 4
41 35 6 1 2 0 4 5 6 7 3
41 36 5 1 2 3 0 5 6 7 4
42 23 19 0 5 7 2 3 6 4 1
42 41 1 1 2 3 4 5 6 7 0