0 0 0 1 5 0 2 3 6 7 4
6 0 6 1 0 5 2 3 6 7 4
6 0 6 1 5 2 0 3 6 7 4
7 0 7 1 5 7 2 3 6 0 4
10 6 4 1 5 2 4 3 6 7 0
13 6 7 0 1 5 2 3 6 7 4
13 6 7 1 6 5 2 3 0 7 4
13 7 6 1 5 7 2 3 6 4 0
14 6 8 0 5 2 1 3 6 7 4
14 6 8 1 5 2 3 0 6 7 4
14 7 7 1 5 7 2 3 0 6 4
15 6 9 1 5 2 7 3 6 0 4
16 10 6 1 5 2 4 3 6 0 7
16 10 6 1 5 2 4 0 6 7 3
17 10 7 1 5 0 4 3 6 7 2
18 10 8 0 5 2 4 3 6 7 1
20 13 7 3 1 5 2 0 6 7 4
20 13 7 1 6 5 2 0 3 7 4
20 13 7 1 6 5 2 3 7 0 4
20 13 7 1 5 7 0 3 6 4 2
20 14 6 1 5 2 3 4 6 7 0
21 13 8 2 1 5 0 3 6 7 4
21 13 8 4 1 5 2 3 6 7 0
21 13 8 1 5 7 2 0 6 4 3
21 14 7 5 0 2 1 3 6 7 4
21 14 7 3 5 2 1 0 6 7 4
21 14 7 1 5 2 3 6 0 7 4
21 14 7 0 5 2 3 1 6 7 4
21 14 7 1 0 2 3 5 6 7 4
21 14 7 1 5 7 2 0 3 6 4
21 14 7 1 0 7 2 3 5 6 4
21 15 6 1 5 2 7 3 0 6 4
21 15 6 1 5 2 7 3 6 4 0
22 13 9 1 5 0 2 3 6 4 7
22 14 8 4 5 2 1 3 6 7 0
22 15 7 1 5 0 7 3 6 2 4
22 16 6 1 5 0 4 3 6 2 7
22 16 6 1 5 2 4 6 0 7 3
22 16 6 0 5 2 4 1 6 7 3
22 16 6 1 0 2 4 5 6 7 3
22 17 5 1 0 5 4 3 6 7 2
23 13 10 6 1 5 2 3 0 7 4
23 13 10 0 5 7 2 3 6 4 1
23 16 7 1 5 2 4 3 0 6 7
23 17 6 1 5 4 0 3 6 7 2
23 17 6 1 5 7 4 3 6 0 2
24 14 10 6 5 2 1 3 0 7 4
24 16 8 1 5 2 0 4 6 7 3
24 18 6 5 0 2 4 3 6 7 1
24 18 6 3 5 2 4 0 6 7 1
25 21 4 1 2 0 3 5 6 7 4
25 22 3 1 2 0 4 5 6 7 3
26 18 8 4 5 2 0 3 6 7 1
26 20 6 1 6 5 2 3 7 4 0
26 21 5 2 1 5 4 3 6 7 0
27 18 9 6 5 2 4 3 0 7 1
27 20 7 3 1 5 2 4 6 7 0
27 20 7 1 6 5 2 4 3 7 0
27 20 7 1 5 0 7 3 6 4 2
27 20 7 1 5 2 3 4 6 0 7
27 21 6 5 2 0 1 3 6 7 4
27 21 6 0 1 2 3 5 6 7 4
27 21 6 1 6 2 3 5 0 7 4
27 21 6 1 5 2 7 0 3 6 4
27 21 6 1 0 2 7 3 5 6 4
27 22 5 0 1 2 4 5 6 7 3
27 22 5 1 6 2 4 5 0 7 3
28 20 8 3 1 5 2 6 0 7 4
28 20 8 0 6 5 2 1 3 7 4
28 20 8 1 6 5 0 2 3 7 4
28 20 8 1 6 0 2 3 7 5 4
28 20 8 1 5 0 3 4 6 7 2
28 21 7 2 1 0 5 3 6 7 4
28 21 7 4 1 5 0 3 6 7 2
28 21 7 3 5 2 1 4 6 7 0
28 21 7 1 0 2 3 6 5 7 4
28 21 7 5 0 2 3 1 6 7 4
28 21 7 1 5 7 2 4 3 6 0
28 21 7 1 7 0 2 3 5 6 4
28 21 7 1 5 2 0 3 6 4 7
28 22 6 1 0 5 7 3 6 2 4
28 22 6 1 0 5 4 3 6 2 7
28 22 6 1 0 2 4 6 5 7 3
28 22 6 5 0 2 4 1 6 7 3
28 22 6 0 1 5 4 3 6 7 2
28 22 6 1 6 5 4 3 0 7 2
28 23 5 1 5 4 2 3 6 7 0
28 23 5 1 5 7 4 3 6 2 0
28 25 3 1 2 3 0 5 6 7 4
29 20 9 3 0 5 2 1 6 7 4
29 20 9 3 1 5 0 2 6 7 4
29 20 9 1 0 5 2 6 3 7 4
29 20 9 0 5 7 1 3 6 4 2
29 20 9 1 5 7 3 0 6 4 2
29 20 9 0 5 2 3 4 6 7 1
29 21 8 4 1 5 2 3 6 0 7
29 21 8 4 1 5 2 0 6 7 3
29 21 8 1 5 7 2 6 0 4 3
29 21 8 0 5 7 2 1 6 4 3
29 21 8 1 0 7 2 5 6 4 3
29 21 8 5 6 2 1 3 0 7 4
29 21 8 3 5 2 1 6 0 7 4
29 21 8 3 0 2 1 5 6 7 4
29 21 8 1 5 2 3 6 7 0 4
29 21 8 3 5 2 0 1 6 7 4
29 21 8 4 5 2 3 1 6 7 0
29 21 8 0 5 7 2 1 3 6 4
29 21 8 1 5 7 0 2 3 6 4
29 21 8 0 1 7 2 3 5 6 4
29 21 8 1 5 2 7 0 6 4 3
29 22 7 1 0 5 2 3 6 4 7
29 22 7 1 5 4 2 3 6 0 7
29 22 7 1 5 7 0 3 6 2 4
29 22 7 1 5 4 0 3 6 2 7
29 22 7 1 5 2 4 6 7 0 3
29 22 7 3 5 2 4 1 6 7 0
29 24 5 5 2 0 4 3 6 7 1
29 25 4 1 2 4 0 5 6 7 3
29 25 4 1 2 7 4 5 6 0 3
29 28 1 1 2 3 4 5 6 7 0