0 0 0 1 5 0 2 3 6 7 4
6 0 6 1 0 5 2 3 6 7 4
6 0 6 1 5 2 0 3 6 7 4
4 0 4 1 5 2 4 3 6 7 0
6 0 6 1 5 2 4 3 6 0 7
6 0 6 1 5 2 4 0 6 7 3
6 0 6 1 5 0 4 3 6 2 7
6 0 6 1 5 2 4 6 0 7 3
6 0 6 0 5 2 4 1 6 7 3
6 0 6 1 0 2 4 5 6 7 3
3 0 3 1 2 0 4 5 6 7 3
4 0 4 1 2 4 0 5 6 7 3
3 0 3 1 2 4 3 5 6 7 0
4 0 4 1 2 7 4 5 6 0 3
3 0 3 1 2 7 4 5 6 3 0
5 0 5 0 1 2 4 5 6 7 3
5 0 5 1 6 2 4 5 0 7 3
5 0 5 1 2 4 3 5 6 0 7
5 0 5 1 2 7 4 5 0 6 3
5 0 5 1 2 7 0 5 6 3 4
5 0 5 1 2 0 3 5 6 4 7
4 0 4 1 2 3 0 5 6 4 7
3 0 3 1 2 3 7 5 6 4 0
4 0 4 1 2 3 7 5 6 0 4
5 0 5 1 2 0 7 5 6 3 4
5 0 5 1 2 3 4 5 6 0 7
1 0 1 1 2 3 4 5 6 7 0