0 0 0 2 6 5 3 0 1 7 4
7 0 7 0 6 5 3 2 1 7 4
8 0 8 2 6 5 3 1 0 7 4
8 0 8 2 6 5 3 4 1 7 0
10 0 10 2 0 5 3 6 1 7 4
10 0 10 2 6 5 0 3 1 7 4
14 7 7 6 0 5 3 2 1 7 4
15 7 8 3 6 5 0 2 1 7 4
15 7 8 4 6 5 3 2 1 7 0
15 7 8 1 6 5 3 2 0 7 4
15 8 7 2 0 5 3 1 6 7 4
16 8 8 2 6 5 3 1 7 0 4
16 8 8 2 6 5 3 4 1 0 7
16 8 8 2 6 5 0 4 1 7 3
16 10 6 2 6 5 4 3 1 7 0
17 10 7 0 2 5 3 6 1 7 4
18 8 10 2 6 0 3 4 1 7 5
18 8 10 0 6 5 3 4 1 7 2
18 10 8 2 5 0 3 6 1 7 4
18 10 8 2 1 5 3 6 0 7 4
18 10 8 2 6 0 5 3 1 7 4
19 10 9 0 6 5 2 3 1 7 4
19 10 9 2 6 5 7 3 1 0 4
21 14 7 6 1 5 3 2 0 7 4
21 15 6 3 6 5 4 2 1 7 0
21 15 6 1 6 5 3 2 7 0 4
21 15 6 1 0 5 3 2 6 7 4
21 15 6 0 2 5 3 1 6 7 4
22 14 8 6 5 0 3 2 1 7 4
22 15 7 4 6 5 3 2 1 0 7
22 15 7 4 6 5 0 2 1 7 3
22 15 7 1 6 5 3 0 2 7 4
22 15 7 2 5 0 3 1 6 7 4
23 15 8 3 6 0 5 2 1 7 4
23 15 8 3 6 5 7 2 1 0 4
23 16 7 2 6 5 3 1 7 4 0
24 15 9 4 6 5 3 0 1 7 2
24 16 8 2 6 5 3 4 0 1 7
24 16 8 2 6 0 5 4 1 7 3
24 16 8 2 6 5 4 3 1 0 7
24 16 8 2 6 5 4 0 1 7 3
24 17 7 6 2 5 3 0 1 7 4
25 15 10 3 6 5 2 0 1 7 4
25 15 10 4 6 0 3 2 1 7 5
25 16 9 2 6 0 3 1 7 5 4
25 16 9 2 6 0 3 4 1 5 7
25 16 9 0 6 5 2 4 1 7 3
25 16 9 2 6 5 7 4 1 0 3
25 16 9 2 6 0 4 3 1 7 5
25 16 9 0 6 5 4 3 1 7 2
25 17 8 3 2 5 0 6 1 7 4
25 17 8 4 2 5 3 6 1 7 0
25 17 8 1 2 5 3 6 0 7 4
25 18 7 2 6 3 0 4 1 7 5
25 18 7 2 5 3 0 6 1 7 4
25 18 7 2 1 5 3 0 6 7 4
25 19 6 2 6 5 7 3 1 4 0
26 18 8 2 0 6 3 4 1 7 5
26 18 8 6 0 5 3 4 1 7 2
26 18 8 2 1 5 3 6 7 0 4
26 18 8 2 0 6 5 3 1 7 4
26 19 7 2 6 5 7 3 0 1 4
26 21 5 1 6 5 3 2 7 4 0
26 21 5 1 2 5 3 0 6 7 4
27 18 9 2 6 7 3 4 1 0 5
27 18 9 3 6 5 0 4 1 7 2
27 18 9 1 6 5 3 4 0 7 2
27 18 9 2 5 7 3 6 1 0 4
27 18 9 2 6 7 5 3 1 0 4
27 19 8 6 0 5 2 3 1 7 4
27 19 8 2 6 0 7 3 1 5 4
27 21 6 1 5 0 3 2 6 7 4
28 19 9 4 6 5 2 3 1 7 0
28 19 9 1 6 5 2 3 0 7 4
28 21 7 6 1 5 3 2 7 0 4
28 21 7 3 6 5 4 2 1 0 7
28 21 7 1 6 0 3 2 7 5 4
28 21 7 0 1 5 3 2 6 7 4
28 21 7 3 2 5 0 1 6 7 4
28 21 7 4 2 5 3 1 6 7 0
28 22 6 2 5 3 0 1 6 7 4
28 23 5 3 6 5 7 2 1 4 0
29 21 8 6 1 5 3 0 2 7 4
29 21 8 3 6 5 4 0 1 7 2
29 22 7 6 5 3 0 2 1 7 4
29 22 7 4 6 5 3 2 0 1 7
29 22 7 1 6 5 3 4 2 7 0
29 23 6 3 6 5 7 2 0 1 4
30 21 9 3 6 0 4 2 1 7 5
30 21 9 0 6 5 4 2 1 7 3
30 21 9 6 2 5 3 1 0 7 4
30 22 8 6 5 7 3 2 1 0 4
30 22 8 4 6 0 3 2 1 5 7
30 22 8 4 6 0 5 2 1 7 3
30 22 8 4 6 5 7 2 1 0 3
30 22 8 0 6 5 3 1 2 7 4
30 22 8 2 5 7 3 1 6 0 4
30 23 7 3 6 0 7 2 1 5 4
30 25 5 3 2 5 4 6 1 7 0
30 25 5 2 5 3 4 6 1 7 0
31 22 9 1 0 5 3 6 2 7 4
31 22 9 1 6 5 0 3 2 7 4
31 23 8 3 0 6 5 2 1 7 4
31 23 8 3 6 7 5 2 1 0 4
31 23 8 2 6 5 0 1 7 4 3
31 24 7 2 6 5 3 0 4 1 7
31 24 7 2 6 5 4 1 0 7 3
31 24 7 6 2 5 3 4 1 7 0
31 25 6 2 6 5 7 4 1 3 0
31 25 6 2 6 3 5 4 1 7 0
31 26 5 1 2 5 3 4 6 7 0
32 22 10 4 6 5 2 0 1 7 3
32 23 9 2 6 5 3 0 7 4 1
32 24 8 4 6 5 3 1 0 7 2
32 24 8 2 0 5 3 4 6 1 7
32 24 8 2 0 6 5 4 1 7 3
32 24 8 2 6 5 4 3 0 1 7
32 24 8 2 6 0 4 3 1 5 7
32 25 7 4 6 3 0 2 1 7 5
32 25 7 2 6 5 7 4 0 1 3
32 25 7 2 0 6 4 3 1 7 5
32 25 7 6 0 5 4 3 1 7 2
32 25 7 3 2 0 5 6 1 7 4
32 25 7 4 2 5 0 6 1 7 3
32 25 7 1 2 5 3 6 7 0 4
32 25 7 2 1 5 3 4 6 7 0
32 26 6 1 6 5 0 2 7 4 3
32 27 5 1 5 3 0 2 6 7 4
32 28 4 3 2 5 4 1 6 7 0
32 28 4 2 5 3 4 1 6 7 0
33 23 10 0 6 5 3 1 7 4 2
33 24 9 2 6 7 5 4 1 0 3
33 24 9 2 0 5 4 6 1 7 3
33 24 9 6 2 5 0 3 1 7 4
33 25 8 3 6 5 2 1 0 7 4
33 25 8 3 6 5 2 4 1 7 0
33 25 8 4 0 6 3 2 1 7 5
33 25 8 4 6 7 3 2 1 0 5
33 25 8 2 6 3 0 1 7 5 4
33 25 8 2 6 3 0 4 1 5 7
33 25 8 6 0 5 2 4 1 7 3
33 25 8 2 6 0 7 4 1 5 3
33 25 8 2 6 4 0 3 1 7 5
33 25 8 2 6 7 4 3 1 0 5
33 25 8 1 6 5 4 3 0 7 2
33 25 8 4 2 5 3 6 1 0 7
33 25 8 4 2 5 3 0 1 7 6
33 25 8 0 6 3 2 4 1 7 5
33 25 8 2 6 3 4 0 1 7 5
33 25 8 0 5 3 2 6 1 7 4
33 25 8 2 6 5 0 3 1 4 7
33 25 8 2 6 5 7 0 1 4 3
33 26 7 0 2 6 3 4 1 7 5
33 26 7 2 1 5 3 6 7 4 0
33 26 7 0 2 6 5 3 1 7 4
33 26 7 2 6 5 7 0 3 1 4
33 26 7 2 0 5 7 3 6 1 4
33 26 7 1 2 5 0 3 6 7 4
33 27 6 1 6 5 3 0 4 7 2
33 27 6 1 0 5 3 4 6 7 2
34 23 11 2 6 0 3 1 7 4 5
34 24 10 4 0 5 3 6 1 7 2
34 24 10 4 6 5 0 3 1 7 2
34 25 9 2 0 6 3 1 7 5 4
34 25 9 2 0 6 3 4 1 5 7
34 25 9 1 6 5 2 4 0 7 3
34 25 9 3 2 5 6 0 1 7 4
34 25 9 3 2 5 7 6 1 0 4
34 25 9 4 2 0 3 6 1 7 5
34 25 9 2 5 3 6 0 1 7 4
34 25 9 2 1 5 0 3 6 7 4
34 25 9 0 6 5 7 3 1 4 2
34 26 8 2 1 6 3 4 0 7 5
34 26 8 6 5 0 3 4 1 7 2
34 26 8 6 1 5 3 4 0 7 2
34 26 8 2 1 6 5 3 0 7 4
34 26 8 1 6 5 3 0 7 4 2
34 27 7 1 6 5 3 4 7 0 2
34 27 7 1 5 7 3 2 6 0 4
34 28 6 1 0 5 2 3 6 7 4
34 28 6 6 1 5 3 2 7 4 0
34 28 6 3 2 0 5 1 6 7 4
34 28 6 4 2 5 0 1 6 7 3
34 29 5 6 5 3 4 2 1 7 0
35 25 10 3 0 5 2 6 1 7 4
35 25 10 2 6 3 7 4 1 0 5
35 25 10 2 5 3 7 6 1 0 4
35 25 10 2 6 0 7 3 1 4 5
35 26 9 2 1 0 3 6 7 5 4
35 26 9 1 6 0 3 2 7 4 5
35 26 9 0 6 5 3 2 7 4 1
35 27 8 2 6 7 3 4 1 5 0
35 27 8 3 6 0 5 4 1 7 2
35 27 8 2 5 7 3 6 1 4 0
35 27 8 2 6 7 5 3 1 4 0
35 27 8 6 5 0 2 3 1 7 4
35 27 8 6 1 5 2 3 0 7 4
35 27 8 2 0 6 7 3 1 5 4
35 28 7 1 6 5 2 0 3 7 4
35 28 7 1 6 5 2 3 7 0 4
35 28 7 3 6 5 4 2 0 1 7
35 28 7 1 0 6 3 2 7 5 4
35 28 7 1 6 3 0 2 7 5 4
35 28 7 4 2 5 3 1 6 0 7
35 28 7 4 2 5 3 0 6 7 1
35 28 7 0 5 3 2 1 6 7 4
35 28 7 3 6 5 0 2 1 4 7
35 29 6 3 0 5 7 2 6 1 4
35 30 5 4 6 5 7 2 1 3 0
35 32 3 1 5 3 4 2 6 7 0
36 27 9 2 6 7 3 4 0 1 5
36 27 9 3 6 5 7 4 1 0 2
36 27 9 2 5 7 3 6 0 1 4
36 27 9 2 6 7 5 3 0 1 4
36 27 9 2 6 7 0 3 1 5 4
36 28 8 4 6 5 2 3 1 0 7
36 28 8 6 1 0 3 2 7 5 4
36 28 8 3 6 0 4 2 1 5 7
36 28 8 3 1 5 0 2 6 7 4
36 28 8 4 1 5 3 2 6 7 0
36 28 8 3 2 5 1 0 6 7 4
36 28 8 4 2 0 3 1 6 7 5
36 28 8 2 5 3 1 0 6 7 4
36 28 8 3 6 5 7 0 1 4 2
36 28 8 0 6 5 7 2 1 4 3
36 29 7 3 6 5 4 1 0 7 2
36 29 7 4 0 5 3 2 6 1 7
36 29 7 1 6 5 3 4 2 0 7
36 29 7 1 6 5 0 4 2 7 3
36 29 7 3 6 5 7 0 2 1 4
36 30 6 4 6 5 7 2 0 1 3
36 31 5 1 6 5 4 3 2 7 0
36 31 5 1 2 5 0 4 6 7 3
36 33 3 1 2 5 4 3 6 7 0
37 28 9 3 2 5 7 1 6 0 4
37 28 9 2 5 3 7 1 6 0 4
37 28 9 3 6 0 7 2 1 4 5
37 29 8 0 1 5 3 6 2 7 4
37 29 8 6 1 5 3 4 2 7 0
37 29 8 0 5 3 6 2 1 7 4
37 29 8 4 6 5 3 0 2 1 7
37 30 7 3 0 6 4 2 1 7 5
37 30 7 6 0 5 4 2 1 7 3
37 30 7 6 5 7 3 2 1 4 0
37 30 7 4 6 0 7 2 1 5 3
37 30 7 2 5 7 3 1 6 4 0
37 30 7 3 0 6 7 2 1 5 4
37 30 7 3 2 5 4 6 1 0 7
37 30 7 3 2 5 4 0 1 7 6
37 30 7 2 5 3 4 6 1 0 7
37 30 7 2 5 3 4 0 1 7 6
37 31 6 0 6 5 3 2 4 1 7
37 31 6 2 0 5 4 1 6 7 3
37 31 6 1 2 5 3 4 6 0 7
38 28 10 4 6 0 2 3 1 7 5
38 29 9 3 0 5 4 6 1 7 2
38 29 9 6 5 3 2 0 1 7 4
38 29 9 6 5 3 7 2 1 0 4
38 29 9 1 6 0 3 4 2 7 5
38 30 8 3 6 4 0 2 1 7 5
38 30 8 3 6 7 4 2 1 0 5
38 30 8 1 6 5 4 2 0 7 3
38 30 8 6 2 5 3 1 7 0 4
38 30 8 6 0 5 3 1 2 7 4
38 30 8 6 5 7 3 2 0 1 4
38 30 8 4 0 6 3 2 1 5 7
38 30 8 4 6 3 0 2 1 5 7
38 30 8 4 0 6 5 2 1 7 3
38 30 8 4 6 7 5 2 1 0 3
38 30 8 2 5 7 3 1 0 6 4
38 30 8 3 6 7 0 2 1 5 4
38 30 8 3 2 0 4 6 1 7 5
38 30 8 0 2 5 4 6 1 7 3
38 30 8 0 5 3 4 6 1 7 2
38 31 7 1 5 0 3 6 2 7 4
38 31 7 1 6 0 5 3 2 7 4
38 31 7 0 3 6 5 2 1 7 4
38 31 7 3 6 7 5 2 1 4 0
38 31 7 2 6 5 3 7 4 1 0
38 31 7 6 2 5 0 4 1 7 3
38 31 7 1 2 0 3 4 6 7 5
38 32 6 4 6 3 5 2 1 7 0
38 32 6 2 6 5 7 0 4 1 3
38 32 6 0 2 6 4 3 1 7 5
38 32 6 1 2 5 3 6 7 4 0
38 32 6 3 2 5 4 1 6 0 7
38 32 6 3 2 5 4 0 6 7 1
38 32 6 2 5 3 4 1 6 0 7
38 32 6 2 5 3 4 0 6 7 1
38 33 5 6 2 5 4 3 1 7 0
38 33 5 1 0 5 4 3 6 7 2
38 33 5 2 6 3 4 5 1 7 0
38 33 5 1 2 0 5 3 6 7 4
38 33 5 1 6 5 3 2 4 7 0
39 29 10 6 1 5 0 3 2 7 4
39 29 10 0 6 5 3 4 2 7 1
39 30 9 3 6 5 0 1 2 7 4
39 30 9 4 6 5 3 1 2 7 0
39 30 9 2 5 0 4 6 1 7 3
39 31 8 1 6 5 7 3 2 0 4
39 31 8 3 1 6 5 2 0 7 4
39 31 8 3 6 7 5 2 0 1 4
39 31 8 2 6 5 4 1 7 0 3
39 31 8 6 2 5 3 4 1 0 7
39 31 8 2 6 5 0 4 1 3 7
39 31 8 2 6 5 7 0 1 3 4
39 31 8 2 6 3 5 4 1 0 7
39 31 8 2 6 3 5 0 1 7 4
39 31 8 0 2 5 3 4 6 7 1
39 32 7 4 0 5 3 1 6 7 2
39 32 7 0 2 5 3 4 6 1 7
39 32 7 0 2 6 5 4 1 7 3
39 32 7 2 0 5 4 3 6 1 7
39 32 7 0 6 3 4 2 1 7 5
39 32 7 2 0 5 7 4 6 1 3
39 32 7 2 1 6 4 3 0 7 5
39 32 7 6 5 0 4 3 1 7 2
39 32 7 6 1 5 4 3 0 7 2
39 32 7 4 2 0 5 6 1 7 3
39 32 7 1 2 0 3 6 7 5 4
39 32 7 2 1 5 0 4 6 7 3
39 32 7 1 6 0 5 2 7 4 3
39 32 7 0 5 3 1 2 6 7 4
39 32 7 1 5 3 2 0 6 7 4
39 32 7 3 2 0 4 1 6 7 5
39 32 7 0 2 5 4 1 6 7 3
39 32 7 0 5 3 4 1 6 7 2
39 33 6 2 6 3 4 1 7 5 0
39 33 6 1 6 5 4 0 3 7 2
39 33 6 2 6 3 4 1 0 7 5
39 33 6 0 6 5 7 2 3 1 4
39 33 6 1 5 0 3 4 6 7 2
39 34 5 2 1 5 4 3 6 7 0
40 31 9 0 6 5 1 3 2 7 4
40 31 9 2 6 0 5 1 7 4 3
40 31 9 0 6 5 2 1 7 4 3
40 31 9 2 0 5 3 6 4 1 7
40 31 9 2 6 5 0 3 4 1 7
40 31 9 6 2 0 3 4 1 7 5
40 31 9 0 2 5 3 4 1 7 6
40 31 9 0 6 5 7 4 1 3 2
40 31 9 0 6 3 5 4 1 7 2
40 32 8 4 6 5 2 1 0 7 3
40 32 8 2 6 5 3 7 0 4 1
40 32 8 4 6 5 3 1 7 0 2
40 32 8 2 5 0 3 4 6 1 7
40 32 8 2 1 6 5 4 0 7 3
40 32 8 2 6 5 4 0 3 1 7
40 32 8 2 0 6 4 3 1 5 7
40 32 8 3 0 2 5 6 1 7 4
40 32 8 3 2 7 5 6 1 0 4
40 32 8 2 1 5 3 4 6 0 7
40 32 8 0 6 5 1 2 7 4 3
40 32 8 1 6 5 4 2 7 0 3
40 32 8 1 5 3 7 2 6 0 4
40 32 8 2 5 0 4 1 6 7 3
40 33 7 2 1 5 4 6 0 7 3
40 33 7 6 2 0 5 3 1 7 4
40 33 7 3 0 5 2 1 6 7 4
40 33 7 4 6 7 3 2 1 5 0
40 33 7 2 6 3 7 4 1 5 0
40 33 7 2 6 4 5 3 1 7 0
40 33 7 2 6 7 4 3 1 5 0
40 33 7 1 6 5 4 3 7 0 2
40 33 7 4 2 5 3 1 0 7 6
40 33 7 6 0 3 2 4 1 7 5
40 33 7 4 6 3 2 0 1 7 5
40 33 7 5 0 3 2 6 1 7 4
40 33 7 2 6 5 7 1 0 4 3
40 33 7 4 2 6 3 0 1 7 5
40 33 7 3 2 6 5 0 1 7 4
40 33 7 2 6 5 7 4 3 1 0
40 33 7 0 2 5 7 3 6 1 4
40 33 7 0 2 5 1 3 6 7 4
40 33 7 0 6 5 3 1 4 7 2
40 33 7 0 1 5 3 4 6 7 2
40 34 6 1 6 5 2 0 4 7 3
40 34 6 1 0 5 2 4 6 7 3
40 34 6 3 2 5 7 6 1 4 0
40 34 6 4 2 3 0 6 1 7 5
40 34 6 1 6 5 3 4 7 2 0
40 34 6 1 5 7 3 2 0 6 4
40 34 6 1 5 7 3 2 6 4 0
40 34 6 1 5 0 2 3 6 7 4
40 34 6 4 2 0 5 1 6 7 3
40 35 5 1 6 3 4 2 7 5 0
40 35 5 0 3 5 7 2 6 1 4
40 35 5 1 5 3 4 2 6 0 7
40 35 5 1 5 3 4 0 6 7 2
41 31 10 2 6 5 1 0 7 4 3
41 31 10 2 6 0 7 4 1 3 5
41 32 9 2 6 4 0 3 1 5 7
41 32 9 4 6 3 7 2 1 0 5
41 32 9 4 2 5 6 0 1 7 3
41 32 9 4 2 5 7 6 1 0 3
41 32 9 2 1 0 3 4 6 7 5
41 32 9 1 6 5 2 0 7 4 3
41 33 8 6 0 5 3 1 7 4 2
41 33 8 2 6 7 5 4 1 3 0
41 33 8 0 2 5 6 3 1 7 4
41 33 8 3 6 5 2 1 7 0 4
41 33 8 3 6 5 2 4 1 0 7
41 33 8 0 4 6 3 2 1 7 5
41 33 8 4 1 6 3 2 0 7 5
41 33 8 4 6 7 3 2 0 1 5
41 33 8 6 5 0 2 4 1 7 3
41 33 8 6 1 5 2 4 0 7 3
41 33 8 2 0 6 7 4 1 5 3
41 33 8 2 6 7 4 3 0 1 5
41 33 8 4 2 5 3 6 0 1 7
41 33 8 4 2 0 3 6 1 5 7
41 33 8 5 6 3 2 4 1 7 0
41 33 8 1 6 3 2 4 0 7 5
41 33 8 2 0 3 4 6 1 7 5
41 33 8 4 5 3 2 6 1 7 0
41 33 8 1 5 3 2 6 0 7 4
41 33 8 3 2 6 0 4 1 7 5
41 33 8 5 2 6 3 4 1 7 0
41 33 8 1 2 6 3 4 0 7 5
41 33 8 2 1 5 0 6 7 4 3
41 33 8 5 2 6 0 3 1 7 4
41 33 8 4 2 6 5 3 1 7 0
41 33 8 1 2 6 5 3 0 7 4
41 33 8 2 5 0 7 3 6 1 4
41 33 8 1 2 5 7 3 6 0 4
41 33 8 1 0 5 3 6 4 7 2
41 33 8 1 6 5 0 3 4 7 2
41 34 7 1 6 5 2 4 7 0 3
41 34 7 3 2 5 6 1 0 7 4
41 34 7 3 2 5 6 4 1 7 0
41 34 7 3 2 5 7 6 0 1 4
41 34 7 2 5 3 6 1 0 7 4
41 34 7 2 5 3 6 4 1 7 0
41 34 7 2 1 0 5 3 6 7 4
41 34 7 6 0 5 7 3 1 4 2
41 34 7 6 5 3 0 4 1 7 2
41 34 7 6 1 5 3 0 4 7 2
41 34 7 1 6 5 3 7 0 4 2
41 34 7 0 1 5 2 3 6 7 4
41 34 7 6 1 5 0 2 7 4 3
41 34 7 3 0 2 5 1 6 7 4
41 34 7 3 2 7 5 1 6 0 4
41 34 7 6 5 3 4 2 1 0 7
41 34 7 6 5 3 4 0 1 7 2
41 35 6 1 6 5 2 3 7 4 0
41 35 6 5 0 3 2 1 6 7 4
41 36 5 3 1 5 4 2 6 7 0
41 36 5 4 2 3 0 1 6 7 5
41 36 5 1 2 0 5 4 6 7 3
41 36 5 1 2 5 4 3 6 0 7
41 36 5 1 2 5 4 0 6 7 3
42 32 10 4 0 5 2 6 1 7 3
42 32 10 2 0 5 3 6 7 4 1
42 32 10 2 6 5 0 3 7 4 1
42 33 9 3 6 5 0 1 7 4 2
42 33 9 2 6 7 5 4 0 1 3
42 33 9 6 2 5 7 3 1 0 4
42 33 9 0 6 3 2 1 7 5 4
42 33 9 0 6 3 2 4 1 5 7
42 33 9 2 6 3 4 0 1 5 7
42 33 9 2 6 7 0 4 1 5 3
42 33 9 0 6 4 2 3 1 7 5
42 33 9 4 0 5 3 2 1 7 6
42 33 9 4 2 5 0 3 1 7 6
42 33 9 2 6 0 5 3 1 4 7
42 33 9 0 6 5 2 3 1 4 7
42 33 9 2 0 5 7 6 1 4 3
42 33 9 2 1 5 3 0 7 4 6
42 33 9 2 0 5 7 6 3 1 4
42 34 8 2 6 3 0 1 7 4 5
42 34 8 0 4 5 3 6 1 7 2
42 34 8 4 5 0 3 6 1 7 2
42 34 8 4 1 5 3 6 0 7 2
42 34 8 4 6 0 5 3 1 7 2
42 34 8 0 2 6 3 1 7 5 4
42 34 8 0 2 6 3 4 1 5 7
42 34 8 3 2 0 7 6 1 5 4
42 34 8 4 0 2 3 6 1 7 5
42 34 8 4 2 7 3 6 1 0 5
42 34 8 2 0 3 6 5 1 7 4
42 34 8 1 6 5 7 3 0 4 2
42 34 8 2 1 6 3 0 4 7 5
42 34 8 6 1 5 3 4 7 0 2
42 34 8 2 1 6 5 0 3 7 4
42 34 8 1 6 0 3 4 7 5 2
42 34 8 4 2 5 1 0 6 7 3
42 34 8 0 5 3 4 2 1 7 6
42 35 7 0 3 5 2 6 1 7 4
42 35 7 2 5 3 7 6 1 4 0
42 35 7 1 0 6 3 2 7 4 5
42 35 7 1 6 3 0 2 7 4 5
42 35 7 1 6 4 3 2 7 0 5
42 35 7 6 0 5 3 2 7 4 1
42 35 7 1 6 5 2 4 3 7 0
42 35 7 3 0 5 4 2 6 1 7
42 35 7 1 7 6 3 2 0 5 4
42 35 7 4 2 5 3 1 0 6 7
42 35 7 4 2 0 3 1 6 5 7
42 35 7 4 2 5 3 6 0 7 1
42 35 7 4 5 3 2 1 6 7 0
42 35 7 3 5 0 7 2 6 1 4
42 35 7 4 6 5 0 2 1 3 7
42 35 7 1 5 0 4 2 6 7 3
42 35 7 0 5 3 4 2 6 7 1
42 36 6 3 6 5 7 4 1 2 0
42 36 6 3 2 5 1 4 6 7 0
42 36 6 2 5 3 1 4 6 7 0
42 36 6 6 0 5 7 2 1 4 3
42 36 6 3 0 5 4 1 6 7 2
42 36 6 4 0 5 7 2 6 1 3
42 36 6 1 2 0 4 3 6 7 5
42 38 4 1 2 3 0 4 6 7 5
43 33 10 7 6 5 3 1 0 4 2
43 33 10 3 6 0 2 4 1 7 5
43 33 10 2 6 3 1 0 7 5 4
43 33 10 2 6 3 5 1 7 0 4
43 33 10 2 6 4 3 0 1 7 5
43 33 10 2 6 4 7 3 1 0 5
43 33 10 2 6 5 3 0 1 4 7
43 33 10 2 6 5 0 7 1 4 3
43 33 10 0 1 5 3 6 7 4 2
43 33 10 2 6 5 0 7 3 1 4
43 34 9 2 0 6 3 1 7 4 5
43 34 9 2 6 4 3 1 7 0 5
43 34 9 4 6 5 7 3 1 0 2
43 34 9 2 7 6 3 1 0 5 4
43 34 9 2 1 6 3 4 0 5 7
43 34 9 3 0 5 6 2 1 7 4
43 34 9 2 1 5 7 3 6 0 4
43 34 9 7 6 5 0 3 1 4 2
43 34 9 2 1 6 3 4 7 0 5
43 34 9 6 5 7 3 4 1 0 2
43 34 9 2 1 6 5 3 7 0 4
43 34 9 1 0 5 3 6 7 4 2
43 34 9 1 6 5 0 3 7 4 2
43 34 9 6 1 5 3 0 7 4 2
43 34 9 0 1 5 3 2 7 4 6
43 34 9 4 2 5 7 1 6 0 3
43 34 9 6 5 0 4 2 1 7 3
43 35 8 3 5 0 2 6 1 7 4
43 35 8 3 1 5 2 6 0 7 4
43 35 8 2 6 3 7 4 0 1 5
43 35 8 2 5 3 7 6 0 1 4
43 35 8 2 5 0 7 6 1 3 4
43 35 8 2 0 6 7 3 1 4 5
43 35 8 2 1 3 0 6 7 5 4
43 35 8 3 6 5 0 2 7 4 1
43 35 8 3 0 6 5 4 1 7 2
43 35 8 6 5 2 0 3 1 7 4
43 35 8 6 1 5 2 0 3 7 4
43 35 8 6 1 5 2 3 7 0 4
43 35 8 0 2 6 7 3 1 5 4
43 35 8 2 1 6 7 3 0 5 4
43 35 8 0 6 5 2 1 3 7 4
43 35 8 1 6 5 0 2 3 7 4
43 35 8 1 6 0 2 3 7 5 4
43 35 8 3 6 5 4 0 2 1 7
43 35 8 0 1 6 3 2 7 5 4
43 35 8 4 2 5 0 3 6 7 1
43 35 8 3 6 0 5 2 1 4 7
43 35 8 0 6 5 3 2 1 4 7
43 35 8 4 6 5 7 0 1 3 2
43 35 8 0 6 5 7 2 1 3 4
43 36 7 3 6 5 7 4 0 1 2
43 36 7 3 1 0 5 2 6 7 4
43 36 7 4 1 5 3 2 6 0 7
43 36 7 4 1 5 0 2 6 7 3
43 36 7 3 2 5 1 6 0 7 4
43 36 7 4 0 2 3 1 6 7 5
43 36 7 4 2 7 3 1 6 0 5
43 36 7 2 5 3 1 6 0 7 4
43 36 7 2 0 3 1 5 6 7 4
43 36 7 3 6 5 7 1 0 4 2
43 36 7 1 6 5 7 2 0 4 3
43 36 7 0 4 5 3 2 6 1 7
43 36 7 1 6 5 3 4 0 2 7
43 36 7 1 6 0 5 4 2 7 3
43 36 7 0 6 5 7 3 2 1 4
43 36 7 3 6 5 7 4 2 1 0
43 36 7 4 6 5 7 0 2 1 3
43 36 7 1 6 5 4 3 2 0 7
43 36 7 1 6 5 4 0 2 7 3
43 36 7 0 2 5 1 4 6 7 3
43 36 7 0 2 5 4 3 6 7 1
43 37 6 3 2 5 7 1 0 6 4
43 37 6 3 2 5 7 1 6 4 0
43 37 6 2 5 3 7 1 6 4 0
43 37 6 0 3 6 7 2 1 5 4
43 37 6 3 2 5 4 1 0 7 6
43 37 6 0 2 5 4 3 1 7 6
43 37 6 2 5 3 4 1 0 7 6
43 37 6 6 0 5 3 2 4 1 7
43 37 6 1 2 5 3 4 0 6 7
43 37 6 1 2 0 3 4 6 5 7
43 38 5 1 0 5 4 2 6 7 3
43 38 5 0 6 5 7 2 4 1 3
43 38 5 1 5 0 4 3 6 7 2
43 38 5 1 6 5 3 2 4 0 7
43 38 5 1 6 5 0 2 4 7 3
44 33 11 2 1 0 3 6 7 4 5
44 34 10 6 1 0 3 2 7 4 5
44 35 9 2 6 7 0 3 1 4 5
44 35 9 2 0 1 3 6 7 5 4
44 35 9 7 6 5 3 2 0 4 1
44 35 9 3 6 7 5 4 1 0 2
44 35 9 2 5 7 0 6 1 4 3
44 35 9 6 5 7 2 3 1 0 4
44 35 9 1 0 5 2 6 3 7 4
44 35 9 0 6 3 1 2 7 5 4
44 35 9 1 6 3 2 0 7 5 4
44 35 9 1 6 3 5 2 7 0 4
44 35 9 4 0 5 3 2 6 7 1
44 35 9 6 5 3 2 1 0 7 4
44 35 9 4 6 0 7 2 1 3 5
44 36 8 2 6 7 3 0 4 1 5
44 36 8 2 0 7 3 4 6 1 5
44 36 8 3 6 0 7 4 1 5 2
44 36 8 2 5 7 3 0 6 1 4
44 36 8 2 0 7 5 3 6 1 4
44 36 8 4 6 5 2 3 0 1 7
44 36 8 6 0 1 3 2 7 5 4
44 36 8 6 1 3 0 2 7 5 4
44 36 8 3 0 6 4 2 1 5 7
44 36 8 3 6 4 0 2 1 5 7
44 36 8 3 1 5 7 2 6 0 4
44 36 8 4 1 5 3 0 6 7 2
44 36 8 7 6 5 0 2 1 4 3
44 36 8 3 6 5 4 1 7 0 2
44 36 8 4 5 0 3 2 6 1 7
44 36 8 1 6 0 3 4 2 5 7
44 36 8 1 6 5 7 4 2 0 3
44 36 8 1 6 0 4 3 2 7 5
44 36 8 1 2 5 7 4 6 0 3
44 37 7 3 2 0 7 1 6 5 4
44 37 7 2 5 3 7 1 0 6 4
44 37 7 3 0 6 7 2 1 4 5
44 37 7 3 6 4 7 2 1 0 5
44 37 7 5 0 3 6 2 1 7 4
44 37 7 0 3 6 4 2 1 7 5
44 37 7 3 1 6 4 2 0 7 5
44 37 7 6 1 5 4 2 0 7 3
44 37 7 4 0 6 7 2 1 5 3
44 37 7 3 1 6 7 2 0 5 4
44 37 7 3 2 5 4 6 0 1 7
44 37 7 3 2 0 4 6 1 5 7
44 37 7 2 5 3 4 6 0 1 7
44 37 7 2 0 3 4 5 1 7 6
44 37 7 3 6 5 0 2 4 1 7
44 37 7 7 6 5 3 2 4 1 0
44 38 6 6 5 3 7 2 1 4 0
44 38 6 1 6 3 0 4 2 7 5
44 38 6 4 6 3 7 2 1 5 0
44 38 6 6 2 5 4 0 1 7 3
44 38 6 5 0 3 4 6 1 7 2
44 38 6 1 5 3 0 6 2 7 4
44 38 6 1 0 2 3 4 6 7 5
44 38 6 1 2 7 3 4 6 0 5
44 38 6 2 6 5 7 3 4 1 0
44 38 6 3 2 6 4 0 1 7 5
44 38 6 3 2 0 4 1 6 5 7
44 38 6 3 2 5 4 6 0 7 1
44 38 6 2 5 3 4 6 0 7 1
44 38 6 2 0 3 4 5 6 7 1
44 38 6 0 1 5 4 3 6 7 2
44 38 6 2 6 3 4 5 1 0 7
44 38 6 2 6 3 0 5 1 7 4
44 38 6 1 0 2 5 3 6 7 4
44 38 6 1 2 7 5 3 6 0 4
44 39 5 1 6 5 7 3 2 4 0
44 39 5 1 5 3 2 4 6 7 0
44 39 5 5 0 3 4 1 6 7 2
44 39 5 2 0 3 4 1 6 7 5
44 39 5 1 5 3 0 4 6 7 2
45 35 10 2 6 7 3 0 1 5 4
45 35 10 2 5 7 3 0 1 4 6
45 35 10 2 6 7 5 0 1 4 3
45 35 10 3 6 5 2 0 1 4 7
45 36 9 2 0 7 3 6 5 1 4
45 36 9 2 6 7 5 0 3 1 4
45 36 9 4 6 0 2 3 1 5 7
45 36 9 3 1 5 2 0 6 7 4
45 36 9 4 1 0 3 2 6 7 5
45 36 9 3 0 5 1 2 6 7 4
45 36 9 3 0 5 7 6 1 4 2
45 36 9 0 6 5 1 4 2 7 3
45 36 9 3 0 5 7 6 2 1 4
45 36 9 0 6 5 4 3 2 7 1
45 37 8 2 5 0 7 1 6 3 4
45 37 8 3 6 7 0 2 1 4 5
45 37 8 6 1 5 3 4 2 0 7
45 37 8 6 1 5 0 4 2 7 3
45 37 8 4 5 3 6 2 1 7 0
45 37 8 1 5 3 6 2 0 7 4
45 37 8 0 6 5 3 4 2 1 7
45 37 8 4 6 5 3 7 2 1 0
45 37 8 6 5 7 0 2 1 4 3
45 37 8 4 6 7 0 2 1 5 3
45 37 8 2 5 7 0 1 6 4 3
45 37 8 2 5 0 4 6 1 3 7
45 38 7 0 3 5 4 6 1 7 2
45 38 7 3 5 0 4 6 1 7 2
45 38 7 3 1 5 4 6 0 7 2
45 38 7 6 5 3 2 4 1 7 0
45 38 7 6 5 3 7 2 0 1 4
45 38 7 6 5 0 7 2 1 3 4
45 38 7 1 0 6 3 4 2 7 5
45 38 7 3 6 4 5 2 1 7 0
45 38 7 3 6 7 4 2 1 5 0
45 38 7 6 2 5 3 1 7 4 0
45 38 7 4 6 7 5 2 1 3 0
45 38 7 3 0 2 4 6 1 7 5
45 38 7 3 2 4 0 6 1 7 5
45 38 7 3 2 7 4 6 1 0 5
45 38 7 1 2 5 4 6 0 7 3
45 38 7 1 5 3 4 6 0 7 2
45 38 7 1 0 6 5 3 2 7 4
45 38 7 2 6 5 3 7 4 0 1
45 38 7 2 6 5 0 7 4 1 3
45 38 7 6 2 0 5 4 1 7 3
45 38 7 5 2 6 4 3 1 7 0
45 38 7 1 2 6 4 3 0 7 5
45 38 7 1 2 5 0 6 7 4 3
45 38 7 3 2 5 4 1 0 6 7
45 38 7 2 5 3 4 1 0 6 7
45 38 7 2 5 0 4 1 6 3 7
45 38 7 6 2 5 4 3 1 0 7
45 38 7 0 6 3 4 5 1 7 2
45 39 6 6 1 5 4 3 2 7 0
45 39 6 3 6 5 4 1 2 7 0
45 39 6 1 6 5 7 3 0 2 4
45 39 6 0 2 5 4 3 6 1 7
45 39 6 6 0 3 4 2 1 7 5
45 39 6 1 2 3 0 6 7 5 4
45 39 6 5 0 3 1 2 6 7 4
45 39 6 1 0 3 2 5 6 7 4
45 39 6 3 0 2 4 1 6 7 5
45 39 6 3 2 4 0 1 6 7 5
45 39 6 3 2 7 4 1 6 0 5
45 39 6 1 6 5 4 2 3 7 0
45 39 6 6 0 5 7 2 3 1 4
45 40 5 1 6 5 4 2 7 3 0
45 40 5 1 5 3 7 2 0 6 4
45 40 5 1 5 3 7 2 6 4 0
45 40 5 4 2 3 5 6 1 7 0
45 40 5 1 0 3 4 5 6 7 2
45 41 4 4 2 3 5 1 6 7 0
45 42 3 1 2 3 5 4 6 7 0
46 35 11 0 6 7 3 4 1 5 2
46 35 11 2 5 0 3 6 1 4 7
46 35 11 0 5 7 3 6 1 4 2
46 35 11 0 6 7 5 3 1 4 2
46 36 10 0 6 7 2 3 1 5 4
46 36 10 3 6 5 0 7 1 4 2
46 36 10 3 6 5 0 7 2 1 4
46 37 9 3 1 5 0 6 2 7 4
46 37 9 4 1 5 3 6 2 7 0
46 37 9 2 5 7 3 0 6 4 1
46 37 9 3 0 5 4 2 1 7 6
46 37 9 3 2 5 0 4 1 7 6
46 37 9 2 5 3 0 4 1 7 6
46 38 8 4 0 6 2 3 1 7 5
46 38 8 4 6 2 0 3 1 7 5
46 38 8 6 0 3 2 5 1 7 4
46 38 8 1 6 7 3 4 2 0 5
46 38 8 3 6 7 4 2 0 1 5
46 38 8 6 2 0 3 1 7 5 4
46 38 8 6 5 0 3 1 2 7 4
46 38 8 6 0 7 3 2 5 1 4
46 38 8 0 4 6 3 2 1 5 7
46 38 8 4 1 6 3 2 0 5 7
46 38 8 0 6 3 4 2 1 5 7
46 38 8 0 4 6 5 2 1 7 3
46 38 8 4 1 6 5 2 0 7 3
46 38 8 4 6 7 5 2 0 1 3
46 38 8 2 5 7 3 0 1 6 4
46 38 8 2 0 7 3 1 5 6 4
46 38 8 4 5 3 0 6 1 7 2
46 38 8 1 5 7 3 6 2 0 4
46 38 8 1 6 7 5 3 2 0 4
46 38 8 2 3 6 5 0 1 7 4
46 38 8 5 3 6 0 2 1 7 4
46 38 8 4 3 6 5 2 1 7 0
46 38 8 1 3 6 5 2 0 7 4
46 38 8 0 2 5 6 4 1 7 3
46 38 8 4 6 3 5 2 1 0 7
46 38 8 4 6 3 5 0 1 7 2
46 38 8 2 0 5 7 6 4 1 3
46 38 8 4 2 6 0 3 1 7 5
46 38 8 1 2 5 3 0 7 4 6
46 38 8 3 0 5 4 2 6 7 1
46 38 8 3 2 5 0 4 6 7 1
46 38 8 2 5 3 0 4 6 7 1
46 38 8 6 2 0 4 3 1 7 5
46 38 8 2 6 0 4 5 1 7 3
46 38 8 1 6 0 3 2 4 7 5
46 38 8 0 6 5 3 2 4 7 1
46 39 7 1 6 0 7 3 2 5 4
46 39 7 2 6 5 4 1 7 3 0
46 39 7 2 6 5 7 1 0 3 4
46 39 7 2 6 3 5 1 0 7 4
46 39 7 0 6 3 5 2 1 7 4
46 39 7 2 0 5 3 4 6 7 1
46 39 7 0 4 5 3 1 6 7 2
46 39 7 4 5 0 3 1 6 7 2
46 39 7 4 2 5 3 0 6 1 7
46 39 7 4 2 6 5 0 1 7 3
46 39 7 2 5 0 4 3 6 1 7
46 39 7 5 6 3 4 2 1 7 0
46 39 7 1 6 3 4 2 0 7 5
46 39 7 0 2 5 7 4 6 1 3
46 39 7 2 1 6 4 0 3 7 5
46 39 7 6 1 5 4 0 3 7 2
46 39 7 2 1 0 5 4 6 7 3
46 39 7 1 0 6 5 2 7 4 3
46 39 7 1 6 4 5 2 7 0 3
46 39 7 4 5 3 1 2 6 7 0
46 39 7 4 5 3 0 1 6 7 2
46 39 7 2 6 3 4 1 7 0 5
46 39 7 0 6 5 4 1 3 7 2
46 39 7 4 6 5 7 2 3 1 0
46 39 7 1 5 7 3 4 6 0 2
46 39 7 2 1 5 4 3 6 0 7
46 39 7 2 1 5 4 0 6 7 3
46 40 6 6 2 3 0 4 1 7 5
46 40 6 1 5 0 7 2 6 3 4
46 40 6 1 6 5 4 3 7 2 0
46 40 6 4 6 3 2 5 1 7 0
46 40 6 2 6 5 7 1 4 0 3
46 40 6 4 2 6 3 5 1 7 0
46 40 6 1 6 5 2 3 4 7 0
46 40 6 1 5 0 2 4 6 7 3
46 40 6 0 2 3 4 6 1 7 5
46 40 6 1 0 7 3 2 5 6 4
46 40 6 1 5 2 0 3 6 7 4
46 40 6 1 6 3 4 2 7 0 5
46 40 6 2 3 5 7 0 6 1 4
46 40 6 4 3 5 7 2 6 1 0
46 40 6 1 5 3 4 2 0 6 7
46 40 6 1 5 0 4 2 6 3 7
46 41 5 1 0 3 2 4 6 7 5
46 41 5 1 2 5 7 3 0 6 4
46 41 5 1 2 5 7 3 6 4 0
46 41 5 0 2 3 4 1 6 7 5
46 41 5 1 2 0 4 3 6 5 7
47 37 10 6 1 0 3 4 2 7 5
47 37 10 0 1 5 3 4 2 7 6
47 37 10 4 0 5 3 6 2 1 7
47 37 10 4 6 5 0 3 2 1 7
47 37 10 6 5 7 3 0 1 4 2
47 37 10 6 5 0 3 2 1 4 7
47 37 10 0 5 7 3 2 1 4 6
47 37 10 2 5 0 3 1 6 4 7
47 37 10 0 5 7 3 1 6 4 2
47 38 9 4 6 7 2 3 1 0 5
47 38 9 0 6 4 3 2 1 7 5
47 38 9 6 5 7 3 0 2 1 4
47 38 9 0 6 7 3 2 1 5 4
47 38 9 0 6 5 3 7 4 1 2
47 38 9 6 2 5 7 4 1 0 3
47 38 9 1 2 0 3 6 7 4 5
47 39 8 6 1 0 5 3 2 7 4
47 39 8 6 0 5 3 4 2 7 1
47 39 8 4 6 5 3 0 2 7 1
47 39 8 3 6 0 5 1 2 7 4
47 39 8 4 6 5 3 1 2 0 7
47 39 8 4 6 5 0 1 2 7 3
47 39 8 2 5 4 0 6 1 7 3
47 39 8 2 5 7 4 6 1 0 3
47 39 8 3 1 6 5 0 2 7 4
47 39 8 3 1 6 5 2 7 0 4
47 39 8 3 0 7 5 2 6 1 4
47 39 8 2 6 0 4 1 7 5 3
47 39 8 6 2 5 3 4 0 1 7
47 39 8 6 2 0 3 4 1 5 7
47 39 8 2 6 3 5 4 0 1 7
47 39 8 3 2 5 0 4 6 1 7
47 39 8 7 2 5 3 4 6 1 0
47 39 8 5 2 6 0 4 1 7 3
47 39 8 3 2 6 5 4 1 7 0
47 39 8 1 2 6 5 4 0 7 3
47 39 8 2 5 0 7 4 6 1 3
47 39 8 2 1 6 4 3 7 0 5
47 39 8 6 5 4 0 3 1 7 2
47 39 8 6 5 7 4 3 1 0 2
47 39 8 6 1 5 4 3 7 0 2
47 39 8 4 0 2 5 6 1 7 3
47 39 8 4 2 7 5 6 1 0 3
47 39 8 1 0 2 3 6 7 5 4
47 39 8 0 1 5 2 4 6 7 3
47 39 8 6 2 5 4 1 0 7 3
47 39 8 6 5 3 4 1 0 7 2
47 39 8 2 6 3 4 0 7 5 1
47 39 8 1 0 5 4 6 3 7 2
47 39 8 7 6 5 0 2 3 1 4
47 39 8 2 1 0 4 3 6 7 5
47 40 7 0 2 5 3 6 4 1 7
47 40 7 6 0 5 7 4 1 3 2
47 40 7 6 0 3 5 4 1 7 2
47 40 7 4 0 5 2 1 6 7 3
47 40 7 4 6 5 3 1 7 2 0
47 40 7 2 5 3 0 4 6 1 7
47 40 7 0 6 5 4 2 3 1 7
47 40 7 0 2 6 4 3 1 5 7
47 40 7 3 2 7 5 6 1 4 0
47 40 7 2 1 5 3 4 0 6 7
47 40 7 6 0 5 1 2 7 4 3
47 40 7 1 6 0 4 2 7 5 3
47 40 7 2 5 4 0 1 6 7 3
47 40 7 2 5 7 4 1 6 0 3
47 40 7 0 3 5 2 1 6 7 4
47 40 7 3 5 0 2 1 6 7 4
47 40 7 1 6 0 4 3 7 5 2
47 40 7 6 1 3 2 4 0 7 5
47 40 7 4 6 3 2 1 0 7 5
47 40 7 5 1 3 2 6 0 7 4
47 40 7 2 0 5 7 1 6 4 3
47 40 7 4 2 6 3 1 0 7 5
47 40 7 3 2 6 5 1 0 7 4
47 40 7 2 6 5 7 4 3 0 1
47 40 7 3 2 5 7 0 6 1 4
47 40 7 2 0 5 1 3 6 7 4
47 40 7 4 2 5 1 3 6 7 0
47 40 7 6 0 5 3 1 4 7 2
47 40 7 0 6 5 2 1 4 7 3
47 40 7 1 6 5 0 4 7 2 3
47 40 7 1 5 7 3 0 2 6 4
47 40 7 1 5 7 0 2 6 4 3
47 40 7 1 5 7 2 3 6 0 4
47 40 7 4 0 2 5 1 6 7 3
47 40 7 4 2 7 5 1 6 0 3
47 40 7 1 6 3 4 0 7 5 2
47 40 7 7 3 5 0 2 6 1 4
47 40 7 6 3 5 7 2 0 1 4
47 41 6 4 2 5 7 6 1 3 0
47 41 6 2 1 3 0 4 6 7 5
47 41 6 1 6 3 2 0 4 7 5
47 41 6 2 1 3 4 6 0 7 5
47 41 6 1 0 3 2 6 5 7 4
47 41 6 1 2 6 3 0 4 7 5
47 41 6 1 2 6 5 0 3 7 4
47 41 6 1 2 0 7 3 6 5 4
47 41 6 1 6 5 2 4 7 3 0
47 41 6 6 1 5 3 2 4 7 0
47 41 6 1 6 5 3 7 4 0 2
47 41 6 3 2 7 5 1 6 4 0
47 41 6 1 0 2 5 4 6 7 3
47 41 6 1 2 7 5 4 6 0 3
47 41 6 1 2 5 4 3 0 6 7
47 42 5 0 2 3 6 5 1 7 4
47 42 5 1 6 5 7 3 4 0 2
47 42 5 5 0 3 4 2 6 7 1
47 42 5 1 0 2 4 3 6 7 5
47 42 5 1 2 4 0 3 6 7 5
47 42 5 1 2 7 4 3 6 0 5
47 42 5 1 2 3 4 0 6 7 5
47 43 4 0 2 3 1 5 6 7 4
47 43 4 1 6 5 7 2 4 0 3
47 44 3 0 2 3 4 5 6 7 1
48 38 10 3 6 4 2 0 1 7 5
48 38 10 4 6 3 2 0 1 5 7
48 38 10 3 6 7 5 0 1 4 2
48 38 10 0 6 7 5 2 1 4 3
48 38 10 2 6 0 3 7 4 1 5
48 38 10 0 2 5 3 6 7 4 1
48 39 9 0 1 5 6 3 2 7 4
48 39 9 6 1 5 7 3 2 0 4
48 39 9 3 6 5 0 4 2 7 1
48 39 9 3 6 5 7 1 2 0 4
48 39 9 3 6 7 5 0 2 1 4
48 39 9 2 6 0 5 4 1 3 7
48 39 9 0 6 5 2 4 1 3 7
48 39 9 2 0 5 7 6 1 3 4
48 39 9 2 0 3 5 6 1 7 4
48 39 9 6 2 5 3 4 0 7 1
48 39 9 2 1 5 7 4 6 0 3
48 39 9 6 5 3 1 2 0 7 4
48 39 9 0 6 3 4 1 7 5 2
48 39 9 1 6 5 0 4 3 7 2
48 40 8 6 0 5 1 3 2 7 4
48 40 8 3 6 5 1 0 2 7 4
48 40 8 6 0 5 2 1 7 4 3
48 40 8 2 5 0 3 6 4 1 7
48 40 8 2 4 5 3 6 0 1 7
48 40 8 2 6 0 5 3 4 1 7
48 40 8 0 6 5 2 3 4 1 7
48 40 8 6 0 2 3 4 1 7 5
48 40 8 6 2 7 3 4 1 0 5
48 40 8 2 0 5 3 4 1 7 6
48 40 8 1 2 5 3 4 0 7 6
48 40 8 1 6 5 7 4 0 3 2
48 40 8 5 6 3 0 4 1 7 2
48 40 8 1 6 3 5 4 0 7 2
48 40 8 4 6 5 2 1 7 0 3
48 40 8 2 0 5 3 7 6 4 1
48 40 8 2 5 1 3 4 6 0 7
48 40 8 2 1 6 5 0 4 7 3
48 40 8 2 6 5 4 7 3 1 0
48 40 8 2 1 6 4 3 0 5 7
48 40 8 0 3 2 5 6 1 7 4
48 40 8 3 1 2 5 6 0 7 4
48 40 8 3 2 7 5 6 0 1 4
48 40 8 2 1 0 3 4 6 5 7
48 40 8 3 6 5 1 2 7 4 0
48 40 8 2 1 5 4 6 7 0 3
48 40 8 6 0 2 5 3 1 7 4
48 40 8 6 2 7 5 3 1 0 4
48 40 8 4 2 5 3 1 7 0 6
48 40 8 4 0 5 3 1 2 7 6
48 40 8 6 3 0 2 4 1 7 5
48 40 8 5 3 0 2 6 1 7 4
48 40 8 3 2 6 0 5 1 7 4
48 40 8 2 6 5 0 4 3 1 7
48 40 8 7 2 5 0 3 6 1 4
48 40 8 4 2 5 7 3 6 1 0
48 40 8 3 6 5 0 1 4 7 2
48 40 8 2 6 5 3 1 4 7 0
48 40 8 3 1 5 0 4 6 7 2
48 40 8 1 0 5 2 6 4 7 3
48 40 8 3 2 5 0 6 1 4 7
48 40 8 3 2 5 7 0 1 4 6
48 40 8 4 2 3 6 0 1 7 5
48 40 8 1 6 5 3 0 7 2 4
48 40 8 1 5 7 3 0 6 4 2
48 41 7 2 6 4 7 3 1 5 0
48 41 7 4 6 3 7 2 0 1 5
48 41 7 4 2 5 6 1 0 7 3
48 41 7 4 2 5 6 3 1 7 0
48 41 7 4 2 5 7 6 0 1 3
48 41 7 2 0 1 3 4 6 7 5
48 41 7 1 6 5 2 7 0 4 3
48 41 7 3 6 5 2 1 7 4 0
48 41 7 6 1 5 2 0 4 7 3
48 41 7 2 0 7 4 3 6 1 5
48 41 7 4 2 3 0 6 1 5 7
48 41 7 1 6 3 2 4 7 0 5
48 41 7 2 3 0 4 6 1 7 5
48 41 7 1 5 3 2 6 7 0 4
48 41 7 3 2 0 6 4 1 7 5
48 41 7 1 2 6 3 4 7 0 5
48 41 7 5 2 0 6 3 1 7 4
48 41 7 1 2 6 5 3 7 0 4
48 41 7 0 1 5 3 6 4 7 2
48 41 7 1 5 0 3 6 4 7 2
48 41 7 1 4 5 3 6 0 7 2
48 41 7 1 6 0 5 3 4 7 2
48 41 7 2 0 3 6 1 5 7 4
48 41 7 2 0 1 5 3 6 7 4
48 41 7 6 1 5 7 3 0 4 2
48 41 7 1 0 5 3 7 6 4 2
48 41 7 0 3 2 5 1 6 7 4
48 41 7 6 5 3 4 2 0 1 7
48 41 7 6 0 3 4 5 1 7 2
48 41 7 5 3 0 2 1 6 7 4
48 41 7 5 6 3 2 1 0 7 4
48 41 7 3 1 5 4 2 6 0 7
48 41 7 3 1 5 4 0 6 7 2
48 41 7 4 2 3 1 0 6 7 5
48 42 6 6 2 5 7 3 1 4 0
48 42 6 2 3 5 7 6 0 1 4
48 42 6 2 1 3 6 5 0 7 4
48 42 6 1 6 5 7 0 3 4 2
48 42 6 1 0 5 7 3 6 4 2
48 42 6 5 0 3 4 2 1 7 6
48 42 6 1 6 3 5 2 7 4 0
48 42 6 1 6 4 3 2 7 5 0
48 42 6 0 3 5 4 2 6 1 7
48 42 6 4 2 3 0 1 6 5 7
48 42 6 1 5 4 0 2 6 7 3
48 42 6 1 5 7 4 2 6 0 3
48 42 6 6 1 5 7 2 0 4 3
48 42 6 0 3 5 4 1 6 7 2
48 42 6 3 5 0 4 1 6 7 2
48 42 6 0 4 5 7 2 6 1 3
48 42 6 0 2 3 1 4 6 7 5
48 43 5 1 0 5 7 2 6 4 3
48 43 5 1 2 5 3 0 4 6 7
48 43 5 1 2 3 0 4 6 5 7
48 43 5 6 0 5 7 2 4 1 3
48 44 4 0 2 3 4 5 1 7 6
48 44 4 3 6 5 7 2 4 1 0
48 44 4 1 5 3 4 6 2 7 0
49 38 11 3 6 7 2 0 1 5 4
49 39 10 2 6 5 3 4 0 7 1
49 39 10 4 6 0 3 1 2 7 5
49 39 10 2 6 5 4 0 1 3 7
49 39 10 2 6 5 0 7 1 3 4
49 40 9 4 6 5 1 3 2 7 0
49 40 9 2 0 6 5 1 7 4 3
49 40 9 2 6 4 5 1 7 0 3
49 40 9 2 6 5 1 3 4 0 7
49 40 9 7 6 5 0 4 1 3 2
49 40 9 4 6 0 3 1 7 5 2
49 40 9 2 1 6 5 4 7 0 3
49 40 9 7 6 5 1 2 0 4 3
49 40 9 2 6 3 7 0 1 5 4
49 40 9 2 6 4 5 3 1 0 7
49 40 9 2 6 4 5 0 1 7 3
49 40 9 2 6 7 4 0 1 5 3
49 40 9 4 0 3 2 6 1 7 5
49 40 9 0 6 5 7 4 3 1 2
49 40 9 6 2 5 7 3 0 1 4
49 40 9 6 2 5 1 3 0 7 4
49 40 9 0 2 5 7 6 1 4 3
49 40 9 4 2 3 7 6 1 0 5
49 40 9 1 5 0 3 2 6 4 7
49 40 9 0 6 3 4 2 7 5 1
49 41 8 2 6 5 1 7 0 4 3
49 41 8 2 6 5 1 3 7 4 0
49 41 8 2 0 6 7 4 1 3 5
49 41 8 4 2 0 7 6 1 5 3
49 41 8 2 1 7 3 4 6 0 5
49 41 8 6 7 5 3 1 0 4 2
49 41 8 2 0 5 6 3 1 7 4
49 41 8 1 2 5 6 3 0 7 4
49 41 8 3 6 5 2 4 0 1 7
49 41 8 2 4 6 3 0 1 7 5
49 41 8 4 1 6 3 0 2 7 5
49 41 8 4 1 6 3 2 7 0 5
49 41 8 4 0 7 3 2 6 1 5
49 41 8 6 5 2 0 4 1 7 3
49 41 8 6 1 5 2 4 7 0 3
49 41 8 0 2 6 7 4 1 5 3
49 41 8 2 1 6 7 4 0 5 3
49 41 8 2 6 7 4 0 3 1 5
49 41 8 5 6 3 2 4 1 0 7
49 41 8 5 6 3 2 0 1 7 4
49 41 8 4 5 3 2 6 1 0 7
49 41 8 4 5 3 2 0 1 7 6
49 41 8 5 2 6 3 4 1 0 7
49 41 8 5 2 6 3 0 1 7 4
49 41 8 4 2 6 5 3 1 0 7
49 41 8 2 5 7 0 3 6 1 4
49 41 8 2 5 1 7 3 6 0 4
49 41 8 0 6 5 1 3 4 7 2
49 41 8 1 6 0 2 4 7 5 3
49 41 8 3 2 5 6 1 7 0 4
49 41 8 3 0 5 6 1 2 7 4
49 41 8 3 2 5 6 4 1 0 7
49 41 8 2 5 3 6 1 7 0 4
49 41 8 2 5 3 6 4 1 0 7
49 41 8 2 1 7 5 3 6 0 4
49 41 8 6 5 0 7 3 1 4 2
49 41 8 0 5 3 6 4 1 7 2
49 41 8 4 1 5 2 3 6 7 0
49 41 8 6 1 0 5 2 7 4 3
49 41 8 0 1 5 6 2 7 4 3
49 41 8 3 6 2 5 1 0 7 4
49 41 8 3 2 7 5 1 0 6 4
49 41 8 6 5 0 4 2 1 3 7
49 41 8 3 1 0 4 2 6 7 5
49 41 8 0 1 5 4 2 6 7 3
49 41 8 4 2 3 7 1 6 0 5
49 42 7 2 6 3 4 1 0 5 7
49 42 7 2 6 3 4 7 1 5 0
49 42 7 0 4 5 3 2 1 7 6
49 42 7 4 1 5 3 2 0 7 6
49 42 7 4 2 0 5 3 1 7 6
49 42 7 2 1 5 7 6 0 4 3
49 42 7 0 2 5 7 6 3 1 4
49 42 7 2 6 3 5 1 7 4 0
49 42 7 1 2 6 3 0 7 5 4
49 42 7 4 2 7 3 6 1 5 0
49 42 7 2 3 0 6 5 1 7 4
49 42 7 0 1 6 3 2 4 7 5
49 42 7 2 1 6 3 5 4 7 0
49 42 7 6 1 5 3 4 7 2 0
49 42 7 1 6 3 0 4 7 5 2
49 42 7 4 2 5 1 6 0 7 3
49 42 7 1 5 3 4 2 0 7 6
49 42 7 6 3 5 2 0 1 7 4
49 42 7 1 7 6 3 2 0 4 5
49 42 7 1 6 4 3 2 0 7 5
49 42 7 6 7 5 3 2 0 4 1
49 42 7 1 6 5 2 4 3 0 7
49 42 7 3 5 0 4 2 6 1 7
49 42 7 1 7 6 3 2 5 0 4
49 42 7 4 2 5 3 0 1 6 7
49 42 7 4 0 5 3 1 2 6 7
49 42 7 4 5 3 2 1 6 0 7
49 42 7 4 5 3 2 0 6 7 1
49 42 7 3 5 1 7 2 6 0 4
49 42 7 4 5 3 0 2 6 7 1
49 42 7 3 2 5 1 4 6 0 7
49 42 7 2 5 3 1 4 6 0 7
49 42 7 6 5 0 7 2 1 4 3
49 42 7 4 5 0 7 2 6 1 3
49 42 7 1 2 3 7 4 6 0 5
49 43 6 4 6 5 7 3 1 2 0
49 43 6 0 3 5 6 2 1 7 4
49 43 6 2 1 5 7 3 0 6 4
49 43 6 2 1 5 7 3 6 4 0
49 43 6 1 0 5 3 2 7 4 6
49 43 6 4 2 5 7 1 0 6 3
49 43 6 4 2 5 7 1 6 3 0
49 43 6 2 1 3 4 6 7 5 0
49 43 6 6 5 2 4 3 1 7 0
49 43 6 4 2 0 5 3 6 7 1
49 43 6 6 0 5 7 2 1 3 4
49 43 6 3 6 5 7 0 4 1 2
49 43 6 4 1 5 3 2 0 6 7
49 43 6 4 2 7 3 1 6 5 0
49 43 6 2 3 0 1 5 6 7 4
49 43 6 2 6 3 1 5 0 7 4
49 43 6 3 6 5 7 1 4 0 2
49 43 6 1 6 5 7 0 2 4 3
49 43 6 1 6 5 3 0 4 2 7
49 43 6 2 0 5 4 3 6 7 1
49 43 6 3 2 5 7 0 1 6 4
49 43 6 3 0 5 7 1 2 6 4
49 43 6 2 0 3 4 1 5 7 6
49 43 6 1 0 5 3 4 2 6 7
49 43 6 1 5 4 0 3 6 7 2
49 43 6 1 5 7 4 3 6 0 2
49 43 6 1 6 5 3 2 0 4 7
49 43 6 1 6 0 3 2 4 5 7
49 43 6 1 6 0 5 2 4 7 3
49 44 5 3 1 5 7 2 0 6 4
49 44 5 3 1 5 7 2 6 4 0
49 44 5 1 6 5 7 4 2 3 0
49 44 5 1 2 5 7 4 0 6 3
49 44 5 1 2 5 7 4 6 3 0
49 44 5 2 1 3 4 5 0 7 6
49 44 5 1 6 3 5 4 2 7 0
49 44 5 1 2 7 3 4 6 5 0
49 44 5 3 2 6 4 5 1 7 0
49 44 5 2 3 0 4 5 6 7 1
49 44 5 2 6 3 4 5 0 7 1
49 44 5 1 2 7 5 3 6 4 0
49 45 4 1 2 3 4 6 7 5 0
49 45 4 0 1 3 4 5 6 7 2
49 45 4 1 3 0 4 5 6 7 2
49 45 4 1 6 3 4 5 0 7 2
49 47 2 1 2 3 4 5 6 7 0