0 0 0 2 6 5 3 0 1 7 4
13 0 13 2 6 5 3 1 0 7 4
13 0 13 2 6 5 3 4 1 7 0
14 0 14 0 6 5 3 2 1 7 4
14 0 14 2 0 5 3 6 1 7 4
16 0 16 2 6 5 0 3 1 7 4
24 13 11 2 0 5 3 1 6 7 4
25 14 11 2 1 5 3 6 0 7 4
26 13 13 2 6 5 3 1 7 0 4
26 13 13 2 6 5 3 4 1 0 7
26 14 12 0 2 5 3 6 1 7 4
26 14 12 2 5 0 3 6 1 7 4
26 16 10 2 6 5 4 3 1 7 0
27 13 14 2 6 5 0 4 1 7 3
27 14 13 6 0 5 3 2 1 7 4
27 14 13 3 6 5 0 2 1 7 4
27 14 13 1 6 5 3 2 0 7 4
28 14 14 4 6 5 3 2 1 7 0
29 13 16 2 6 0 3 4 1 7 5
30 13 17 0 6 5 3 4 1 7 2
31 16 15 2 6 0 5 3 1 7 4
31 16 15 2 6 5 7 3 1 0 4
33 16 17 0 6 5 2 3 1 7 4
35 24 11 0 2 5 3 1 6 7 4
35 24 11 2 5 0 3 1 6 7 4
35 25 10 2 1 5 3 0 6 7 4
36 25 11 2 1 5 3 6 7 0 4
37 26 11 4 2 5 3 6 1 7 0
37 26 11 1 2 5 3 6 0 7 4
37 26 11 2 5 3 0 6 1 7 4
37 27 10 3 6 5 4 2 1 7 0
37 27 10 1 6 5 3 2 7 0 4
37 27 10 1 0 5 3 2 6 7 4
38 26 12 2 6 5 3 1 7 4 0
38 26 12 2 6 5 4 3 1 0 7
38 27 11 3 6 5 7 2 1 0 4
39 26 13 6 2 5 3 0 1 7 4
39 26 13 3 2 5 0 6 1 7 4
39 26 13 2 5 7 3 6 1 0 4
39 27 12 6 1 5 3 2 0 7 4
39 27 12 1 6 5 3 0 2 7 4
40 26 14 2 6 0 3 1 7 5 4
40 26 14 2 6 5 3 4 0 1 7
40 26 14 2 6 5 4 0 1 7 3
40 26 14 2 6 0 4 3 1 7 5
40 27 13 2 6 5 7 4 1 0 3
40 27 13 3 6 0 5 2 1 7 4
41 26 15 2 6 0 3 4 1 5 7
41 27 14 6 5 0 3 2 1 7 4
41 28 13 4 6 5 3 2 1 0 7
42 26 16 0 6 5 4 3 1 7 2
42 27 15 2 6 0 5 4 1 7 3
42 28 14 4 6 5 0 2 1 7 3
42 29 13 2 6 3 0 4 1 7 5
42 31 11 2 6 5 7 3 1 4 0
43 28 15 4 6 5 3 0 1 7 2
43 29 14 2 0 6 3 4 1 7 5
43 35 8 1 2 5 3 0 6 7 4
44 27 17 0 6 5 2 4 1 7 3
44 27 17 3 6 5 2 0 1 7 4
44 29 15 2 6 7 3 4 1 0 5
44 30 14 6 0 5 3 4 1 7 2
44 30 14 3 6 5 0 4 1 7 2
44 30 14 1 6 5 3 4 0 7 2
44 37 7 2 5 3 4 6 1 7 0
45 28 17 4 6 0 3 2 1 7 5
45 31 14 2 6 5 7 3 0 1 4
45 35 10 4 2 5 3 1 6 7 0
45 35 10 2 5 3 0 1 6 7 4
45 35 10 2 1 5 3 4 6 7 0
45 37 8 1 6 5 3 2 7 4 0
45 38 7 3 6 5 7 2 1 4 0
46 31 15 2 0 6 5 3 1 7 4
46 31 15 2 6 7 5 3 1 0 4
46 36 10 2 1 5 3 6 7 4 0
46 37 9 1 2 5 3 6 7 0 4
47 31 16 2 6 0 7 3 1 5 4
47 35 12 3 2 5 0 1 6 7 4
47 35 12 2 5 7 3 1 6 0 4
47 35 12 0 1 5 3 2 6 7 4
47 39 8 3 2 5 4 6 1 7 0
48 33 15 4 6 5 2 3 1 7 0
48 33 15 1 6 5 2 3 0 7 4
48 35 13 2 1 5 0 3 6 7 4
48 36 12 2 1 0 3 6 7 5 4
48 37 11 4 2 5 3 6 1 0 7
48 37 11 1 0 5 3 6 2 7 4
48 37 11 3 6 5 4 2 1 0 7
48 37 11 1 5 0 3 2 6 7 4
48 38 10 3 6 5 7 2 0 1 4
49 33 16 6 0 5 2 3 1 7 4
49 39 10 1 6 5 3 4 2 7 0
50 35 15 6 2 5 3 1 0 7 4
50 37 13 4 2 5 0 6 1 7 3
50 37 13 4 2 5 3 0 1 7 6
50 37 13 4 2 0 3 6 1 7 5
50 37 13 1 6 0 3 2 7 5 4
50 38 12 3 6 0 7 2 1 5 4
50 39 11 6 1 5 3 2 7 0 4
50 40 10 2 6 5 7 4 1 3 0
51 37 14 0 5 3 2 6 1 7 4
51 37 14 2 5 3 6 0 1 7 4
51 37 14 2 5 3 7 6 1 0 4
51 37 14 3 6 5 4 0 1 7 2
51 38 13 2 6 5 4 3 0 1 7
51 38 13 2 6 0 4 3 1 5 7
51 39 12 2 5 7 3 6 1 4 0
51 40 11 3 6 7 5 2 1 0 4
51 43 8 1 2 5 3 4 6 7 0
51 45 6 2 5 3 4 1 6 7 0
52 38 14 2 6 5 0 1 7 4 3
52 39 13 6 2 5 3 4 1 7 0
52 39 13 3 2 0 5 6 1 7 4
52 39 13 3 2 5 7 6 1 0 4
52 39 13 6 1 5 3 0 2 7 4
52 40 12 2 0 6 4 3 1 7 5
52 40 12 2 6 5 7 4 0 1 3
53 37 16 3 6 0 4 2 1 7 5
53 37 16 0 6 5 4 2 1 7 3
53 39 14 2 5 7 3 6 0 1 4
53 40 13 2 6 3 0 1 7 5 4
53 40 13 2 6 5 3 0 4 1 7
53 40 13 2 0 5 3 4 6 1 7
53 40 13 2 6 5 4 1 0 7 3
53 40 13 2 6 4 0 3 1 7 5
53 40 13 2 6 7 4 3 1 0 5
53 40 13 3 0 6 5 2 1 7 4
53 41 12 6 5 7 3 2 1 0 4
53 44 9 2 5 3 4 6 1 0 7
54 38 16 2 6 5 3 0 7 4 1
54 38 16 2 6 0 3 1 7 4 5
54 39 15 3 2 5 6 0 1 7 4
54 39 15 0 6 5 3 1 2 7 4
54 39 15 1 6 5 0 3 2 7 4
54 40 14 2 0 6 3 1 7 5 4
54 40 14 2 0 5 4 6 1 7 3
54 40 14 2 6 0 7 4 1 5 3
54 41 13 6 5 3 0 2 1 7 4
54 42 12 2 6 3 5 4 1 7 0
54 42 12 2 6 3 4 0 1 7 5
54 43 11 1 2 5 0 3 6 7 4
54 46 8 1 2 5 3 6 7 4 0
54 47 7 3 2 5 4 1 6 7 0
55 38 17 0 6 5 3 1 7 4 2
55 39 16 6 2 5 0 3 1 7 4
55 41 14 2 6 3 0 4 1 5 7
55 41 14 4 6 5 3 2 0 1 7
55 42 13 1 6 5 4 3 0 7 2
55 42 13 2 6 7 5 4 1 0 3
55 42 13 4 6 5 7 2 1 0 3
55 42 13 2 6 5 7 0 1 4 3
55 44 11 1 6 5 3 0 4 7 2
55 44 11 1 6 5 3 4 7 0 2
55 44 11 1 0 5 3 4 6 7 2
55 44 11 2 5 3 4 0 1 7 6
55 45 10 4 2 5 3 1 6 0 7
55 45 10 1 6 5 0 2 7 4 3
55 48 7 2 1 5 4 3 6 7 0
56 41 15 2 0 6 3 4 1 5 7
56 42 14 6 0 5 4 3 1 7 2
56 43 13 2 1 6 3 4 0 7 5
56 44 12 3 6 5 2 4 1 7 0
56 44 12 3 6 5 7 4 1 0 2
56 45 11 2 1 5 3 4 6 0 7
56 45 11 3 6 5 0 2 1 4 7
56 46 10 1 2 0 3 6 7 5 4
57 41 16 4 6 0 3 2 1 5 7
57 42 15 2 0 6 5 4 1 7 3
57 42 15 4 6 0 5 2 1 7 3
57 42 15 2 6 3 7 4 1 0 5
57 42 15 2 6 5 0 3 1 4 7
57 43 14 4 6 5 3 1 0 7 2
57 43 14 0 2 6 3 4 1 7 5
57 44 13 2 6 7 3 4 1 5 0
57 44 13 6 1 5 3 4 0 7 2
57 44 13 0 5 3 4 6 1 7 2
57 45 12 4 2 5 0 1 6 7 3
57 45 12 4 2 5 3 0 6 7 1
57 45 12 4 2 0 3 1 6 7 5
57 45 12 2 5 3 1 0 6 7 4
57 45 12 2 1 5 0 4 6 7 3
57 45 12 3 6 5 7 0 1 4 2
57 47 10 3 2 5 4 6 1 0 7
57 48 9 1 5 7 3 2 6 0 4
57 48 9 3 0 5 7 2 6 1 4
58 42 16 4 6 5 0 3 1 7 2
58 42 16 0 6 3 2 4 1 7 5
58 42 16 0 6 5 7 3 1 4 2
58 43 15 4 0 5 3 6 1 7 2
58 44 14 3 6 0 5 4 1 7 2
58 44 14 2 5 0 4 6 1 7 3
58 45 13 2 6 5 7 0 3 1 4
58 45 13 2 0 5 7 3 6 1 4
58 45 13 0 5 3 2 1 6 7 4
58 45 13 2 5 3 7 1 6 0 4
58 45 13 2 1 0 3 4 6 7 5
58 45 13 1 6 5 3 0 7 4 2
58 45 13 0 6 5 7 2 1 4 3
58 47 11 2 5 7 3 1 6 4 0
58 47 11 3 1 5 0 2 6 7 4
58 48 10 1 5 3 0 2 6 7 4
59 44 15 6 0 5 2 4 1 7 3
59 44 15 1 6 5 2 4 0 7 3
59 44 15 3 6 5 2 1 0 7 4
59 44 15 6 5 0 3 4 1 7 2
59 45 14 4 6 3 0 2 1 7 5
59 45 14 3 6 0 7 2 1 4 5
59 46 13 2 6 7 5 3 1 4 0
59 46 13 2 1 5 0 6 7 4 3
59 46 13 2 1 5 3 0 7 4 6
59 47 12 3 2 0 5 1 6 7 4
59 47 12 3 2 5 7 1 6 0 4
59 47 12 4 1 5 3 2 6 7 0
59 47 12 3 2 5 4 0 1 7 6
59 47 12 3 2 0 4 6 1 7 5
59 48 11 1 0 5 2 3 6 7 4
59 48 11 2 1 3 0 6 7 5 4
59 48 11 1 5 0 3 6 2 7 4
59 48 11 3 6 5 7 0 2 1 4
59 49 10 1 6 5 3 4 2 0 7
59 50 9 6 1 5 3 2 7 4 0
59 51 8 2 5 3 4 1 6 0 7
59 54 5 1 2 5 4 3 6 7 0
60 42 18 4 6 5 2 0 1 7 3
60 42 18 2 6 0 7 3 1 4 5
60 44 16 3 0 5 2 6 1 7 4
60 44 16 2 6 7 3 4 0 1 5
60 45 15 4 0 6 3 2 1 7 5
60 45 15 4 6 7 3 2 1 0 5
60 45 15 0 1 5 3 4 6 7 2
60 45 15 1 6 0 3 2 7 4 5
60 46 14 2 1 6 5 3 0 7 4
60 46 14 2 1 0 3 6 7 4 5
60 47 13 3 2 5 1 0 6 7 4
60 47 13 2 5 7 3 1 0 6 4
60 48 12 2 1 0 5 3 6 7 4
60 48 12 4 2 5 3 6 0 1 7
60 48 12 4 2 0 3 6 1 5 7
60 48 12 3 6 5 4 2 0 1 7
60 49 11 1 6 5 0 4 2 7 3
60 50 10 4 2 3 0 6 1 7 5
60 51 9 3 6 7 5 2 1 4 0
60 51 9 1 2 5 3 4 6 0 7
61 45 16 0 6 5 3 2 7 4 1
61 46 15 0 2 6 5 3 1 7 4
61 47 14 0 2 5 4 6 1 7 3
61 48 13 1 6 5 2 0 3 7 4
61 48 13 1 6 5 2 3 7 0 4
61 48 13 2 1 5 7 3 6 0 4
61 48 13 2 0 1 3 6 7 5 4
61 48 13 0 1 5 3 6 2 7 4
61 51 10 2 5 3 7 6 1 4 0
61 51 10 2 5 3 4 0 6 7 1
61 52 9 3 2 5 7 6 1 4 0
61 54 7 2 6 3 4 5 1 7 0
62 46 16 2 6 7 5 3 0 1 4
62 46 16 0 1 5 3 6 7 4 2
62 48 14 0 1 5 2 3 6 7 4
62 48 14 3 6 0 4 2 1 5 7
62 50 12 4 2 5 3 1 0 7 6
62 50 12 4 0 2 3 6 1 7 5
62 50 12 4 2 7 3 6 1 0 5
62 50 12 1 6 3 0 2 7 5 4
62 50 12 3 0 6 7 2 1 5 4
62 51 11 2 0 5 4 3 6 1 7
62 51 11 1 2 5 0 4 6 7 3
62 51 11 1 2 0 3 4 6 7 5
62 53 9 2 6 3 4 1 7 5 0
63 47 16 2 0 6 7 3 1 5 4
63 47 16 2 6 7 0 3 1 5 4
63 48 15 4 6 5 2 3 1 0 7
63 50 13 6 2 5 3 1 7 0 4
63 50 13 1 0 6 3 2 7 5 4
63 50 13 3 6 7 0 2 1 5 4
63 51 12 5 0 3 2 6 1 7 4
63 51 12 4 5 3 2 6 1 7 0
63 51 12 1 5 3 2 6 0 7 4
63 51 12 2 5 3 6 1 0 7 4
63 51 12 2 5 3 6 4 1 7 0
63 51 12 2 0 3 6 5 1 7 4
63 51 12 3 6 7 5 2 0 1 4
63 51 12 0 5 3 4 1 6 7 2
63 52 11 6 1 5 3 4 2 7 0
63 52 11 2 1 6 4 3 0 7 5
63 52 11 2 6 5 7 0 4 1 3
63 52 11 2 0 5 7 4 6 1 3
63 53 10 6 5 7 3 2 1 4 0
63 53 10 2 5 3 4 6 0 1 7
63 54 9 1 6 5 4 3 2 7 0
63 54 9 3 2 5 4 1 6 0 7
63 55 8 1 6 5 3 2 4 7 0
64 49 15 6 1 5 2 3 0 7 4
64 49 15 1 6 0 3 4 2 7 5
64 50 14 6 0 5 3 1 2 7 4
64 50 14 4 2 0 5 6 1 7 3
64 50 14 0 2 5 3 4 1 7 6
64 50 14 6 1 0 3 2 7 5 4
64 50 14 2 6 5 0 4 1 3 7
64 50 14 2 6 5 7 0 1 3 4
64 51 13 2 5 3 7 6 0 1 4
64 51 13 3 6 5 4 1 0 7 2
64 51 13 2 6 5 4 0 3 1 7
64 51 13 2 0 6 4 3 1 5 7
64 51 13 2 5 0 4 1 6 7 3
64 52 12 3 2 5 7 6 0 1 4
64 52 12 0 2 6 4 3 1 7 5
64 53 11 2 0 5 4 1 6 7 3
64 54 10 2 6 3 4 1 0 7 5
64 54 10 1 2 0 5 3 6 7 4
64 55 9 1 0 5 4 3 6 7 2
64 55 9 2 1 5 4 3 6 0 7
64 57 7 1 5 7 3 2 6 4 0
64 58 6 1 5 3 4 2 6 7 0
65 48 17 4 6 0 2 3 1 7 5
65 49 16 6 5 0 2 3 1 7 4
65 50 15 4 2 5 7 6 1 0 3
65 50 15 4 0 5 3 2 1 7 6
65 50 15 4 2 5 0 3 1 7 6
65 50 15 0 6 5 7 4 1 3 2
65 51 14 6 5 3 2 0 1 7 4
65 51 14 2 5 0 7 6 1 3 4
65 51 14 3 0 5 4 6 1 7 2
65 51 14 2 6 4 0 3 1 5 7
65 51 14 2 5 7 0 6 1 4 3
65 51 14 2 5 7 3 0 1 4 6
65 52 13 6 2 5 3 4 1 0 7
65 52 13 3 2 7 5 6 1 0 4
65 53 12 0 6 5 3 2 4 1 7
65 53 12 2 6 4 5 3 1 7 0
65 53 12 2 6 7 4 3 1 5 0
65 53 12 3 1 6 5 2 0 7 4
65 53 12 2 5 0 4 6 1 3 7
65 54 11 2 1 5 4 6 0 7 3
65 54 11 6 5 3 4 2 1 7 0
65 54 11 2 0 3 4 6 1 7 5
65 54 11 3 2 5 4 0 6 7 1
65 54 11 3 2 0 4 1 6 7 5
65 55 10 6 2 5 4 3 1 7 0
65 55 10 4 6 5 7 2 1 3 0
65 55 10 1 6 5 3 4 7 2 0
65 55 10 2 5 3 4 1 0 7 6
65 55 10 2 0 3 4 5 1 7 6
65 56 9 3 6 5 7 4 1 2 0
65 56 9 1 2 3 0 6 7 5 4
66 49 17 0 6 5 3 4 2 7 1
66 50 16 4 2 5 6 0 1 7 3
66 51 15 0 5 3 6 2 1 7 4
66 51 15 2 5 0 3 6 1 4 7
66 51 15 0 2 5 3 4 6 7 1
66 52 14 6 2 5 0 4 1 7 3
66 52 14 3 0 2 5 6 1 7 4
66 52 14 3 2 0 7 6 1 5 4
66 53 13 3 6 7 4 2 1 0 5
66 53 13 6 0 5 4 2 1 7 3
66 53 13 1 6 5 4 2 0 7 3
66 53 13 2 5 7 3 0 6 1 4
66 53 13 2 0 7 3 6 5 1 4
66 53 13 2 6 5 3 7 4 1 0
66 53 13 0 2 5 3 4 6 1 7
66 53 13 2 5 0 3 4 6 1 7
66 53 13 2 6 5 4 1 7 0 3
66 53 13 0 3 6 5 2 1 7 4
66 53 13 6 5 7 3 2 0 1 4
66 54 12 2 6 4 3 1 7 0 5
66 54 12 1 6 5 7 3 2 0 4
66 54 12 6 5 3 7 2 1 0 4
66 54 12 1 2 5 7 3 6 0 4
66 54 12 1 2 5 0 6 7 4 3
66 54 12 1 2 5 3 0 7 4 6
66 54 12 1 2 0 3 6 7 4 5
66 55 11 2 6 3 7 4 1 5 0
66 55 11 1 6 5 4 0 3 7 2
66 55 11 1 6 5 4 3 7 0 2
66 55 11 1 5 0 3 4 6 7 2
66 55 11 4 2 0 3 1 6 5 7
66 55 11 1 6 0 5 2 7 4 3
66 55 11 2 1 5 4 0 6 7 3
66 55 11 2 1 0 4 3 6 7 5
66 57 9 4 2 3 0 1 6 7 5
66 57 9 1 5 7 3 2 0 6 4
66 57 9 0 3 5 7 2 6 1 4
66 58 8 3 1 5 4 2 6 7 0
66 59 7 2 1 3 4 6 7 5 0
66 59 7 1 2 5 4 3 6 0 7
67 50 17 2 6 0 7 4 1 3 5
67 52 15 2 6 0 5 1 7 4 3
67 53 14 3 0 6 4 2 1 7 5
67 53 14 2 6 4 3 0 1 7 5
67 53 14 2 6 7 4 3 0 1 5
67 54 13 2 6 3 0 1 7 4 5
67 54 13 3 2 5 6 1 0 7 4
67 54 13 3 2 5 6 4 1 7 0
67 54 13 2 6 3 5 4 1 0 7
67 54 13 0 6 3 4 2 1 7 5
67 54 13 0 2 5 1 3 6 7 4
67 54 13 0 2 5 4 1 6 7 3
67 55 12 2 6 7 5 4 1 3 0
67 55 12 4 6 5 7 2 0 1 3
67 55 12 2 6 5 7 1 0 4 3
67 55 12 4 2 5 3 1 0 6 7
67 55 12 1 6 5 4 2 7 0 3
67 56 11 3 6 5 7 4 0 1 2
67 56 11 2 1 5 3 4 0 6 7
67 56 11 1 0 2 3 6 7 5 4
67 57 10 5 0 3 4 6 1 7 2
67 57 10 1 5 3 4 6 0 7 2
67 57 10 2 5 3 1 4 6 7 0
67 57 10 2 0 3 1 5 6 7 4
67 57 10 3 5 0 7 2 6 1 4
67 58 9 1 5 3 2 0 6 7 4
67 58 9 2 5 3 7 1 6 4 0
67 58 9 3 1 5 7 2 6 0 4
67 58 9 1 5 3 7 2 6 0 4
67 59 8 3 2 5 7 1 6 4 0
68 51 17 0 5 7 3 6 1 4 2
68 52 16 2 6 5 1 0 7 4 3
68 52 16 6 2 0 3 4 1 7 5
68 52 16 6 1 5 0 3 2 7 4
68 53 15 3 6 4 0 2 1 7 5
68 53 15 2 6 3 1 0 7 5 4
68 53 15 2 6 3 5 1 7 0 4
68 53 15 2 0 5 3 6 4 1 7
68 54 14 2 0 6 3 1 7 4 5
68 54 14 0 2 5 6 3 1 7 4
68 54 14 3 6 5 0 1 2 7 4
68 54 14 4 6 5 3 1 2 7 0
68 54 14 1 6 0 5 3 2 7 4
68 54 14 0 2 6 3 1 7 5 4
68 54 14 2 0 6 7 4 1 5 3
68 54 14 2 6 3 5 0 1 7 4
68 55 13 2 6 3 4 0 1 5 7
68 55 13 4 0 5 3 2 6 1 7
68 55 13 1 0 5 3 6 4 7 2
68 55 13 0 5 3 4 2 1 7 6
68 55 13 0 1 5 4 3 6 7 2
68 56 12 2 1 6 3 0 4 7 5
68 56 12 2 1 0 3 4 6 5 7
68 56 12 3 6 0 5 2 1 4 7
68 57 11 4 0 2 3 1 6 7 5
68 57 11 4 2 7 3 1 6 0 5
68 57 11 2 5 3 1 6 0 7 4
68 57 11 2 1 5 7 4 6 0 3
68 57 11 3 6 5 7 1 0 4 2
68 57 11 3 2 5 4 6 0 1 7
68 57 11 3 2 0 4 6 1 5 7
68 58 10 2 1 3 0 4 6 7 5
68 58 10 6 0 5 7 2 1 4 3
68 58 10 1 6 5 7 2 0 4 3
68 59 9 3 6 5 7 4 2 1 0
68 59 9 1 2 5 4 0 6 7 3
68 59 9 1 2 0 4 3 6 7 5
69 52 17 0 6 5 2 1 7 4 3
69 53 16 0 6 3 2 1 7 5 4
69 53 16 2 6 5 0 3 4 1 7
69 53 16 0 6 4 2 3 1 7 5
69 54 15 3 0 5 6 2 1 7 4
69 54 15 2 7 6 3 1 0 5 4
69 54 15 2 6 7 0 4 1 5 3
69 55 14 6 0 5 3 1 7 4 2
69 55 14 3 6 5 0 1 7 4 2
69 55 14 2 6 7 5 4 0 1 3
69 55 14 4 6 0 7 2 1 5 3
69 55 14 2 0 5 7 6 1 4 3
69 55 14 0 6 5 3 1 4 7 2
69 55 14 1 6 5 0 3 4 7 2
69 55 14 1 6 0 3 4 7 5 2
69 55 14 0 6 5 1 2 7 4 3
69 56 13 6 1 5 4 3 0 7 2
69 56 13 2 1 6 3 4 7 0 5
69 56 13 3 6 5 2 4 1 0 7
69 56 13 3 6 0 7 4 1 5 2
69 57 12 4 0 5 3 1 6 7 2
69 57 12 4 2 6 3 0 1 7 5
69 57 12 6 1 5 3 0 4 7 2
69 57 12 6 1 5 3 4 7 0 2
69 57 12 6 5 3 4 0 1 7 2
69 57 12 4 2 5 3 6 0 7 1
69 58 11 2 6 5 7 4 3 1 0
69 58 11 5 0 3 2 1 6 7 4
69 58 11 4 5 3 2 1 6 7 0
69 58 11 2 5 3 7 1 0 6 4
69 58 11 3 1 0 5 2 6 7 4
69 59 10 3 2 5 7 1 0 6 4
69 59 10 1 5 3 0 6 2 7 4
69 59 10 2 5 3 4 1 0 6 7
69 60 9 4 2 3 5 6 1 7 0
69 61 8 2 6 3 4 5 1 0 7
70 53 17 2 6 4 7 3 1 0 5
70 54 16 2 6 5 3 7 0 4 1
70 54 16 2 0 5 3 6 7 4 1
70 54 16 0 2 5 3 6 7 4 1
70 55 15 6 2 0 5 3 1 7 4
70 55 15 6 2 5 7 3 1 0 4
70 55 15 4 6 5 3 0 2 1 7
70 55 15 2 5 3 0 4 1 7 6
70 55 15 1 6 5 2 0 7 4 3
70 56 14 2 1 6 3 4 0 5 7
70 56 14 6 5 0 4 3 1 7 2
70 56 14 0 6 5 3 2 1 4 7
70 57 13 4 6 7 5 2 1 0 3
70 57 13 5 2 6 3 4 1 7 0
70 57 13 1 2 6 3 4 0 7 5
70 57 13 4 5 3 0 6 1 7 2
70 57 13 4 2 0 5 1 6 7 3
70 57 13 0 5 3 1 2 6 7 4
70 57 13 2 1 0 5 4 6 7 3
70 57 13 3 0 5 7 6 1 4 2
70 58 12 4 1 5 3 6 0 7 2
70 58 12 3 6 7 5 4 1 0 2
70 58 12 0 6 5 7 2 3 1 4
70 58 12 2 0 1 3 4 6 7 5
70 58 12 2 1 7 3 4 6 0 5
70 59 11 0 1 5 3 2 7 4 6
70 59 11 4 1 5 3 2 6 0 7
70 59 11 3 2 5 4 1 0 7 6
70 59 11 3 0 2 4 6 1 7 5
70 59 11 3 2 4 0 6 1 7 5
70 59 11 3 2 7 4 6 1 0 5
70 59 11 1 5 0 2 3 6 7 4
70 59 11 1 5 7 3 6 2 0 4
70 59 11 6 1 5 0 2 7 4 3
70 59 11 2 5 0 4 1 6 3 7
70 60 10 2 1 4 3 6 7 0 5
70 60 10 1 6 5 7 4 2 0 3
70 60 10 0 2 3 4 6 1 7 5
70 60 10 1 2 5 3 4 0 6 7
70 60 10 1 2 0 3 4 6 5 7
70 61 9 2 1 5 7 3 6 4 0
70 61 9 2 0 3 4 5 6 7 1
70 62 8 1 2 3 0 4 6 7 5
70 63 7 1 5 3 4 0 6 7 2
70 65 5 1 2 3 4 6 7 5 0
71 54 17 0 6 5 1 3 2 7 4
71 54 17 0 6 3 5 4 1 7 2
71 55 16 7 6 5 3 1 0 4 2
71 56 15 0 2 6 3 4 1 5 7
71 57 14 2 1 6 5 4 0 7 3
71 57 14 2 6 3 7 4 0 1 5
71 57 14 4 6 5 3 1 7 0 2
71 57 14 4 2 5 1 0 6 7 3
71 57 14 4 2 5 7 1 6 0 3
71 57 14 4 2 5 0 3 6 7 1
71 58 13 4 6 3 2 0 1 7 5
71 58 13 6 0 5 7 3 1 4 2
71 58 13 1 6 5 7 3 0 4 2
71 58 13 4 5 0 3 6 1 7 2
71 58 13 2 5 4 0 6 1 7 3
71 58 13 2 5 7 4 6 1 0 3
71 58 13 2 5 0 7 1 6 3 4
71 58 13 1 6 5 3 7 0 4 2
71 58 13 7 6 5 0 2 1 4 3
71 58 13 2 5 7 0 1 6 4 3
71 59 12 1 6 5 2 0 4 7 3
71 59 12 1 6 5 2 4 7 0 3
71 59 12 1 0 5 2 4 6 7 3
71 59 12 4 6 3 5 2 1 7 0
71 59 12 3 0 6 7 2 1 4 5
71 59 12 3 6 4 7 2 1 0 5
71 59 12 3 2 7 5 1 6 0 4
71 59 12 4 1 5 0 2 6 7 3
71 59 12 4 1 5 3 0 6 7 2
71 59 12 0 2 5 4 3 1 7 6
71 59 12 1 6 5 3 4 0 2 7
71 60 11 2 1 3 0 6 7 4 5
71 60 11 3 2 5 1 4 6 7 0
71 60 11 4 2 5 3 0 6 1 7
71 60 11 4 2 3 0 6 1 5 7
71 60 11 3 0 5 4 2 6 1 7
71 61 10 2 5 3 4 6 0 7 1
71 61 10 2 6 3 0 5 1 7 4
71 62 9 1 6 3 4 2 7 5 0
71 63 8 1 6 5 3 2 4 0 7
72 54 18 2 6 5 0 3 7 4 1
72 55 17 0 6 3 2 4 1 5 7
72 55 17 2 6 5 0 7 1 4 3
72 56 16 3 6 5 2 0 1 4 7
72 57 15 4 6 3 0 2 1 5 7
72 57 15 4 0 6 5 2 1 7 3
72 57 15 3 2 6 0 4 1 7 5
72 57 15 0 1 5 2 4 6 7 3
72 58 14 5 6 3 2 4 1 7 0
72 58 14 1 6 3 2 4 0 7 5
72 58 14 0 4 5 3 6 1 7 2
72 58 14 3 0 6 5 4 1 7 2
72 58 14 0 2 5 7 3 6 1 4
72 58 14 2 5 0 7 3 6 1 4
72 58 14 1 0 5 3 6 7 4 2
72 58 14 2 5 0 3 1 6 4 7
72 58 14 3 1 5 2 0 6 7 4
72 59 13 3 0 5 2 1 6 7 4
72 59 13 6 5 7 3 4 1 0 2
72 59 13 3 6 7 0 2 1 4 5
72 59 13 2 1 5 4 6 7 0 3
72 59 13 2 1 5 3 7 0 4 6
72 59 13 3 0 2 5 1 6 7 4
72 59 13 3 2 0 7 1 6 5 4
72 59 13 3 0 5 4 2 1 7 6
72 59 13 2 1 3 5 6 7 0 4
72 59 13 3 0 5 7 6 2 1 4
72 59 13 1 6 0 3 4 2 5 7
72 59 13 0 2 5 4 3 6 7 1
72 60 12 3 1 5 0 4 6 7 2
72 60 12 1 6 3 0 2 7 4 5
72 60 12 1 6 4 3 2 7 0 5
72 60 12 3 2 5 1 6 0 7 4
72 60 12 1 6 0 5 4 2 7 3
72 61 11 1 2 5 4 6 0 7 3
72 61 11 2 1 5 7 3 0 6 4
72 61 11 3 2 5 7 0 1 4 6
72 62 10 1 2 5 7 4 6 0 3
72 62 10 1 0 2 3 4 6 7 5
72 62 10 1 2 7 3 4 6 0 5
72 62 10 2 6 3 4 1 7 0 5
72 63 9 1 0 3 2 6 5 7 4
72 63 9 2 1 3 6 5 0 7 4
72 63 9 5 0 3 4 1 6 7 2
72 63 9 2 5 3 4 0 6 1 7
72 63 9 2 0 3 4 6 5 1 7
72 63 9 1 6 5 0 2 4 7 3
72 64 8 2 0 3 4 1 6 7 5
72 64 8 1 5 3 4 2 6 0 7
72 65 7 2 1 3 4 5 0 7 6
72 67 5 3 1 5 7 2 6 4 0
72 67 5 1 5 3 7 2 6 4 0
73 57 16 4 0 6 3 2 1 5 7
73 57 16 0 2 6 5 4 1 7 3
73 57 16 2 6 0 5 3 1 4 7
73 57 16 2 6 5 3 0 1 4 7
73 57 16 2 6 7 3 0 1 5 4
73 57 16 4 0 5 3 2 6 7 1
73 57 16 3 6 5 0 7 1 4 2
73 58 15 6 0 3 2 4 1 7 5
73 58 15 2 0 5 7 6 3 1 4
73 58 15 1 6 5 0 3 7 4 2
73 58 15 2 5 7 3 0 6 4 1
73 59 14 6 1 5 2 4 0 7 3
73 59 14 3 6 5 2 1 7 0 4
73 59 14 6 5 3 0 4 1 7 2
73 59 14 2 1 0 5 6 7 4 3
73 59 14 4 1 0 3 2 6 7 5
73 59 14 3 2 5 0 4 1 7 6
73 59 14 0 1 3 2 6 7 5 4
73 59 14 2 1 3 6 0 7 5 4
73 59 14 0 6 5 7 3 2 1 4
73 59 14 6 1 5 3 0 7 4 2
73 60 13 3 1 5 2 6 0 7 4
73 60 13 4 6 7 3 2 1 5 0
73 60 13 1 0 6 3 2 7 4 5
73 60 13 2 0 1 3 6 7 4 5
73 60 13 3 0 5 1 2 6 7 4
73 60 13 2 5 7 3 0 1 6 4
73 60 13 2 0 7 3 1 5 6 4
73 60 13 2 0 1 5 3 6 7 4
73 60 13 2 1 7 5 3 6 0 4
73 60 13 4 0 2 3 6 1 5 7
73 60 13 3 6 5 4 0 2 1 7
73 60 13 4 2 3 6 0 1 7 5
73 61 12 1 6 5 2 4 3 7 0
73 61 12 1 6 5 2 3 7 4 0
73 61 12 4 1 5 3 6 2 7 0
73 61 12 2 5 3 0 6 1 4 7
73 61 12 2 5 3 7 0 1 4 6
73 61 12 0 5 3 4 2 6 7 1
73 61 12 0 6 3 4 5 1 7 2
73 62 11 4 1 2 3 6 0 7 5
73 62 11 4 2 7 3 6 1 5 0
73 62 11 3 1 6 7 2 0 5 4
73 62 11 0 2 5 4 3 6 1 7
73 62 11 2 5 0 4 3 6 1 7
73 63 10 1 5 3 2 6 7 0 4
73 63 10 0 2 3 6 5 1 7 4
73 63 10 0 6 5 7 2 4 1 3
73 63 10 3 2 0 4 1 6 5 7
73 64 9 1 5 0 4 3 6 7 2
73 64 9 1 5 7 0 2 6 4 3
73 65 8 2 1 3 4 6 0 7 5
73 65 8 0 2 3 4 5 1 7 6
74 56 18 3 6 0 2 4 1 7 5
74 58 16 4 6 0 5 3 1 7 2
74 58 16 4 6 5 7 3 1 0 2
74 58 16 7 6 5 0 3 1 4 2
74 58 16 6 5 3 2 1 0 7 4
74 58 16 0 5 7 3 1 6 4 2
74 59 15 4 6 3 7 2 1 0 5
74 59 15 2 6 7 5 0 1 4 3
74 59 15 2 0 5 3 1 7 4 6
74 59 15 2 1 5 0 3 7 4 6
74 60 14 0 3 5 2 6 1 7 4
74 60 14 3 5 0 2 6 1 7 4
74 60 14 2 0 7 3 4 6 1 5
74 60 14 4 1 6 3 2 0 7 5
74 60 14 2 1 6 5 0 3 7 4
74 60 14 2 1 6 5 3 7 0 4
74 60 14 4 0 5 3 6 2 1 7
74 60 14 1 6 5 4 0 2 7 3
74 60 14 4 2 3 7 6 1 0 5
74 60 14 3 6 7 5 0 1 4 2
74 61 13 6 0 5 3 2 7 4 1
74 61 13 3 6 5 0 2 7 4 1
74 61 13 6 2 5 4 0 1 7 3
74 61 13 1 6 5 0 2 3 7 4
74 61 13 0 2 1 3 6 7 5 4
74 61 13 3 1 5 0 6 2 7 4
74 61 13 3 2 5 0 6 1 4 7
74 61 13 2 6 0 4 5 1 7 3
74 62 12 4 1 5 2 3 6 7 0
74 62 12 4 2 5 3 1 7 0 6
74 62 12 1 6 3 5 2 7 0 4
74 62 12 0 3 6 7 2 1 5 4
74 62 12 1 2 0 5 4 6 7 3
74 63 11 3 6 7 4 2 1 5 0
74 63 11 5 1 3 2 6 0 7 4
74 63 11 2 0 3 6 1 5 7 4
74 63 11 2 3 0 6 5 1 7 4
74 63 11 3 0 7 5 2 6 1 4
74 63 11 6 1 5 3 4 2 0 7
74 63 11 2 1 6 4 0 3 7 5
74 63 11 2 1 6 4 3 7 0 5
74 63 11 2 6 5 7 3 4 1 0
74 63 11 1 6 5 4 3 2 0 7
74 63 11 3 2 5 4 1 0 6 7
74 64 10 2 1 0 4 3 6 5 7
74 65 9 2 0 3 4 1 5 7 6
74 65 9 2 3 0 4 5 1 7 6
74 66 8 1 6 5 7 3 2 4 0
74 66 8 6 5 3 7 2 1 4 0
74 66 8 1 2 5 7 3 6 4 0
74 66 8 1 2 4 3 6 7 0 5
74 66 8 4 2 3 5 1 6 7 0
74 66 8 2 1 3 4 6 7 0 5
74 66 8 1 2 0 4 3 6 5 7
74 67 7 1 0 3 4 6 5 7 2
74 67 7 3 1 5 7 2 0 6 4
74 67 7 1 5 3 7 2 0 6 4
74 68 6 1 6 5 7 2 4 0 3
75 57 18 0 6 5 2 3 1 4 7
75 57 18 0 6 7 3 4 1 5 2
75 59 16 6 5 0 2 4 1 7 3
75 59 16 2 6 7 0 3 1 4 5
75 59 16 0 1 5 2 6 7 4 3
75 59 16 2 1 5 6 0 7 4 3
75 59 16 3 6 5 0 7 2 1 4
75 59 16 6 1 0 3 2 7 4 5
75 60 15 2 6 7 3 0 4 1 5
75 60 15 0 6 5 1 4 2 7 3
75 60 15 0 6 7 5 2 1 4 3
75 61 14 3 2 6 5 0 1 7 4
75 61 14 5 2 6 0 3 1 7 4
75 61 14 4 2 6 5 3 1 7 0
75 61 14 1 2 6 5 3 0 7 4
75 61 14 1 0 5 2 6 3 7 4
75 61 14 1 6 0 2 3 7 5 4
75 61 14 2 1 0 7 3 6 5 4
75 61 14 2 7 1 3 6 0 5 4
75 61 14 2 5 3 0 4 6 7 1
75 62 13 3 1 5 0 6 7 4 2
75 62 13 0 4 2 3 6 1 7 5
75 62 13 4 2 7 3 6 0 1 5
75 62 13 2 6 3 4 0 7 5 1
75 63 12 6 2 5 3 1 7 4 0
75 63 12 4 5 3 2 6 1 0 7
75 63 12 2 5 3 6 1 7 0 4
75 63 12 4 5 3 0 1 6 7 2
75 63 12 6 1 5 0 4 2 7 3
75 63 12 0 2 5 7 4 6 1 3
75 63 12 2 5 0 7 4 6 1 3
75 63 12 6 5 7 0 2 1 4 3
75 64 11 3 0 5 4 1 6 7 2
75 64 11 3 2 5 7 0 6 1 4
75 64 11 3 2 6 4 0 1 7 5
75 64 11 5 2 6 4 3 1 7 0
75 64 11 1 2 6 4 3 0 7 5
75 64 11 1 0 2 5 3 6 7 4
75 64 11 1 2 7 5 3 6 0 4
75 64 11 2 1 5 4 3 0 6 7
75 65 10 2 3 0 4 6 1 7 5
75 65 10 3 0 2 4 1 6 7 5
75 65 10 3 2 4 0 1 6 7 5
75 65 10 3 2 7 4 1 6 0 5
75 65 10 2 5 3 4 1 7 0 6
75 66 9 1 2 3 0 6 7 4 5
75 66 9 0 2 3 4 1 6 7 5
75 66 9 4 3 5 7 2 6 1 0
75 66 9 3 1 5 4 2 6 0 7
75 66 9 1 2 5 4 3 0 6 7
75 67 8 1 5 3 4 6 7 0 2
75 67 8 0 2 3 1 5 6 7 4
75 68 7 1 0 5 7 2 6 4 3
75 69 6 1 5 3 4 6 2 7 0
76 58 18 2 6 5 0 7 3 1 4
76 60 16 4 6 5 2 1 0 7 3
76 60 16 2 0 6 7 3 1 4 5
76 60 16 0 4 6 3 2 1 7 5
76 60 16 4 6 7 3 2 0 1 5
76 61 15 7 6 5 3 2 0 4 1
76 61 15 2 5 0 7 6 1 4 3
76 61 15 0 5 3 7 6 1 4 2
76 61 15 0 2 5 7 6 1 4 3
76 62 14 3 0 6 4 2 1 5 7
76 62 14 3 6 4 0 2 1 5 7
76 62 14 4 0 5 3 1 2 7 6
76 62 14 1 6 3 2 0 7 5 4
76 63 13 1 7 6 3 2 0 5 4
76 63 13 5 3 0 2 6 1 7 4
76 63 13 2 5 3 6 4 1 0 7
76 63 13 3 6 7 5 0 2 1 4
76 63 13 2 0 5 7 6 4 1 3
76 63 13 1 6 0 4 3 2 7 5
76 64 12 1 6 3 0 4 2 7 5
76 64 12 1 6 7 3 4 2 0 5
76 64 12 0 6 5 7 2 1 3 4
76 64 12 2 5 3 7 0 6 1 4
76 64 12 2 1 6 4 3 0 5 7
76 64 12 2 5 4 0 1 6 7 3
76 64 12 2 5 7 4 1 6 0 3
76 64 12 1 5 7 3 0 6 4 2
76 64 12 1 5 0 3 2 6 4 7
76 65 11 4 2 5 6 3 1 7 0
76 65 11 3 1 5 4 6 0 7 2
76 65 11 3 2 7 5 6 1 4 0
76 65 11 6 0 5 3 2 4 1 7
76 65 11 3 6 5 0 2 4 1 7
76 65 11 7 6 5 3 2 4 1 0
76 65 11 3 1 6 5 2 7 0 4
76 65 11 3 2 5 4 6 0 7 1
76 65 11 1 2 3 5 6 7 0 4
76 66 10 1 0 5 4 2 6 7 3
76 66 10 1 2 5 7 3 0 6 4
76 66 10 1 6 5 4 2 3 7 0
76 66 10 1 6 5 4 3 7 2 0
76 66 10 1 5 3 0 4 6 7 2
76 66 10 1 5 7 3 4 6 0 2
76 66 10 4 2 3 0 1 6 5 7
76 66 10 2 0 1 4 3 6 7 5
76 66 10 2 1 4 0 3 6 7 5
76 66 10 2 1 7 4 3 6 0 5
76 66 10 1 5 7 3 0 2 6 4
76 66 10 1 0 7 3 2 5 6 4
76 66 10 2 3 5 7 0 6 1 4
76 67 9 2 6 4 3 5 1 7 0
76 67 9 1 6 5 4 2 7 3 0
76 67 9 5 1 3 4 6 0 7 2
76 67 9 2 3 0 1 5 6 7 4
76 67 9 3 5 1 7 2 6 0 4
76 67 9 1 5 3 2 4 6 7 0
76 67 9 1 0 3 2 5 6 7 4
76 67 9 1 5 0 7 2 6 3 4
76 68 8 2 1 5 7 4 6 3 0
76 68 8 1 0 2 4 3 6 7 5
76 68 8 1 2 4 0 3 6 7 5
76 68 8 1 2 7 4 3 6 0 5
76 70 6 1 2 3 4 6 7 0 5
77 59 18 0 6 7 5 3 1 4 2
77 60 17 4 0 5 2 6 1 7 3
77 61 16 0 6 5 2 1 3 7 4
77 61 16 3 2 0 7 6 1 4 5
77 62 15 2 6 7 5 0 3 1 4
77 62 15 2 0 7 5 3 6 1 4
77 62 15 7 1 5 3 6 0 4 2
77 62 15 0 2 5 1 4 6 7 3
77 62 15 0 6 3 4 1 7 5 2
77 63 14 6 2 0 3 1 7 5 4
77 63 14 4 5 3 2 0 1 7 6
77 63 14 6 5 3 4 1 0 7 2
77 63 14 0 1 5 3 4 2 7 6
77 63 14 0 5 7 3 2 1 4 6
77 63 14 1 6 0 3 2 4 7 5
77 64 13 1 0 6 3 4 2 7 5
77 64 13 2 0 5 3 4 1 7 6
77 64 13 1 2 5 3 4 0 7 6
77 64 13 6 1 3 0 2 7 5 4
77 64 13 2 6 5 7 1 0 3 4
77 64 13 2 0 3 7 6 5 1 4
77 64 13 3 6 5 4 1 7 0 2
77 64 13 2 6 5 4 7 3 1 0
77 64 13 0 2 6 4 3 1 5 7
77 64 13 1 5 0 4 2 6 7 3
77 65 12 4 2 5 7 6 1 3 0
77 65 12 4 1 5 3 2 0 7 6
77 65 12 6 0 5 7 4 1 3 2
77 65 12 1 6 5 7 4 0 3 2
77 65 12 0 3 5 4 6 1 7 2
77 65 12 3 5 0 4 6 1 7 2
77 65 12 2 0 5 4 6 1 3 7
77 65 12 6 5 3 4 2 1 0 7
77 65 12 6 2 5 4 3 1 0 7
77 65 12 1 6 5 0 4 7 2 3
77 65 12 1 2 3 6 0 7 5 4
77 66 11 2 5 4 3 6 1 0 7
77 66 11 2 6 5 4 1 7 3 0
77 66 11 2 6 4 3 1 7 5 0
77 66 11 6 5 3 7 2 0 1 4
77 66 11 1 2 5 4 6 7 0 3
77 66 11 1 0 5 3 2 7 4 6
77 66 11 1 0 2 3 6 7 4 5
77 66 11 1 0 6 5 2 7 4 3
77 66 11 1 6 4 5 2 7 0 3
77 66 11 4 2 3 1 0 6 7 5
77 66 11 7 3 5 0 2 6 1 4
77 66 11 6 3 5 7 2 0 1 4
77 66 11 3 1 5 4 0 6 7 2
77 66 11 2 1 3 4 0 7 5 6
77 67 10 2 6 5 7 1 4 0 3
77 67 10 3 6 5 7 0 4 1 2
77 67 10 3 0 5 7 4 6 1 2
77 67 10 2 1 5 3 0 4 6 7
77 67 10 2 6 3 1 5 0 7 4
77 67 10 3 1 0 7 2 6 5 4
77 68 9 2 1 6 3 5 4 7 0
77 68 9 2 1 5 7 4 0 6 3
77 68 9 3 6 5 7 1 4 0 2
77 68 9 2 1 3 5 4 6 7 0
77 68 9 2 1 3 4 0 6 7 5
77 68 9 6 1 5 7 2 0 4 3
77 68 9 1 6 5 7 0 2 4 3
77 70 7 1 6 5 7 4 2 3 0
77 70 7 0 2 3 4 5 6 7 1
77 70 7 1 2 3 5 4 6 7 0
77 70 7 1 2 3 4 0 6 7 5
77 70 7 1 0 3 4 5 6 7 2
78 62 16 0 6 3 1 2 7 5 4
78 62 16 2 6 0 4 1 7 5 3
78 63 15 2 1 6 7 3 0 5 4
78 63 15 0 1 6 3 2 7 5 4
78 63 15 6 5 7 3 0 1 4 2
78 63 15 6 5 0 3 2 1 4 7
78 63 15 0 6 5 3 2 4 7 1
78 64 14 0 6 5 4 2 3 1 7
78 64 14 2 0 5 4 6 3 1 7
78 64 14 4 2 6 0 3 1 7 5
78 65 13 0 4 5 3 2 1 7 6
78 65 13 2 0 5 7 6 1 3 4
78 65 13 2 5 7 3 1 0 4 6
78 65 13 3 1 6 5 0 2 7 4
78 65 13 2 5 4 0 6 1 3 7
78 65 13 3 6 5 0 4 1 2 7
78 65 13 3 6 5 7 0 1 2 4
78 65 13 0 2 3 1 6 7 5 4
78 66 12 6 1 5 4 2 0 7 3
78 66 12 2 5 7 3 4 6 1 0
78 66 12 2 5 3 0 4 6 1 7
78 66 12 2 5 1 3 4 6 0 7
78 66 12 1 3 6 5 2 0 7 4
78 66 12 2 6 4 3 1 0 7 5
78 66 12 1 6 5 7 3 0 2 4
78 66 12 6 5 0 7 2 1 3 4
78 66 12 1 2 0 7 3 6 5 4
78 66 12 1 2 5 3 7 0 4 6
78 66 12 1 0 5 4 6 3 7 2
78 66 12 1 6 0 4 3 7 5 2
78 66 12 4 0 2 3 1 6 5 7
78 66 12 0 1 5 4 2 6 7 3
78 67 11 4 2 5 1 3 6 7 0
78 67 11 4 0 5 7 2 6 1 3
78 67 11 2 0 5 7 1 6 4 3
78 67 11 5 3 0 4 6 1 7 2
78 67 11 2 5 3 1 4 6 0 7
78 67 11 3 5 7 0 2 6 1 4
78 67 11 2 5 3 0 1 6 4 7
78 68 10 4 2 7 3 1 6 5 0
78 68 10 2 0 3 1 6 5 7 4
78 68 10 3 0 5 7 1 6 4 2
78 68 10 3 2 5 4 0 6 1 7
78 68 10 3 6 5 7 4 2 0 1
78 69 9 4 2 6 3 5 1 7 0
78 69 9 6 1 5 3 2 4 7 0
78 69 9 3 1 7 5 2 6 0 4
78 69 9 3 0 5 7 1 2 6 4
78 69 9 2 0 3 4 1 5 6 7
78 69 9 2 6 3 4 5 0 1 7
78 70 8 5 2 3 4 6 1 7 0
78 70 8 1 2 3 4 6 0 7 5
78 70 8 2 3 0 4 5 6 7 1
79 63 16 4 6 5 2 3 0 1 7
79 63 16 4 6 0 2 3 1 5 7
79 63 16 0 6 7 3 2 1 5 4
79 63 16 2 6 5 0 7 4 1 3
79 64 15 6 1 5 2 0 3 7 4
79 64 15 6 1 5 2 3 7 0 4
79 64 15 6 5 0 3 1 2 7 4
79 64 15 4 0 2 5 6 1 7 3
79 64 15 4 2 7 5 6 1 0 3
79 64 15 6 0 1 3 2 7 5 4
79 64 15 2 6 0 5 4 1 3 7
79 64 15 2 6 5 4 0 1 3 7
79 64 15 0 5 7 3 2 6 4 1
79 65 14 4 6 2 0 3 1 7 5
79 65 14 4 2 5 7 6 0 1 3
79 65 14 4 5 0 3 2 1 7 6
79 65 14 4 2 0 5 3 1 7 6
79 65 14 4 6 5 7 0 1 3 2
79 65 14 6 5 3 2 4 1 7 0
79 65 14 6 0 3 2 5 1 7 4
79 65 14 2 6 4 7 3 1 5 0
79 65 14 6 2 5 3 4 0 1 7
79 65 14 3 2 7 5 6 0 1 4
79 65 14 2 6 4 5 3 1 0 7
79 65 14 3 0 5 4 2 6 7 1
79 65 14 6 2 0 4 3 1 7 5
79 65 14 4 6 5 0 2 1 3 7
79 65 14 1 6 5 3 0 7 2 4
79 66 13 2 0 5 3 6 1 4 7
79 66 13 2 0 5 3 4 6 7 1
79 66 13 6 2 5 7 4 1 0 3
79 66 13 3 1 2 5 6 0 7 4
79 66 13 0 5 7 3 2 6 1 4
79 66 13 2 0 7 3 5 6 1 4
79 66 13 0 2 7 3 6 5 1 4
79 66 13 2 7 0 3 6 5 1 4
79 66 13 3 2 5 0 4 6 1 7
79 66 13 7 2 5 3 4 6 1 0
79 66 13 4 3 6 5 2 1 7 0
79 66 13 1 6 0 7 3 2 5 4
79 66 13 1 2 0 5 6 7 4 3
79 66 13 4 2 3 7 1 6 0 5
79 66 13 3 1 0 4 2 6 7 5
79 66 13 0 1 3 4 6 7 5 2
79 67 12 2 0 7 4 3 6 1 5
79 67 12 2 6 3 5 1 7 4 0
79 67 12 5 6 3 4 2 1 7 0
79 67 12 1 6 3 4 2 0 7 5
79 67 12 2 0 5 1 3 6 7 4
79 67 12 4 2 5 3 0 1 6 7
79 67 12 2 0 5 3 4 1 6 7
79 67 12 1 7 2 3 6 0 5 4
79 67 12 3 2 5 0 1 6 4 7
79 67 12 3 2 5 7 0 6 4 1
79 68 11 6 1 5 4 3 2 7 0
79 68 11 3 6 4 5 2 1 7 0
79 68 11 3 6 5 4 1 2 7 0
79 68 11 1 2 6 3 0 7 5 4
79 68 11 2 6 3 4 1 0 5 7
79 68 11 2 6 3 4 7 1 5 0
79 68 11 1 5 0 3 6 4 7 2
79 68 11 1 4 5 3 6 0 7 2
79 68 11 2 1 3 0 4 6 5 7
79 68 11 2 5 3 1 6 7 0 4
79 68 11 6 5 0 7 2 1 4 3
79 69 10 3 2 5 7 0 1 6 4
79 69 10 2 5 3 4 0 1 6 7
79 70 9 1 5 7 3 6 2 4 0
79 70 9 2 1 4 3 6 7 5 0
79 70 9 1 2 5 3 0 4 6 7
79 70 9 1 0 5 3 4 2 6 7
79 70 9 1 2 3 0 4 6 5 7
79 70 9 2 6 3 4 5 0 7 1
79 70 9 1 2 3 4 0 7 5 6
79 72 7 1 2 5 7 4 6 3 0
79 72 7 2 1 3 4 5 7 0 6
79 74 5 1 6 5 7 2 4 3 0
79 77 2 1 2 3 4 5 6 7 0