0 0 0 4 2 1 7 3 5 6 0
12 0 12 4 2 1 0 3 5 6 7
14 0 14 4 2 1 7 3 5 0 6
15 0 15 4 2 1 7 0 5 6 3
17 0 17 4 2 0 7 3 5 6 1
17 0 17 0 2 1 7 3 5 6 4
24 12 12 4 2 0 1 3 5 6 7
24 12 12 0 2 1 4 3 5 6 7
25 12 13 4 2 1 3 0 5 6 7
26 12 14 4 2 1 6 3 5 0 7
28 15 13 0 2 1 7 4 5 6 3
29 14 15 4 2 0 7 3 5 1 6
29 15 14 4 2 1 7 5 0 6 3
29 15 14 4 0 1 7 2 5 6 3
29 17 12 3 2 1 7 0 5 6 4
30 14 16 4 2 1 7 3 0 5 6
31 15 16 4 2 1 0 7 5 6 3
31 17 14 4 2 7 0 3 5 6 1
31 17 14 2 0 1 7 3 5 6 4
31 17 14 7 2 1 0 3 5 6 4
32 17 15 4 2 6 7 3 5 0 1
33 17 16 4 0 2 7 3 5 6 1
33 17 16 5 2 1 7 3 0 6 4
34 24 10 3 2 1 4 0 5 6 7
35 24 11 2 0 1 4 3 5 6 7
35 24 11 7 2 1 4 3 5 6 0
35 25 10 4 2 1 3 5 0 6 7
36 24 12 4 2 6 1 3 5 0 7
36 25 11 4 2 1 3 7 5 6 0
36 26 10 4 2 1 6 3 5 7 0
37 24 13 4 0 2 1 3 5 6 7
37 24 13 5 2 1 4 3 0 6 7
38 25 13 0 2 1 3 4 5 6 7
39 26 13 4 2 0 6 3 5 1 7
39 28 11 3 2 1 7 4 5 6 0
40 26 14 4 2 1 6 3 0 5 7
40 28 12 2 0 1 7 4 5 6 3
40 29 11 4 1 0 7 2 5 6 3
40 29 11 4 5 1 7 2 0 6 3
41 25 16 4 0 1 3 2 5 6 7
41 29 12 4 2 1 7 5 6 0 3
41 29 12 0 4 1 7 2 5 6 3
41 29 12 3 2 1 7 5 0 6 4
41 29 12 3 0 1 7 2 5 6 4
42 28 14 5 2 1 7 4 0 6 3
42 29 13 4 0 1 7 5 2 6 3
42 31 11 4 2 7 1 3 5 6 0
43 28 15 7 2 1 0 4 5 6 3
43 29 14 4 2 7 0 3 5 1 6
43 34 9 3 2 1 4 5 0 6 7
43 35 8 4 2 1 3 5 6 0 7
44 29 15 3 2 1 0 7 5 6 4
44 31 13 2 1 0 7 3 5 6 4
44 31 13 2 5 1 7 3 0 6 4
44 31 13 7 2 0 1 3 5 6 4
44 34 10 3 2 1 4 7 5 6 0
45 29 16 4 0 2 7 3 5 1 6
45 30 15 4 2 1 7 0 3 5 6
45 30 15 4 0 1 7 3 2 5 6
45 31 14 4 2 0 1 7 5 6 3
45 31 14 0 2 1 4 7 5 6 3
45 31 14 0 2 7 4 3 5 6 1
45 31 14 7 2 1 3 0 5 6 4
45 32 13 4 2 6 7 3 5 1 0
45 35 10 2 1 0 4 3 5 6 7
46 31 15 4 2 7 3 0 5 6 1
46 31 15 7 2 1 6 3 5 0 4
46 33 13 5 2 1 7 0 3 6 4
46 33 13 5 2 1 7 3 6 0 4
46 33 13 5 0 1 7 3 2 6 4
46 35 11 7 2 1 4 3 5 0 6
46 36 10 4 2 6 1 3 5 7 0
46 37 9 5 2 1 4 3 6 0 7
47 31 16 4 2 1 6 7 5 0 3
47 31 16 4 2 7 6 3 5 0 1
47 35 12 2 5 1 4 3 0 6 7
47 35 12 4 0 1 3 5 2 6 7
48 33 15 4 5 2 7 3 0 6 1
48 34 14 3 0 1 4 2 5 6 7
48 35 13 7 2 1 4 0 5 6 3
48 36 12 4 2 1 3 7 5 0 6
48 36 12 4 2 1 0 3 5 7 6
48 37 11 5 2 1 4 0 3 6 7
49 32 17 4 2 6 7 3 0 5 1
49 33 16 0 4 2 7 3 5 6 1
49 34 15 3 2 1 0 4 5 6 7
49 35 14 7 2 0 4 3 5 6 1
49 43 6 4 2 1 3 5 6 7 0
50 36 14 4 2 6 1 3 0 5 7
50 36 14 4 2 1 6 0 5 7 3
50 37 13 5 0 1 4 3 2 6 7
50 39 11 3 2 1 7 4 5 0 6
50 41 9 3 1 0 7 2 5 6 4
50 41 9 3 5 1 7 2 0 6 4
50 43 7 3 2 1 4 5 6 0 7
51 36 15 4 2 0 3 7 5 6 1
51 36 15 0 2 1 3 7 5 6 4
51 36 15 4 2 0 6 3 5 7 1
51 36 15 0 2 1 6 3 5 7 4
51 37 14 0 4 2 1 3 5 6 7
51 37 14 4 5 2 1 3 0 6 7
51 38 13 2 0 1 3 4 5 6 7
51 38 13 7 2 1 3 4 5 6 0
51 40 11 2 1 0 7 4 5 6 3
51 40 11 2 5 1 7 4 0 6 3
51 40 11 4 5 1 7 2 6 0 3
51 41 10 4 2 1 7 5 6 3 0
51 41 10 3 4 1 7 2 5 6 0
51 41 10 0 3 1 7 2 5 6 4
52 39 13 4 2 6 0 3 5 1 7
52 40 12 4 1 7 0 2 5 6 3
52 40 12 4 1 6 7 2 5 0 3
52 40 12 4 5 1 7 0 2 6 3
52 41 11 3 2 1 7 5 6 0 4
52 41 11 3 0 1 7 5 2 6 4
52 43 9 4 2 0 3 5 6 1 7
53 38 15 5 2 1 3 4 0 6 7
53 39 14 4 0 2 6 3 5 1 7
53 39 14 3 2 0 7 4 5 6 1
53 42 11 5 2 1 7 0 4 6 3
53 42 11 5 0 1 7 4 2 6 3
53 46 7 5 2 1 4 3 6 7 0
54 40 14 4 2 1 6 0 3 5 7
54 41 13 4 1 0 3 2 5 6 7
54 41 13 4 5 1 3 2 0 6 7
54 41 13 4 2 0 7 5 6 1 3
54 41 13 2 4 1 7 0 5 6 3
54 41 13 5 4 1 7 2 0 6 3
54 42 12 5 2 1 7 4 6 0 3
54 42 12 4 1 0 7 5 2 6 3
54 43 11 3 0 1 4 5 2 6 7
54 45 9 1 2 7 4 3 5 6 0
55 41 14 0 4 1 3 2 5 6 7
55 41 14 7 4 1 0 2 5 6 3
55 42 13 0 4 1 7 5 2 6 3
55 42 13 4 2 7 1 3 5 0 6
55 43 12 4 2 7 6 3 5 1 0
55 44 11 3 2 1 4 7 5 0 6
55 45 10 2 1 6 4 3 5 0 7
55 50 5 3 2 1 4 5 6 7 0
56 40 16 4 0 1 6 3 2 5 7
56 44 12 2 5 1 7 0 3 6 4
56 45 11 7 2 1 3 5 0 6 4
56 45 11 2 1 4 0 3 5 6 7
56 46 10 5 2 0 4 3 6 1 7
57 42 15 4 2 7 1 0 5 6 3
57 43 14 7 2 0 1 4 5 6 3
57 43 14 0 2 7 4 3 5 1 6
57 44 13 3 2 0 1 7 5 6 4
57 44 13 2 1 7 0 3 5 6 4
57 44 13 2 5 1 7 3 6 0 4
57 44 13 7 2 6 1 3 5 0 4
57 45 12 3 2 7 4 0 5 6 1
57 46 11 4 2 7 3 1 5 6 0
57 46 11 5 2 1 7 4 3 6 0
57 47 10 2 5 1 4 3 6 0 7
58 42 16 0 2 7 1 3 5 6 4
58 43 15 4 2 7 3 0 5 1 6
58 44 14 2 1 6 7 3 5 0 4
58 44 14 7 0 2 1 3 5 6 4
58 44 14 3 2 0 4 7 5 6 1
58 45 13 2 0 1 4 7 5 6 3
58 45 13 2 0 7 4 3 5 6 1
58 46 12 4 2 7 3 5 0 6 1
58 46 12 7 2 1 6 3 5 4 0
58 46 12 5 2 1 7 3 6 4 0
58 46 12 5 1 0 7 3 2 6 4
58 46 12 7 2 0 4 3 5 1 6
58 47 11 4 1 0 3 5 2 6 7
58 48 10 0 2 1 4 5 3 6 7
58 50 8 3 2 0 4 5 6 1 7
59 44 15 3 2 1 6 7 5 0 4
59 45 14 0 2 1 7 4 3 5 6
59 45 14 4 2 1 7 6 3 5 0
59 45 14 4 1 0 7 3 2 5 6
59 45 14 4 2 6 1 7 5 0 3
59 46 13 5 0 1 7 2 3 6 4
59 46 13 0 5 1 7 3 2 6 4
59 46 13 7 2 1 4 3 0 5 6
59 46 13 4 2 6 0 3 5 7 1
59 47 12 4 2 1 6 7 5 3 0
59 47 12 2 5 1 4 0 3 6 7
59 48 11 3 1 0 4 2 5 6 7
59 48 11 3 5 1 4 2 0 6 7
59 48 11 7 2 1 4 5 0 6 3
59 48 11 5 2 1 4 7 3 6 0
59 49 10 4 2 1 0 5 6 7 3
59 50 9 3 5 1 7 2 6 0 4
60 43 17 7 2 1 6 4 5 0 3
60 45 15 4 5 2 7 3 0 1 6
60 45 15 4 0 1 7 2 3 5 6
60 45 15 0 4 1 7 3 2 5 6
60 45 15 4 0 2 1 7 5 6 3
60 45 15 5 2 1 4 7 0 6 3
60 45 15 5 2 7 4 3 0 6 1
60 45 15 7 0 1 3 2 5 6 4
60 46 14 7 2 0 6 3 5 1 4
60 46 14 0 2 1 7 5 3 6 4
60 46 14 5 2 0 7 3 6 1 4
60 46 14 4 2 6 1 0 5 7 3
60 46 14 4 2 0 1 3 5 7 6
60 47 13 0 4 1 3 5 2 6 7
60 48 12 0 3 1 4 2 5 6 7
60 48 12 0 2 1 4 3 5 7 6
60 49 11 4 2 1 3 0 6 7 5
60 49 11 4 2 0 3 5 6 7 1
60 49 11 0 2 1 3 5 6 7 4
60 50 10 3 1 7 0 2 5 6 4
60 50 10 3 1 6 7 2 5 0 4
60 50 10 3 5 1 7 0 2 6 4
60 52 8 4 2 3 0 5 6 1 7
61 45 16 0 4 2 7 3 5 1 6
61 46 15 0 2 7 3 4 5 6 1
61 46 15 7 2 1 6 3 0 5 4
61 46 15 0 2 6 1 3 5 7 4
61 48 13 4 2 0 3 7 5 1 6
61 48 13 4 2 1 3 0 5 7 6
61 49 12 1 4 2 7 3 5 6 0
61 49 12 7 2 6 4 3 5 0 1
61 51 10 2 5 1 7 0 4 6 3
61 51 10 4 5 1 7 2 6 3 0
61 51 10 4 2 1 0 5 6 3 7
61 51 10 3 4 1 7 2 5 0 6
61 51 10 4 3 1 7 2 5 6 0
62 45 17 4 2 1 0 7 3 5 6
62 45 17 4 2 6 7 0 5 1 3
62 46 16 4 0 7 3 2 5 6 1
62 46 16 5 2 1 0 7 3 6 4
62 47 15 4 2 0 6 7 5 1 3
62 48 14 4 5 2 7 0 3 6 1
62 48 14 4 2 1 3 7 0 5 6
62 49 13 3 4 2 7 0 5 6 1
62 49 13 3 2 0 1 4 5 6 7
62 49 13 7 0 2 4 3 5 6 1
62 49 13 7 2 4 0 3 5 6 1
62 50 12 4 2 1 6 5 0 7 3
62 50 12 5 1 0 4 3 2 6 7
62 50 12 3 2 1 7 4 0 5 6
62 50 12 3 2 0 7 4 5 1 6
62 51 11 2 5 1 7 4 6 0 3
62 51 11 2 3 1 7 0 5 6 4
62 51 11 5 3 1 7 2 0 6 4
62 52 10 4 1 7 3 2 5 6 0
62 52 10 3 2 1 7 5 6 4 0
62 52 10 3 1 0 7 5 2 6 4
62 52 10 4 0 2 3 5 6 1 7
63 45 18 0 2 6 7 3 5 1 4
63 47 16 4 2 1 6 7 0 5 3
63 47 16 4 2 7 6 3 0 5 1
63 48 15 4 5 2 7 3 6 0 1
63 48 15 7 0 1 4 2 5 6 3
63 48 15 5 0 1 4 2 3 6 7
63 51 12 4 2 3 0 7 5 6 1
63 51 12 3 2 1 6 0 5 7 4
63 51 12 1 4 2 0 3 5 6 7
63 51 12 4 5 2 1 3 6 0 7
63 51 12 2 1 0 3 4 5 6 7
63 51 12 2 1 7 0 4 5 6 3
63 51 12 2 1 6 7 4 5 0 3
63 51 12 4 5 0 7 2 6 1 3
63 51 12 3 4 1 0 2 5 6 7
63 51 12 7 3 1 0 2 5 6 4
63 52 11 4 1 6 7 2 5 3 0
63 52 11 0 5 1 7 4 2 6 3
63 52 11 0 3 1 7 5 2 6 4
63 53 10 5 1 0 7 4 2 6 3
63 54 9 5 0 1 7 2 4 6 3
63 54 9 1 2 7 4 3 5 0 6
63 55 8 2 1 6 4 3 5 7 0
64 48 16 5 2 1 0 4 3 6 7
64 49 15 3 2 1 6 4 5 0 7
64 50 14 4 2 6 1 0 3 5 7
64 50 14 4 2 1 0 6 5 7 3
64 50 14 0 5 1 4 3 2 6 7
64 51 13 4 2 6 3 7 5 0 1
64 51 13 2 0 1 3 7 5 6 4
64 51 13 2 0 1 6 3 5 7 4
64 51 13 3 4 2 1 0 5 6 7
64 51 13 2 5 1 3 4 0 6 7
64 51 13 7 2 1 3 4 5 0 6
64 51 13 3 4 1 7 0 5 6 2
64 51 13 3 4 0 7 2 5 6 1
64 52 12 4 5 1 7 3 2 6 0
64 52 12 3 2 0 7 5 6 1 4
64 53 11 5 2 1 3 4 6 0 7
64 53 11 5 2 1 7 3 4 6 0
64 53 11 5 2 1 0 3 6 7 4
64 53 11 5 2 1 4 0 6 7 3
64 54 10 3 1 0 4 5 2 6 7
64 54 10 1 2 0 4 3 5 6 7
64 55 9 3 2 1 0 5 6 7 4
65 49 16 7 4 2 0 3 5 6 1
65 50 15 0 2 1 6 4 5 7 3
65 51 14 4 0 2 3 7 5 6 1
65 51 14 4 0 2 6 3 5 7 1
65 51 14 6 2 1 0 3 5 7 4
65 51 14 7 4 2 1 3 5 6 0
65 51 14 4 5 2 1 0 3 6 7
65 52 13 0 2 6 4 3 5 1 7
65 52 13 0 1 7 4 2 5 6 3
65 52 13 4 1 6 7 2 0 5 3
65 53 12 5 2 1 3 0 4 6 7
65 53 12 3 0 2 7 4 5 6 1
65 53 12 0 2 1 7 5 4 6 3
65 53 12 5 2 0 4 3 6 7 1
65 53 12 0 2 1 4 3 6 7 5
65 54 11 5 4 1 7 2 6 0 3
65 54 11 5 2 1 7 4 6 3 0
65 54 11 0 3 1 4 5 2 6 7
65 54 11 1 2 7 0 3 5 6 4
65 54 11 1 2 7 4 0 5 6 3
65 55 10 3 2 1 4 0 6 7 5
65 55 10 3 2 0 4 5 6 7 1
65 56 9 7 2 1 3 5 6 0 4
65 57 8 2 5 1 4 3 6 7 0
66 49 17 4 2 6 7 0 3 5 1
66 49 17 4 0 6 7 3 2 5 1
66 49 17 5 4 2 7 3 0 6 1
66 50 16 4 0 6 1 3 2 5 7
66 51 15 5 2 1 3 7 0 6 4
66 51 15 5 2 1 6 3 0 7 4
66 51 15 4 2 1 7 0 6 3 5
66 51 15 4 2 0 7 5 6 3 1
66 51 15 0 2 1 7 5 6 3 4
66 52 14 4 2 6 3 0 5 1 7
66 53 13 5 0 1 3 4 2 6 7
66 53 13 3 2 7 0 4 5 6 1
66 53 13 3 2 6 7 4 5 0 1
66 54 12 4 1 3 0 2 5 6 7
66 54 12 4 2 7 0 5 6 1 3
66 54 12 5 4 1 7 0 2 6 3
66 55 11 7 4 1 3 2 5 6 0
66 55 11 3 4 1 7 5 2 6 0
66 55 11 0 2 1 4 5 6 7 3
66 56 10 2 5 1 7 4 3 6 0
66 57 9 2 1 7 4 3 5 6 0
66 59 7 3 5 1 7 2 6 4 0
67 51 16 5 4 2 1 3 0 6 7
67 51 16 7 2 0 3 4 5 6 1
67 54 13 4 1 6 3 2 5 0 7
67 54 13 4 5 1 3 2 6 0 7
67 54 13 2 4 1 7 5 0 6 3
67 54 13 2 4 1 7 3 5 6 0
67 54 13 5 2 0 7 4 6 1 3
67 54 13 4 1 7 0 5 2 6 3
67 54 13 4 1 6 7 5 2 0 3
67 55 12 2 4 1 3 0 5 6 7
67 55 12 3 2 0 4 7 5 1 6
67 55 12 2 1 6 4 3 0 5 7
67 56 11 0 5 1 7 2 3 6 4
67 56 11 2 1 4 7 3 5 6 0
67 56 11 5 0 2 4 3 6 1 7
67 56 11 5 2 4 0 3 6 1 7
67 57 10 3 2 7 4 1 5 6 0
67 58 9 3 0 2 4 5 6 1 7
67 58 9 3 2 4 0 5 6 1 7
68 50 18 4 0 1 6 2 5 7 3
68 52 16 4 1 7 6 2 5 0 3
68 53 15 0 4 2 6 3 5 1 7
68 53 15 4 5 2 6 3 0 1 7
68 54 14 4 2 1 6 7 3 5 0
68 54 14 4 5 1 3 0 2 6 7
68 54 14 4 0 2 7 5 6 1 3
68 55 13 7 4 0 1 2 5 6 3
68 55 13 3 2 1 4 7 0 5 6
68 56 12 2 1 4 3 0 5 6 7
68 57 11 2 5 1 7 3 6 4 0
68 57 11 3 2 7 4 5 0 6 1
68 57 11 2 5 0 4 3 6 1 7
68 58 10 4 2 7 3 5 6 0 1
68 58 10 4 1 3 0 5 2 6 7
68 58 10 2 0 1 4 5 3 6 7
68 58 10 7 2 1 4 5 3 6 0
68 59 9 7 2 1 4 5 6 0 3
68 60 8 4 2 3 0 5 6 7 1
68 60 8 3 1 7 4 2 5 6 0
68 60 8 3 1 6 7 2 5 4 0
68 60 8 3 5 1 7 4 2 6 0
68 60 8 4 2 3 7 5 6 1 0
68 60 8 0 2 3 4 5 6 1 7
69 52 17 4 1 7 2 0 5 6 3
69 52 17 4 5 1 0 7 2 6 3
69 53 16 5 2 1 0 7 4 6 3
69 54 15 4 2 1 0 6 3 5 7
69 56 13 7 0 1 3 5 2 6 4
69 56 13 2 1 4 6 3 5 0 7
69 57 12 3 2 7 4 0 5 1 6
69 57 12 7 2 6 1 3 5 4 0
69 57 12 4 2 7 3 1 5 0 6
69 57 12 5 2 1 7 4 3 0 6
69 58 11 4 2 7 3 6 5 1 0
69 58 11 4 1 6 3 5 2 0 7
69 59 10 5 1 0 7 2 3 6 4
69 59 10 4 2 0 1 5 6 7 3
69 59 10 3 5 0 7 2 6 1 4
69 60 9 2 0 1 3 5 6 7 4
69 60 9 4 2 3 1 5 6 0 7
70 54 16 0 2 1 6 4 3 5 7
70 55 15 5 4 1 3 2 0 6 7
70 55 15 7 4 1 0 5 2 6 3
70 55 15 4 2 7 1 3 0 5 6
70 56 14 0 1 4 2 3 5 6 7
70 57 13 4 2 7 1 5 0 6 3
70 57 13 2 0 7 4 3 5 1 6
70 57 13 6 2 7 4 3 5 1 0
70 57 13 3 2 6 1 7 5 0 4
70 57 13 4 2 0 3 1 5 6 7
70 58 12 4 2 7 3 5 0 1 6
70 58 12 2 1 6 7 3 5 4 0
70 58 12 3 2 6 4 7 5 0 1
70 58 12 2 1 0 4 7 5 6 3
70 58 12 5 2 1 0 3 6 4 7
70 58 12 4 2 1 0 5 3 6 7
70 59 11 4 1 5 7 3 2 0 6
70 59 11 3 1 4 0 2 5 6 7
70 59 11 3 5 1 4 2 6 0 7
70 60 10 2 3 1 4 0 5 6 7
70 60 10 3 2 1 4 0 5 7 6
70 60 10 4 0 2 3 5 6 7 1
70 60 10 5 2 1 3 0 6 7 4
70 61 9 4 2 1 3 6 5 7 0
70 61 9 0 5 1 7 2 4 6 3
71 54 17 2 4 1 0 7 5 6 3
71 55 16 4 2 7 6 0 5 1 3
71 56 15 4 1 0 6 3 2 5 7
71 56 15 2 0 1 7 5 3 6 4
71 57 14 0 2 7 1 4 5 6 3
71 57 14 7 0 2 1 4 5 6 3
71 57 14 3 0 2 1 7 5 6 4
71 57 14 2 1 7 3 0 5 6 4
71 57 14 2 5 0 7 3 6 1 4
71 57 14 3 0 7 4 2 5 6 1
71 57 14 4 2 7 0 1 5 6 3
71 58 13 3 2 7 1 0 5 6 4
71 58 13 3 0 2 4 7 5 6 1
71 58 13 3 2 4 0 7 5 6 1
71 58 13 2 7 0 4 3 5 6 1
71 58 13 5 1 7 0 3 2 6 4
71 58 13 5 1 6 7 3 2 0 4
71 58 13 7 0 2 4 3 5 1 6
71 58 13 7 2 4 0 3 5 1 6
71 59 12 3 2 1 6 7 5 4 0
71 59 12 4 2 6 1 7 5 3 0
71 59 12 2 5 1 4 7 3 6 0
71 59 12 3 1 6 4 2 5 0 7
71 59 12 3 5 1 4 0 2 6 7
71 59 12 5 2 1 4 7 3 0 6
71 60 11 4 3 1 7 2 0 5 6
71 60 11 5 2 1 4 7 6 0 3
71 60 11 5 2 7 4 3 6 0 1
71 60 11 7 3 1 4 2 5 6 0
71 60 11 2 0 1 4 3 5 7 6
71 60 11 6 2 1 4 3 5 7 0
71 60 11 4 2 1 3 6 0 7 5
71 60 11 3 1 6 7 2 0 5 4
71 61 10 4 2 1 3 5 0 7 6
71 61 10 7 2 6 4 3 5 1 0
71 61 10 2 5 1 7 3 4 6 0
71 61 10 4 2 0 1 5 6 3 7
71 61 10 0 2 1 4 5 6 3 7
71 61 10 4 3 1 7 2 5 0 6
71 62 9 2 3 1 7 4 5 6 0
71 62 9 5 3 1 7 2 6 0 4
71 63 8 5 1 0 7 2 4 6 3
71 63 8 1 2 0 4 3 5 7 6
72 55 17 7 4 1 6 2 5 0 3
72 55 17 0 2 7 6 3 5 1 4
72 57 15 4 0 7 1 2 5 6 3
72 57 15 7 2 6 1 4 5 0 3
72 57 15 5 2 7 4 3 0 1 6
72 57 15 2 1 7 6 3 5 0 4
72 57 15 7 2 6 1 3 0 5 4
72 57 15 0 2 7 3 1 5 6 4
72 57 15 5 2 0 7 4 3 6 1
72 58 14 2 0 7 1 3 5 6 4
72 58 14 2 5 1 4 7 0 6 3
72 58 14 2 5 7 4 3 0 6 1
72 58 14 4 0 7 3 5 2 6 1
72 58 14 7 2 1 0 3 5 4 6
72 58 14 5 2 1 7 0 6 4 3
72 59 13 2 0 1 7 4 3 5 6
72 59 13 7 2 1 4 0 3 5 6
72 59 13 0 2 6 4 3 5 7 1
72 59 13 0 5 1 4 2 3 6 7
72 59 13 7 0 1 4 5 2 6 3
72 60 12 4 1 0 7 2 3 5 6
72 60 12 3 4 1 7 0 2 5 6
72 60 12 5 2 1 4 0 7 6 3
72 60 12 7 1 0 3 2 5 6 4
72 60 12 7 5 1 3 2 0 6 4
72 60 12 4 2 6 1 5 0 7 3
72 60 12 0 2 1 3 4 6 7 5
72 61 11 1 2 7 3 4 5 6 0
72 61 11 1 2 6 0 3 5 7 4
72 61 11 3 4 1 7 2 0 5 6
72 61 11 3 4 0 7 2 5 1 6
72 62 10 7 2 4 1 3 5 6 0
72 62 10 2 5 1 7 4 6 3 0
72 62 10 5 3 1 7 0 2 6 4
72 62 10 3 2 1 0 5 6 4 7
72 63 9 4 2 3 1 7 5 6 0
72 64 8 1 2 6 4 3 5 0 7
73 54 19 4 0 1 6 2 3 5 7
73 55 18 7 4 1 2 0 5 6 3
73 56 17 0 4 1 6 3 2 5 7
73 56 17 2 5 1 0 7 3 6 4
73 57 16 0 1 7 2 3 5 6 4
73 57 16 0 2 1 7 4 3 6 5
73 58 15 0 2 7 3 4 5 1 6
73 58 15 2 1 6 7 3 0 5 4
73 58 15 0 7 2 1 3 5 6 4
73 58 15 7 5 2 1 3 0 6 4
73 59 14 3 2 0 6 7 5 1 4
73 59 14 6 2 1 7 4 3 5 0
73 59 14 4 2 1 7 6 3 0 5
73 59 14 4 2 6 3 0 5 7 1
73 59 14 4 2 1 0 7 5 3 6
73 59 14 4 2 1 6 0 5 3 7
73 60 13 7 2 1 6 4 5 3 0
73 60 13 0 4 1 7 2 3 5 6
73 60 13 5 2 7 4 0 3 6 1
73 60 13 7 2 1 0 5 3 6 4
73 60 13 4 2 1 7 5 3 6 0
73 60 13 5 2 7 0 3 6 1 4
73 60 13 4 0 2 1 3 5 7 6
73 60 13 7 4 1 3 5 2 6 0
73 60 13 2 4 1 3 5 0 6 7
73 60 13 4 3 1 0 2 5 6 7
73 60 13 5 3 1 4 2 0 6 7
73 60 13 5 2 1 4 3 0 7 6
73 60 13 4 2 1 0 3 6 7 5
73 60 13 6 2 1 3 5 0 7 4
73 60 13 0 1 7 3 2 5 6 4
73 60 13 4 2 3 5 0 6 1 7
73 61 12 3 2 6 1 0 5 7 4
73 61 12 4 2 3 0 7 5 1 6
73 61 12 1 4 2 7 3 5 0 6
73 61 12 1 4 2 7 0 5 6 3
73 62 11 3 4 2 7 1 5 6 0
73 62 11 3 2 1 7 0 4 5 6
73 62 11 3 0 1 7 4 2 5 6
73 62 11 2 3 1 7 5 0 6 4
73 62 11 3 1 7 0 5 2 6 4
73 62 11 3 1 6 7 5 2 0 4
73 62 11 0 4 2 3 5 6 1 7
73 63 10 4 5 2 1 3 6 7 0
73 63 10 2 1 7 3 4 5 6 0
73 64 9 5 2 1 3 4 6 7 0
73 64 9 1 0 2 4 3 5 6 7
73 64 9 1 2 4 0 3 5 6 7
73 64 9 3 2 0 1 5 6 7 4
73 65 8 7 2 1 3 5 6 4 0
73 68 5 4 2 3 1 5 6 7 0
74 58 16 5 2 7 1 3 0 6 4
74 58 16 4 0 7 3 2 5 1 6
74 58 16 7 2 1 6 0 5 4 3
74 58 16 0 2 1 6 3 5 4 7
74 59 15 3 2 1 6 7 0 5 4
74 59 15 4 1 7 0 3 2 5 6
74 59 15 7 5 1 0 3 2 6 4
74 59 15 7 0 1 4 3 2 5 6
74 59 15 2 5 1 0 4 3 6 7
74 59 15 5 2 0 4 7 3 6 1
74 59 15 0 2 1 4 7 3 6 5
74 59 15 4 2 1 5 0 6 7 3
74 60 14 4 5 2 7 0 3 1 6
74 60 14 4 5 2 7 3 1 0 6
74 60 14 0 7 1 3 2 5 6 4
74 60 14 7 2 6 0 3 5 1 4
74 60 14 5 4 1 3 0 2 6 7
74 60 14 3 4 1 0 5 2 6 7
74 60 14 3 1 7 6 2 5 0 4
74 61 13 3 4 2 7 0 5 1 6
74 61 13 2 0 6 1 3 5 7 4
74 61 13 0 2 1 3 4 5 7 6
74 61 13 2 0 1 7 5 4 6 3
74 61 13 4 3 1 7 0 5 6 2
74 61 13 4 3 0 7 2 5 6 1
74 62 12 4 5 2 7 1 3 6 0
74 62 12 4 2 1 6 5 7 0 3
74 62 12 5 1 6 4 3 2 0 7
74 62 12 3 0 2 7 4 5 1 6
74 62 12 2 5 0 7 4 6 1 3
74 62 12 4 1 7 3 2 5 0 6
74 62 12 4 6 2 3 5 0 1 7
74 63 11 3 2 1 6 5 0 7 4
74 63 11 2 1 3 0 4 5 6 7
74 63 11 2 1 6 7 4 5 3 0
74 63 11 4 0 5 7 2 6 1 3
74 63 11 7 3 0 1 2 5 6 4
74 63 11 4 3 1 7 5 2 6 0
74 63 11 5 1 7 0 4 2 6 3
74 63 11 5 1 6 7 4 2 0 3
74 63 11 1 2 7 4 3 0 5 6
74 64 10 3 1 6 4 5 2 0 7
74 65 9 1 2 7 4 5 0 6 3
74 65 9 3 0 2 4 5 6 7 1
74 65 9 3 2 4 0 5 6 7 1
74 65 9 3 2 7 4 5 6 0 1
74 66 8 4 1 3 7 2 5 6 0
74 66 8 4 2 7 3 5 6 1 0
75 58 17 7 2 0 6 3 5 4 1
75 58 17 5 2 0 7 3 6 4 1
75 58 17 0 2 1 7 3 6 4 5
75 59 16 7 2 1 0 4 3 5 6
75 59 16 4 2 6 1 7 0 5 3
75 60 15 6 4 1 7 3 2 5 0
75 60 15 5 0 1 4 7 2 6 3
75 60 15 5 0 7 4 3 2 6 1
75 60 15 7 0 2 6 3 5 1 4
75 60 15 5 0 2 7 3 6 1 4
75 60 15 0 2 6 1 4 5 7 3
75 60 15 4 2 6 0 1 5 7 3
75 60 15 4 0 1 3 2 6 7 5
75 60 15 3 1 7 2 0 5 6 4
75 60 15 3 5 1 0 7 2 6 4
75 61 14 2 0 7 3 4 5 6 1
75 61 14 4 0 2 3 7 5 1 6
75 61 14 1 4 0 7 3 5 6 2
75 61 14 7 2 6 4 3 0 5 1
75 61 14 4 5 1 0 2 6 3 7
75 61 14 0 5 1 7 2 6 3 4
75 62 13 4 5 7 3 2 0 6 1
75 62 13 0 5 2 7 4 3 6 1
75 62 13 4 2 1 3 0 7 5 6
75 62 13 3 4 2 7 5 0 6 1
75 62 13 3 0 2 1 4 5 6 7
75 62 13 3 2 6 1 4 5 0 7
75 62 13 5 1 4 0 3 2 6 7
75 62 13 3 2 7 0 4 5 1 6
75 63 12 7 1 0 4 2 5 6 3
75 63 12 7 5 1 4 2 0 6 3
75 63 12 5 1 0 4 2 3 6 7
75 63 12 0 2 3 4 7 5 6 1
75 63 12 3 2 1 6 4 5 7 0
75 63 12 1 4 0 2 3 5 6 7
75 63 12 1 4 2 3 0 5 6 7
75 63 12 2 1 6 3 4 5 0 7
75 63 12 3 4 0 1 2 5 6 7
75 63 12 2 1 6 0 3 5 7 4
75 63 12 2 1 6 4 0 5 7 3
75 63 12 2 1 0 4 3 5 7 6
75 64 11 4 2 6 3 7 5 1 0
75 64 11 3 0 4 7 2 5 6 1
75 64 11 3 2 7 0 5 6 1 4
75 64 11 5 2 0 1 3 6 7 4
75 64 11 5 2 1 4 6 0 7 3
75 64 11 3 1 4 0 5 2 6 7
75 65 10 1 0 7 4 2 5 6 3
75 65 10 3 2 1 7 5 4 6 0
75 65 10 2 0 1 4 3 6 7 5
75 65 10 5 4 1 7 2 6 3 0
75 65 10 3 2 1 4 6 0 7 5
75 65 10 7 2 0 3 5 6 1 4
75 66 9 2 0 1 4 5 6 7 3
75 68 7 7 2 1 4 5 6 3 0
75 68 7 2 0 3 4 5 6 1 7
75 68 7 7 2 3 4 5 6 1 0
76 59 17 4 2 0 6 7 5 3 1
76 59 17 0 2 1 6 7 5 3 4
76 60 16 7 2 0 6 4 5 1 3
76 60 16 0 4 2 1 7 5 6 3
76 60 16 4 5 2 1 7 0 6 3
76 61 15 7 2 1 6 0 3 5 4
76 61 15 5 2 6 1 3 0 7 4
76 61 15 2 5 1 0 7 4 6 3
76 61 15 4 5 1 7 0 6 3 2
76 61 15 4 5 0 7 2 6 3 1
76 61 15 4 2 1 5 0 6 3 7
76 62 14 0 4 7 3 2 5 6 1
76 62 14 5 2 0 1 7 3 6 4
76 62 14 0 7 2 4 3 5 6 1
76 62 14 7 5 2 4 3 0 6 1
76 62 14 7 2 4 3 0 5 6 1
76 62 14 4 0 1 6 5 2 7 3
76 62 14 4 1 7 3 0 5 6 2
76 62 14 3 2 1 7 0 6 4 5
76 63 13 4 5 2 7 3 6 1 0
76 63 13 3 2 1 0 6 5 7 4
76 63 13 1 4 2 6 3 5 0 7
76 63 13 2 1 6 7 4 0 5 3
76 63 13 4 5 7 0 2 6 1 3
76 63 13 7 5 1 0 4 2 6 3
76 63 13 7 3 1 0 5 2 6 4
76 64 12 4 2 0 1 6 5 7 3
76 64 12 0 2 1 4 6 5 7 3
76 64 12 2 1 0 3 7 5 6 4
76 64 12 2 1 0 6 3 5 7 4
76 64 12 3 4 2 1 5 0 6 7
76 64 12 2 5 1 3 0 4 6 7
76 64 12 2 5 1 3 4 6 0 7
76 64 12 3 4 1 7 5 0 6 2
76 64 12 3 4 7 0 2 5 6 1
76 64 12 3 4 6 7 2 5 0 1
76 64 12 5 2 0 3 4 6 1 7
76 64 12 5 2 1 7 3 4 0 6
76 65 11 3 2 6 4 0 5 1 7
76 65 11 0 2 1 3 5 4 6 7
76 65 11 3 5 2 7 4 0 6 1
76 65 11 5 0 2 4 3 6 7 1
76 65 11 5 2 4 0 3 6 7 1
76 65 11 7 3 1 4 5 2 6 0
76 65 11 2 3 1 4 5 0 6 7
76 66 10 4 2 3 7 5 6 0 1
76 66 10 3 2 7 1 4 5 6 0
76 67 9 0 3 2 4 5 6 1 7
76 67 9 3 2 4 7 5 6 1 0
76 68 8 0 2 3 4 5 6 7 1
76 68 8 5 2 3 4 0 6 1 7
77 59 18 4 2 0 7 6 3 5 1
77 59 18 0 2 1 7 6 3 5 4
77 60 17 7 2 1 6 4 0 5 3
77 60 17 7 4 1 0 3 2 5 6
77 60 17 2 4 1 7 3 0 5 6
77 61 16 7 4 2 0 3 5 1 6
77 61 16 6 4 2 7 3 5 1 0
77 61 16 5 2 7 3 4 0 6 1
77 61 16 4 0 1 3 2 5 7 6
77 62 15 4 2 0 1 7 3 5 6
77 62 15 0 2 1 4 7 3 5 6
77 62 15 4 2 6 7 5 0 1 3
77 62 15 0 2 6 7 4 5 1 3
77 62 15 4 7 0 3 2 5 6 1
77 62 15 4 2 6 0 7 5 1 3
77 62 15 7 2 4 6 3 5 0 1
77 62 15 2 3 1 0 7 5 6 4
77 62 15 3 2 0 7 5 6 4 1
77 63 14 3 2 6 7 0 5 1 4
77 63 14 0 7 1 4 2 5 6 3
77 63 14 4 2 3 6 7 5 0 1
77 63 14 4 5 0 1 3 6 2 7
77 63 14 2 1 7 4 0 5 6 3
77 63 14 4 1 0 7 2 5 3 6
77 63 14 0 1 6 4 3 5 7 2
77 64 13 3 4 2 1 7 5 6 0
77 64 13 3 0 1 7 4 5 6 2
77 64 13 4 5 1 7 3 2 0 6
77 64 13 3 0 2 7 5 6 1 4
77 64 13 5 2 1 0 3 4 6 7
77 65 12 2 0 6 4 3 5 1 7
77 65 12 5 2 1 3 7 4 6 0
77 65 12 0 3 2 7 4 5 6 1
77 65 12 5 4 0 7 2 6 1 3
77 65 12 5 3 1 4 0 2 6 7
77 65 12 1 2 0 7 3 5 6 4
77 65 12 1 2 7 3 0 5 6 4
77 65 12 2 5 1 0 3 6 7 4
77 65 12 2 5 1 4 0 6 7 3
77 66 11 5 2 1 3 7 6 0 4
77 66 11 4 2 6 3 5 0 1 7
77 66 11 3 2 6 7 4 5 1 0
77 66 11 3 4 1 7 5 2 0 6
77 66 11 2 5 1 7 4 3 0 6
77 66 11 2 1 7 4 3 5 0 6
77 66 11 3 5 1 0 2 6 4 7
77 67 10 4 1 7 3 5 2 6 0
77 67 10 0 2 4 3 5 6 1 7
77 67 10 3 2 4 1 5 6 0 7
77 68 9 2 1 4 3 5 0 6 7
77 68 9 4 1 3 7 5 2 6 0
77 68 9 2 1 0 4 5 3 6 7
77 68 9 3 5 1 7 4 2 0 6
77 69 8 2 1 0 3 5 6 7 4
77 70 7 3 1 4 7 2 5 6 0
77 70 7 3 5 1 7 2 4 6 0
78 60 18 4 0 6 1 2 5 7 3
78 61 17 5 4 2 7 3 0 1 6
78 61 17 7 0 1 6 3 2 5 4
78 62 16 4 0 6 7 2 5 1 3
78 62 16 5 2 1 6 7 3 0 4
78 62 16 4 0 2 6 7 5 1 3
78 62 16 4 0 1 3 7 2 5 6
78 62 16 0 2 4 7 3 5 6 1
78 62 16 0 2 1 7 5 6 4 3
78 63 15 4 2 1 6 0 7 5 3
78 63 15 4 2 3 7 0 5 6 1
78 63 15 0 1 7 2 4 5 6 3
78 63 15 7 3 1 6 2 5 0 4
78 63 15 4 1 6 0 2 5 3 7
78 63 15 0 1 6 7 2 5 3 4
78 64 14 5 2 0 1 4 3 6 7
78 64 14 3 2 0 6 4 5 1 7
78 64 14 4 2 6 1 7 3 5 0
78 64 14 7 5 1 4 3 2 6 0
78 64 14 2 5 1 3 7 0 6 4
78 64 14 2 5 1 6 3 0 7 4
78 64 14 7 2 0 3 4 5 1 6
78 64 14 0 2 1 5 3 6 7 4
78 64 14 3 2 1 5 0 6 7 4
78 65 13 6 2 0 1 3 5 7 4
78 65 13 5 1 7 4 2 0 6 3
78 65 13 5 0 1 3 2 4 6 7
78 65 13 5 2 1 0 4 6 3 7
78 65 13 4 3 1 0 5 2 6 7
78 65 13 1 2 7 6 3 5 0 4
78 65 13 0 2 7 4 1 5 6 3
78 65 13 1 2 7 0 4 5 6 3
78 65 13 2 5 0 4 3 6 7 1
78 66 12 5 2 1 3 0 7 6 4
78 66 12 4 2 7 0 5 6 3 1
78 66 12 7 2 1 0 5 6 3 4
78 66 12 5 1 0 3 4 2 6 7
78 66 12 0 1 3 4 2 5 6 7
78 66 12 0 2 7 4 5 6 1 3
78 66 12 5 4 1 7 3 2 6 0
78 66 12 3 5 1 7 0 6 4 2
78 66 12 3 5 0 7 2 6 4 1
78 67 11 4 1 6 3 2 5 7 0
78 67 11 4 5 1 3 2 6 7 0
78 67 11 4 5 1 7 2 3 6 0
78 67 11 5 2 4 7 3 6 1 0
78 67 11 3 2 7 4 1 5 0 6
78 67 11 3 6 2 4 5 0 1 7
78 68 10 2 1 4 3 7 5 6 0
78 68 10 0 1 3 4 5 2 6 7
78 68 10 7 2 1 4 5 3 0 6
78 68 10 7 2 0 4 5 6 1 3
78 68 10 3 1 7 4 2 5 0 6
78 69 9 2 1 4 6 3 5 7 0
78 69 9 4 1 6 3 5 2 7 0
78 69 9 3 0 5 7 2 6 1 4
78 69 9 4 2 3 1 5 0 6 7
78 70 8 3 2 1 4 6 5 7 0
78 71 7 5 3 1 7 2 6 4 0
78 72 6 1 2 6 4 3 5 7 0
79 62 17 4 2 1 5 7 3 0 6
79 62 17 0 2 1 5 7 3 6 4
79 62 17 4 0 2 7 5 3 6 1
79 62 17 3 4 2 0 7 5 6 1
79 63 16 2 0 6 7 3 5 1 4
79 63 16 4 2 7 6 0 3 5 1
79 63 16 4 5 0 7 3 6 2 1
79 63 16 2 1 7 6 4 5 0 3
79 63 16 3 4 1 2 0 5 6 7
79 63 16 3 4 1 6 2 5 0 7
79 63 16 7 3 1 2 0 5 6 4
79 63 16 4 1 6 7 0 5 3 2
79 64 15 0 2 1 5 4 3 6 7
79 64 15 3 2 1 6 4 0 5 7
79 64 15 4 2 6 3 7 0 5 1
79 64 15 3 4 2 0 1 5 6 7
79 64 15 7 2 1 3 4 0 5 6
79 64 15 0 4 1 7 3 5 6 2
79 64 15 4 5 1 0 3 2 6 7
79 64 15 5 2 0 7 3 4 6 1
79 64 15 5 0 1 4 2 6 7 3
79 64 15 5 2 1 0 4 6 7 3
79 65 14 6 2 1 3 0 5 7 4
79 65 14 7 4 2 1 3 5 0 6
79 65 14 0 5 2 1 4 3 6 7
79 65 14 4 5 2 1 7 3 6 0
79 65 14 4 0 2 1 5 3 6 7
79 65 14 5 2 6 4 3 0 1 7
79 65 14 4 1 6 7 0 2 5 3
79 65 14 4 0 6 7 2 1 5 3
79 65 14 7 2 1 0 5 4 6 3
79 65 14 6 2 1 4 3 0 7 5
79 65 14 3 0 1 4 2 6 7 5
79 65 14 3 2 1 0 4 6 7 5
79 65 14 0 5 1 4 3 6 7 2
79 66 13 5 0 2 7 3 4 6 1
79 66 13 5 2 1 6 0 3 7 4
79 66 13 5 2 1 6 3 7 0 4
79 66 13 2 0 1 7 5 6 3 4
79 66 13 0 5 1 3 4 2 6 7
79 66 13 4 1 3 2 0 5 6 7
79 66 13 4 2 7 1 5 6 0 3
79 66 13 7 4 1 3 2 5 0 6
79 66 13 3 4 1 7 0 2 6 5
79 66 13 6 2 1 4 5 0 7 3
79 66 13 0 5 1 7 2 6 4 3
79 67 12 5 4 2 1 3 6 0 7
79 67 12 4 1 6 7 5 2 3 0
79 67 12 2 4 1 3 7 5 6 0
79 67 12 2 1 6 4 0 3 5 7
79 67 12 0 5 2 4 3 6 1 7
79 67 12 5 2 4 3 0 6 1 7
79 67 12 5 2 4 1 3 6 0 7
79 67 12 3 2 0 4 1 5 6 7
79 68 11 2 0 5 4 3 6 1 7
79 68 11 3 1 0 7 2 5 4 6
79 68 11 3 5 1 0 4 2 6 7
79 68 11 6 2 3 4 5 0 1 7
79 69 10 3 2 7 4 6 5 1 0
79 70 9 4 1 5 7 3 2 6 0
79 70 9 3 2 1 4 5 0 7 6
79 76 3 1 2 3 4 5 6 7 0