0 0 0 0 1 6 4 7 2 5 3
14 0 14 1 0 6 4 7 2 5 3
14 0 14 3 1 6 4 7 2 5 0
15 0 15 7 1 6 4 0 2 5 3
16 0 16 2 1 6 4 7 0 5 3
18 0 18 4 1 6 0 7 2 5 3
26 14 12 1 2 6 4 7 0 5 3
27 14 13 3 1 6 4 7 2 0 5
28 14 14 1 6 0 4 7 2 5 3
28 14 14 3 1 6 4 0 2 5 7
28 15 13 7 1 6 4 3 2 5 0
28 16 12 2 1 6 4 7 5 0 3
29 14 15 3 1 6 0 7 2 5 4
29 15 14 7 1 6 4 2 0 5 3
29 16 13 2 1 6 4 0 7 5 3
30 14 16 3 1 0 4 7 2 5 6
31 15 16 7 1 6 0 4 2 5 3
31 16 15 2 0 6 4 7 1 5 3
31 18 13 4 1 6 3 7 2 5 0
33 15 18 7 0 6 4 1 2 5 3
34 18 16 4 1 6 7 0 2 5 3
35 18 17 4 1 0 6 7 2 5 3
35 18 17 4 1 6 5 7 2 0 3
36 26 10 1 2 6 4 7 5 0 3
37 26 11 1 2 6 4 0 7 5 3
38 28 10 2 1 6 4 7 5 3 0
40 27 13 3 1 0 4 7 2 6 5
40 28 12 1 6 5 4 7 2 0 3
40 28 12 2 1 0 4 7 5 6 3
40 29 11 2 1 6 4 3 7 5 0
41 27 14 3 1 6 4 7 0 2 5
41 28 13 3 1 6 4 2 0 5 7
41 28 13 7 1 6 4 3 2 0 5
41 30 11 3 1 5 4 7 2 0 6
42 28 14 0 1 6 4 3 2 5 7
42 29 13 7 1 6 4 2 5 0 3
43 28 15 1 6 4 0 7 2 5 3
43 28 15 3 1 6 0 4 2 5 7
43 29 14 3 1 6 7 0 2 5 4
43 31 12 7 1 6 3 4 2 5 0
44 28 16 3 0 6 4 1 2 5 7
44 28 16 7 1 6 0 3 2 5 4
44 28 16 7 1 0 4 3 2 5 6
44 29 15 3 1 6 5 7 2 0 4
44 29 15 7 0 6 4 2 1 5 3
44 29 15 0 1 6 4 2 7 5 3
44 30 14 3 1 4 0 7 2 5 6
44 36 8 1 2 6 4 7 5 3 0
45 29 16 3 1 0 6 7 2 5 4
45 29 16 2 0 6 4 1 7 5 3
45 30 15 3 0 1 4 7 2 5 6
45 31 14 0 1 6 7 4 2 5 3
45 31 14 7 1 6 5 4 2 0 3
45 31 14 4 1 6 3 7 2 0 5
46 29 17 0 1 6 3 7 2 5 4
46 29 17 2 1 6 0 4 7 5 3
46 31 15 7 1 0 6 4 2 5 3
46 31 15 0 2 6 4 7 1 5 3
46 31 15 2 6 0 4 7 1 5 3
46 31 15 4 1 6 3 0 2 5 7
46 36 10 1 2 0 4 7 5 6 3
46 37 9 1 2 6 4 3 7 5 0
47 33 14 7 2 6 4 1 0 5 3
47 34 13 4 1 6 7 2 0 5 3
48 31 17 4 1 0 3 7 2 5 6
48 34 14 4 1 6 7 3 2 5 0
49 33 16 7 6 0 4 1 2 5 3
49 35 14 4 1 6 5 7 2 3 0
49 35 14 4 1 0 5 7 2 6 3
50 33 17 0 7 6 4 1 2 5 3
50 35 15 4 1 5 6 7 2 0 3
50 38 12 2 1 6 4 0 5 3 7
50 41 9 3 1 5 4 7 2 6 0
51 34 17 4 0 6 7 1 2 5 3
51 37 14 0 2 6 4 1 7 5 3
51 40 11 1 6 5 4 7 2 3 0
51 40 11 2 1 6 4 3 7 0 5
52 35 17 4 1 6 5 7 0 2 3
52 37 15 1 0 6 4 2 7 5 3
52 38 14 2 1 6 0 7 5 3 4
52 38 14 2 1 0 4 7 5 3 6
52 43 9 3 1 6 7 4 2 5 0
53 35 18 4 0 1 6 7 2 5 3
53 37 16 1 2 6 0 4 7 5 3
53 40 13 2 0 1 4 7 5 6 3
53 40 13 2 1 4 0 7 5 6 3
53 41 12 3 1 6 4 2 5 0 7
54 38 16 0 1 6 4 7 5 3 2
54 40 14 3 0 1 4 7 2 6 5
54 40 14 3 1 4 0 7 2 6 5
54 40 14 1 6 5 4 7 0 2 3
54 40 14 2 1 6 0 3 7 5 4
54 40 14 2 1 0 4 3 7 5 6
54 41 13 3 1 6 4 0 7 2 5
54 41 13 7 1 0 4 3 2 6 5
54 41 13 3 1 5 4 7 0 2 6
54 42 12 1 0 6 4 3 2 5 7
54 42 12 7 1 6 4 2 5 3 0
54 42 12 7 1 0 4 2 5 6 3
54 43 11 1 6 4 3 7 2 5 0
54 43 11 3 1 6 7 2 0 5 4
54 44 10 1 2 6 4 0 5 3 7
55 41 14 3 0 6 4 2 1 5 7
55 41 14 7 1 6 4 3 0 2 5
55 44 11 3 1 6 5 7 2 4 0
55 46 9 1 2 6 4 3 7 0 5
56 40 16 0 1 6 4 3 7 5 2
56 41 15 3 0 6 4 7 1 2 5
56 42 14 2 1 6 4 3 0 5 7
56 43 13 3 1 6 5 4 2 0 7
56 44 12 3 2 6 4 1 0 5 7
56 44 12 7 1 5 4 3 2 0 6
56 44 12 3 1 0 5 7 2 6 4
56 44 12 1 2 6 0 7 5 3 4
56 44 12 1 2 0 4 7 5 3 6
56 45 11 1 0 6 7 4 2 5 3
56 45 11 7 1 6 5 4 2 3 0
56 45 11 7 1 0 5 4 2 6 3
57 43 14 1 6 4 7 0 2 5 3
57 43 14 3 1 0 6 4 2 5 7
57 43 14 7 1 6 3 4 2 0 5
57 44 13 3 1 6 4 2 7 5 0
57 44 13 3 1 4 6 7 2 5 0
57 44 13 3 1 4 7 0 2 5 6
57 46 11 1 0 2 4 7 5 6 3
57 46 11 1 2 4 0 7 5 6 3
58 42 16 4 1 6 0 3 2 5 7
58 43 15 1 6 4 5 7 2 0 3
58 43 15 0 1 6 7 3 2 5 4
58 43 15 3 0 6 7 1 2 5 4
58 43 15 7 1 0 3 4 2 5 6
58 44 14 0 3 6 4 1 2 5 7
58 44 14 3 6 0 4 1 2 5 7
58 44 14 3 1 4 5 7 2 0 6
58 45 13 3 1 5 6 7 2 0 4
58 45 13 3 2 1 4 7 0 5 6
58 46 12 2 1 6 3 4 7 5 0
58 46 12 7 1 5 6 4 2 0 3
58 46 12 1 2 6 0 3 7 5 4
58 46 12 1 2 0 4 3 7 5 6
59 43 16 0 1 6 3 4 2 5 7
59 43 16 7 1 6 3 0 2 5 4
59 44 15 7 0 1 4 3 2 5 6
59 44 15 7 1 4 0 3 2 5 6
59 44 15 3 1 6 5 7 0 2 4
59 44 15 7 6 0 4 2 1 5 3
59 45 14 2 6 0 4 1 7 5 3
59 45 14 7 1 6 5 4 0 2 3
59 45 14 4 1 0 3 7 2 6 5
59 46 13 3 2 6 4 7 1 5 0
59 47 12 7 2 6 4 1 5 0 3
59 47 12 4 1 6 7 2 5 0 3
60 44 16 7 1 0 6 3 2 5 4
60 44 16 7 1 6 5 3 2 0 4
60 44 16 0 7 6 4 2 1 5 3
60 44 16 4 1 6 0 2 7 5 3
60 44 16 0 1 4 3 7 2 5 6
60 44 16 0 2 6 4 7 5 3 1
60 45 15 2 7 6 4 1 0 5 3
60 45 15 0 3 1 4 7 2 5 6
60 45 15 2 1 6 7 4 0 5 3
60 45 15 4 1 6 3 7 0 2 5
60 46 14 1 0 6 3 7 2 5 4
60 46 14 7 2 6 4 0 1 5 3
60 46 14 2 6 5 4 7 1 0 3
60 50 10 2 1 6 4 5 0 3 7
61 46 15 2 1 6 5 4 7 0 3
61 46 15 4 1 6 3 2 0 5 7
61 47 14 4 0 6 7 2 1 5 3
61 48 13 4 1 5 3 7 2 0 6
61 50 11 3 1 5 0 7 2 6 4
61 50 11 3 1 5 4 0 2 6 7
61 52 9 2 1 3 4 7 5 0 6
62 43 19 0 6 4 1 7 2 5 3
62 45 17 3 0 1 6 7 2 5 4
62 46 16 2 1 6 3 7 0 5 4
62 46 16 2 1 0 6 4 7 5 3
62 46 16 7 0 1 6 4 2 5 3
62 46 16 2 6 4 0 7 1 5 3
62 46 16 0 2 6 4 3 7 5 1
62 48 14 4 1 3 0 7 2 5 6
62 49 13 7 6 5 4 1 2 0 3
62 49 13 4 1 5 0 7 2 6 3
62 51 11 2 1 6 4 3 0 7 5
62 51 11 2 1 0 4 3 7 6 5
62 53 9 2 1 4 3 7 5 6 0
62 54 8 1 2 6 4 5 0 3 7
63 46 17 4 2 6 0 7 1 5 3
63 46 17 4 0 6 3 1 2 5 7
63 48 15 4 1 6 7 3 2 0 5
63 51 12 3 2 6 4 1 7 5 0
63 52 11 3 1 6 7 4 2 0 5
63 53 10 1 2 6 3 4 7 5 0
63 53 10 3 1 6 4 2 5 7 0
63 56 7 1 2 3 4 7 5 0 6
64 46 18 0 1 6 2 4 7 5 3
64 48 16 4 0 1 3 7 2 5 6
64 48 16 4 1 0 7 3 2 5 6
64 49 15 4 0 1 5 7 2 6 3
64 50 14 1 7 6 4 0 2 5 3
64 50 14 4 1 5 6 7 2 3 0
64 50 14 0 1 6 4 2 5 3 7
64 50 14 2 0 6 4 1 5 3 7
64 51 13 1 6 5 0 7 2 3 4
64 51 13 1 6 5 4 0 2 3 7
64 52 12 3 1 0 7 4 2 5 6
64 53 11 3 1 0 4 2 5 6 7
64 54 10 3 1 4 5 7 2 6 0
64 54 10 3 1 6 4 5 7 2 0
64 54 10 1 2 6 4 3 0 5 7
64 54 10 3 1 6 7 2 5 0 4
64 55 9 1 2 6 4 3 0 7 5
64 55 9 1 2 0 4 3 7 6 5
64 57 7 1 2 4 3 7 5 6 0
65 49 16 7 6 4 0 1 2 5 3
65 49 16 4 1 6 0 7 2 3 5
65 49 16 4 1 6 5 0 2 3 7
65 50 15 3 7 6 4 1 2 5 0
65 50 15 0 1 5 4 7 2 6 3
65 52 13 1 6 0 4 2 7 5 3
65 52 13 1 7 6 4 2 0 5 3
65 52 13 2 0 1 4 7 5 3 6
65 52 13 2 1 4 0 7 5 3 6
65 54 11 2 1 5 4 3 7 0 6
66 49 17 4 1 0 5 7 2 3 6
66 50 16 2 1 6 0 4 5 3 7
66 51 15 0 4 6 7 1 2 5 3
66 51 15 4 6 0 7 1 2 5 3
66 51 15 1 6 0 4 7 2 3 5
66 52 14 2 1 0 6 7 5 3 4
66 52 14 2 1 6 3 7 5 0 4
66 53 13 0 2 1 4 7 5 6 3
66 54 12 1 0 6 4 7 5 3 2
66 54 12 3 2 1 4 7 0 6 5
66 54 12 1 0 5 4 7 6 2 3
66 54 12 3 1 5 4 0 7 2 6
66 54 12 1 6 0 4 3 2 5 7
66 54 12 7 1 4 0 2 5 6 3
66 54 12 1 6 4 3 7 2 0 5
66 54 12 3 0 6 7 2 1 5 4
66 54 12 0 2 6 4 1 5 3 7
66 56 10 2 1 6 4 3 5 0 7
66 56 10 3 1 6 5 4 2 7 0
66 56 10 3 1 0 5 4 2 6 7
66 56 10 3 2 6 4 1 5 0 7
66 56 10 7 1 5 4 3 2 6 0
66 56 10 7 1 5 0 4 2 6 3
67 49 18 0 1 6 5 7 2 3 4
67 50 17 4 1 5 6 7 0 2 3
67 51 16 4 2 6 7 1 0 5 3
67 51 16 4 2 6 0 1 7 5 3
67 53 14 1 2 0 6 4 7 5 3
67 53 14 1 2 6 5 4 7 0 3
67 53 14 2 5 1 4 7 0 6 3
67 53 14 2 1 4 7 0 5 6 3
67 54 13 7 1 6 4 0 5 3 2
67 54 13 3 1 4 7 0 2 6 5
67 54 13 1 6 5 4 0 7 2 3
67 54 13 2 0 1 4 3 7 5 6
67 54 13 2 1 4 0 3 7 5 6
67 54 13 7 0 1 4 2 5 6 3
67 54 13 1 6 4 3 0 2 5 7
67 56 11 1 0 2 4 7 5 3 6
67 56 11 1 2 4 0 7 5 3 6
67 56 11 1 6 0 7 4 2 5 3
67 57 10 3 1 4 7 2 0 5 6
67 58 9 1 2 5 4 3 7 0 6
68 50 18 4 7 6 0 1 2 5 3
68 52 16 4 1 6 5 0 7 2 3
68 52 16 2 1 6 7 0 5 3 4
68 53 15 2 1 4 6 7 5 0 3
68 54 14 0 3 1 4 7 2 6 5
68 54 14 2 1 0 6 3 7 5 4
68 54 14 0 1 6 4 3 7 2 5
68 54 14 7 0 1 4 3 2 6 5
68 54 14 7 1 4 0 3 2 6 5
68 54 14 3 0 5 4 7 1 2 6
68 54 14 7 1 6 0 2 5 3 4
68 54 14 1 0 6 4 2 5 3 7
68 54 14 1 2 6 0 4 5 3 7
68 55 13 3 1 6 5 0 2 4 7
68 56 12 1 0 6 4 3 7 5 2
68 56 12 2 1 6 4 0 3 5 7
68 56 12 3 2 6 4 0 1 5 7
68 56 12 1 2 0 6 7 5 3 4
68 56 12 1 2 6 3 7 5 0 4
68 56 12 1 2 6 7 4 0 5 3
68 56 12 7 0 1 5 4 2 6 3
68 57 11 1 6 4 7 2 0 5 3
68 57 11 3 1 5 6 4 2 0 7
68 57 11 3 1 4 7 6 2 5 0
68 58 10 7 1 5 3 4 2 0 6
68 61 7 2 1 3 4 7 5 6 0
68 63 5 1 2 3 4 7 5 6 0
69 52 17 0 1 6 2 7 5 3 4
69 53 16 4 2 1 6 7 0 5 3
69 53 16 0 1 4 2 7 5 6 3
69 54 15 0 1 4 3 7 2 6 5
69 54 15 2 1 6 3 0 7 5 4
69 54 15 7 1 0 4 2 5 3 6
69 55 14 0 3 6 4 2 1 5 7
69 55 14 3 6 0 4 2 1 5 7
69 55 14 7 1 6 4 0 3 2 5
69 55 14 3 1 0 5 7 2 4 6
69 56 13 3 1 6 4 0 7 5 2
69 56 13 2 0 6 4 3 1 5 7
69 56 13 3 1 6 5 4 0 2 7
69 56 13 3 0 1 5 7 2 6 4
69 57 12 1 6 4 7 3 2 5 0
69 57 12 1 5 2 4 7 0 6 3
69 58 11 1 3 6 4 0 2 5 7
69 58 11 3 1 5 6 7 2 4 0
69 58 11 3 2 1 4 7 5 0 6
69 58 11 7 1 5 6 4 2 3 0
69 58 11 1 0 2 4 3 7 5 6
69 58 11 1 2 4 0 3 7 5 6
69 59 10 7 2 6 4 1 5 3 0
69 60 9 2 1 6 4 5 3 0 7
69 62 7 1 2 6 4 5 3 0 7
70 51 19 0 6 5 4 7 2 3 1
70 52 18 4 0 6 5 7 1 2 3
70 54 16 4 1 6 0 7 5 3 2
70 54 16 5 1 6 4 7 0 3 2
70 54 16 3 1 4 6 7 2 0 5
70 54 16 2 1 6 5 3 7 0 4
70 54 16 3 0 6 4 1 7 2 5
70 54 16 1 6 0 3 7 2 5 4
70 55 15 7 0 6 4 3 1 2 5
70 55 15 3 1 6 0 7 2 4 5
70 56 14 7 1 5 4 3 0 2 6
70 56 14 7 1 0 5 4 2 3 6
70 57 13 7 1 0 3 4 2 6 5
70 57 13 3 1 6 4 2 7 0 5
70 57 13 3 1 6 0 2 7 5 4
70 57 13 0 1 2 4 7 5 6 3
70 57 13 1 2 4 7 0 5 6 3
70 57 13 1 2 4 6 7 5 0 3
70 58 12 1 6 4 5 7 2 3 0
70 58 12 7 1 3 0 4 2 5 6
70 58 12 3 6 5 4 1 2 0 7
70 58 12 3 2 1 4 0 7 5 6
70 58 12 1 2 0 6 3 7 5 4
70 59 11 4 1 6 7 2 5 3 0
70 59 11 4 1 0 7 2 5 6 3
70 61 9 3 1 5 4 2 0 6 7
71 53 18 0 2 6 1 4 7 5 3
71 54 17 0 1 6 2 3 7 5 4
71 54 17 3 1 6 0 4 7 2 5
71 56 15 0 3 6 4 7 1 2 5
71 56 15 3 6 0 4 7 1 2 5
71 56 15 1 2 6 7 0 5 3 4
71 56 15 7 1 6 0 4 2 3 5
71 56 15 7 1 6 5 0 2 3 4
71 57 14 1 0 4 7 6 2 5 3
71 57 14 3 1 0 4 2 7 5 6
71 57 14 0 1 4 7 3 2 5 6
71 57 14 3 0 4 7 1 2 5 6
71 58 13 1 6 0 5 7 2 4 3
71 58 13 1 0 6 7 3 2 5 4
71 58 13 0 3 6 7 1 2 5 4
71 58 13 3 6 0 7 1 2 5 4
71 58 13 2 1 6 3 4 7 0 5
71 58 13 1 2 6 3 0 7 5 4
71 59 12 7 6 5 4 2 1 0 3
71 59 12 3 2 6 4 7 1 0 5
71 59 12 7 2 0 4 1 5 6 3
71 60 11 2 0 6 4 5 1 3 7
71 61 10 3 1 5 7 0 2 6 4
71 64 7 3 1 5 7 4 2 0 6
72 53 19 0 4 1 6 7 2 5 3
72 55 17 0 1 6 5 7 2 4 3
72 56 16 4 1 6 0 3 7 5 2
72 56 16 7 1 6 4 3 0 5 2
72 56 16 0 2 6 1 7 5 3 4
72 56 16 0 1 6 5 4 2 3 7
72 57 15 0 6 4 7 1 2 5 3
72 57 15 3 0 1 6 4 2 5 7
72 57 15 3 1 4 6 0 2 5 7
72 57 15 0 2 4 1 7 5 6 3
72 58 14 3 2 6 7 1 0 5 4
72 58 14 7 0 1 3 4 2 5 6
72 58 14 7 3 6 4 1 2 5 0
72 58 14 2 3 6 4 1 0 5 7
72 58 14 3 1 4 5 7 0 2 6
72 58 14 7 1 5 6 4 0 2 3
72 58 14 1 2 6 5 3 7 0 4
72 59 13 1 0 6 3 4 2 5 7
72 59 13 7 2 1 4 3 0 5 6
72 59 13 7 1 4 6 3 2 5 0
72 59 13 2 6 5 4 1 7 0 3
72 59 13 7 1 6 5 0 4 2 3
72 59 13 4 1 3 0 7 2 6 5
72 60 12 7 1 6 5 3 2 4 0
72 60 12 2 1 6 7 0 4 5 3
72 60 12 2 1 6 7 4 5 0 3
72 60 12 1 2 6 3 7 0 5 4
72 60 12 7 2 6 4 3 1 5 0
72 60 12 2 6 5 4 7 1 3 0
72 61 11 4 1 5 3 7 2 6 0
72 61 11 3 1 5 0 4 2 6 7
72 61 11 2 1 3 4 7 0 5 6
72 62 10 1 0 6 4 5 2 3 7
72 63 9 1 2 3 4 7 0 5 6
72 64 8 1 2 6 4 3 5 0 7
72 64 8 3 1 6 7 2 5 4 0
73 54 19 0 6 4 3 7 2 5 1
73 57 16 7 1 6 3 4 0 2 5
73 58 15 4 1 0 6 3 2 5 7
73 58 15 1 6 4 5 7 0 2 3
73 58 15 3 6 4 0 1 2 5 7
73 58 15 3 1 5 6 7 0 2 4
73 59 14 7 1 6 3 2 0 5 4
73 59 14 3 1 6 5 0 7 2 4
73 60 13 7 1 0 5 3 2 6 4
73 60 13 4 1 6 3 2 7 5 0
73 60 13 1 0 4 3 7 2 5 6
73 60 13 7 2 6 4 0 5 3 1
73 60 13 2 7 6 4 1 5 0 3
73 60 13 7 3 1 4 0 2 5 6
73 61 12 2 1 6 5 4 7 3 0
73 61 12 2 1 0 5 4 7 6 3
73 62 11 2 1 6 4 0 3 7 5
73 62 11 2 1 4 3 7 5 0 6
73 62 11 2 1 4 3 0 5 6 7
73 63 10 3 1 0 7 4 2 6 5
73 64 9 3 1 0 7 2 5 6 4
73 64 9 1 2 6 4 0 3 7 5
73 64 9 1 2 4 3 7 5 0 6
73 64 9 1 2 4 3 0 5 6 7
74 58 16 4 3 6 0 1 2 5 7
74 58 16 2 1 0 3 4 7 5 6
74 58 16 0 2 6 1 3 7 5 4
74 59 15 7 1 4 5 3 2 0 6
74 59 15 7 6 4 0 2 1 5 3
74 59 15 2 6 4 0 1 7 5 3
74 59 15 7 0 6 5 4 1 2 3
74 59 15 4 0 1 3 7 2 6 5
74 59 15 3 2 6 0 7 1 5 4
74 59 15 3 2 0 4 7 1 5 6
74 60 14 7 1 5 6 3 2 0 4
74 60 14 3 7 6 4 2 1 5 0
74 60 14 7 1 4 3 0 2 5 6
74 60 14 2 0 6 4 7 5 3 1
74 60 14 2 0 6 7 4 1 5 3
74 60 14 4 1 6 3 0 7 2 5
74 61 13 4 1 6 3 2 5 0 7
74 61 13 0 1 5 4 3 2 6 7
74 61 13 3 0 5 4 1 2 6 7
74 62 12 2 6 4 3 7 1 5 0
74 62 12 4 1 3 6 7 2 5 0
74 62 12 7 6 5 4 1 2 3 0
74 62 12 4 1 5 7 0 2 6 3
74 62 12 2 0 6 4 3 1 7 5
74 62 12 2 0 1 4 3 7 6 5
74 62 12 2 1 4 0 3 7 6 5
74 63 11 3 2 6 4 1 7 0 5
74 63 11 1 2 6 3 4 7 0 5
74 64 10 3 1 6 4 5 7 0 2
74 64 10 1 2 6 4 0 3 5 7
74 64 10 1 0 2 4 3 7 6 5
74 64 10 1 2 4 0 3 7 6 5
74 65 9 2 1 5 4 3 7 6 0
74 66 8 2 1 6 4 3 5 7 0
74 66 8 3 2 6 4 1 5 7 0
74 66 8 7 1 5 3 4 2 6 0
74 67 7 1 2 5 4 3 7 6 0
74 69 5 1 2 6 4 5 3 7 0
75 58 17 4 1 6 5 3 2 0 7
75 58 17 2 1 6 7 3 0 5 4
75 59 16 2 1 6 3 4 0 5 7
75 59 16 0 7 1 4 3 2 5 6
75 59 16 3 0 6 5 7 1 2 4
75 60 15 2 7 6 4 0 1 5 3
75 60 15 4 1 6 5 2 7 0 3
75 60 15 6 1 4 3 7 2 5 0
75 60 15 2 1 4 3 7 0 5 6
75 60 15 6 3 1 4 7 2 5 0
75 60 15 2 3 1 4 7 0 5 6
75 60 15 2 6 5 4 7 0 1 3
75 61 14 2 1 6 5 4 0 7 3
75 61 14 0 4 6 7 2 1 5 3
75 61 14 4 6 0 7 2 1 5 3
75 61 14 0 1 5 3 7 2 6 4
75 62 13 2 1 5 6 4 7 0 3
75 62 13 3 2 6 4 0 7 5 1
75 63 12 4 2 6 3 7 1 5 0
75 63 12 3 1 6 4 0 5 7 2
75 64 11 4 1 5 7 3 2 0 6
75 64 11 1 6 5 4 2 0 3 7
75 64 11 3 0 1 7 4 2 5 6
75 64 11 3 1 7 0 4 2 5 6
75 64 11 3 1 4 0 2 5 6 7
75 64 11 1 0 6 4 3 2 7 5
75 65 10 1 6 5 4 2 7 0 3
75 67 8 1 6 5 7 4 2 0 3
75 68 7 1 2 3 4 0 5 6 7
76 57 19 0 1 4 6 7 2 5 3
76 58 18 0 1 6 3 4 7 5 2
76 60 16 7 1 6 5 3 0 2 4
76 60 16 4 1 0 6 2 7 5 3
76 60 16 4 2 6 0 7 5 3 1
76 60 16 5 2 6 4 7 0 3 1
76 60 16 4 3 1 0 7 2 5 6
76 60 16 4 0 6 3 7 1 2 5
76 61 15 4 1 5 3 7 0 2 6
76 62 14 2 0 6 4 3 7 5 1
76 62 14 0 1 3 4 7 2 5 6
76 62 14 4 1 3 7 0 2 5 6
76 62 14 2 1 0 3 7 5 6 4
76 63 13 4 2 6 3 1 0 5 7
76 63 13 3 1 6 7 4 0 2 5
76 63 13 3 1 6 0 2 5 7 4
76 64 12 1 7 6 4 3 2 5 0
76 64 12 2 6 0 4 1 5 3 7
76 64 12 1 6 5 7 0 2 3 4
76 64 12 3 0 1 4 2 5 6 7
76 64 12 3 1 4 5 0 2 6 7
76 64 12 1 2 0 3 7 5 6 4
76 65 11 1 0 5 4 7 2 6 3
76 65 11 7 1 5 4 0 2 6 3
76 65 11 2 1 4 6 7 5 3 0
76 65 11 2 1 5 4 3 0 7 6
76 66 10 1 6 3 4 7 2 0 5
76 66 10 3 2 1 4 7 6 0 5
76 66 10 7 1 4 3 2 5 6 0
76 66 10 2 1 0 4 3 5 6 7
76 66 10 3 2 0 4 1 5 6 7
76 66 10 0 1 5 7 4 2 6 3
76 67 9 3 1 4 7 5 2 6 0
76 67 9 1 2 4 6 7 5 3 0
76 67 9 3 1 4 7 2 5 0 6
76 67 9 1 2 5 4 3 0 7 6
76 69 7 2 1 6 4 5 3 7 0
76 69 7 1 2 0 4 5 3 6 7
76 71 5 3 1 5 7 4 2 6 0
77 59 18 7 0 6 3 1 2 5 4
77 60 17 7 0 1 6 3 2 5 4
77 60 17 4 7 6 0 2 1 5 3
77 61 16 4 0 6 3 2 1 5 7
77 62 15 3 2 1 6 7 0 5 4
77 62 15 2 0 6 3 7 1 5 4
77 62 15 4 1 3 5 7 2 0 6
77 62 15 7 6 5 4 1 0 2 3
77 62 15 0 1 4 3 7 5 6 2
77 63 14 4 1 0 7 3 2 6 5
77 63 14 3 2 6 0 1 7 5 4
77 63 14 3 2 0 4 1 7 5 6
77 63 14 1 2 0 3 4 7 5 6
77 63 14 3 1 0 4 2 5 7 6
77 64 13 2 5 6 4 1 0 3 7
77 64 13 1 0 5 4 6 2 3 7
77 64 13 1 6 5 0 4 2 3 7
77 64 13 3 1 6 0 5 7 2 4
77 64 13 3 1 0 4 5 7 2 6
77 65 12 1 7 6 4 2 5 0 3
77 66 11 2 1 6 7 4 5 3 0
77 66 11 2 1 3 6 7 5 0 4
77 66 11 2 1 6 3 7 5 4 0
77 66 11 3 2 1 4 7 5 6 0
77 66 11 3 2 1 4 0 7 6 5
77 66 11 3 1 5 4 6 7 2 0
77 66 11 1 6 5 4 3 2 0 7
77 66 11 3 0 1 5 4 2 6 7
77 67 10 3 1 4 7 2 0 6 5
77 68 9 1 2 3 6 7 5 0 4
77 68 9 1 2 6 3 7 5 4 0
77 68 9 2 1 3 4 0 5 6 7
77 68 9 1 2 3 0 7 5 6 4
78 60 18 4 1 6 2 0 7 5 3
78 60 18 7 2 6 0 4 1 5 3
78 62 16 7 6 4 1 0 2 5 3
78 62 16 3 6 4 1 7 2 5 0
78 62 16 4 2 6 0 3 7 5 1
78 62 16 7 2 6 4 3 0 5 1
78 63 15 4 6 0 3 1 2 5 7
78 64 14 4 2 1 3 7 0 5 6
78 64 14 4 1 5 0 7 2 3 6
78 64 14 1 6 0 5 7 2 3 4
78 64 14 1 6 5 3 7 2 0 4
78 65 13 7 6 4 3 1 2 5 0
78 65 13 1 6 4 0 2 7 5 3
78 65 13 0 2 1 4 7 5 3 6
78 66 12 1 4 6 7 0 2 5 3
78 66 12 4 6 5 7 1 2 0 3
78 66 12 7 2 1 4 0 5 6 3
78 66 12 1 6 0 4 7 5 3 2
78 66 12 1 5 0 4 7 6 2 3
78 66 12 0 1 4 7 2 5 6 3
78 66 12 0 3 6 7 2 1 5 4
78 66 12 3 6 0 7 2 1 5 4
78 66 12 7 1 5 0 3 2 6 4
78 67 11 4 2 6 3 1 7 5 0
78 67 11 1 2 6 5 4 7 3 0
78 67 11 1 2 0 5 4 7 6 3
78 67 11 1 6 5 4 3 7 2 0
78 67 11 2 1 4 6 3 7 5 0
78 67 11 3 0 4 7 2 1 5 6
78 68 10 1 2 6 7 4 5 3 0
78 68 10 1 6 4 7 2 5 0 3
78 68 10 1 0 4 7 2 6 5 3
78 68 10 3 1 5 6 4 2 7 0
78 69 9 1 2 4 6 3 7 5 0
78 69 9 2 1 0 4 5 3 6 7
78 71 7 3 1 5 7 2 0 6 4
78 72 6 1 2 6 4 3 5 7 0
79 62 17 6 0 4 1 7 2 5 3
79 62 17 0 3 1 6 7 2 5 4
79 62 17 2 0 1 6 4 7 5 3
79 62 17 0 7 1 6 4 2 5 3
79 62 17 7 2 1 6 4 0 5 3
79 62 17 2 6 4 7 0 1 5 3
79 63 16 4 2 0 6 7 1 5 3
79 63 16 0 4 6 3 1 2 5 7
79 63 16 0 1 6 4 2 5 7 3
79 64 15 1 0 6 2 4 7 5 3
79 64 15 3 1 6 2 4 7 5 0
79 64 15 4 0 1 7 3 2 5 6
79 64 15 4 1 7 0 3 2 5 6
79 64 15 0 4 1 5 7 2 6 3
79 64 15 1 7 6 0 4 2 5 3
79 64 15 0 6 5 4 1 2 3 7
79 64 15 0 1 6 4 5 7 2 3
79 64 15 0 2 4 3 7 5 6 1
79 65 14 4 1 6 5 2 0 3 7
79 65 14 3 7 6 4 1 2 0 5
79 65 14 2 5 1 4 7 0 3 6
79 66 13 3 4 6 7 1 2 5 0
79 66 13 1 0 6 4 7 2 3 5
79 66 13 1 5 6 4 7 0 3 2
79 66 13 3 1 5 0 4 7 2 6
79 66 13 1 6 4 0 3 2 5 7
79 66 13 1 6 4 3 7 0 2 5
79 66 13 3 1 0 5 4 2 7 6
79 67 12 1 2 5 6 4 7 0 3
79 67 12 2 5 1 4 7 6 0 3
79 67 12 2 1 4 7 5 0 6 3
79 67 12 2 1 4 7 3 5 6 0
79 67 12 7 1 6 4 5 0 3 2
79 67 12 7 5 1 4 2 0 6 3
79 67 12 1 5 2 4 7 0 3 6
79 67 12 1 6 7 0 4 2 5 3
79 68 11 7 1 4 5 3 2 6 0
79 68 11 3 1 6 5 2 0 4 7
79 68 11 1 2 6 7 0 4 5 3
79 68 11 1 2 6 7 4 5 0 3
79 68 11 2 1 3 0 7 5 6 4
79 69 10 1 5 2 4 7 6 0 3
79 70 9 3 1 5 4 2 6 0 7
80 62 18 2 6 4 1 7 0 5 3
80 62 18 2 6 4 5 7 1 0 3
80 63 17 4 1 6 7 3 0 2 5
80 64 16 4 2 1 5 7 0 6 3
80 64 16 4 1 5 6 0 2 3 7
80 64 16 4 1 6 0 2 5 3 7
80 64 16 5 1 6 4 2 0 3 7
80 64 16 0 1 4 5 7 2 6 3
80 65 15 4 1 6 0 5 2 3 7
80 65 15 3 7 6 0 1 2 5 4
80 65 15 2 1 5 4 7 0 6 3
80 65 15 2 1 4 7 0 5 3 6
80 66 14 2 1 0 6 4 5 3 7
80 66 14 2 1 6 3 4 5 0 7
80 66 14 1 6 4 0 7 2 3 5
80 66 14 0 1 5 4 7 6 2 3
80 66 14 0 1 5 4 3 7 2 6
80 66 14 1 6 0 3 7 2 4 5
80 66 14 4 2 6 0 1 5 3 7
80 66 14 5 2 6 4 1 0 3 7
80 66 14 3 1 6 0 4 2 7 5
80 66 14 3 1 6 5 0 2 7 4
80 67 13 1 2 6 5 4 0 7 3
80 67 13 2 5 1 4 0 7 6 3
80 67 13 0 2 1 4 3 7 5 6
80 67 13 1 6 4 3 2 0 5 7
80 67 13 1 0 4 3 6 2 5 7
80 67 13 0 1 2 4 7 5 3 6
80 68 12 1 0 6 4 3 7 2 5
80 68 12 7 2 1 4 3 0 6 5
80 68 12 1 6 0 4 2 5 3 7
80 68 12 1 5 6 4 2 0 3 7
80 68 12 1 2 0 6 4 5 3 7
80 68 12 1 2 6 3 4 5 0 7
80 68 12 1 6 0 4 3 7 5 2
80 68 12 2 1 6 4 7 3 5 0
80 68 12 3 1 4 7 6 2 0 5
80 68 12 7 1 5 3 4 0 2 6
80 69 11 7 1 3 4 2 5 0 6
80 69 11 3 6 5 4 2 1 0 7
80 69 11 7 1 6 4 5 3 2 0
80 69 11 3 1 5 0 7 2 4 6
80 69 11 1 5 2 4 0 7 6 3
80 69 11 1 3 6 4 2 0 5 7
80 69 11 1 3 6 4 7 2 5 0
80 69 11 7 1 5 0 4 2 3 6
80 70 10 7 1 3 5 4 2 0 6
80 70 10 1 2 4 7 3 5 6 0
80 70 10 3 2 1 4 6 7 5 0
80 70 10 3 0 5 4 2 1 6 7
80 71 9 3 1 5 4 2 7 0 6
80 71 9 3 1 5 7 4 0 2 6
80 72 8 1 2 3 4 0 7 5 6
80 72 8 1 2 0 4 3 5 6 7
80 73 7 1 2 4 3 5 0 6 7
80 75 5 1 2 3 4 5 0 6 7
81 62 19 0 6 4 2 7 1 5 3
81 63 18 4 2 6 7 0 1 5 3
81 63 18 4 2 6 5 7 1 0 3
81 63 18 0 2 6 3 4 7 5 1
81 64 17 0 4 1 3 7 2 5 6
81 64 17 0 6 5 1 7 2 3 4
81 65 16 7 6 4 5 1 2 0 3
81 65 16 4 1 0 6 7 2 3 5
81 65 16 0 1 6 4 7 2 3 5
81 65 16 3 7 0 4 1 2 5 6
81 65 16 0 1 4 2 7 5 3 6
81 66 15 2 0 1 6 7 5 3 4
81 66 15 4 2 1 0 7 5 6 3
81 66 15 5 2 1 4 7 0 6 3
81 66 15 3 0 5 4 1 7 2 6
81 67 14 1 0 6 5 7 2 3 4
81 67 14 0 1 4 7 3 2 6 5
81 67 14 3 0 4 7 1 2 6 5
81 67 14 1 0 5 4 6 7 2 3
81 67 14 1 6 5 0 4 7 2 3
81 67 14 2 7 1 4 3 0 5 6
81 67 14 2 1 4 3 0 7 5 6
81 67 14 0 7 1 4 2 5 6 3
81 67 14 1 2 4 7 0 5 3 6
81 68 13 0 1 6 7 2 5 3 4
81 68 13 7 3 1 4 0 2 6 5
81 68 13 5 3 1 4 7 2 6 0
81 68 13 2 1 5 6 3 7 0 4
81 68 13 5 1 6 4 3 7 2 0
81 68 13 1 7 6 4 3 0 5 2
81 68 13 0 2 6 4 3 1 5 7
81 68 13 1 0 2 6 7 5 3 4
81 68 13 0 7 1 5 4 2 6 3
81 68 13 7 2 1 5 4 0 6 3
81 68 13 3 1 5 6 4 0 2 7
81 68 13 3 1 4 0 6 2 5 7
81 68 13 0 1 3 4 7 5 6 2
81 68 13 0 2 3 4 7 5 6 1
81 69 12 1 0 4 3 7 2 6 5
81 69 12 2 3 6 4 0 1 5 7
81 69 12 3 1 6 5 0 4 2 7
81 69 12 3 2 0 4 7 5 1 6
81 69 12 1 7 2 4 3 0 5 6
81 69 12 1 2 4 3 0 7 5 6
81 70 11 3 1 2 4 7 5 6 0
81 70 11 1 2 4 7 5 0 6 3
81 70 11 1 0 4 7 2 5 6 3
81 70 11 3 6 5 4 1 2 7 0
81 70 11 1 2 5 6 3 7 0 4
81 71 10 1 3 6 7 0 2 5 4
81 71 10 3 6 5 7 1 2 0 4
82 64 18 7 1 6 2 4 0 5 3
82 64 18 0 1 5 6 7 2 3 4
82 65 17 4 1 6 7 0 2 3 5
82 65 17 3 7 6 4 0 2 5 1
82 66 16 4 0 1 5 7 2 3 6
82 66 16 4 6 7 0 1 2 5 3
82 66 16 7 1 4 2 0 5 6 3
82 66 16 7 1 4 6 2 5 0 3
82 66 16 0 1 6 5 4 2 7 3
82 67 15 4 2 6 7 1 5 0 3
82 67 15 4 2 0 6 1 7 5 3
82 67 15 1 0 2 6 4 7 5 3
82 67 15 2 0 4 7 1 5 6 3
82 67 15 2 1 4 5 3 7 0 6
82 67 15 0 6 4 3 1 2 5 7
82 67 15 0 2 4 1 7 5 3 6
82 68 14 4 7 6 3 1 2 5 0
82 68 14 2 1 6 7 5 0 3 4
82 68 14 2 3 1 4 7 0 6 5
82 68 14 0 3 5 4 7 1 2 6
82 68 14 3 1 0 7 6 2 5 4
82 69 13 1 0 4 2 7 5 6 3
82 69 13 3 1 4 2 7 5 6 0
82 69 13 7 1 4 3 0 2 6 5
82 69 13 5 1 4 3 7 2 6 0
82 69 13 7 1 4 0 2 5 3 6
82 69 13 7 3 6 4 2 1 5 0
82 69 13 3 0 1 5 7 2 4 6
82 69 13 2 6 0 4 3 1 5 7
82 69 13 0 3 1 5 7 2 6 4
82 69 13 1 6 4 7 3 2 0 5
82 69 13 1 3 6 0 4 2 5 7
82 69 13 3 1 5 6 0 2 4 7
82 69 13 0 1 2 4 3 7 5 6
82 69 13 1 2 4 5 3 7 0 6
82 70 12 7 1 3 0 4 2 6 5
82 70 12 3 1 0 4 2 7 6 5
82 70 12 7 1 2 4 0 5 6 3
82 70 12 7 1 3 6 4 2 5 0
82 70 12 0 1 3 7 4 2 5 6
82 70 12 4 0 1 7 2 5 6 3
82 70 12 4 1 7 0 2 5 6 3
82 71 11 3 1 6 5 4 7 2 0
82 71 11 7 6 5 4 2 1 3 0
82 71 11 0 2 6 4 5 1 3 7
82 71 11 2 6 0 4 5 1 3 7
82 71 11 0 1 5 7 3 2 6 4
82 71 11 3 0 5 7 1 2 6 4
82 72 10 2 3 6 4 1 5 0 7
82 72 10 2 1 3 4 0 7 5 6
82 72 10 1 6 0 4 5 2 3 7
82 73 9 2 1 4 3 5 0 6 7
82 75 7 3 1 4 7 2 5 6 0
82 75 7 1 6 5 7 4 2 3 0
83 65 18 4 0 6 5 1 2 3 7
83 66 17 0 1 6 2 4 5 3 7
83 66 17 7 4 6 0 1 2 5 3
83 66 17 2 4 6 7 1 0 5 3
83 67 16 4 1 5 6 0 7 2 3
83 67 16 7 0 6 4 1 5 3 2
83 67 16 0 6 5 4 1 7 2 3
83 67 16 0 1 4 2 3 7 5 6
83 68 15 0 1 6 5 4 7 2 3
83 68 15 4 1 6 5 3 7 2 0
83 68 15 2 1 4 6 7 0 5 3
83 68 15 2 1 0 6 7 5 4 3
83 68 15 2 0 1 6 3 7 5 4
83 68 15 0 7 1 4 3 2 6 5
83 68 15 3 5 0 4 7 1 2 6
83 68 15 7 1 0 6 2 5 3 4
83 68 15 7 1 6 3 2 5 0 4
83 68 15 0 1 6 5 3 2 4 7
83 68 15 3 0 6 5 1 2 4 7
83 68 15 3 1 6 0 5 2 4 7
83 68 15 0 1 6 4 2 3 5 7
83 68 15 2 0 6 4 1 3 5 7
83 69 14 1 0 6 2 7 5 3 4
83 69 14 4 2 1 6 7 5 0 3
83 69 14 2 1 4 3 7 0 6 5
83 69 14 7 0 1 4 2 5 3 6
83 69 14 3 6 4 0 2 1 5 7
83 69 14 3 1 6 4 7 0 5 2
83 69 14 3 0 6 5 4 1 2 7
83 69 14 3 2 1 5 7 0 6 4
83 69 14 7 2 6 0 1 5 3 4
83 69 14 7 2 0 4 1 5 3 6
83 70 13 4 1 6 2 7 5 3 0
83 70 13 5 1 6 4 0 7 3 2
83 70 13 5 1 6 4 7 3 0 2
83 70 13 2 1 6 5 3 7 4 0
83 70 13 1 6 3 0 7 2 5 4
83 70 13 7 1 5 4 0 3 2 6
83 70 13 7 0 1 5 4 2 3 6
83 70 13 3 1 6 4 2 0 7 5
83 70 13 3 1 6 5 2 7 0 4
83 70 13 1 2 4 6 7 0 5 3
83 70 13 1 2 0 6 7 5 4 3
83 70 13 1 0 2 6 3 7 5 4
83 71 12 1 2 6 7 5 0 3 4
83 71 12 1 4 0 7 6 2 5 3
83 71 12 3 1 4 0 2 7 5 6
83 71 12 1 0 4 7 3 2 5 6
83 71 12 0 3 4 7 1 2 5 6
83 71 12 3 4 0 7 1 2 5 6
83 71 12 1 6 5 0 7 2 4 3
83 71 12 3 2 0 4 7 1 6 5
83 72 11 1 2 6 5 3 7 4 0
83 72 11 7 2 1 4 3 5 0 6
83 72 11 2 6 5 4 1 7 3 0
83 72 11 4 1 3 5 7 2 6 0
83 72 11 0 1 6 7 2 4 5 3
83 72 11 2 1 0 7 4 5 6 3
83 72 11 1 0 3 4 7 2 5 6
83 72 11 3 1 0 7 2 5 4 6
83 73 10 3 0 1 7 2 5 6 4
83 73 10 3 1 7 0 2 5 6 4
83 74 9 4 1 5 7 2 0 6 3
83 74 9 1 2 4 5 3 7 6 0
83 74 9 1 2 6 0 5 3 7 4
83 74 9 1 2 0 4 5 3 7 6
83 76 7 1 0 5 7 4 2 6 3
83 80 3 1 2 3 4 5 6 0 7
84 67 17 5 1 6 0 7 2 3 4
84 67 17 4 2 6 1 0 7 5 3
84 67 17 4 2 6 5 1 7 0 3
84 67 17 7 1 6 0 4 5 3 2
84 68 16 4 1 6 0 5 7 2 3
84 68 16 4 3 1 0 7 2 6 5
84 68 16 4 1 6 0 3 7 2 5
84 68 16 7 1 4 6 3 2 0 5
84 68 16 0 2 6 1 4 5 3 7
84 68 16 0 1 4 7 6 2 5 3
84 69 15 7 1 6 2 0 5 3 4
84 69 15 4 2 1 6 0 7 5 3
84 69 15 0 1 6 3 2 7 5 4
84 69 15 4 3 6 0 2 1 5 7
84 69 15 0 1 6 4 7 3 2 5
84 69 15 1 6 0 7 3 2 5 4
84 69 15 7 1 5 6 0 2 3 4
84 69 15 0 2 4 1 3 7 5 6
84 70 14 2 1 6 5 3 0 7 4
84 70 14 2 1 0 5 3 7 6 4
84 70 14 0 3 6 4 1 7 2 5
84 70 14 3 6 0 4 1 7 2 5
84 70 14 3 1 6 7 0 2 4 5
84 70 14 7 0 1 3 4 2 6 5
84 70 14 3 1 0 6 2 7 5 4
84 70 14 0 2 4 7 1 5 6 3
84 70 14 1 6 4 5 0 2 3 7
84 70 14 7 1 3 4 0 2 5 6
84 70 14 3 6 5 4 1 0 2 7
84 70 14 4 1 0 7 2 5 3 6
84 71 13 3 6 2 4 7 1 0 5
84 71 13 1 0 6 7 2 5 3 4
84 71 13 7 1 6 5 2 0 3 4
84 71 13 1 2 4 7 6 0 5 3
84 71 13 3 0 1 4 2 7 5 6
84 71 13 3 2 4 7 1 0 5 6
84 71 13 1 0 6 5 7 2 4 3
84 71 13 4 3 6 7 1 2 5 0
84 71 13 2 1 6 3 4 0 7 5
84 71 13 2 1 0 3 4 7 6 5
84 71 13 7 6 5 4 2 0 1 3
84 71 13 3 2 6 4 7 0 1 5
84 71 13 7 0 2 4 1 5 6 3
84 71 13 7 2 4 0 1 5 6 3
84 72 12 7 1 6 4 3 5 0 2
84 72 12 1 0 6 5 4 2 3 7
84 72 12 3 2 4 1 7 5 6 0
84 72 12 1 2 6 5 3 0 7 4
84 72 12 1 2 0 5 3 7 6 4
84 72 12 1 2 6 3 4 0 5 7
84 72 12 2 1 6 7 3 4 5 0
84 72 12 7 2 6 4 3 1 0 5
84 72 12 0 1 5 3 4 2 6 7
84 72 12 2 0 3 4 7 1 5 6
84 72 12 0 1 6 4 5 2 3 7
84 72 12 3 1 6 0 2 5 4 7
84 73 11 3 6 4 7 1 2 5 0
84 73 11 1 2 4 3 7 0 5 6
84 73 11 2 7 6 4 1 5 3 0
84 73 11 2 1 5 0 4 7 6 3
84 73 11 3 0 1 7 4 2 6 5
84 73 11 3 1 7 0 4 2 6 5
84 73 11 1 2 0 3 7 5 4 6
84 73 11 0 2 4 3 1 5 6 7
84 73 11 1 2 4 0 3 5 6 7
84 74 10 4 1 5 7 3 2 6 0
84 74 10 3 1 6 4 5 0 7 2
84 74 10 3 1 0 4 5 7 6 2
84 74 10 1 2 6 4 7 3 5 0
84 75 9 1 6 5 4 2 7 3 0
84 75 9 0 2 3 4 1 5 6 7
84 76 8 1 0 2 4 5 3 6 7
84 76 8 1 2 4 0 5 3 6 7
84 77 7 2 1 3 4 5 0 6 7
84 83 1 1 2 3 4 5 6 7 0