0 0 0 0 1 6 4 7 2 5 3
7 0 7 1 0 6 4 7 2 5 3
8 0 8 7 1 6 4 0 2 5 3
9 0 9 3 1 6 4 7 2 5 0
10 0 10 4 1 6 0 7 2 5 3
10 0 10 2 1 6 4 7 0 5 3
13 7 6 1 2 6 4 7 0 5 3
14 7 7 1 6 0 4 7 2 5 3
16 8 8 7 1 6 4 2 0 5 3
16 8 8 7 1 6 4 3 2 5 0
17 9 8 3 1 6 4 7 2 0 5
18 8 10 7 0 6 4 1 2 5 3
18 9 9 3 1 6 0 7 2 5 4
18 9 9 3 1 6 4 0 2 5 7
18 10 8 4 1 6 3 7 2 5 0
18 10 8 2 1 6 4 0 7 5 3
18 10 8 2 1 6 4 7 5 0 3
18 10 8 2 0 6 4 7 1 5 3
19 8 11 7 1 6 0 4 2 5 3
19 9 10 3 1 0 4 7 2 5 6
19 10 9 4 1 0 6 7 2 5 3
19 13 6 1 2 6 4 0 7 5 3
19 13 6 1 2 6 4 7 5 0 3
20 10 10 4 1 6 7 0 2 5 3
21 10 11 4 1 6 5 7 2 0 3
21 14 7 1 6 5 4 7 2 0 3
22 14 8 1 6 4 0 7 2 5 3
24 16 8 7 1 6 4 2 5 0 3
24 16 8 7 0 6 4 2 1 5 3
24 16 8 7 1 6 4 3 2 0 5
24 19 5 1 2 6 4 7 5 3 0
25 16 9 7 1 6 0 3 2 5 4
25 17 8 3 1 6 4 7 0 2 5
25 17 8 3 1 0 4 7 2 6 5
25 18 7 7 2 6 4 1 0 5 3
25 18 7 2 1 6 4 7 5 3 0
25 18 7 0 2 6 4 7 1 5 3
25 19 6 1 2 6 4 3 7 5 0
25 19 6 1 2 0 4 7 5 6 3
26 16 10 7 1 0 4 3 2 5 6
26 16 10 0 1 6 4 3 2 5 7
26 18 8 0 7 6 4 1 2 5 3
26 18 8 7 6 0 4 1 2 5 3
26 18 8 3 1 6 4 2 0 5 7
26 18 8 0 1 6 4 2 7 5 3
26 18 8 2 1 6 4 3 7 5 0
26 18 8 2 1 0 4 7 5 6 3
26 18 8 2 6 0 4 7 1 5 3
26 19 7 0 2 6 4 1 7 5 3
27 18 9 3 1 0 6 7 2 5 4
27 18 9 4 1 6 3 7 2 0 5
27 19 8 7 1 6 3 4 2 5 0
27 19 8 3 0 1 4 7 2 5 6
27 19 8 3 1 5 4 7 2 0 6
27 19 8 4 1 5 6 7 2 0 3
27 20 7 4 1 6 7 2 0 5 3
27 21 6 1 6 5 4 7 2 3 0
28 18 10 0 1 6 3 7 2 5 4
28 18 10 3 1 6 7 0 2 5 4
28 18 10 3 0 6 4 1 2 5 7
28 18 10 4 1 6 3 0 2 5 7
28 18 10 2 0 6 4 1 7 5 3
28 19 9 7 1 0 6 4 2 5 3
28 19 9 0 1 6 7 4 2 5 3
28 19 9 3 1 4 0 7 2 5 6
28 19 9 4 0 1 6 7 2 5 3
28 19 9 1 0 6 4 2 7 5 3
28 19 9 1 2 6 0 4 7 5 3
28 20 8 4 1 6 7 3 2 5 0
28 21 7 1 6 5 4 7 0 2 3
29 18 11 3 1 6 5 7 2 0 4
29 18 11 3 1 6 0 4 2 5 7
29 18 11 4 1 0 3 7 2 5 6
29 18 11 2 1 6 0 4 7 5 3
29 21 8 4 1 6 5 7 2 3 0
29 21 8 4 1 0 5 7 2 6 3
29 22 7 1 6 4 3 7 2 5 0
30 19 11 7 1 6 5 4 2 0 3
30 20 10 4 0 6 7 1 2 5 3
30 21 9 4 1 6 5 7 0 2 3
31 22 9 1 6 4 7 0 2 5 3
31 24 7 7 1 6 4 2 5 3 0
31 24 7 7 1 0 4 2 5 6 3
31 24 7 1 2 6 0 7 5 3 4
31 24 7 1 2 6 4 0 5 3 7
31 25 6 1 2 6 4 3 7 0 5
32 22 10 0 6 4 1 7 2 5 3
32 22 10 1 6 4 5 7 2 0 3
32 24 8 0 7 6 4 2 1 5 3
32 24 8 7 6 0 4 2 1 5 3
32 24 8 7 1 6 4 3 0 2 5
32 24 8 7 1 0 4 3 2 6 5
32 24 8 1 2 0 4 7 5 3 6
32 25 7 7 2 6 4 0 1 5 3
32 25 7 7 2 6 4 1 5 0 3
32 25 7 1 2 6 0 3 7 5 4
32 25 7 1 0 2 4 7 5 6 3
32 25 7 1 2 4 0 7 5 6 3
33 24 9 0 2 6 4 7 5 3 1
33 25 8 3 1 6 4 0 7 2 5
33 25 8 3 0 6 4 7 1 2 5
33 25 8 3 0 1 4 7 2 6 5
33 25 8 3 1 4 0 7 2 6 5
33 25 8 3 2 6 4 7 1 5 0
33 25 8 1 2 0 4 3 7 5 6
33 26 7 1 0 6 4 3 2 5 7
33 26 7 1 7 6 4 0 2 5 3
33 27 6 3 1 5 4 7 2 6 0
34 25 9 7 1 0 6 3 2 5 4
34 25 9 0 1 6 7 3 2 5 4
34 25 9 2 1 6 0 7 5 3 4
34 25 9 2 1 6 4 0 5 3 7
34 25 9 4 2 6 0 7 1 5 3
34 25 9 0 2 6 4 3 7 5 1
34 26 8 7 0 1 4 3 2 5 6
34 26 8 7 1 5 4 3 2 0 6
34 26 8 7 6 5 4 1 2 0 3
34 26 8 3 1 6 4 2 5 0 7
34 26 8 3 0 6 4 2 1 5 7
34 26 8 2 1 6 4 3 7 0 5
34 26 8 2 0 1 4 7 5 6 3
34 26 8 2 1 4 0 7 5 6 3
34 26 8 2 6 5 4 7 1 0 3
34 26 8 3 2 6 4 1 7 5 0
34 27 7 3 2 1 4 7 0 5 6
34 27 7 4 1 5 6 7 2 3 0
34 27 7 4 1 6 7 2 5 0 3
34 27 7 4 0 6 7 2 1 5 3
34 27 7 1 6 5 0 7 2 3 4
34 28 6 1 2 6 3 4 7 5 0
34 28 6 1 0 5 4 7 6 2 3
35 25 10 2 1 0 4 7 5 3 6
35 25 10 0 1 6 4 7 5 3 2
35 26 9 7 1 4 0 3 2 5 6
35 26 9 3 7 6 4 1 2 5 0
35 26 9 7 6 4 0 1 2 5 3
35 26 9 4 1 6 0 2 7 5 3
35 26 9 3 1 6 4 2 7 5 0
35 26 9 2 1 6 0 3 7 5 4
35 26 9 2 6 4 0 7 1 5 3
35 26 9 4 2 6 0 1 7 5 3
35 27 8 3 1 5 6 7 2 0 4
35 27 8 4 1 0 3 7 2 6 5
35 27 8 0 3 1 4 7 2 5 6
35 27 8 3 1 5 4 7 0 2 6
35 27 8 4 1 5 6 7 0 2 3
35 27 8 1 6 5 4 0 2 3 7
35 28 7 3 1 6 7 2 0 5 4
35 28 7 3 2 6 4 1 0 5 7
35 28 7 1 0 6 7 4 2 5 3
35 28 7 1 6 0 4 2 7 5 3
35 28 7 1 7 6 4 2 0 5 3
35 28 7 1 2 0 6 4 7 5 3
35 28 7 1 6 5 4 0 7 2 3
36 25 11 7 1 6 3 0 2 5 4
36 25 11 7 1 6 5 3 2 0 4
36 26 10 4 1 6 0 3 2 5 7
36 26 10 2 1 6 4 3 0 5 7
36 26 10 4 7 6 0 1 2 5 3
36 26 10 2 7 6 4 1 0 5 3
36 26 10 2 1 0 4 3 7 5 6
36 26 10 0 1 6 4 3 7 5 2
36 27 9 3 0 1 6 7 2 5 4
36 27 9 4 1 6 3 7 0 2 5
36 27 9 7 1 6 3 4 2 0 5
36 27 9 1 6 0 4 7 2 3 5
36 28 8 1 0 6 3 7 2 5 4
36 28 8 3 1 6 7 4 2 5 0
36 28 8 0 3 6 4 1 2 5 7
36 28 8 3 6 0 4 1 2 5 7
36 28 8 4 1 6 3 2 0 5 7
36 28 8 2 6 0 4 1 7 5 3
36 28 8 7 1 5 6 4 2 0 3
36 28 8 3 1 4 6 7 2 5 0
36 28 8 4 2 1 6 7 0 5 3
36 28 8 4 1 6 7 3 2 0 5
36 29 7 4 1 5 0 7 2 6 3
36 31 5 1 2 6 4 5 0 3 7
36 31 5 1 2 6 4 3 0 7 5
37 27 10 0 6 5 4 7 2 3 1
37 28 9 0 1 6 3 4 2 5 7
37 28 9 7 0 1 6 4 2 5 3
37 28 9 0 4 1 6 7 2 5 3
37 28 9 0 2 6 1 4 7 5 3
37 28 9 1 2 6 5 4 7 0 3
37 29 8 3 1 6 5 7 2 4 0
37 29 8 3 1 0 5 7 2 6 4
37 29 8 4 1 3 0 7 2 5 6
37 29 8 4 1 5 3 7 2 0 6
37 29 8 2 1 6 3 4 7 5 0
37 29 8 4 0 1 5 7 2 6 3
37 29 8 1 6 4 3 7 2 0 5
37 31 6 1 6 4 7 2 0 5 3
37 31 6 1 2 0 4 3 7 6 5
37 32 5 1 2 3 4 7 5 0 6
38 27 11 7 1 0 3 4 2 5 6
38 28 10 3 0 6 7 1 2 5 4
38 28 10 2 1 6 7 4 0 5 3
38 28 10 0 1 4 3 7 2 5 6
38 28 10 3 1 4 7 0 2 5 6
38 28 10 4 1 0 7 3 2 5 6
38 29 9 3 1 6 5 7 0 2 4
38 29 9 3 1 0 6 4 2 5 7
38 29 9 4 0 1 3 7 2 5 6
38 29 9 2 1 0 6 4 7 5 3
38 29 9 4 1 6 0 7 2 3 5
38 29 9 1 6 4 3 0 2 5 7
38 30 8 7 1 6 5 4 2 3 0
38 30 8 7 1 0 5 4 2 6 3
38 30 8 0 4 6 7 1 2 5 3
38 30 8 4 6 0 7 1 2 5 3
38 30 8 4 2 6 7 1 0 5 3
38 31 7 1 6 4 7 3 2 5 0
38 31 7 7 0 1 4 2 5 6 3
38 31 7 7 1 4 0 2 5 6 3
38 31 7 1 2 0 6 7 5 3 4
38 31 7 0 2 6 4 1 5 3 7
38 32 6 7 2 6 4 1 5 3 0
38 32 6 1 2 4 3 7 5 6 0
39 28 11 2 1 6 3 7 0 5 4
39 28 11 4 0 6 3 1 2 5 7
39 28 11 3 1 4 5 7 2 0 6
39 29 10 0 1 6 2 4 7 5 3
39 29 10 4 1 6 5 0 2 3 7
39 29 10 1 6 0 3 7 2 5 4
39 30 9 7 1 6 5 4 0 2 3
39 30 9 4 1 6 5 0 7 2 3
39 30 9 4 0 6 5 7 1 2 3
39 31 8 0 6 4 7 1 2 5 3
39 31 8 7 1 6 0 2 5 3 4
39 32 7 1 6 4 5 7 2 3 0
39 32 7 7 6 5 4 2 1 0 3
39 32 7 1 0 2 4 7 5 3 6
39 32 7 1 2 4 0 7 5 3 6
39 32 7 7 2 6 4 3 1 5 0
39 32 7 7 2 0 4 1 5 6 3
39 32 7 1 2 0 6 3 7 5 4
39 32 7 1 5 2 4 7 0 6 3
39 33 6 1 2 5 4 3 7 0 6
39 33 6 1 2 6 4 3 0 5 7
40 29 11 3 1 6 5 4 2 0 7
40 29 11 2 1 6 5 4 7 0 3
40 29 11 4 1 0 5 7 2 3 6
40 29 11 0 1 6 5 7 2 3 4
40 29 11 0 6 4 3 7 2 5 1
40 31 9 1 0 4 7 6 2 5 3
40 31 9 7 1 6 4 0 5 3 2
40 31 9 0 2 6 1 7 5 3 4
40 31 9 1 2 6 7 0 5 3 4
40 31 9 1 2 6 3 7 5 0 4
40 31 9 1 0 6 4 2 5 3 7
40 31 9 1 2 6 0 4 5 3 7
40 32 8 1 6 4 5 7 0 2 3
40 32 8 1 6 0 5 7 2 4 3
40 32 8 2 7 6 4 0 1 5 3
40 32 8 7 6 4 0 2 1 5 3
40 32 8 7 1 6 4 0 3 2 5
40 32 8 7 0 6 4 3 1 2 5
40 32 8 7 0 1 4 3 2 6 5
40 32 8 7 1 4 0 3 2 6 5
40 32 8 0 1 2 4 7 5 6 3
40 32 8 1 2 4 7 0 5 6 3
40 33 7 7 2 6 4 0 5 3 1
40 33 7 3 1 6 4 5 7 2 0
40 33 7 0 3 1 4 7 2 6 5
40 33 7 3 2 1 4 7 0 6 5
40 33 7 3 1 4 5 7 2 6 0
40 33 7 3 2 6 4 7 1 0 5
40 33 7 1 0 2 4 3 7 5 6
40 33 7 1 2 4 0 3 7 5 6
40 33 7 1 6 0 4 3 2 5 7
40 33 7 1 7 6 4 3 2 5 0
40 33 7 3 1 5 0 7 2 6 4
40 34 6 7 1 5 4 3 2 6 0
40 34 6 3 1 6 4 2 5 7 0
40 34 6 4 1 6 7 2 5 3 0
40 34 6 4 1 0 7 2 5 6 3
40 34 6 1 5 0 4 7 6 2 3
41 31 10 7 1 0 4 2 5 3 6
41 31 10 0 1 6 4 2 5 3 7
41 32 9 6 0 4 1 7 2 5 3
41 32 9 7 6 4 1 0 2 5 3
41 32 9 4 7 6 0 2 1 5 3
41 32 9 3 7 6 4 2 1 5 0
41 32 9 0 2 6 1 3 7 5 4
41 32 9 1 2 6 3 0 7 5 4
41 32 9 1 2 6 5 3 7 0 4
41 32 9 0 2 4 1 7 5 6 3
41 32 9 1 2 4 6 7 5 0 3
41 33 8 2 0 6 4 7 5 3 1
41 33 8 0 1 6 4 3 7 2 5
41 33 8 0 3 6 4 7 1 2 5
41 33 8 3 6 0 4 7 1 2 5
41 33 8 3 2 6 0 7 1 5 4
41 33 8 3 2 6 4 0 1 5 7
41 33 8 3 1 5 4 0 2 6 7
41 34 7 1 0 6 7 3 2 5 4
41 34 7 2 1 6 4 5 0 3 7
41 34 7 4 2 6 3 7 1 5 0
41 34 7 3 2 6 4 0 7 5 1
41 34 7 7 2 1 4 3 0 5 6
41 34 7 7 6 5 4 1 2 3 0
41 34 7 3 1 0 4 2 5 6 7
41 34 7 0 3 6 4 2 1 5 7
41 34 7 2 1 6 4 3 0 7 5
41 34 7 0 2 1 4 7 5 6 3
41 34 7 2 1 4 3 7 5 6 0
41 34 7 2 6 5 4 7 1 3 0
41 34 7 3 2 6 4 1 7 0 5
41 34 7 3 2 1 4 0 7 5 6
41 34 7 3 2 1 4 7 5 0 6
41 34 7 0 4 6 7 2 1 5 3
41 34 7 4 6 0 7 2 1 5 3
41 34 7 1 2 6 3 4 7 0 5
41 34 7 0 1 5 4 7 6 2 3
41 35 6 1 6 5 4 2 0 3 7
41 35 6 1 6 5 4 2 7 0 3
41 36 5 1 2 6 4 5 3 0 7
41 36 5 1 2 6 4 0 3 7 5
41 37 4 1 2 3 4 7 5 6 0
42 32 10 3 6 4 1 7 2 5 0
42 32 10 7 2 6 0 4 1 5 3
42 33 9 4 2 6 0 7 5 3 1
42 33 9 5 2 6 4 7 0 3 1
42 33 9 0 1 4 3 7 2 6 5
42 33 9 3 1 4 7 0 2 6 5
42 33 9 3 2 0 4 7 1 5 6
42 33 9 0 1 5 4 7 2 6 3
42 34 8 7 1 5 6 3 2 0 4
42 34 8 4 2 0 6 7 1 5 3
42 34 8 2 0 6 4 3 7 5 1
42 34 8 0 7 1 4 3 2 5 6
42 34 8 7 1 5 4 3 0 2 6
42 34 8 7 6 5 4 1 0 2 3
42 34 8 3 6 0 4 2 1 5 7
42 34 8 2 1 0 4 3 7 6 5
42 34 8 2 5 1 4 7 0 6 3
42 34 8 2 6 5 4 7 0 1 3
42 34 8 3 2 6 0 1 7 5 4
42 34 8 4 1 5 0 7 2 3 6
42 34 8 1 6 0 5 7 2 3 4
42 34 8 1 6 5 7 0 2 3 4
42 35 7 2 1 3 4 7 5 0 6
42 35 7 1 0 6 4 7 5 3 2
42 35 7 4 1 6 3 2 7 5 0
42 35 7 4 2 6 3 1 7 5 0
42 35 7 3 1 5 6 7 2 4 0
42 35 7 3 1 6 7 2 5 0 4
42 35 7 3 0 6 7 2 1 5 4
42 35 7 3 2 6 4 1 5 0 7
42 35 7 1 6 0 7 4 2 5 3
42 35 7 1 2 6 7 4 0 5 3
42 35 7 1 6 4 0 2 7 5 3
42 35 7 1 7 6 4 2 5 0 3
42 35 7 1 2 5 6 4 7 0 3
42 35 7 1 6 5 4 3 7 2 0
42 36 6 1 6 3 4 7 2 0 5
42 36 6 4 1 5 3 7 2 6 0
42 36 6 1 0 6 4 5 2 3 7
42 36 6 1 0 6 4 3 2 7 5
42 37 5 1 2 3 4 7 0 5 6
43 32 11 2 6 4 1 7 0 5 3
43 33 10 3 0 6 4 1 7 2 5
43 33 10 1 7 6 0 4 2 5 3
43 34 9 7 0 1 6 3 2 5 4
43 34 9 2 1 0 6 7 5 3 4
43 34 9 4 2 6 0 3 7 5 1
43 34 9 7 2 6 4 3 0 5 1
43 34 9 0 1 4 2 7 5 6 3
43 34 9 2 1 4 7 0 5 6 3
43 34 9 3 2 0 4 1 7 5 6
43 34 9 4 1 5 6 0 2 3 7
43 34 9 0 6 5 1 7 2 3 4
43 34 9 1 6 5 3 7 2 0 4
43 34 9 1 2 0 3 4 7 5 6
43 35 8 2 0 1 4 7 5 3 6
43 35 8 7 1 4 6 3 2 5 0
43 35 8 3 7 6 4 1 2 0 5
43 35 8 7 6 4 3 1 2 5 0
43 35 8 4 1 0 6 2 7 5 3
43 35 8 3 1 6 4 2 7 0 5
43 35 8 3 1 6 0 2 7 5 4
43 35 8 2 6 4 3 7 1 5 0
43 35 8 4 2 0 6 1 7 5 3
43 35 8 3 1 5 6 7 0 2 4
43 35 8 4 0 1 3 7 2 6 5
43 35 8 4 1 3 0 7 2 6 5
43 35 8 7 3 1 4 0 2 5 6
43 35 8 3 1 5 4 0 7 2 6
43 35 8 3 0 5 4 7 1 2 6
43 35 8 4 1 5 6 0 7 2 3
43 35 8 4 0 5 6 7 1 2 3
43 35 8 0 6 5 4 1 2 3 7
43 35 8 1 0 2 6 4 7 5 3
43 35 8 0 6 5 4 1 7 2 3
43 36 7 1 0 6 4 3 7 5 2
43 36 7 1 0 6 4 7 2 3 5
43 36 7 1 2 6 3 7 0 5 4
43 36 7 1 3 6 4 0 2 5 7
43 36 7 7 1 5 6 4 2 3 0
43 36 7 4 1 0 7 3 2 6 5
43 37 6 1 2 6 5 4 0 7 3
43 37 6 1 2 6 5 4 7 3 0
43 37 6 1 6 4 7 2 5 0 3
43 37 6 1 0 4 7 2 6 5 3
44 33 11 3 1 6 0 4 7 2 5
44 33 11 3 1 4 6 7 2 0 5
44 34 10 2 1 6 7 3 0 5 4
44 34 10 0 1 6 2 7 5 3 4
44 34 10 2 1 6 7 0 5 3 4
44 34 10 2 0 6 4 1 5 3 7
44 34 10 4 2 6 7 0 1 5 3
44 34 10 4 2 6 5 7 1 0 3
44 34 10 0 1 5 6 7 2 3 4
44 34 10 0 2 6 3 4 7 5 1
44 35 9 2 1 4 0 7 5 3 6
44 35 9 0 1 4 7 3 2 5 6
44 35 9 3 7 6 0 1 2 5 4
44 35 9 3 7 6 4 0 2 5 1
44 35 9 3 1 6 4 0 7 5 2
44 35 9 2 1 0 6 3 7 5 4
44 35 9 4 3 1 0 7 2 5 6
44 35 9 6 3 1 4 7 2 5 0
44 35 9 1 0 5 4 6 2 3 7
44 35 9 1 6 5 0 4 2 3 7
44 35 9 1 0 5 4 6 7 2 3
44 35 9 1 6 5 0 4 7 2 3
44 36 8 7 1 6 3 2 0 5 4
44 36 8 7 1 6 5 3 2 4 0
44 36 8 7 1 0 5 3 2 6 4
44 36 8 2 1 6 4 0 3 5 7
44 36 8 2 1 6 4 3 5 0 7
44 36 8 2 0 6 4 3 1 5 7
44 36 8 4 7 6 3 1 2 5 0
44 36 8 2 7 6 4 1 5 0 3
44 36 8 2 0 1 4 3 7 5 6
44 36 8 2 1 5 4 3 7 0 6
44 36 8 0 3 1 6 7 2 5 4
44 36 8 3 2 1 6 7 0 5 4
44 36 8 7 1 0 3 4 2 6 5
44 36 8 1 6 4 0 7 2 3 5
44 36 8 3 1 6 7 4 2 0 5
44 36 8 3 6 5 4 1 2 0 7
44 36 8 4 1 6 3 2 5 0 7
44 36 8 4 0 6 3 2 1 5 7
44 36 8 2 6 5 4 1 7 0 3
44 36 8 7 1 5 6 4 0 2 3
44 36 8 4 2 1 6 0 7 5 3
44 36 8 4 2 1 6 7 5 0 3
44 36 8 4 1 6 7 3 0 2 5
44 36 8 4 1 5 7 0 2 6 3
44 37 7 1 2 0 5 4 7 6 3
44 37 7 4 1 3 6 7 2 5 0
44 37 7 1 0 2 4 3 7 6 5
44 37 7 1 2 4 0 3 7 6 5
44 38 6 7 1 4 3 2 5 6 0
44 38 6 1 2 3 6 7 5 0 4
44 39 5 1 2 5 4 3 0 7 6
44 39 5 1 2 5 4 3 7 6 0
44 41 3 1 2 6 4 5 3 7 0
45 34 11 2 1 6 3 7 5 0 4
45 34 11 2 1 6 0 4 5 3 7
45 34 11 2 1 4 6 7 5 0 3
45 34 11 4 1 0 6 7 2 3 5
45 35 10 4 1 6 0 7 5 3 2
45 35 10 5 1 6 4 7 0 3 2
45 35 10 3 7 0 4 1 2 5 6
45 35 10 4 1 6 5 2 7 0 3
45 35 10 3 1 0 4 2 7 5 6
45 35 10 0 1 6 2 3 7 5 4
45 35 10 0 6 4 2 7 1 5 3
45 35 10 2 6 4 7 0 1 5 3
45 35 10 4 2 6 1 0 7 5 3
45 35 10 4 2 6 5 1 7 0 3
45 35 10 2 3 1 4 7 0 5 6
45 36 9 7 1 6 5 3 0 2 4
45 36 9 4 1 0 6 3 2 5 7
45 36 9 4 7 0 6 1 2 5 3
45 36 9 2 1 4 0 3 7 5 6
45 36 9 4 1 6 3 0 7 2 5
45 36 9 4 0 6 3 7 1 2 5
45 36 9 7 1 6 3 4 0 2 5
45 36 9 4 3 6 0 1 2 5 7
45 36 9 7 3 6 4 1 2 5 0
45 36 9 3 6 4 0 1 2 5 7
45 36 9 2 6 4 0 1 7 5 3
45 37 8 6 0 5 4 7 2 3 1
45 37 8 7 6 5 4 0 2 3 1
45 37 8 1 0 6 3 4 2 5 7
45 37 8 7 2 1 6 4 0 5 3
45 37 8 3 0 1 5 7 2 6 4
45 37 8 0 1 3 4 7 2 5 6
45 37 8 4 1 5 3 7 0 2 6
45 37 8 0 4 1 5 7 2 6 3
45 37 8 4 2 1 5 7 0 6 3
45 37 8 1 6 4 3 7 0 2 5
45 37 8 1 6 0 3 7 2 4 5
45 38 7 0 3 6 7 1 2 5 4
45 38 7 2 1 6 7 0 4 5 3
45 38 7 3 1 4 7 2 0 5 6
45 38 7 4 1 5 7 3 2 0 6
45 38 7 1 6 4 3 2 0 5 7
45 38 7 7 1 5 0 4 2 6 3
45 38 7 1 4 6 7 0 2 5 3
45 38 7 4 6 5 7 1 2 0 3
45 38 7 1 6 4 7 3 2 0 5
45 38 7 0 7 1 4 2 5 6 3
45 38 7 7 5 1 4 2 0 6 3
45 38 7 0 1 4 7 2 5 6 3
45 38 7 1 2 4 3 7 5 0 6
45 39 6 7 6 5 4 2 1 3 0
45 39 6 1 2 4 6 7 5 3 0
45 39 6 1 5 2 4 7 6 0 3
45 39 6 1 2 6 4 0 3 5 7
45 39 6 1 2 6 4 3 5 0 7
46 35 11 7 1 4 3 0 2 5 6
46 35 11 7 1 4 5 3 2 0 6
46 35 11 7 6 4 5 1 2 0 3
46 35 11 4 1 6 2 0 7 5 3
46 35 11 2 1 6 3 0 7 5 4
46 35 11 2 1 6 5 3 7 0 4
46 35 11 2 6 4 5 7 1 0 3
46 36 10 4 1 6 0 3 7 5 2
46 36 10 7 1 6 4 3 0 5 2
46 36 10 3 1 0 7 4 2 5 6
46 36 10 2 3 6 4 1 0 5 7
46 36 10 3 1 4 6 0 2 5 7
46 37 9 4 6 5 0 7 2 3 1
46 37 9 0 7 1 6 4 2 5 3
46 37 9 7 4 1 6 0 2 5 3
46 37 9 2 0 6 1 4 7 5 3
46 37 9 3 2 6 1 4 7 5 0
46 37 9 3 1 6 0 7 2 4 5
46 37 9 2 1 6 3 4 7 0 5
46 38 8 7 1 3 0 4 2 5 6
46 38 8 7 1 5 3 4 2 0 6
46 38 8 3 6 0 7 1 2 5 4
46 38 8 3 2 6 7 1 0 5 4
46 38 8 2 1 6 7 4 5 0 3
46 38 8 2 0 6 7 4 1 5 3
46 38 8 1 0 4 3 7 2 5 6
46 38 8 3 1 4 7 6 2 5 0
46 38 8 4 0 1 7 3 2 5 6
46 38 8 3 1 5 6 4 2 0 7
46 38 8 4 2 1 3 7 0 5 6
46 38 8 2 1 5 6 4 7 0 3
46 38 8 7 0 1 5 4 2 6 3
46 38 8 4 2 6 7 1 5 0 3
46 38 8 1 6 4 0 3 2 5 7
46 38 8 1 0 2 6 7 5 3 4
46 38 8 7 2 6 0 1 5 3 4
46 38 8 1 2 4 3 0 5 6 7
46 39 7 1 6 3 0 7 2 5 4
46 39 7 7 6 5 4 2 0 1 3
46 39 7 1 5 2 4 7 0 3 6
46 39 7 7 2 6 4 3 1 0 5
46 39 7 1 2 5 6 3 7 0 4
46 39 7 1 5 2 4 0 7 6 3
46 40 6 1 2 6 7 5 0 3 4
46 40 6 1 2 6 3 7 5 4 0
46 40 6 1 2 6 7 4 5 3 0
46 40 6 1 2 4 7 5 0 6 3
46 40 6 1 2 4 7 3 5 6 0
46 40 6 7 2 6 4 5 0 3 1
46 40 6 3 2 1 4 7 6 0 5
46 40 6 1 2 4 6 3 7 5 0
46 40 6 4 0 1 7 2 5 6 3
46 41 5 1 6 5 4 2 7 3 0
46 41 5 1 2 0 4 5 3 6 7
47 36 11 7 0 6 3 1 2 5 4
47 36 11 4 1 6 5 3 2 0 7
47 36 11 4 7 6 1 0 2 5 3
47 36 11 4 7 6 5 1 2 0 3
47 36 11 0 1 4 6 7 2 5 3
47 37 10 2 6 5 4 7 0 3 1
47 37 10 6 4 1 0 7 2 5 3
47 37 10 3 4 1 6 7 2 5 0
47 37 10 7 2 6 1 4 0 5 3
47 37 10 3 1 6 5 0 2 4 7
47 37 10 4 1 3 7 0 2 5 6
47 37 10 4 1 3 5 7 2 0 6
47 38 9 7 0 1 3 4 2 5 6
47 38 9 4 1 7 0 3 2 5 6
47 38 9 3 1 6 5 0 7 2 4
47 38 9 3 0 6 5 7 1 2 4
47 38 9 3 0 1 6 4 2 5 7
47 38 9 0 4 1 3 7 2 5 6
47 38 9 2 0 1 6 4 7 5 3
47 38 9 0 1 6 4 7 2 3 5
47 38 9 0 6 4 3 1 2 5 7
47 38 9 7 1 6 0 4 2 3 5
47 38 9 3 4 6 7 1 2 5 0
47 38 9 4 6 7 0 1 2 5 3
47 38 9 1 6 0 7 3 2 5 4
47 38 9 4 2 6 0 1 5 3 7
47 38 9 5 2 6 4 1 0 3 7
47 38 9 7 2 0 4 1 5 3 6
47 38 9 1 2 0 3 7 5 6 4
47 39 8 4 2 6 3 1 0 5 7
47 39 8 1 0 6 2 4 7 5 3
47 39 8 4 1 6 5 2 0 3 7
47 39 8 7 1 6 5 0 4 2 3
47 39 8 6 0 4 7 1 2 5 3
47 39 8 7 1 0 6 2 5 3 4
47 39 8 0 1 6 7 2 5 3 4
47 39 8 0 1 2 4 7 5 3 6
47 39 8 7 2 6 0 3 1 5 4
47 39 8 7 0 2 4 1 5 6 3
47 39 8 7 2 4 0 1 5 6 3
47 39 8 1 0 2 6 3 7 5 4
47 40 7 3 1 6 5 4 2 7 0
47 40 7 1 4 0 7 6 2 5 3
47 40 7 1 2 4 7 6 0 5 3
47 40 7 7 1 6 4 5 0 3 2
47 40 7 1 6 0 4 2 5 3 7
47 40 7 1 5 6 4 2 0 3 7
47 40 7 1 2 0 6 4 5 3 7
47 40 7 1 0 4 5 7 6 2 3
47 40 7 1 6 5 0 7 2 4 3
47 40 7 7 6 4 3 2 1 5 0
47 40 7 7 1 6 4 5 3 2 0
47 40 7 7 2 1 4 3 0 6 5
47 40 7 7 1 4 5 3 2 6 0
47 40 7 0 2 4 7 1 5 6 3
47 40 7 1 0 4 7 2 5 6 3
47 40 7 3 1 6 4 5 7 0 2
47 40 7 7 3 1 4 0 2 6 5
47 40 7 3 2 1 4 0 7 6 5
47 40 7 3 2 6 4 7 0 1 5
47 40 7 3 2 0 4 7 1 6 5
47 40 7 1 7 2 4 3 0 5 6
47 40 7 1 6 5 4 3 2 0 7
47 40 7 1 7 6 4 3 2 0 5
47 40 7 7 1 5 0 3 2 6 4
47 40 7 4 1 7 0 2 5 6 3
47 40 7 1 5 4 0 7 6 2 3
47 41 6 1 2 6 5 3 0 7 4
47 41 6 1 2 6 5 3 7 4 0
47 41 6 3 1 5 4 2 0 6 7
47 41 6 3 2 6 4 1 0 7 5
47 41 6 3 2 1 4 7 5 6 0
47 41 6 4 6 5 7 2 1 0 3
47 41 6 1 2 6 3 4 0 7 5
47 41 6 1 6 5 4 2 3 0 7
47 41 6 1 0 5 4 2 6 3 7
47 41 6 1 6 5 4 2 0 7 3
47 41 6 0 2 6 4 1 3 7 5
47 41 6 1 2 3 0 7 5 6 4
47 41 6 1 2 3 4 0 5 6 7
47 42 5 1 6 5 7 2 0 3 4
47 42 5 3 2 6 4 1 5 7 0
47 42 5 1 6 3 4 7 2 5 0
47 42 5 1 2 3 4 0 7 5 6
48 37 11 2 1 6 3 4 0 5 7
48 37 11 2 4 1 6 7 0 5 3
48 37 11 3 1 0 5 7 2 4 6
48 37 11 0 1 6 5 7 2 4 3
48 37 11 2 1 0 3 4 7 5 6
48 37 11 0 1 6 3 4 7 5 2
48 38 10 6 1 4 3 7 2 5 0
48 38 10 3 0 4 7 1 2 5 6
48 38 10 4 1 6 7 0 2 3 5
48 38 10 1 0 4 3 6 2 5 7
48 38 10 7 1 6 5 0 2 3 4
48 38 10 7 4 6 0 1 2 5 3
48 38 10 2 4 6 7 1 0 5 3
48 38 10 0 6 4 7 3 2 5 1
48 38 10 7 1 4 2 0 5 6 3
48 38 10 7 1 4 6 2 5 0 3
48 38 10 0 2 4 3 7 5 6 1
48 39 9 2 0 6 3 7 1 5 4
48 39 9 0 4 6 3 1 2 5 7
48 39 9 4 6 0 3 1 2 5 7
48 39 9 3 1 4 5 7 0 2 6
48 39 9 0 1 6 5 4 2 3 7
48 39 9 7 0 6 5 4 1 2 3
48 39 9 0 1 6 5 4 7 2 3
48 39 9 4 1 6 5 3 7 2 0
48 39 9 0 4 6 5 7 1 2 3
48 39 9 4 6 0 5 7 1 2 3
48 39 9 3 6 4 7 1 2 5 0
48 39 9 1 6 4 5 0 2 3 7
48 39 9 0 2 4 1 7 5 3 6
48 39 9 1 2 4 7 0 5 3 6
48 39 9 7 2 0 4 3 1 5 6
48 39 9 0 2 6 4 3 1 5 7
48 40 8 3 1 0 5 4 2 6 7
48 40 8 2 1 6 5 4 0 7 3
48 40 8 2 1 6 5 4 7 3 0
48 40 8 2 1 0 5 4 7 6 3
48 40 8 1 0 6 5 7 2 3 4
48 40 8 0 1 4 7 6 2 5 3
48 40 8 7 2 6 1 0 5 3 4
48 40 8 0 2 6 7 1 5 3 4
48 40 8 1 0 6 7 2 5 3 4
48 40 8 1 6 4 5 0 7 2 3
48 40 8 1 0 6 5 7 2 4 3
48 40 8 2 7 6 4 3 1 5 0
48 40 8 0 6 4 7 2 1 5 3
48 40 8 0 1 6 4 7 3 2 5
48 40 8 0 7 6 4 3 1 2 5
48 40 8 7 6 0 4 3 1 2 5
48 40 8 0 7 1 4 3 2 6 5
48 40 8 0 1 4 7 3 2 6 5
48 40 8 7 1 2 4 0 5 6 3
48 40 8 3 1 6 0 5 7 2 4
48 40 8 4 3 1 0 7 2 6 5
48 40 8 5 3 1 4 7 2 6 0
48 40 8 0 1 2 4 3 7 5 6
48 40 8 1 7 6 0 3 2 5 4
48 40 8 0 1 5 3 7 2 6 4
48 40 8 3 1 5 7 0 2 6 4
48 40 8 7 1 5 4 0 2 6 3
48 40 8 3 1 6 0 2 5 7 4
48 40 8 3 1 6 4 0 5 7 2
48 40 8 4 1 6 0 2 5 3 7
48 41 7 7 1 3 4 2 5 0 6
48 41 7 4 7 6 3 2 1 5 0
48 41 7 1 2 0 5 3 7 6 4
48 41 7 1 2 4 6 7 0 5 3
48 41 7 1 2 0 6 7 5 4 3
48 41 7 1 0 6 4 3 7 2 5
48 41 7 0 1 5 4 3 2 6 7
48 41 7 1 2 6 7 3 0 5 4
48 41 7 2 1 6 4 5 3 0 7
48 41 7 2 0 6 4 5 1 3 7
48 41 7 3 2 6 4 7 0 5 1
48 41 7 7 2 1 4 0 3 5 6
48 41 7 7 2 1 4 3 5 0 6
48 41 7 3 0 1 4 2 5 6 7
48 41 7 3 1 4 0 2 5 6 7
48 41 7 2 1 6 4 0 3 7 5
48 41 7 2 0 6 4 3 1 7 5
48 41 7 7 2 1 4 0 5 6 3
48 41 7 3 2 0 4 1 7 6 5
48 41 7 0 2 1 4 3 7 5 6
48 41 7 3 2 1 4 6 7 5 0
48 41 7 3 2 0 4 7 5 1 6
48 41 7 1 2 0 3 4 7 6 5
48 41 7 7 1 5 4 0 6 2 3
48 42 6 3 1 4 7 2 0 6 5
48 42 6 1 0 5 4 7 2 6 3
48 42 6 1 6 5 7 4 2 3 0
48 42 6 2 1 3 4 7 5 6 0
48 42 6 3 1 6 7 2 5 4 0
48 42 6 3 1 0 7 2 5 6 4
48 42 6 0 3 6 7 2 1 5 4
48 42 6 1 6 5 7 4 2 0 3
48 42 6 1 2 6 7 0 4 5 3
48 42 6 1 6 4 3 2 7 5 0
48 42 6 1 7 6 4 2 5 3 0
48 42 6 1 7 0 4 2 5 6 3
48 42 6 1 2 5 6 4 0 7 3
48 42 6 1 2 5 6 4 7 3 0
48 42 6 1 6 3 4 7 0 2 5
48 42 6 1 6 0 4 5 2 3 7
48 42 6 1 6 0 4 3 2 7 5
48 42 6 1 0 3 4 7 2 5 6
48 43 5 1 6 4 7 2 5 3 0
49 38 11 2 1 4 3 7 0 5 6
49 38 11 7 1 0 5 4 2 3 6
49 39 10 3 1 6 2 4 7 5 0
49 39 10 4 1 6 0 5 2 3 7
49 39 10 4 1 6 0 5 7 2 3
49 39 10 2 6 4 7 1 0 5 3
49 39 10 7 1 6 3 2 5 0 4
49 40 9 3 1 6 5 4 0 2 7
49 40 9 4 0 1 5 7 2 3 6
49 40 9 6 0 4 3 7 2 5 1
49 40 9 7 6 4 3 0 2 5 1
49 40 9 2 0 6 1 7 5 3 4
49 40 9 4 2 6 1 7 5 3 0
49 40 9 0 2 6 1 4 5 3 7
49 40 9 1 2 6 3 4 5 0 7
49 40 9 4 1 2 0 7 5 6 3
49 40 9 3 1 2 4 7 5 6 0
49 40 9 3 1 0 4 5 7 2 6
49 40 9 0 1 6 4 5 7 2 3
49 40 9 2 3 1 4 7 0 6 5
49 40 9 3 1 4 5 0 2 6 7
49 40 9 0 2 4 1 3 7 5 6
49 40 9 1 2 4 3 0 7 5 6
49 40 9 1 2 4 5 3 7 0 6
49 40 9 1 7 0 4 3 2 5 6
49 40 9 3 1 0 4 2 5 7 6
49 40 9 0 1 6 4 2 5 7 3
49 40 9 4 1 6 7 0 5 3 2
49 40 9 4 1 0 7 2 5 3 6
49 41 8 7 0 1 4 2 5 3 6
49 41 8 7 1 4 0 2 5 3 6
49 41 8 6 2 4 1 7 0 5 3
49 41 8 7 6 4 1 2 0 5 3
49 41 8 4 7 0 6 2 1 5 3
49 41 8 3 7 6 4 2 1 0 5
49 41 8 3 7 6 0 2 1 5 4
49 41 8 3 2 6 1 0 7 5 4
49 41 8 0 2 6 3 1 7 5 4
49 41 8 2 0 4 1 7 5 6 3
49 41 8 7 2 4 1 0 5 6 3
49 41 8 2 6 0 4 7 5 3 1
49 41 8 2 5 6 4 7 0 3 1
49 41 8 7 3 6 4 0 1 2 5
49 41 8 3 6 2 4 7 1 0 5
49 41 8 3 2 0 6 7 1 5 4
49 41 8 4 2 6 3 7 1 0 5
49 41 8 7 6 5 0 1 2 3 4
49 41 8 2 3 6 4 0 1 5 7
49 41 8 4 3 6 0 2 1 5 7
49 41 8 7 3 6 4 2 1 5 0
49 41 8 1 3 6 4 2 0 5 7
49 41 8 2 6 5 0 7 1 3 4
49 41 8 2 4 6 7 0 1 5 3
49 41 8 3 4 6 7 2 1 5 0
49 41 8 1 4 6 7 2 0 5 3
49 41 8 4 6 7 0 2 1 5 3
49 41 8 3 1 5 4 7 6 2 0
49 41 8 1 0 6 4 2 3 7 5
49 41 8 1 2 6 0 4 3 7 5
49 41 8 0 2 3 4 7 5 6 1
49 42 7 7 2 6 3 4 1 5 0
49 42 7 5 2 6 4 0 7 3 1
49 42 7 5 2 6 4 7 3 0 1
49 42 7 1 0 4 3 7 2 6 5
49 42 7 3 1 4 7 5 2 6 0
49 42 7 3 2 5 4 7 1 0 6
49 42 7 7 1 5 6 3 2 4 0
49 42 7 7 0 5 4 1 6 2 3
49 42 7 3 6 5 4 2 1 0 7
49 42 7 2 5 1 4 7 6 0 3
49 42 7 2 0 5 4 7 6 1 3
49 42 7 1 6 3 5 7 2 0 4
49 42 7 0 6 5 7 1 2 3 4
49 42 7 2 1 3 4 7 0 5 6
49 42 7 1 6 0 4 7 5 3 2
49 42 7 1 5 6 4 7 0 3 2
49 42 7 3 6 0 7 2 1 5 4
49 42 7 3 2 0 4 1 5 6 7
49 42 7 1 2 6 7 4 5 0 3
49 42 7 1 6 5 4 3 7 0 2
49 42 7 1 6 5 0 3 7 2 4
49 42 7 0 1 6 4 5 2 3 7
49 42 7 0 1 6 4 3 2 7 5
49 43 6 1 6 5 3 7 2 4 0
49 43 6 1 2 3 0 4 7 5 6
49 43 6 1 2 6 4 7 0 3 5
49 43 6 1 2 6 5 0 4 7 3
49 43 6 1 6 0 7 2 5 4 3
49 43 6 1 4 0 7 2 6 5 3
49 44 5 4 1 5 7 2 0 6 3
49 44 5 1 2 3 6 7 5 4 0
49 44 5 1 2 5 4 0 3 7 6
49 44 5 1 2 6 0 5 3 7 4
49 45 4 1 2 6 4 3 5 7 0
50 39 11 7 1 6 2 4 0 5 3
50 39 11 4 0 6 5 1 2 3 7
50 39 11 4 0 6 5 1 7 2 3
50 39 11 7 1 6 2 0 5 3 4
50 39 11 0 6 4 5 7 2 3 1
50 40 10 5 1 6 0 7 2 3 4
50 40 10 3 6 4 0 7 2 5 1
50 40 10 7 0 6 4 1 5 3 2
50 40 10 5 2 6 1 7 0 3 4
50 40 10 7 6 4 5 2 1 0 3
50 40 10 7 0 6 4 1 3 2 5
50 40 10 7 1 4 3 0 2 6 5
50 40 10 5 1 2 4 7 0 6 3
50 40 10 7 0 6 4 2 5 3 1
50 40 10 7 2 6 0 4 5 3 1
50 40 10 0 1 4 5 7 2 6 3
50 40 10 0 7 6 4 3 2 5 1
50 41 9 6 4 0 1 7 2 5 3
50 41 9 7 6 4 1 3 2 5 0
50 41 9 3 7 6 4 0 1 5 2
50 41 9 2 0 6 1 3 7 5 4
50 41 9 4 2 6 1 3 7 5 0
50 41 9 1 0 6 3 2 7 5 4
50 41 9 3 2 4 1 7 5 6 0
50 41 9 5 1 6 4 3 7 2 0
50 41 9 4 3 6 0 7 1 2 5
50 41 9 5 3 6 4 7 1 2 0
50 41 9 1 3 6 4 7 0 2 5
50 41 9 3 6 4 0 7 1 2 5
50 41 9 0 2 6 3 7 1 5 4
50 41 9 3 0 5 4 1 2 6 7
50 41 9 3 1 5 0 4 2 6 7
50 41 9 4 2 6 3 0 1 5 7
50 41 9 4 2 1 0 7 5 6 3
50 41 9 5 2 1 4 7 0 6 3
50 41 9 2 1 4 3 7 5 0 6
50 41 9 2 1 4 3 0 5 6 7
50 41 9 2 6 5 4 0 1 3 7
50 41 9 7 4 6 0 2 1 5 3
50 41 9 4 1 5 0 7 6 2 3
50 42 8 7 2 0 6 4 1 5 3
50 42 8 4 2 0 6 7 5 3 1
50 42 8 5 0 6 4 7 2 3 1
50 42 8 3 0 2 4 7 1 5 6
50 42 8 3 2 4 0 7 1 5 6
50 42 8 7 1 5 6 3 0 2 4
50 42 8 4 2 5 6 7 1 0 3
50 42 8 2 6 0 4 3 7 5 1
50 42 8 2 7 6 4 3 0 5 1
50 42 8 3 7 1 4 0 2 5 6
50 42 8 7 1 5 4 0 3 2 6
50 42 8 7 0 5 4 3 1 2 6
50 42 8 7 6 5 4 0 1 2 3
50 42 8 3 6 4 0 2 1 5 7
50 42 8 2 0 1 4 3 7 6 5
50 42 8 2 1 4 0 3 7 6 5
50 42 8 2 5 1 4 0 7 6 3
50 42 8 2 6 5 4 0 7 1 3
50 42 8 3 2 0 6 1 7 5 4
50 42 8 1 0 5 7 6 2 3 4
50 42 8 4 1 6 3 2 7 0 5
50 42 8 4 2 6 3 1 7 0 5
50 42 8 3 1 5 0 7 2 4 6
50 42 8 1 6 7 0 4 2 5 3
50 42 8 4 1 5 3 0 2 6 7
50 43 7 1 7 6 3 4 2 5 0
50 43 7 7 2 6 4 0 3 5 1
50 43 7 7 2 6 4 3 5 0 1
50 43 7 1 0 4 2 7 5 6 3
50 43 7 2 1 4 7 5 0 6 3
50 43 7 2 1 4 7 3 5 6 0
50 43 7 3 2 5 4 1 7 0 6
50 43 7 4 1 5 6 2 0 3 7
50 43 7 1 6 5 3 7 0 2 4
50 43 7 1 2 5 3 4 7 0 6
50 43 7 0 2 1 4 7 5 3 6
50 43 7 4 1 5 6 2 7 0 3
50 43 7 3 1 6 4 2 0 7 5
50 43 7 3 1 0 4 2 7 6 5
50 43 7 4 1 3 5 7 2 6 0
50 43 7 7 3 1 4 2 0 5 6
50 43 7 0 3 5 4 7 1 2 6
50 43 7 1 6 0 4 3 7 5 2
50 43 7 1 7 6 4 3 0 5 2
50 43 7 1 3 6 4 7 2 5 0
50 43 7 4 0 1 7 3 2 6 5
50 43 7 1 0 6 5 4 2 7 3
50 43 7 1 2 6 0 4 7 3 5
50 43 7 0 1 4 7 2 6 5 3
50 44 6 1 2 5 4 6 0 3 7
50 44 6 1 6 5 3 4 7 2 0
50 44 6 2 1 6 4 3 5 7 0
50 44 6 2 1 5 4 3 7 6 0
50 44 6 3 6 5 4 1 2 7 0
50 44 6 0 1 5 7 4 2 6 3
50 44 6 4 1 5 7 3 2 6 0
50 44 6 1 2 5 0 4 7 6 3
50 44 6 1 2 4 5 3 7 6 0
50 44 6 1 2 3 6 7 0 5 4
50 44 6 1 0 5 4 3 2 7 6
50 44 6 1 2 5 0 3 7 6 4
50 44 6 1 2 0 4 5 3 7 6
50 45 5 1 5 2 4 7 6 3 0
51 40 11 2 1 6 5 7 0 3 4
51 40 11 2 6 4 3 7 0 5 1
51 40 11 7 1 6 0 4 5 3 2
51 40 11 2 7 6 0 4 1 5 3
51 40 11 7 6 4 2 0 1 5 3
51 40 11 7 1 6 0 4 3 2 5
51 40 11 7 1 4 6 3 2 0 5
51 41 10 5 1 6 4 2 0 3 7
51 41 10 4 7 6 5 2 1 0 3
51 41 10 3 7 0 4 2 1 5 6
51 41 10 7 2 6 1 3 0 5 4
51 41 10 5 2 4 1 7 0 6 3
51 41 10 4 1 6 0 3 7 2 5
51 41 10 3 2 6 7 0 1 5 4
51 41 10 3 2 6 5 7 1 0 4
51 41 10 3 2 6 0 4 1 5 7
51 41 10 4 2 0 3 7 1 5 6
51 41 10 3 0 6 4 2 7 5 1
51 41 10 3 2 6 0 4 7 5 1
51 41 10 7 6 0 4 1 2 3 5
51 41 10 2 1 0 3 7 5 6 4
51 41 10 0 1 4 3 7 5 6 2
51 41 10 2 6 0 4 7 1 3 5
51 41 10 0 6 5 4 7 1 3 2
51 41 10 3 0 1 4 2 7 5 6
51 41 10 3 2 1 0 4 7 5 6
51 41 10 6 1 5 4 7 0 2 3
51 42 9 3 6 4 1 7 2 0 5
51 42 9 0 2 6 7 4 1 5 3
51 42 9 5 1 4 3 7 2 6 0
51 42 9 3 0 4 7 1 2 6 5
51 42 9 2 1 5 4 7 0 6 3
51 42 9 4 0 2 6 7 1 5 3
51 42 9 6 7 1 4 3 2 5 0
51 42 9 0 1 5 4 7 2 3 6
51 42 9 4 1 5 7 0 2 3 6
51 42 9 4 2 6 3 0 7 5 1
51 42 9 3 1 5 6 0 2 4 7
51 42 9 0 6 4 1 2 7 5 3
51 42 9 1 6 4 5 2 7 0 3
51 42 9 1 6 0 4 3 7 2 5
51 43 8 2 0 4 1 7 6 5 3
51 43 8 0 3 6 4 1 7 2 5
51 43 8 3 6 0 4 1 7 2 5
51 43 8 3 7 6 4 1 0 2 5
51 43 8 1 7 0 6 4 2 5 3
51 43 8 7 2 1 6 3 0 5 4
51 43 8 2 1 3 6 7 5 0 4
51 43 8 4 2 0 6 3 7 5 1
51 43 8 7 0 6 4 3 2 5 1
51 43 8 3 0 2 4 1 7 5 6
51 43 8 3 2 4 0 1 7 5 6
51 43 8 0 1 5 6 4 2 3 7
51 43 8 6 0 5 1 7 2 3 4
51 43 8 7 6 5 1 0 2 3 4
51 43 8 1 0 2 3 4 7 5 6
51 43 8 2 5 1 4 7 0 3 6
51 43 8 3 7 0 4 1 2 6 5
51 43 8 4 0 1 6 2 7 5 3
51 43 8 3 1 0 6 2 7 5 4
51 43 8 4 2 5 6 1 7 0 3
51 43 8 3 1 5 6 0 7 2 4
51 43 8 3 0 5 6 7 1 2 4
51 43 8 0 4 1 3 7 2 6 5
51 43 8 4 2 1 3 7 0 6 5
51 43 8 0 1 3 4 7 2 6 5
51 43 8 7 3 1 4 6 2 5 0
51 43 8 0 1 5 4 3 7 2 6
51 43 8 3 1 5 4 6 7 2 0
51 43 8 3 5 0 4 7 1 2 6
51 43 8 0 1 5 6 4 7 2 3
51 43 8 4 1 5 6 3 7 2 0
51 43 8 0 4 5 6 7 1 2 3
51 43 8 6 0 5 4 1 2 3 7
51 43 8 1 7 2 6 4 0 5 3
51 43 8 6 0 5 4 1 7 2 3
51 43 8 7 1 5 0 4 2 3 6
51 43 8 4 1 7 0 3 2 6 5
51 43 8 1 2 6 5 0 7 3 4
51 44 7 4 2 6 5 7 1 3 0
51 44 7 1 0 5 6 7 2 3 4
51 44 7 1 0 4 7 3 2 5 6
51 44 7 4 3 1 6 7 2 5 0
51 44 7 1 5 0 4 6 2 3 7
51 44 7 1 5 0 4 6 7 2 3
51 44 7 1 7 5 4 6 0 2 3
51 44 7 2 7 6 4 1 5 3 0
51 44 7 2 1 5 4 3 0 7 6
51 44 7 3 1 0 7 4 2 6 5
51 44 7 4 1 6 3 2 5 7 0
51 44 7 4 1 0 3 2 5 6 7
51 44 7 2 6 5 4 1 0 7 3
51 44 7 2 6 5 4 1 7 3 0
51 44 7 7 1 5 6 0 4 2 3
51 44 7 4 2 1 6 7 5 3 0
51 44 7 1 0 2 5 4 7 6 3
51 44 7 1 7 2 4 3 0 6 5
51 44 7 1 2 5 4 0 7 6 3
51 44 7 0 2 6 4 5 3 7 1
51 45 6 4 3 6 7 1 2 5 0
51 45 6 1 3 6 7 0 2 5 4
51 45 6 0 1 6 7 2 4 5 3
51 45 6 7 1 5 3 4 2 6 0
51 45 6 4 6 5 7 1 2 3 0
51 45 6 1 2 6 4 7 3 5 0
51 45 6 1 2 0 4 3 5 6 7
51 46 5 1 2 4 7 5 6 0 3
51 46 5 3 2 1 4 7 6 5 0
51 47 4 1 2 3 4 5 0 6 7
52 41 11 7 0 4 1 6 2 5 3
52 41 11 4 7 6 2 0 1 5 3
52 42 10 3 6 4 1 0 2 5 7
52 42 10 7 2 6 5 4 1 0 3
52 42 10 4 2 6 7 0 5 3 1
52 42 10 4 2 6 3 7 5 0 1
52 42 10 2 1 4 3 7 0 6 5
52 42 10 4 7 1 0 3 2 5 6
52 42 10 2 7 1 4 3 0 5 6
52 42 10 3 2 6 5 1 7 0 4
52 42 10 4 1 6 3 0 7 5 2
52 42 10 4 1 0 3 2 7 5 6
52 42 10 0 1 6 3 2 7 5 4
52 42 10 4 2 0 3 1 7 5 6
52 42 10 0 1 5 6 7 2 4 3
52 42 10 1 6 4 2 0 7 5 3
52 42 10 0 6 5 4 3 7 2 1
52 43 9 2 6 4 1 0 7 5 3
52 43 9 2 6 4 1 7 5 0 3
52 43 9 0 7 1 6 3 2 5 4
52 43 9 2 0 1 6 7 5 3 4
52 43 9 3 1 4 2 7 5 6 0
52 43 9 2 0 4 7 1 5 6 3
52 43 9 4 6 5 1 7 2 3 0
52 43 9 7 6 4 3 1 2 0 5
52 43 9 2 6 4 3 7 1 0 5
52 43 9 4 0 2 6 1 7 5 3
52 43 9 4 1 3 7 0 2 6 5
52 43 9 4 5 0 6 7 1 2 3
52 43 9 4 6 5 0 1 2 3 7
52 43 9 0 1 2 6 4 7 5 3
52 43 9 4 6 5 0 1 7 2 3
52 43 9 3 6 5 4 1 7 2 0
52 43 9 1 3 6 0 4 2 5 7
52 43 9 7 1 5 6 0 2 3 4
52 43 9 1 2 0 5 4 7 3 6
52 44 8 3 1 6 5 4 7 2 0
52 44 8 2 1 6 7 0 3 5 4
52 44 8 2 1 6 7 3 5 0 4
52 44 8 2 0 6 7 3 1 5 4
52 44 8 1 0 6 2 7 5 3 4
52 44 8 2 1 6 7 5 0 3 4
52 44 8 2 1 6 7 4 5 3 0
52 44 8 2 6 0 4 1 5 3 7
52 44 8 2 5 6 4 1 0 3 7
52 44 8 4 2 6 7 3 1 5 0
52 44 8 4 2 6 5 7 0 1 3
52 44 8 4 2 0 5 7 1 6 3
52 44 8 2 1 4 6 7 5 3 0
52 44 8 3 7 6 4 2 0 5 1
52 44 8 3 1 6 4 7 0 5 2
52 44 8 2 1 5 6 3 7 0 4
52 44 8 4 3 0 1 7 2 5 6
52 44 8 6 3 1 4 7 2 0 5
52 44 8 6 3 1 0 7 2 5 4
52 44 8 0 1 5 4 6 2 3 7
52 44 8 1 6 0 5 4 2 3 7
52 44 8 0 1 5 4 6 7 2 3
52 44 8 1 6 0 5 4 7 2 3
52 44 8 7 0 6 3 2 1 5 4
52 44 8 7 0 1 5 3 2 6 4
52 44 8 0 1 6 4 2 3 5 7
52 44 8 2 1 6 4 7 3 5 0
52 44 8 2 1 0 4 3 5 6 7
52 44 8 2 6 0 4 3 1 5 7
52 44 8 2 7 0 4 1 5 6 3
52 44 8 7 3 1 6 0 2 5 4
52 44 8 3 2 1 6 0 7 5 4
52 44 8 3 2 1 6 7 5 0 4
52 44 8 7 0 1 3 4 2 6 5
52 44 8 7 1 3 0 4 2 6 5
52 44 8 3 1 6 7 4 0 2 5
52 44 8 3 6 5 4 1 0 2 7
52 44 8 0 4 6 3 2 1 5 7
52 44 8 4 6 0 3 2 1 5 7
52 44 8 7 0 5 6 4 1 2 3
52 44 8 0 2 1 6 4 7 5 3
52 44 8 4 2 1 6 3 7 5 0
52 44 8 4 2 0 6 7 5 1 3
52 44 8 4 1 6 7 0 3 2 5
52 44 8 4 0 6 7 3 1 2 5
52 44 8 4 0 5 7 1 2 6 3
52 44 8 4 1 3 6 7 2 0 5
52 44 8 0 1 2 4 3 7 6 5
52 44 8 7 1 4 3 2 5 0 6
52 45 7 4 1 6 5 2 7 3 0
52 45 7 4 1 0 5 2 7 6 3
52 45 7 3 1 5 4 2 7 0 6
52 45 7 4 2 6 5 1 0 7 3
52 45 7 4 2 6 5 1 7 3 0
52 45 7 6 2 5 4 7 0 3 1
52 45 7 7 6 5 4 2 0 3 1
52 45 7 1 2 6 3 4 0 5 7
52 45 7 0 3 1 5 7 2 6 4
52 45 7 7 1 3 4 0 2 5 6
52 45 7 4 2 1 5 7 6 0 3
52 45 7 1 0 4 3 7 6 2 5
52 45 7 1 6 3 0 7 2 4 5
52 45 7 2 1 6 7 3 4 5 0
52 45 7 3 1 4 7 2 5 0 6
52 45 7 3 0 4 7 2 1 5 6
52 45 7 4 1 5 7 3 0 2 6
52 45 7 1 6 4 3 2 5 0 7
52 45 7 1 0 4 3 2 6 5 7
52 45 7 1 4 6 7 3 2 5 0
52 45 7 4 6 5 7 1 0 2 3
52 45 7 1 6 4 7 3 0 2 5
52 45 7 1 6 0 7 3 2 4 5
52 45 7 7 5 1 4 2 6 0 3
52 45 7 3 1 4 7 2 5 6 0
52 45 7 1 2 4 3 7 0 5 6
52 45 7 1 2 0 3 7 5 4 6
52 45 7 7 6 5 0 2 1 3 4
52 45 7 0 2 6 4 1 3 5 7
52 46 6 1 2 4 3 5 0 6 7
52 46 6 1 2 5 6 3 0 7 4
52 46 6 1 2 5 6 3 7 4 0
52 46 6 1 2 6 7 5 3 0 4
52 46 6 1 0 4 7 5 2 6 3
52 46 6 7 2 6 4 5 3 0 1
52 46 6 3 2 0 4 7 6 1 5
52 46 6 0 4 1 7 2 5 6 3
52 46 6 4 5 1 7 2 0 6 3
52 46 6 1 6 5 0 2 7 3 4
52 46 6 1 0 2 4 5 3 6 7
52 46 6 1 2 4 0 5 3 6 7
52 47 5 1 4 0 7 2 5 6 3
52 47 5 1 5 4 7 2 0 6 3
52 47 5 1 6 5 4 3 2 7 0
52 47 5 4 6 5 7 2 1 3 0
52 47 5 1 6 5 4 2 3 7 0
52 47 5 1 0 5 4 2 6 7 3
52 47 5 1 6 5 7 2 3 0 4
52 47 5 1 0 5 7 2 6 3 4
52 47 5 1 2 3 4 6 7 5 0
53 42 11 3 6 0 1 7 2 5 4
53 42 11 3 1 0 6 7 2 4 5
53 43 10 0 7 6 1 4 2 5 3
53 43 10 1 7 6 5 4 2 0 3
53 43 10 4 2 6 5 3 7 0 1
53 43 10 5 1 4 2 7 0 6 3
53 43 10 4 0 5 6 1 2 3 7
53 43 10 4 1 5 0 6 2 3 7
53 43 10 2 6 5 1 7 0 3 4
53 43 10 7 1 4 6 0 2 5 3
53 43 10 3 1 6 5 2 7 0 4
53 43 10 2 6 4 3 0 1 5 7
53 43 10 7 3 1 0 4 2 5 6
53 43 10 3 0 5 4 1 7 2 6
53 43 10 3 1 5 0 4 7 2 6
53 43 10 4 0 5 6 1 7 2 3
53 43 10 4 1 5 0 6 7 2 3
53 43 10 2 6 5 4 1 0 3 7
53 43 10 0 2 6 5 4 7 3 1
53 44 9 3 1 0 6 4 7 2 5
53 44 9 3 1 4 6 7 0 2 5
53 44 9 6 1 5 0 7 2 3 4
53 44 9 2 0 6 3 4 7 5 1
53 44 9 6 1 4 7 3 2 5 0
53 44 9 3 7 0 6 1 2 5 4
53 44 9 2 0 1 6 3 7 5 4
53 44 9 4 3 1 7 0 2 5 6
53 44 9 6 3 1 4 0 2 5 7
53 44 9 0 6 5 1 4 2 3 7
53 44 9 1 6 5 3 4 2 0 7
53 44 9 0 6 5 1 4 7 2 3
53 44 9 1 6 5 2 4 7 0 3
53 44 9 7 1 6 0 3 2 4 5
53 44 9 4 7 6 3 1 2 0 5
53 44 9 1 6 4 7 0 2 3 5
53 44 9 4 1 3 6 0 2 5 7
53 44 9 0 2 4 1 3 7 6 5
53 44 9 1 2 4 3 0 7 6 5
53 44 9 1 2 4 6 3 7 0 5
53 44 9 7 1 4 3 0 5 6 2
53 44 9 7 1 0 3 2 5 6 4
53 44 9 0 1 4 3 2 5 6 7
53 44 9 0 2 5 4 3 7 6 1
53 45 8 2 1 6 3 7 5 4 0
53 45 8 4 1 6 2 7 5 3 0
53 45 8 5 1 6 4 0 7 3 2
53 45 8 5 1 6 4 7 3 0 2
53 45 8 5 0 6 4 7 1 3 2
53 45 8 3 0 7 4 1 2 5 6
53 45 8 3 7 5 4 1 2 0 6
53 45 8 4 1 6 5 2 0 7 3
53 45 8 3 1 4 0 2 7 5 6
53 45 8 1 0 6 2 3 7 5 4
53 45 8 2 6 4 7 3 1 5 0
53 45 8 4 2 6 1 7 0 5 3
53 45 8 4 2 0 5 1 7 6 3
53 45 8 2 3 1 4 0 7 5 6
53 45 8 2 3 1 4 7 5 0 6
53 45 8 2 0 1 4 7 3 5 6
53 45 8 4 1 5 6 3 2 0 7
53 45 8 4 7 5 6 1 2 0 3
53 45 8 2 1 4 6 3 7 5 0
53 45 8 4 1 6 3 5 7 2 0
53 45 8 7 1 6 3 0 4 2 5
53 45 8 4 3 0 6 1 2 5 7
53 45 8 7 3 6 4 1 2 0 5
53 45 8 7 3 6 0 1 2 5 4
53 45 8 2 6 4 3 1 7 5 0
53 45 8 6 5 0 4 7 2 3 1
53 45 8 1 6 0 3 4 2 5 7
53 45 8 7 2 1 6 0 4 5 3
53 45 8 7 2 1 6 4 5 0 3
53 45 8 3 2 1 5 7 0 6 4
53 45 8 6 1 3 4 7 2 5 0
53 45 8 4 1 5 3 0 7 2 6
53 45 8 4 0 5 3 7 1 2 6
53 45 8 7 4 1 5 0 2 6 3
53 45 8 4 2 1 5 0 7 6 3
53 45 8 1 6 4 3 0 7 2 5
53 45 8 1 0 6 3 7 2 4 5
53 45 8 2 7 1 4 0 5 6 3
53 45 8 4 7 1 0 2 5 6 3
53 45 8 3 7 1 4 2 5 6 0
53 45 8 7 5 1 4 0 2 6 3
53 45 8 5 1 4 7 2 0 6 3
53 45 8 1 2 4 6 0 5 3 7
53 46 7 3 1 5 7 4 2 0 6
53 46 7 7 1 3 6 4 2 5 0
53 46 7 3 6 5 7 1 2 0 4
53 46 7 2 1 0 7 4 5 6 3
53 46 7 3 1 5 6 4 2 7 0
53 46 7 2 1 5 6 4 7 3 0
53 46 7 4 2 6 7 1 5 3 0
53 46 7 4 2 0 7 1 5 6 3
53 46 7 7 0 5 4 2 6 1 3
53 46 7 1 5 2 4 0 7 3 6
53 46 7 1 5 2 4 7 3 0 6
53 46 7 7 2 6 4 3 0 1 5
53 46 7 7 2 0 4 3 1 6 5
53 46 7 1 5 2 4 3 7 6 0
53 46 7 1 0 6 7 5 2 3 4
53 46 7 1 2 6 0 7 5 4 3
53 46 7 1 2 4 7 3 5 0 6
53 46 7 1 2 4 0 3 5 6 7
53 46 7 7 0 6 4 5 2 3 1
53 47 6 1 6 5 7 3 2 0 4
53 47 6 7 2 3 4 1 5 0 6
53 47 6 1 4 5 7 6 2 0 3
53 47 6 1 2 4 7 0 6 5 3
53 47 6 1 6 3 4 2 5 0 7
53 47 6 1 2 3 6 4 5 0 7
53 47 6 7 2 1 4 3 6 0 5
53 47 6 3 1 6 4 5 0 7 2
53 47 6 7 3 1 4 2 0 6 5
53 47 6 3 2 1 4 5 7 6 0
53 47 6 4 1 7 3 2 5 6 0
53 47 6 1 5 4 3 7 6 2 0
53 47 6 1 2 6 5 0 3 7 4
53 47 6 3 0 5 4 2 1 6 7
53 47 6 3 2 6 4 0 1 7 5
53 47 6 4 6 5 7 2 0 1 3
53 47 6 1 2 6 3 0 4 7 5
53 47 6 1 5 0 4 2 6 3 7
53 47 6 1 6 5 4 0 2 7 3
53 47 6 0 2 3 4 1 5 6 7
53 47 6 0 2 3 4 1 7 5 6
53 48 5 3 1 5 7 2 0 6 4
53 48 5 2 1 6 4 5 3 7 0
53 48 5 1 0 3 4 7 6 2 5
53 48 5 1 6 3 4 5 2 0 7
54 43 11 0 1 4 6 3 2 5 7
54 43 11 7 6 0 3 1 2 5 4
54 43 11 3 1 6 2 0 7 5 4
54 43 11 2 6 0 3 7 1 5 4
54 43 11 0 6 4 3 7 1 5 2
54 43 11 7 1 0 6 4 2 3 5
54 44 10 0 1 6 3 4 7 2 5
54 44 10 2 0 6 7 1 5 3 4
54 44 10 2 1 5 6 7 0 3 4
54 44 10 7 2 6 3 4 0 5 1
54 44 10 0 1 4 2 7 5 3 6
54 44 10 2 1 4 7 0 5 3 6
54 44 10 2 1 4 7 3 0 5 6
54 44 10 0 7 6 3 1 2 5 4
54 44 10 3 0 6 4 7 2 5 1
54 44 10 3 0 6 4 1 7 5 2
54 44 10 4 3 1 5 7 2 0 6
54 44 10 6 3 0 4 7 2 5 1
54 44 10 7 1 6 5 0 2 4 3
54 44 10 2 0 6 4 1 3 5 7
54 44 10 4 7 6 3 0 2 5 1
54 44 10 2 3 1 6 7 0 5 4
54 44 10 0 6 4 1 7 2 3 5
54 44 10 4 2 1 0 6 7 5 3
54 44 10 0 1 3 6 7 2 5 4
54 45 9 2 1 0 6 4 5 3 7
54 45 9 2 1 4 6 7 0 5 3
54 45 9 2 1 0 6 7 5 4 3
54 45 9 4 0 1 6 7 2 3 5
54 45 9 4 1 0 6 7 5 3 2
54 45 9 3 7 4 0 1 2 5 6
54 45 9 6 0 4 2 7 1 5 3
54 45 9 7 1 6 5 0 3 2 4
54 45 9 7 0 6 5 3 1 2 4
54 45 9 4 0 1 6 3 2 5 7
54 45 9 4 0 7 6 1 2 5 3
54 45 9 0 4 6 3 7 1 2 5
54 45 9 4 6 0 3 7 1 2 5
54 45 9 7 0 6 3 4 1 2 5
54 45 9 7 3 6 4 0 2 5 1
54 45 9 5 4 1 0 7 2 6 3
54 45 9 3 4 1 5 7 2 6 0
54 45 9 2 3 6 7 1 0 5 4
54 45 9 2 0 6 7 1 4 5 3
54 45 9 5 7 1 4 2 0 6 3
54 45 9 7 6 5 4 0 1 3 2
54 45 9 0 6 5 4 2 1 3 7
54 45 9 1 0 6 4 2 3 5 7
54 45 9 1 2 6 0 4 3 5 7
54 46 8 7 1 4 3 2 0 5 6
54 46 8 7 6 4 5 1 2 3 0
54 46 8 2 1 6 5 3 0 7 4
54 46 8 2 1 6 5 3 7 4 0
54 46 8 2 1 0 5 3 7 6 4
54 46 8 2 6 4 5 7 1 3 0
54 46 8 4 1 6 2 3 7 5 0
54 46 8 7 1 6 4 0 3 5 2
54 46 8 7 1 6 4 3 5 0 2
54 46 8 7 0 6 4 3 1 5 2
54 46 8 3 0 1 7 4 2 5 6
54 46 8 2 3 6 4 1 5 0 7
54 46 8 3 1 4 6 2 0 5 7
54 46 8 7 4 1 6 2 0 5 3
54 46 8 3 2 6 1 4 7 0 5
54 46 8 2 1 6 3 4 0 7 5
54 46 8 2 1 0 3 4 7 6 5
54 46 8 7 1 5 3 4 0 2 6
54 46 8 3 2 6 7 1 5 0 4
54 46 8 2 6 0 7 4 1 5 3
54 46 8 1 4 0 3 7 2 5 6
54 46 8 3 1 4 7 6 2 0 5
54 46 8 0 4 1 7 3 2 5 6
54 46 8 4 2 1 7 3 0 5 6
54 46 8 3 1 5 6 4 0 2 7
54 46 8 4 2 1 3 0 7 5 6
54 46 8 4 2 1 3 7 5 0 6
54 46 8 2 1 5 6 4 0 7 3
54 46 8 0 7 1 5 4 2 6 3
54 46 8 7 2 1 5 4 0 6 3
54 46 8 1 5 2 6 7 0 3 4
54 46 8 7 2 0 6 1 5 3 4
54 46 8 0 2 4 3 1 5 6 7
54 46 8 1 0 4 3 2 5 6 7
54 46 8 7 6 5 4 0 2 1 3
54 46 8 0 5 2 4 1 7 6 3
54 46 8 1 0 2 4 5 7 6 3
54 46 8 1 2 6 3 0 5 4 7
54 46 8 1 2 0 7 3 5 6 4
54 46 8 1 2 4 6 0 7 5 3
54 46 8 1 6 5 4 0 7 3 2
54 47 7 4 1 6 5 3 2 7 0
54 47 7 2 0 5 4 7 6 3 1
54 47 7 4 1 3 7 2 0 5 6
54 47 7 5 2 6 4 0 1 3 7
54 47 7 5 2 6 4 1 3 0 7
54 47 7 1 0 2 3 7 5 6 4
54 47 7 7 2 4 3 1 5 6 0
54 47 7 1 2 4 7 6 5 0 3
54 47 7 7 1 6 4 5 3 0 2
54 47 7 7 0 6 4 5 1 3 2
54 47 7 1 6 4 0 2 5 3 7
54 47 7 1 5 6 4 0 2 3 7
54 47 7 1 5 6 4 2 3 0 7
54 47 7 1 4 0 5 7 6 2 3
54 47 7 7 2 1 4 0 3 6 5
54 47 7 3 1 0 4 5 7 6 2
54 47 7 7 3 1 4 5 2 6 0
54 47 7 0 2 1 4 3 7 6 5
54 47 7 3 2 6 4 0 7 1 5
54 47 7 1 7 2 4 0 3 5 6
54 47 7 1 7 2 4 3 5 0 6
54 47 7 1 6 5 4 3 0 2 7
54 47 7 1 7 6 4 3 0 2 5
54 47 7 1 7 0 4 3 2 6 5
54 47 7 0 1 5 7 3 2 6 4
54 47 7 1 0 6 5 3 2 7 4
54 47 7 1 2 6 0 3 7 4 5
54 47 7 3 1 5 4 2 6 0 7
54 47 7 3 0 6 4 1 2 7 5
54 47 7 1 0 6 3 4 2 7 5
54 47 7 1 6 0 4 2 3 5 7
54 47 7 0 1 5 4 2 6 3 7
54 47 7 2 0 6 4 1 3 7 5
54 47 7 5 2 6 4 1 3 7 0
54 47 7 3 2 6 0 1 5 7 4
54 47 7 3 2 6 4 0 5 7 1
54 47 7 1 6 3 4 0 2 5 7
54 48 6 1 2 4 7 5 0 3 6
54 48 6 1 6 0 7 2 5 3 4
54 48 6 1 5 6 7 2 0 3 4
54 48 6 1 0 4 7 3 2 6 5
54 48 6 4 3 1 5 7 2 6 0
54 48 6 1 0 5 3 7 2 6 4
54 48 6 3 1 5 7 4 2 6 0
54 48 6 7 1 5 4 2 0 6 3
54 48 6 7 1 3 4 2 5 6 0
54 48 6 1 0 5 4 3 2 6 7
54 48 6 0 2 6 4 5 1 3 7
54 48 6 7 2 1 4 3 5 6 0
54 48 6 0 3 1 4 2 5 6 7
54 48 6 0 2 6 4 3 1 7 5
54 48 6 7 2 1 4 5 0 6 3
54 48 6 1 2 3 0 4 7 6 5
54 48 6 3 0 4 7 2 1 6 5
54 48 6 1 2 5 4 7 0 6 3
54 48 6 3 0 1 7 2 5 6 4
54 48 6 1 6 5 7 4 0 2 3
54 48 6 1 2 6 7 3 4 5 0
54 48 6 1 0 7 4 2 5 6 3
54 48 6 1 7 4 0 2 5 6 3
54 48 6 1 2 5 6 0 4 7 3
54 48 6 1 6 3 4 0 7 2 5
54 49 5 1 2 6 3 4 5 7 0
54 49 5 4 3 6 7 2 1 5 0
54 49 5 1 0 6 7 2 4 5 3
54 49 5 1 2 6 5 4 3 7 0
54 49 5 1 2 3 6 4 7 5 0
54 49 5 1 4 5 7 2 6 0 3
54 49 5 4 0 5 7 2 1 6 3
54 49 5 1 2 5 4 6 3 7 0
54 49 5 1 2 0 6 5 3 7 4
54 51 3 1 2 3 4 5 6 0 7
55 44 11 3 1 6 2 4 7 0 5
55 44 11 5 1 6 2 7 0 3 4
55 44 11 3 7 6 1 0 2 5 4
55 44 11 3 7 6 5 1 2 0 4
55 44 11 3 7 6 0 4 2 5 1
55 44 11 3 1 6 0 4 7 5 2
55 44 11 7 1 0 5 3 2 4 6
55 44 11 0 1 6 5 3 2 4 7
55 44 11 2 1 6 0 4 3 5 7
55 44 11 4 7 0 3 1 2 5 6
55 45 10 0 1 6 2 4 5 3 7
55 45 10 3 6 4 2 7 1 5 0
55 45 10 1 6 4 2 7 0 5 3
55 45 10 2 0 4 7 6 1 5 3
55 45 10 4 0 6 1 2 7 5 3
55 45 10 0 1 4 2 3 7 5 6
55 45 10 4 3 6 1 0 2 5 7
55 45 10 4 3 6 5 1 2 0 7
55 45 10 7 3 0 4 1 2 5 6
55 45 10 0 6 4 2 1 7 5 3
55 45 10 7 0 5 4 6 2 3 1
55 45 10 7 6 5 0 4 2 3 1
55 45 10 2 4 1 5 7 0 6 3
55 45 10 2 1 6 0 7 4 5 3
55 45 10 1 4 6 0 7 2 5 3
55 45 10 7 6 0 4 2 1 3 5
55 45 10 0 2 4 6 7 5 3 1
55 46 9 7 1 4 3 6 2 5 0
55 46 9 7 1 4 5 3 0 2 6
55 46 9 7 6 4 5 1 0 2 3
55 46 9 7 6 0 5 1 2 4 3
55 46 9 4 1 6 2 7 0 5 3
55 46 9 2 6 4 5 7 0 1 3
55 46 9 2 6 0 5 7 1 4 3
55 46 9 4 1 0 6 3 7 5 2
55 46 9 3 1 7 0 4 2 5 6
55 46 9 4 6 0 5 7 2 3 1
55 46 9 4 6 5 7 0 2 3 1
55 46 9 4 7 1 6 0 2 5 3
55 46 9 7 4 1 6 3 2 5 0
55 46 9 2 6 0 1 4 7 5 3
55 46 9 2 7 6 1 4 0 5 3
55 46 9 0 1 3 7 4 2 5 6
55 46 9 3 6 7 0 1 2 5 4
55 46 9 3 1 4 0 6 2 5 7
55 46 9 0 1 2 6 7 5 3 4
55 46 9 0 6 3 1 7 2 5 4
55 46 9 1 6 3 7 0 2 5 4
55 46 9 1 5 2 0 4 7 6 3
55 46 9 1 2 0 7 4 5 3 6
55 46 9 0 2 4 7 3 5 6 1
55 46 9 1 6 0 4 2 7 3 5
55 46 9 0 6 5 4 2 7 3 1
55 47 8 7 2 6 3 1 0 5 4
55 47 8 4 1 0 5 3 2 6 7
55 47 8 4 7 6 1 2 0 5 3
55 47 8 4 7 6 5 1 2 3 0
55 47 8 4 7 0 5 1 2 6 3
55 47 8 1 0 4 6 7 2 5 3
55 47 8 2 6 5 4 0 7 3 1
55 47 8 2 6 5 4 7 3 0 1
55 47 8 6 4 1 3 7 2 5 0
55 47 8 7 2 6 1 0 4 5 3
55 47 8 7 2 6 1 4 5 0 3
55 47 8 3 1 6 5 2 0 4 7
55 47 8 4 1 3 7 6 2 5 0
55 47 8 4 1 3 5 7 0 2 6
55 47 8 7 2 1 3 4 0 5 6
55 47 8 4 1 7 6 3 2 5 0
55 47 8 0 3 6 5 7 1 2 4
55 47 8 0 3 1 6 4 2 5 7
55 47 8 3 2 1 6 4 0 5 7
55 47 8 7 1 6 4 0 2 3 5
55 47 8 3 4 6 7 1 2 0 5
55 47 8 4 6 7 3 1 2 5 0
55 47 8 1 6 7 0 3 2 5 4
55 47 8 4 2 0 6 1 5 3 7
55 47 8 5 0 6 4 1 2 3 7
55 47 8 7 0 2 4 1 5 3 6
55 47 8 7 2 4 0 1 5 3 6
55 47 8 4 2 6 3 1 5 0 7
55 47 8 1 6 0 2 4 7 5 3
55 47 8 1 7 6 2 4 0 5 3
55 47 8 4 1 6 5 2 3 0 7
55 47 8 4 0 6 5 2 1 3 7
55 47 8 0 1 6 5 7 4 2 3
55 47 8 7 1 6 5 3 4 2 0
55 47 8 6 4 0 7 1 2 5 3
55 47 8 6 2 4 7 1 0 5 3
55 47 8 7 0 1 6 2 5 3 4
55 47 8 7 1 3 6 2 5 0 4
55 47 8 7 1 2 4 0 5 3 6
55 47 8 7 2 0 6 3 1 5 4
55 47 8 0 7 2 4 1 5 6 3
55 47 8 7 5 2 4 1 0 6 3
55 47 8 1 7 2 6 3 0 5 4
55 47 8 3 1 6 0 4 2 7 5
55 47 8 1 4 7 0 6 2 5 3
55 47 8 1 0 2 6 4 5 3 7
55 47 8 0 1 4 5 7 6 2 3
55 47 8 1 6 5 7 0 2 4 3
55 47 8 7 6 4 3 2 1 0 5
55 47 8 7 1 6 0 5 3 2 4
55 47 8 3 2 4 7 1 5 6 0
55 47 8 3 0 6 4 7 2 1 5
55 47 8 3 0 2 4 7 1 6 5
55 47 8 3 2 4 0 7 1 6 5
55 47 8 0 1 7 4 2 5 6 3
55 47 8 1 2 6 5 0 7 4 3
55 47 8 3 2 1 0 7 5 6 4
55 47 8 3 2 1 4 0 5 6 7
55 47 8 4 2 6 0 1 3 7 5
55 47 8 0 2 3 1 7 5 6 4
55 47 8 1 2 3 7 0 5 6 4
55 47 8 1 0 3 4 2 5 6 7
55 47 8 1 2 3 0 4 5 6 7
55 47 8 3 2 0 4 1 5 7 6
55 47 8 0 2 6 4 1 5 7 3
55 47 8 1 0 3 4 2 7 5 6
55 48 7 0 3 4 7 1 2 5 6
55 48 7 4 1 6 7 2 0 3 5
55 48 7 1 2 4 3 6 0 5 7
55 48 7 7 1 4 6 2 5 3 0
55 48 7 1 6 4 5 2 0 3 7
55 48 7 1 2 4 7 6 5 3 0
55 48 7 7 2 5 4 3 1 0 6
55 48 7 2 1 5 0 4 7 6 3
55 48 7 1 2 6 5 7 0 3 4
55 48 7 7 2 6 1 5 0 3 4
55 48 7 1 2 6 5 7 0 4 3
55 48 7 6 0 4 7 2 1 5 3
55 48 7 1 0 6 4 7 3 2 5
55 48 7 7 1 2 4 5 0 6 3
55 48 7 4 3 0 1 7 2 6 5
55 48 7 5 3 1 0 7 2 6 4
55 48 7 7 1 5 3 0 2 6 4
55 48 7 0 1 6 4 3 5 7 2
55 48 7 7 1 3 4 2 0 5 6
55 48 7 1 0 2 5 3 7 6 4
55 48 7 1 2 6 7 0 3 5 4
55 48 7 1 2 6 7 3 5 0 4
55 48 7 2 1 0 4 5 3 6 7
55 48 7 2 6 0 4 5 1 3 7
55 48 7 3 2 6 4 7 5 0 1
55 48 7 0 2 1 4 7 3 5 6
55 48 7 7 2 1 4 6 3 5 0
55 48 7 7 2 0 4 3 5 1 6
55 48 7 3 5 1 4 2 0 6 7
55 48 7 0 1 6 4 2 3 7 5
55 48 7 2 6 0 4 3 1 7 5
55 48 7 3 2 1 4 6 7 0 5
55 48 7 1 0 2 3 4 7 6 5
55 48 7 7 1 5 4 3 6 2 0
55 48 7 3 1 4 7 2 6 0 5
55 48 7 1 5 0 4 7 2 6 3
55 48 7 3 1 7 0 2 5 6 4
55 48 7 2 3 6 7 0 1 5 4
55 48 7 1 3 6 7 2 0 5 4
55 48 7 0 2 6 7 1 4 5 3
55 48 7 1 6 4 3 2 7 0 5
55 48 7 1 7 6 0 2 5 3 4
55 48 7 1 0 5 6 4 2 7 3
55 48 7 1 2 5 0 4 7 3 6
55 48 7 1 6 4 0 5 2 3 7
55 48 7 1 6 4 0 3 2 7 5
55 48 7 1 6 7 4 3 2 0 5
55 48 7 1 3 0 4 7 2 5 6
55 49 6 1 0 6 4 5 7 2 3
55 49 6 1 2 4 5 3 0 7 6
55 49 6 1 0 6 4 2 5 7 3
55 49 6 1 3 6 4 2 5 0 7
55 49 6 1 4 6 7 2 5 0 3
55 49 6 1 6 0 4 2 3 7 5
55 49 6 1 3 6 4 2 0 7 5
55 49 6 1 2 0 6 4 3 7 5
55 49 6 7 2 3 4 0 5 6 1
55 49 6 0 2 6 4 5 7 3 1
55 49 6 5 2 6 4 7 3 1 0
55 49 6 3 2 5 4 7 1 6 0
55 49 6 3 6 5 4 2 1 7 0
55 49 6 2 5 1 4 7 6 3 0
55 49 6 0 2 5 4 7 6 1 3
55 49 6 1 6 3 5 7 2 4 0
55 49 6 1 6 3 4 7 5 0 2
55 49 6 3 6 5 7 2 1 0 4
55 49 6 1 2 0 7 4 5 6 3
55 49 6 1 6 5 4 3 0 7 2
55 49 6 1 2 6 4 0 7 3 5
55 49 6 1 2 6 4 7 3 0 5
55 49 6 1 2 6 5 3 4 7 0
55 49 6 1 0 6 7 2 5 4 3
55 49 6 4 1 5 7 2 6 0 3
55 49 6 1 2 3 0 7 5 4 6
55 49 6 0 2 5 4 1 3 7 6
55 49 6 1 2 6 0 3 5 7 4
55 49 6 1 2 6 4 0 5 7 3
55 50 5 1 2 5 3 4 7 6 0
55 50 5 1 2 5 4 0 6 3 7
55 50 5 1 0 5 7 4 2 6 3
55 50 5 1 0 2 4 5 3 7 6
55 50 5 1 2 4 0 5 3 7 6
55 50 5 1 2 7 4 5 3 0 6
55 51 4 1 2 4 7 5 6 3 0
55 54 1 1 2 3 4 5 6 7 0