0 0 0 7 2 3 5 4 1 0 6
10 0 10 7 2 3 5 4 1 6 0
13 0 13 7 2 3 5 4 0 1 6
14 0 14 7 2 0 5 4 1 3 6
23 10 13 7 2 3 0 4 1 6 5
24 10 14 7 2 3 5 0 1 6 4
25 10 15 7 2 0 5 4 1 6 3
25 10 15 0 2 3 5 4 1 6 7
25 13 12 7 2 3 5 0 4 1 6
25 13 12 7 0 3 5 4 2 1 6
27 14 13 7 2 5 0 4 1 3 6
28 14 14 7 0 2 5 4 1 3 6
35 23 12 7 2 3 4 0 1 6 5
36 24 12 7 2 3 0 5 1 6 4
36 25 11 7 3 0 5 4 2 1 6
37 23 14 7 2 0 3 4 1 6 5
37 23 14 0 2 3 7 4 1 6 5
37 24 13 7 2 3 5 1 0 6 4
37 24 13 7 0 3 5 2 1 6 4
37 25 12 7 2 5 0 4 1 6 3
37 25 12 2 0 3 5 4 1 6 7
37 25 12 4 2 3 5 0 1 6 7
37 25 12 1 2 3 5 4 0 6 7
37 25 12 7 2 3 5 6 4 1 0
37 25 12 7 0 3 5 2 4 1 6
38 23 15 7 2 3 6 4 1 0 5
38 24 14 0 2 3 5 7 1 6 4
38 25 13 7 0 2 5 4 1 6 3
38 25 13 5 2 3 0 4 1 6 7
38 25 13 7 2 3 0 5 4 1 6
38 25 13 0 7 3 5 4 2 1 6
39 25 14 7 2 6 5 4 1 0 3
39 25 14 0 2 3 5 7 4 1 6
40 27 13 7 2 5 6 4 1 3 0
40 27 13 0 2 5 7 4 1 3 6
41 27 14 7 2 5 3 4 1 0 6
41 28 13 7 1 2 5 4 0 3 6
42 27 15 7 2 5 4 0 1 3 6
42 35 7 7 2 3 4 5 1 6 0
43 28 15 0 7 2 5 4 1 3 6
45 35 10 7 2 3 4 1 0 6 5
46 35 11 0 2 3 4 7 1 6 5
46 36 10 7 3 5 0 4 2 1 6
46 36 10 7 3 1 5 4 2 0 6
46 37 9 1 2 3 5 0 4 6 7
46 37 9 1 2 3 5 4 6 0 7
46 37 9 1 0 3 5 4 2 6 7
46 37 9 7 3 0 5 2 4 1 6
47 36 11 7 2 0 3 5 1 6 4
47 37 10 7 3 0 5 2 1 6 4
47 37 10 7 1 3 5 2 0 6 4
47 37 10 7 2 5 3 4 1 6 0
47 38 9 5 2 3 7 4 1 6 0
47 38 9 7 2 3 6 5 4 1 0
48 36 12 7 2 3 6 5 1 0 4
48 37 11 7 2 3 5 1 6 0 4
48 37 11 2 3 0 5 4 1 6 7
48 37 11 2 1 3 5 4 0 6 7
48 37 11 4 2 3 0 5 1 6 7
48 37 11 0 7 3 5 2 4 1 6
49 36 13 0 2 3 7 5 1 6 4
49 37 12 2 0 3 7 4 1 6 5
49 37 12 1 2 3 7 4 0 6 5
49 37 12 7 0 3 5 1 2 6 4
49 37 12 0 7 3 5 2 1 6 4
49 37 12 0 2 5 7 4 1 6 3
49 37 12 4 2 3 5 1 0 6 7
49 37 12 4 2 3 5 7 1 6 0
49 37 12 7 2 3 0 6 4 1 5
49 37 12 7 4 3 5 2 0 1 6
49 38 11 5 2 3 4 0 1 6 7
50 35 15 7 0 3 4 2 1 6 5
50 37 13 4 2 3 7 0 1 6 5
50 37 13 7 2 3 5 6 4 0 1
50 38 12 7 2 3 6 4 1 5 0
50 38 12 7 1 2 5 4 0 6 3
50 38 12 7 2 0 3 5 4 1 6
50 38 12 7 2 3 1 5 4 0 6
50 42 8 7 2 3 4 5 1 0 6
51 37 14 7 2 6 3 4 1 0 5
51 37 14 4 0 3 5 2 1 6 7
51 38 13 5 2 3 0 7 1 6 4
51 38 13 1 2 3 5 7 0 6 4
51 38 13 5 2 0 3 4 1 6 7
51 38 13 0 2 3 7 5 4 1 6
51 38 13 6 7 3 5 4 2 1 0
51 40 11 2 0 5 7 4 1 3 6
51 40 11 1 2 5 7 4 0 3 6
52 37 15 7 0 2 3 4 1 6 5
52 37 15 7 2 5 4 0 1 6 3
52 37 15 0 2 3 5 6 4 1 7
52 38 14 7 2 3 6 4 0 1 5
52 38 14 2 0 3 5 7 1 6 4
52 38 14 0 7 2 5 4 1 6 3
52 38 14 5 2 3 6 4 1 0 7
52 38 14 4 7 3 5 0 2 1 6
52 38 14 5 7 3 0 4 2 1 6
52 39 13 7 2 6 5 4 1 3 0
52 39 13 2 0 3 5 7 4 1 6
52 40 12 6 2 5 7 4 1 3 0
52 42 10 0 2 3 4 5 1 6 7
53 37 16 7 2 5 6 4 1 0 3
53 37 16 7 2 0 5 6 4 1 3
53 38 15 2 7 3 5 4 0 1 6
53 39 14 5 2 3 0 7 4 1 6
53 39 14 6 2 3 5 7 4 1 0
53 40 13 4 2 5 7 0 1 3 6
53 41 12 7 1 2 5 0 4 3 6
53 41 12 7 1 2 5 4 3 0 6
53 42 11 7 2 5 4 6 1 3 0
53 45 8 7 2 3 4 1 6 0 5
53 46 7 1 2 3 5 4 6 7 0
54 38 16 7 2 0 6 4 1 3 5
54 39 15 7 2 6 5 4 0 1 3
54 41 13 7 2 5 3 4 0 1 6
54 46 8 7 3 1 5 4 2 6 0
54 46 8 1 3 0 5 4 2 6 7
54 46 8 7 3 5 0 2 4 1 6
54 46 8 7 3 1 5 2 4 0 6
55 39 16 4 2 3 5 7 0 1 6
55 42 13 7 2 5 4 1 0 3 6
55 42 13 7 2 0 4 5 1 6 3
55 46 9 1 2 3 5 7 4 6 0
55 46 9 1 0 3 5 2 4 6 7
55 46 9 1 2 3 0 5 4 6 7
56 40 16 7 2 5 6 0 1 3 4
56 41 15 7 2 0 3 4 1 5 6
56 42 14 0 2 5 4 7 1 3 6
56 42 14 7 0 5 4 2 1 3 6
56 46 10 5 2 3 4 7 1 6 0
56 46 10 1 2 3 4 7 0 6 5
56 46 10 7 3 5 6 4 2 1 0
56 46 10 0 3 5 7 4 2 1 6
56 47 9 7 3 5 0 2 1 6 4
57 43 14 1 7 2 5 4 0 3 6
57 45 12 7 0 3 4 1 2 6 5
57 46 11 2 0 3 4 7 1 6 5
57 46 11 7 3 5 1 4 2 0 6
57 46 11 0 1 3 5 4 2 6 7
57 47 10 7 1 3 5 2 6 0 4
57 48 9 7 2 3 6 5 1 4 0
57 48 9 4 2 3 7 5 1 6 0
58 40 18 0 2 5 6 4 1 3 7
58 43 15 6 7 2 5 4 1 3 0
58 46 12 7 3 1 5 4 0 2 6
58 46 12 0 2 3 5 1 4 6 7
58 46 12 1 2 0 5 4 6 3 7
58 47 11 7 2 6 3 5 1 0 4
58 47 11 7 3 6 5 2 1 0 4
58 47 11 7 1 3 5 0 2 6 4
58 47 11 5 2 3 7 4 1 0 6
58 47 11 7 2 3 6 5 4 0 1
58 48 10 7 2 3 5 1 6 4 0
58 48 10 2 3 5 0 4 1 6 7
58 48 10 2 1 3 5 0 4 6 7
58 48 10 4 2 0 3 5 1 6 7
58 49 9 1 2 3 7 0 4 6 5
58 49 9 1 0 3 7 4 2 6 5
58 49 9 3 2 5 7 4 1 6 0
58 49 9 5 2 3 4 1 0 6 7
58 50 8 7 2 3 1 5 4 6 0
59 43 16 4 7 2 5 0 1 3 6
59 43 16 5 7 2 0 4 1 3 6
59 46 13 4 2 3 0 7 1 6 5
59 46 13 7 3 5 4 0 2 1 6
59 47 12 7 0 2 3 5 1 6 4
59 48 11 7 2 3 6 5 0 1 4
59 48 11 2 1 3 5 4 6 0 7
59 48 11 4 2 3 6 5 1 0 7
59 48 11 6 7 3 5 2 4 1 0
59 49 10 1 2 3 7 4 6 0 5
59 49 10 2 0 5 7 4 1 6 3
59 49 10 1 2 5 7 4 0 6 3
59 49 10 4 2 3 5 1 6 0 7
59 50 9 7 2 3 4 5 0 1 6
59 51 8 1 2 5 7 0 4 3 6
59 51 8 1 2 5 7 4 3 0 6
59 51 8 1 0 5 7 4 2 3 6
59 52 7 1 2 3 4 5 0 6 7
60 47 13 5 2 3 7 0 1 6 4
60 47 13 0 2 3 6 5 4 1 7
60 48 12 2 3 6 5 4 1 0 7
60 48 12 2 7 3 5 0 4 1 6
60 48 12 5 7 3 0 2 4 1 6
60 49 11 1 2 3 7 5 0 6 4
60 49 11 2 3 0 7 4 1 6 5
60 49 11 2 1 3 7 4 0 6 5
60 49 11 7 3 0 5 1 2 6 4
60 49 11 1 7 3 5 2 0 6 4
60 49 11 7 4 3 5 2 1 0 6
60 51 9 1 2 3 5 7 6 0 4
60 52 8 2 0 3 4 5 1 6 7
60 53 7 7 2 3 4 1 6 5 0
60 54 6 7 3 1 5 2 4 6 0
61 47 14 7 2 5 3 0 1 6 4
61 47 14 5 2 0 7 4 1 6 3
61 47 14 7 2 3 6 0 4 1 5
61 48 13 7 2 0 6 5 1 3 4
61 49 12 2 0 3 7 5 1 6 4
61 49 12 4 7 3 5 2 1 6 0
61 49 12 4 2 5 7 0 1 6 3
61 50 11 7 1 2 5 0 4 6 3
61 50 11 7 2 1 3 5 4 0 6
61 50 11 7 2 3 1 5 0 4 6
61 50 11 7 2 0 4 5 1 3 6
61 51 10 1 2 3 5 0 7 6 4
61 51 10 2 1 5 7 4 0 3 6
61 53 8 1 2 3 0 4 6 7 5
61 54 7 1 3 5 0 4 2 6 7
61 55 6 1 3 0 5 2 4 6 7
61 55 6 1 2 3 7 5 4 6 0
62 47 15 0 2 5 3 4 1 6 7
62 48 14 7 2 0 5 1 6 3 4
62 49 13 0 7 3 5 1 2 6 4
62 49 13 2 7 3 5 0 1 6 4
62 49 13 5 7 3 0 2 1 6 4
62 49 13 4 0 3 5 1 2 6 7
62 49 13 4 2 3 5 7 1 0 6
62 49 13 7 2 0 3 6 4 1 5
62 49 13 7 2 3 1 6 4 0 5
62 49 13 7 4 3 5 0 2 1 6
62 50 12 7 3 0 4 2 1 6 5
62 50 12 7 1 3 4 2 0 6 5
62 50 12 7 1 2 5 4 6 0 3
62 51 11 4 3 0 5 2 1 6 7
62 51 11 4 1 3 5 2 0 6 7
62 51 11 1 0 3 5 7 2 6 4
62 51 11 2 0 3 7 5 4 1 6
62 51 11 5 2 3 7 0 4 1 6
62 52 10 5 2 3 6 4 1 7 0
62 53 9 1 2 3 5 0 6 7 4
62 54 8 7 3 5 6 2 4 1 0
62 54 8 0 3 5 7 2 4 1 6
62 56 6 1 2 3 4 7 6 0 5
62 59 3 1 2 3 4 5 6 0 7
63 47 16 7 2 0 6 5 4 1 3
63 48 15 4 7 3 5 2 0 1 6
63 49 14 5 0 3 4 2 1 6 7
63 50 13 4 2 3 7 1 0 6 5
63 50 13 7 0 2 3 5 4 1 6
63 50 13 7 2 0 1 5 4 3 6
63 51 12 0 4 3 5 2 1 6 7
63 51 12 6 2 3 7 5 4 1 0
63 51 12 2 5 0 7 4 1 3 6
63 52 11 7 2 5 4 3 1 6 0
63 52 11 6 2 5 7 4 1 0 3
63 53 10 7 1 2 5 4 3 6 0
63 54 9 1 3 6 5 4 2 0 7
63 54 9 7 3 5 1 2 4 0 6
63 55 8 1 2 0 3 5 4 6 7
63 56 7 1 2 3 4 0 7 6 5
63 56 7 7 3 5 4 2 1 6 0
63 62 1 1 2 3 4 5 6 7 0