0 0 0 7 2 3 5 4 1 0 6
6 0 6 7 2 3 5 4 1 6 0
7 0 7 7 2 3 5 4 0 1 6
8 0 8 7 2 0 5 4 1 3 6
13 6 7 7 2 3 0 4 1 6 5
14 6 8 7 2 3 5 0 1 6 4
14 7 7 7 2 3 5 0 4 1 6
15 6 9 0 2 3 5 4 1 6 7
15 7 8 7 0 3 5 4 2 1 6
16 6 10 7 2 0 5 4 1 6 3
16 8 8 7 2 5 0 4 1 3 6
17 8 9 7 0 2 5 4 1 3 6
21 13 8 7 2 0 3 4 1 6 5
21 13 8 0 2 3 7 4 1 6 5
21 13 8 7 2 3 4 0 1 6 5
21 14 7 7 2 3 5 1 0 6 4
21 14 7 0 2 3 5 7 1 6 4
21 14 7 0 2 3 5 7 4 1 6
21 14 7 7 2 3 5 6 4 1 0
22 13 9 7 2 3 6 4 1 0 5
22 14 8 7 2 3 0 5 1 6 4
22 14 8 7 2 3 0 5 4 1 6
22 15 7 4 2 3 5 0 1 6 7
23 14 9 7 0 3 5 2 1 6 4
23 14 9 7 0 3 5 2 4 1 6
23 15 8 2 0 3 5 4 1 6 7
23 15 8 5 2 3 0 4 1 6 7
23 15 8 1 2 3 5 4 0 6 7
23 15 8 0 7 3 5 4 2 1 6
23 15 8 7 3 0 5 4 2 1 6
23 16 7 7 2 5 0 4 1 6 3
23 16 7 7 2 5 6 4 1 3 0
24 16 8 7 0 2 5 4 1 6 3
24 16 8 7 2 6 5 4 1 0 3
24 16 8 0 2 5 7 4 1 3 6
25 16 9 7 2 5 4 0 1 3 6
26 16 10 7 2 5 3 4 1 0 6
26 17 9 0 7 2 5 4 1 3 6
26 17 9 7 1 2 5 4 0 3 6
26 21 5 7 2 3 4 5 1 6 0
27 21 6 7 2 3 4 1 0 6 5
27 21 6 0 2 3 4 7 1 6 5
27 21 6 7 2 3 5 1 6 0 4
27 22 5 7 2 3 6 5 4 1 0
28 21 7 2 0 3 7 4 1 6 5
28 21 7 4 2 3 7 0 1 6 5
28 21 7 7 2 3 5 6 4 0 1
28 21 7 7 2 3 0 6 4 1 5
28 22 6 7 2 3 6 4 1 5 0
28 23 5 1 2 3 5 4 6 0 7
29 21 8 7 0 2 3 4 1 6 5
29 21 8 7 2 6 3 4 1 0 5
29 21 8 5 2 3 7 4 1 6 0
29 21 8 1 2 3 7 4 0 6 5
29 21 8 7 0 3 5 1 2 6 4
29 21 8 2 0 3 5 7 1 6 4
29 21 8 5 2 3 0 7 1 6 4
29 21 8 4 2 3 5 7 1 6 0
29 21 8 1 2 3 5 7 0 6 4
29 21 8 2 0 3 5 7 4 1 6
29 21 8 5 2 3 0 7 4 1 6
29 21 8 6 2 3 5 7 4 1 0
29 22 7 7 2 3 6 4 0 1 5
29 22 7 7 2 0 3 5 1 6 4
29 22 7 0 2 3 7 5 1 6 4
29 22 7 7 2 0 3 5 4 1 6
29 22 7 0 2 3 7 5 4 1 6
29 22 7 4 2 3 5 1 0 6 7
29 23 6 7 3 0 5 2 1 6 4
29 23 6 7 3 0 5 2 4 1 6
29 23 6 1 2 3 5 0 4 6 7
29 23 6 7 2 5 3 4 1 6 0
30 21 9 7 0 3 4 2 1 6 5
30 21 9 4 2 3 5 7 0 1 6
30 21 9 0 2 3 5 6 4 1 7
30 22 8 7 2 0 6 4 1 3 5
30 22 8 7 2 3 6 5 1 0 4
30 22 8 7 2 3 1 5 4 0 6
30 22 8 4 2 3 0 5 1 6 7
30 23 7 0 7 3 5 2 1 6 4
30 23 7 7 1 3 5 2 0 6 4
30 23 7 0 7 3 5 2 4 1 6
30 23 7 2 3 0 5 4 1 6 7
30 23 7 1 0 3 5 4 2 6 7
30 23 7 7 3 5 0 4 2 1 6
30 23 7 0 2 5 7 4 1 6 3
31 21 10 7 2 0 5 6 4 1 3
31 22 9 4 0 3 5 2 1 6 7
31 23 8 7 4 3 5 2 0 1 6
31 23 8 2 1 3 5 4 0 6 7
31 23 8 5 2 0 3 4 1 6 7
31 23 8 5 2 3 4 0 1 6 7
31 23 8 4 7 3 5 0 2 1 6
31 23 8 7 3 1 5 4 2 0 6
31 23 8 7 2 5 6 4 1 0 3
31 24 7 7 2 6 5 4 1 3 0
31 24 7 2 0 5 7 4 1 3 6
31 24 7 4 2 5 7 0 1 3 6
31 26 5 7 2 3 4 5 1 0 6
31 28 3 1 2 3 5 4 6 7 0
32 23 9 5 2 3 6 4 1 0 7
32 23 9 5 7 3 0 4 2 1 6
32 23 9 6 7 3 5 4 2 1 0
32 23 9 7 2 5 4 0 1 6 3
32 23 9 7 2 5 6 0 1 3 4
32 24 8 0 7 2 5 4 1 6 3
32 24 8 7 1 2 5 4 0 6 3
32 24 8 7 2 6 5 4 0 1 3
32 24 8 6 2 5 7 4 1 3 0
32 24 8 1 2 5 7 4 0 3 6
32 25 7 7 2 5 4 1 0 3 6
32 25 7 0 2 5 4 7 1 3 6
32 25 7 7 2 5 4 6 1 3 0
32 27 5 7 2 3 4 1 6 0 5
32 27 5 7 2 3 5 1 6 4 0
33 23 10 2 7 3 5 4 0 1 6
33 23 10 0 2 5 6 4 1 3 7
33 26 7 0 2 3 4 5 1 6 7
33 27 6 7 2 3 6 5 4 0 1
34 25 9 7 0 5 4 2 1 3 6
34 26 8 7 2 5 3 4 0 1 6
34 26 8 7 2 0 3 4 1 5 6
34 26 8 7 1 2 5 0 4 3 6
34 26 8 7 2 0 4 5 1 6 3
34 27 7 7 0 3 4 1 2 6 5
34 27 7 2 0 3 4 7 1 6 5
34 27 7 5 2 3 4 7 1 6 0
34 27 7 1 2 3 4 7 0 6 5
34 27 7 7 2 0 5 1 6 3 4
34 28 6 2 3 0 7 4 1 6 5
34 28 6 4 2 3 7 5 1 6 0
34 28 6 1 2 0 5 4 6 3 7
34 29 5 1 2 3 7 0 4 6 5
34 29 5 1 2 3 7 4 6 0 5
34 29 5 1 2 3 5 7 6 0 4
34 29 5 7 3 5 0 2 1 6 4
34 29 5 7 3 5 0 2 4 1 6
35 26 9 4 7 2 5 0 1 3 6
35 26 9 7 1 2 5 4 3 0 6
35 27 8 4 2 3 0 7 1 6 5
35 27 8 7 2 3 6 0 4 1 5
35 27 8 0 2 3 6 5 4 1 7
35 28 7 2 1 3 7 4 0 6 5
35 28 7 4 2 3 7 1 0 6 5
35 28 7 7 2 3 5 6 0 4 1
35 28 7 7 2 3 0 4 1 5 6
35 29 6 1 0 3 7 4 2 6 5
35 29 6 1 2 3 5 0 7 6 4
35 29 6 5 2 3 6 7 4 1 0
35 29 6 4 2 3 5 1 6 0 7
35 29 6 7 3 1 5 2 4 0 6
35 29 6 1 2 3 5 7 4 6 0
35 30 5 7 2 3 6 5 1 4 0
35 30 5 7 2 3 1 5 4 6 0
35 31 4 1 2 3 0 4 6 7 5
36 26 10 5 7 2 0 4 1 3 6
36 26 10 6 7 2 5 4 1 3 0
36 26 10 1 7 2 5 4 0 3 6
36 27 9 7 2 0 6 5 4 1 3
36 28 8 4 0 3 7 2 1 6 5
36 28 8 7 2 0 5 6 4 3 1
36 28 8 7 2 0 3 6 4 1 5
36 28 8 0 2 3 7 6 4 1 5
36 28 8 7 2 3 6 0 1 5 4
36 29 7 7 2 6 3 4 1 5 0
36 29 7 5 2 3 7 4 1 0 6
36 29 7 7 3 0 5 1 2 6 4
36 29 7 2 3 0 5 7 1 6 4
36 29 7 4 2 3 5 7 1 0 6
36 29 7 1 0 3 5 7 2 6 4
36 29 7 2 3 0 5 7 4 1 6
36 29 7 6 2 3 5 7 4 0 1
36 29 7 6 2 3 0 7 4 1 5
36 29 7 7 2 6 3 5 1 0 4
36 29 7 2 0 3 7 5 1 6 4
36 29 7 5 2 3 7 0 1 6 4
36 29 7 1 2 3 7 5 0 6 4
36 29 7 7 2 1 3 5 4 0 6
36 29 7 2 0 3 7 5 4 1 6
36 29 7 5 2 3 7 0 4 1 6
36 29 7 6 2 3 7 5 4 1 0
36 29 7 7 3 6 5 2 1 0 4
36 29 7 0 2 3 5 1 4 6 7
36 29 7 1 0 3 5 2 4 6 7
36 29 7 1 2 3 0 5 4 6 7
36 30 6 7 3 0 4 2 1 6 5
36 30 6 7 2 3 6 5 0 1 4
36 30 6 7 2 3 1 5 0 4 6
36 30 6 2 3 5 0 4 1 6 7
36 30 6 1 3 0 5 4 2 6 7
36 30 6 7 3 5 6 4 2 1 0
36 30 6 2 0 5 7 4 1 6 3
36 30 6 4 2 5 7 0 1 6 3
36 31 5 7 2 3 4 5 0 1 6
36 31 5 1 2 3 5 0 6 7 4
36 32 4 7 2 3 4 1 6 5 0
37 28 9 7 2 3 1 6 4 0 5
37 28 9 0 2 3 6 4 1 5 7
37 29 8 0 7 2 3 4 1 6 5
37 29 8 7 1 2 3 4 0 6 5
37 29 8 7 2 6 3 4 0 1 5
37 29 8 0 7 3 5 1 2 6 4
37 29 8 2 1 3 5 7 0 6 4
37 29 8 5 2 0 3 7 1 6 4
37 29 8 2 4 3 5 7 0 1 6
37 29 8 5 2 0 3 7 4 1 6
37 29 8 6 2 3 5 0 4 1 7
37 29 8 7 0 3 6 4 2 1 5
37 29 8 7 0 2 3 5 1 6 4
37 29 8 7 0 2 3 5 4 1 6
37 29 8 4 2 3 7 5 0 1 6
37 29 8 4 0 3 5 1 2 6 7
37 29 8 7 2 5 3 0 1 6 4
37 30 7 0 7 3 4 2 1 6 5
37 30 7 7 1 3 4 2 0 6 5
37 30 7 4 2 3 5 0 7 1 6
37 30 7 7 2 0 6 5 1 3 4
37 30 7 7 2 0 1 5 4 3 6
37 30 7 4 2 0 3 5 1 6 7
37 30 7 7 1 3 5 2 6 0 4
37 30 7 0 3 5 7 4 2 1 6
37 30 7 3 2 5 7 4 1 6 0
37 30 7 1 2 5 7 4 0 6 3
37 31 6 4 3 0 5 2 1 6 7
37 31 6 5 2 3 4 1 0 6 7
37 31 6 7 3 1 5 4 2 6 0
37 31 6 7 2 0 4 5 1 3 6
37 32 5 5 2 3 6 4 1 7 0
37 32 5 1 2 5 7 0 4 3 6
38 28 10 7 2 0 6 4 1 5 3
38 29 9 5 2 0 7 4 1 6 3
38 29 9 5 2 3 6 7 1 0 4
38 29 9 5 2 3 1 7 4 0 6
38 29 9 0 2 5 3 4 1 6 7
38 30 8 4 0 3 5 7 2 1 6
38 30 8 2 0 3 5 6 4 1 7
38 30 8 5 2 3 0 6 4 1 7
38 30 8 7 2 6 0 4 1 3 5
38 30 8 4 2 3 6 5 1 0 7
38 30 8 2 7 3 5 0 1 6 4
38 30 8 5 7 3 0 2 1 6 4
38 30 8 4 7 3 5 2 1 6 0
38 30 8 1 7 3 5 2 0 6 4
38 30 8 7 1 3 5 0 2 6 4
38 30 8 2 7 3 5 0 4 1 6
38 30 8 5 7 3 0 2 4 1 6
38 30 8 6 7 3 5 2 4 1 0
38 30 8 2 3 6 5 4 1 0 7
38 30 8 0 1 3 5 4 2 6 7
38 31 7 7 2 5 0 6 4 1 3
38 31 7 0 4 3 5 2 1 6 7
38 31 7 4 1 3 5 2 0 6 7
38 31 7 2 1 3 5 0 4 6 7
38 31 7 2 1 3 5 4 6 0 7
38 31 7 2 1 5 7 4 0 3 6
38 31 7 4 2 5 7 1 0 3 6
38 31 7 4 2 5 7 6 1 3 0
38 31 7 1 2 0 5 4 6 7 3
38 31 7 0 2 3 5 4 6 7 1
38 32 6 1 2 5 7 4 3 0 6
38 32 6 1 0 5 7 4 2 3 6
38 32 6 7 2 0 4 1 6 3 5
38 32 6 7 2 3 0 1 6 4 5
38 34 4 1 2 3 4 7 6 0 5
38 34 4 1 2 3 7 4 6 5 0
38 34 4 1 2 3 5 7 6 4 0
38 34 4 7 3 5 4 2 1 6 0
38 34 4 7 3 5 6 2 4 1 0
39 29 10 4 2 0 5 7 1 6 3
39 29 10 6 2 0 5 7 4 1 3
39 30 9 4 2 3 5 6 0 1 7
39 30 9 7 0 2 6 4 1 3 5
39 30 9 7 3 5 4 0 2 1 6
39 30 9 7 3 5 1 4 2 0 6
39 31 8 7 0 2 5 6 4 1 3
39 31 8 7 2 1 5 6 4 0 3
39 31 8 7 4 3 5 0 2 1 6
39 31 8 7 4 3 5 2 1 0 6
39 31 8 5 0 2 3 4 1 6 7
39 31 8 5 2 6 3 4 1 0 7
39 31 8 4 7 3 5 2 0 1 6
39 31 8 4 7 3 5 6 2 1 0
39 31 8 7 3 1 5 4 0 2 6
39 31 8 7 2 5 6 4 0 1 3
39 31 8 2 5 0 7 4 1 3 6
39 31 8 4 0 5 7 2 1 3 6
39 32 7 5 2 3 6 4 0 1 7
39 32 7 5 7 3 6 4 2 1 0
39 32 7 7 2 5 4 1 0 6 3
39 32 7 0 2 5 4 7 1 6 3
39 32 7 7 2 5 4 3 1 6 0
39 32 7 7 1 2 5 0 4 6 3
39 32 7 6 2 5 7 4 1 0 3
39 32 7 7 2 5 4 1 3 0 6
39 32 7 7 2 5 4 6 1 0 3
39 32 7 7 2 3 5 0 6 4 1
39 33 6 2 0 3 4 5 1 6 7
39 33 6 1 2 3 4 5 0 6 7
39 33 6 7 2 3 6 5 0 4 1
39 34 5 1 2 3 4 0 7 6 5
39 34 5 1 2 3 7 5 4 6 0
39 34 5 0 3 5 7 2 1 6 4
39 34 5 0 3 5 7 2 4 1 6
39 35 4 4 2 3 5 1 6 7 0
39 35 4 7 3 1 5 2 4 6 0
40 31 9 5 0 3 4 2 1 6 7
40 31 9 4 7 3 0 5 2 1 6
40 31 9 7 2 6 5 0 1 3 4
40 32 8 5 2 0 6 4 1 3 7
40 32 8 6 7 3 5 4 2 0 1
40 32 8 6 7 3 0 4 2 1 5
40 32 8 7 0 5 4 2 1 6 3
40 32 8 7 2 5 6 1 0 3 4
40 32 8 0 2 5 6 7 1 3 4
40 32 8 4 7 2 5 0 1 6 3
40 32 8 7 1 2 5 4 6 0 3
40 32 8 7 2 6 5 0 4 1 3
40 32 8 6 2 5 0 4 1 3 7
40 32 8 6 2 5 7 0 1 3 4
40 32 8 7 0 5 4 1 2 3 6
40 32 8 2 0 5 4 7 1 3 6
40 32 8 6 2 5 4 7 1 3 0
40 32 8 1 2 5 4 7 0 3 6
40 32 8 7 2 5 0 6 1 3 4
40 32 8 0 2 3 5 1 6 4 7
40 33 7 7 2 0 6 5 4 3 1
40 34 6 7 2 6 4 5 1 0 3
40 34 6 5 2 3 4 7 1 0 6
40 34 6 1 0 3 4 7 2 6 5
40 34 6 4 2 3 7 5 1 0 6
40 34 6 1 2 5 0 4 6 3 7
40 34 6 0 2 3 7 1 4 6 5
40 34 6 1 0 3 7 2 4 6 5
40 34 6 1 2 0 7 4 6 3 5
40 34 6 1 2 0 5 7 6 3 4
40 35 5 1 3 0 7 4 2 6 5
40 35 5 1 2 0 3 4 6 7 5
40 35 5 1 2 3 4 0 6 7 5
40 36 4 1 2 3 7 5 6 0 4
40 36 4 1 3 0 5 2 4 6 7
40 36 4 2 3 5 7 4 1 6 0
41 31 10 0 2 6 5 4 1 3 7
41 31 10 4 2 5 0 7 1 3 6
41 32 9 5 7 0 3 4 2 1 6
41 32 9 5 7 3 4 0 2 1 6
41 32 9 6 7 3 5 0 2 1 4
41 32 9 7 0 5 6 2 1 3 4
41 32 9 5 7 2 0 4 1 6 3
41 32 9 3 7 2 5 4 1 6 0
41 32 9 1 7 2 5 4 0 6 3
41 32 9 7 0 6 5 4 2 1 3
41 32 9 7 2 0 4 6 1 3 5
41 32 9 0 2 5 4 6 1 3 7
41 32 9 7 2 0 5 1 6 4 3
41 33 8 2 7 3 5 4 1 0 6
41 33 8 2 0 3 5 4 7 1 6
41 33 8 2 0 5 6 4 1 3 7
41 33 8 4 2 5 6 0 1 3 7
41 34 7 0 7 5 4 2 1 3 6
41 34 7 7 1 5 4 2 0 3 6
41 34 7 7 2 5 3 0 4 1 6
41 34 7 7 0 2 4 5 1 6 3
41 34 7 7 2 4 0 5 1 6 3
41 34 7 0 7 3 4 1 2 6 5
41 34 7 7 3 0 4 1 2 6 5
41 34 7 2 3 0 4 7 1 6 5
41 34 7 2 1 3 4 7 0 6 5
41 34 7 7 2 5 0 1 6 3 4
41 34 7 2 3 7 0 4 1 6 5
41 34 7 2 3 6 7 4 1 0 5
41 34 7 1 0 2 5 4 6 3 7
41 34 7 7 3 5 1 2 4 0 6
41 35 6 2 1 3 7 0 4 6 5
41 35 6 4 2 3 7 1 6 0 5
41 35 6 1 2 3 5 4 7 6 0
41 35 6 1 2 3 5 7 4 0 6
41 35 6 1 2 3 0 7 4 6 5
41 35 6 7 2 3 0 5 1 4 6
41 35 6 7 2 3 0 5 4 6 1
41 35 6 0 2 3 1 4 6 7 5
41 36 5 4 3 0 7 2 1 6 5
41 36 5 1 3 5 0 4 2 6 7
41 36 5 1 2 3 5 6 0 7 4
41 36 5 0 2 3 5 1 6 7 4
41 36 5 1 2 3 0 5 6 7 4
41 37 4 1 2 5 7 0 4 6 3
41 38 3 1 2 3 4 7 6 5 0
42 32 10 5 7 3 1 4 2 0 6
42 32 10 6 2 0 7 4 1 3 5
42 33 9 1 2 5 6 4 0 3 7
42 34 8 7 5 0 4 2 1 3 6
42 34 8 7 0 5 3 4 2 1 6
42 34 8 0 1 2 5 7 4 3 6
42 34 8 7 1 2 5 6 4 3 0
42 34 8 7 0 2 5 1 6 3 4
42 34 8 7 3 5 2 0 1 6 4
42 34 8 7 3 5 6 2 1 0 4
42 34 8 7 3 5 2 0 4 1 6
42 35 7 7 1 2 5 4 3 6 0
42 35 7 0 2 3 6 7 4 1 5
42 35 7 2 0 3 6 5 4 1 7
42 35 7 5 2 3 6 0 4 1 7
42 35 7 6 2 3 0 5 4 1 7
42 35 7 2 1 3 7 4 6 0 5
42 35 7 4 0 3 7 1 2 6 5
42 35 7 0 1 3 7 4 2 6 5
42 35 7 0 2 3 5 1 7 6 4
42 35 7 1 2 3 0 5 7 6 4
42 35 7 5 2 3 6 7 4 0 1
42 35 7 4 2 0 5 1 6 3 7
42 35 7 7 3 1 5 2 0 4 6
42 36 6 0 4 3 7 2 1 6 5
42 36 6 4 1 3 7 2 0 6 5
42 36 6 7 3 5 0 1 2 6 4
42 36 6 2 3 5 0 7 1 6 4
42 36 6 1 3 0 5 7 2 6 4
42 36 6 2 3 5 0 7 4 1 6
42 36 6 7 2 6 3 5 1 4 0
42 36 6 2 3 0 7 5 1 6 4
42 36 6 1 2 3 7 0 5 6 4
42 36 6 1 0 3 7 5 2 6 4
42 36 6 7 2 1 3 5 4 6 0
42 36 6 2 3 0 7 5 4 1 6
42 36 6 6 2 3 7 5 4 0 1
42 36 6 7 3 6 5 2 1 4 0
42 36 6 0 1 3 5 2 4 6 7
42 36 6 1 4 3 5 2 0 6 7
42 36 6 1 2 0 3 5 4 6 7
42 36 6 7 3 4 0 2 1 6 5
42 36 6 2 1 5 7 4 0 6 3
42 36 6 4 2 5 7 1 0 6 3
42 36 6 4 2 5 7 3 1 6 0
42 36 6 7 2 3 4 0 5 1 6
42 36 6 7 0 3 4 5 2 1 6
42 36 6 7 2 3 0 1 6 5 4
42 36 6 7 2 3 4 0 6 5 1
42 37 5 1 0 5 7 4 2 6 3
42 37 5 4 3 5 0 2 1 6 7
42 37 5 5 2 3 4 1 6 0 7
42 37 5 1 2 5 7 6 4 3 0
42 38 4 4 2 3 6 5 1 7 0
42 38 4 1 2 5 7 4 3 6 0
42 39 3 1 2 3 4 5 6 0 7
42 40 2 1 2 3 4 5 6 7 0