0 0 0 7 2 3 5 4 1 0 6
10 0 10 7 2 3 5 4 1 6 0
13 0 13 7 2 3 5 4 0 1 6
12 0 12 7 2 3 5 0 4 1 6
12 0 12 7 0 3 5 4 2 1 6
11 0 11 7 3 0 5 4 2 1 6
10 0 10 7 3 5 0 4 2 1 6
10 0 10 7 3 1 5 4 2 0 6
8 0 8 7 3 1 5 4 2 6 0
10 0 10 7 3 5 6 4 2 1 0
10 0 10 0 3 5 7 4 2 1 6
9 0 9 3 0 5 7 4 2 1 6
9 0 9 6 3 5 7 4 2 1 0
9 0 9 6 3 5 7 4 2 0 1
10 0 10 4 3 5 7 0 2 1 6
9 0 9 4 3 5 7 2 0 1 6
8 0 8 4 3 5 7 2 1 0 6
6 0 6 4 3 5 7 2 1 6 0
10 0 10 3 5 0 7 4 2 1 6
9 0 9 3 5 1 7 4 2 0 6
7 0 7 3 5 1 7 4 2 6 0
10 0 10 3 2 5 7 4 0 1 6
9 0 9 3 2 5 7 0 4 1 6
9 0 9 3 2 5 7 4 1 0 6
7 0 7 3 2 5 7 4 1 6 0
9 0 9 3 2 5 7 6 4 1 0
9 0 9 3 0 5 7 2 4 1 6
7 0 7 0 3 5 7 2 4 1 6
7 0 7 6 3 5 7 2 4 1 0
7 0 7 6 3 5 7 2 4 0 1
8 0 8 3 5 0 7 2 4 1 6
7 0 7 3 5 1 7 2 4 0 6
5 0 5 3 5 1 7 2 4 6 0
8 0 8 2 3 5 7 0 4 1 6
8 0 8 2 3 5 7 6 4 1 0
9 0 9 3 4 5 7 2 0 1 6
8 0 8 3 4 5 7 2 1 0 6
6 0 6 3 4 5 7 2 1 6 0
9 0 9 7 3 5 0 2 4 1 6
8 0 8 7 3 5 6 2 4 1 0
9 0 9 6 3 5 0 2 4 1 7
9 0 9 6 3 5 7 2 0 4 1
9 0 9 3 5 7 0 2 4 1 6
9 0 9 3 5 1 7 2 0 4 6
9 0 9 3 5 1 0 2 4 6 7
9 0 9 2 3 5 7 4 0 1 6
8 0 8 2 3 5 7 4 1 0 6
6 0 6 2 3 5 7 4 1 6 0
9 0 9 2 3 5 7 6 4 0 1
9 0 9 7 3 0 5 2 4 1 6
8 0 8 7 3 1 5 2 4 0 6
6 0 6 7 3 1 5 2 4 6 0
9 0 9 7 3 5 1 2 4 0 6
5 0 5 7 3 5 1 2 4 6 0
8 0 8 7 3 5 0 2 4 6 1
8 0 8 0 3 5 7 2 4 6 1
3 0 3 1 3 5 7 2 4 6 0