0 0 0 2 1 6 4 5 7 3 0
10 0 10 2 1 6 4 5 7 0 3
12 0 12 2 1 6 0 5 7 3 4
12 0 12 2 1 0 4 5 7 3 6
13 0 13 2 1 6 4 0 7 3 5
14 0 14 0 1 6 4 5 7 3 2
19 12 7 2 1 3 4 5 7 0 6
20 10 10 2 1 6 4 5 0 7 3
20 10 10 2 1 0 4 5 7 6 3
23 12 11 2 0 1 4 5 7 3 6
23 12 11 2 1 4 0 5 7 3 6
24 12 12 2 1 0 6 5 7 3 4
24 12 12 2 1 6 3 5 7 0 4
24 14 10 1 0 6 4 5 7 3 2
24 19 5 2 1 3 4 5 7 6 0
26 13 13 2 1 6 4 7 0 3 5
26 19 7 2 1 3 4 5 0 7 6
27 12 15 0 1 6 2 5 7 3 4
27 14 13 5 1 6 4 0 7 3 2
28 13 15 0 1 6 4 2 7 3 5
28 13 15 2 0 6 4 1 7 3 5
28 14 14 4 1 6 0 5 7 3 2
28 14 14 7 1 6 4 5 0 3 2
29 12 17 2 1 6 5 0 7 3 4
30 13 17 2 1 6 0 4 7 3 5
31 20 11 2 1 6 4 0 5 7 3
31 20 11 2 0 6 4 5 1 7 3
31 20 11 2 0 1 4 5 7 6 3
31 20 11 2 1 4 0 5 7 6 3
32 23 9 2 1 4 6 5 7 3 0
33 24 9 2 1 3 6 5 7 0 4
33 24 9 2 1 6 3 5 7 4 0
33 24 9 2 1 3 0 5 7 6 4
34 23 11 0 2 1 4 5 7 3 6
34 23 11 2 1 4 3 5 7 0 6
34 24 10 2 1 6 3 5 0 7 4
34 24 10 2 1 0 3 5 7 6 4
34 24 10 1 6 0 4 5 7 3 2
34 24 10 2 1 3 4 0 7 6 5
34 26 8 2 1 3 4 0 5 7 6
34 26 8 2 0 3 4 5 1 7 6
35 23 12 2 7 1 4 5 0 3 6
35 24 11 1 7 6 4 5 0 3 2
35 24 11 0 1 3 4 5 7 6 2
37 23 14 0 1 4 2 5 7 3 6
37 24 13 2 0 1 6 5 7 3 4
38 26 12 2 1 6 4 7 3 0 5
38 31 7 2 1 4 3 5 7 6 0
39 23 16 2 1 4 5 0 7 3 6
39 27 12 1 0 6 2 5 7 3 4
39 28 11 4 1 6 2 5 7 3 0
39 28 11 7 1 6 4 5 3 0 2
40 26 14 2 0 6 4 7 1 3 5
40 27 13 5 1 6 4 2 7 3 0
40 31 9 2 1 6 4 3 5 7 0
40 34 6 2 1 3 4 6 5 7 0
41 27 14 5 1 6 4 7 0 3 2
41 28 13 1 0 6 4 2 7 3 5
41 28 13 0 2 6 4 1 7 3 5
41 28 13 2 6 0 4 1 7 3 5
41 28 13 4 1 0 6 5 7 3 2
41 28 13 4 1 6 3 5 7 0 2
41 28 13 7 1 6 4 0 5 3 2
41 28 13 7 0 6 4 5 1 3 2
41 33 8 2 1 3 6 5 7 4 0
41 34 7 1 6 3 4 5 7 0 2
42 27 15 5 1 6 2 0 7 3 4
42 28 14 2 7 6 4 1 0 3 5
42 29 13 2 1 6 5 4 7 3 0
42 31 11 0 2 6 4 5 1 7 3
42 31 11 2 6 0 4 5 1 7 3
42 31 11 0 2 1 4 5 7 6 3
42 33 9 2 1 3 6 5 0 7 4
42 34 8 0 2 3 4 5 1 7 6
42 35 7 1 0 3 4 5 7 6 2
43 27 16 7 1 6 2 5 0 3 4
43 27 16 5 0 6 4 1 7 3 2
43 29 14 0 1 6 5 2 7 3 4
43 31 12 2 7 1 4 5 0 6 3
43 32 11 2 1 4 6 5 7 0 3
43 34 9 2 1 4 3 5 0 7 6
43 34 9 2 3 0 4 5 1 7 6
44 27 17 5 1 6 0 4 7 3 2
44 34 10 2 1 3 4 7 0 6 5
45 28 17 4 1 6 0 2 7 3 5
45 28 17 7 1 6 4 2 0 3 5
45 29 16 2 1 6 5 7 0 3 4
45 30 15 2 1 0 6 4 7 3 5
45 30 15 2 1 6 3 4 7 0 5
45 31 14 0 1 6 4 2 5 7 3
45 31 14 2 0 6 4 1 5 7 3
45 31 14 0 1 4 2 5 7 6 3
45 33 12 0 1 3 2 5 7 6 4
45 34 11 6 2 1 4 5 7 3 0
45 34 11 2 1 0 3 5 7 4 6
45 34 11 2 1 6 3 0 5 7 4
45 34 11 2 0 6 3 5 1 7 4
45 34 11 2 0 1 3 5 7 6 4
45 34 11 1 6 4 0 5 7 3 2
45 34 11 0 1 3 4 2 5 7 6
45 34 11 2 0 3 4 1 5 7 6
45 35 10 1 7 6 4 5 3 0 2
45 35 10 5 1 3 4 0 7 6 2
46 28 18 4 1 6 5 0 7 3 2
46 31 15 2 1 4 5 0 7 6 3
46 32 14 2 1 4 6 0 7 3 5
46 33 13 2 1 6 0 5 7 4 3
46 34 12 5 2 1 4 0 7 3 6
46 34 12 0 1 3 4 2 7 6 5
46 34 12 2 0 3 4 1 7 6 5
46 35 11 2 7 1 4 5 3 0 6
46 35 11 4 1 3 0 5 7 6 2
46 35 11 7 1 3 4 5 0 6 2
47 29 18 2 0 6 5 1 7 3 4
47 31 16 2 1 6 0 4 5 7 3
47 32 15 0 1 4 6 5 7 3 2
47 33 14 2 1 6 3 0 7 4 5
47 33 14 2 1 3 5 0 7 6 4
47 34 13 4 2 1 0 5 7 3 6
47 34 13 7 2 1 4 5 0 3 6
47 34 13 2 1 3 0 4 5 7 6
47 35 12 1 7 6 4 0 5 3 2
47 40 7 2 1 3 4 6 5 0 7
47 41 6 1 6 3 4 5 7 2 0
48 30 18 0 1 6 2 4 7 3 5
48 33 15 0 1 6 3 5 7 4 2
48 34 14 2 1 3 0 4 7 6 5
48 35 13 2 7 1 4 0 5 3 6
48 37 11 1 0 4 2 5 7 3 6
48 41 7 1 6 3 4 5 0 7 2
49 38 11 2 1 6 4 7 3 5 0
49 39 10 7 1 6 4 5 3 2 0
49 40 9 2 1 3 0 6 5 7 4
49 42 7 1 2 3 4 5 0 7 6
50 37 13 6 1 4 2 5 7 3 0
50 37 13 0 2 1 6 5 7 3 4
50 38 12 2 1 0 4 7 3 6 5
50 38 12 2 1 4 3 0 7 6 5
50 39 11 7 1 0 4 5 3 6 2
50 40 10 2 1 6 4 3 5 0 7
50 42 8 6 2 3 4 5 1 7 0
50 42 8 1 3 0 4 5 7 6 2
50 42 8 1 7 3 4 5 0 6 2
51 37 14 5 1 4 2 0 7 3 6
51 37 14 2 7 1 6 5 0 3 4
51 38 13 0 1 4 3 5 7 6 2
51 39 12 2 1 4 5 6 7 3 0
51 39 12 1 6 0 2 5 7 3 4
51 40 11 0 1 3 4 6 5 7 2
51 41 10 1 2 6 4 0 7 3 5
51 41 10 2 6 3 4 1 7 0 5
51 41 10 4 1 3 6 5 7 0 2
51 41 10 4 1 6 3 5 7 2 0
51 41 10 2 1 3 0 5 7 4 6
51 42 9 3 2 6 4 5 1 7 0
51 42 9 3 2 1 4 5 7 6 0
51 42 9 5 2 3 4 0 1 7 6
52 37 15 7 1 4 2 5 0 3 6
52 39 13 0 1 4 5 2 7 3 6
52 39 13 1 7 6 2 5 0 3 4
52 39 13 4 1 6 2 5 7 0 3
52 40 12 2 1 6 0 3 5 7 4
52 40 12 2 1 0 4 3 5 7 6
52 40 12 2 1 0 4 6 5 7 3
52 41 11 4 1 6 3 5 0 7 2
52 41 11 4 1 0 3 5 7 6 2
52 42 10 1 2 6 4 5 0 7 3
52 42 10 2 1 3 6 0 5 7 4
52 42 10 2 0 3 6 5 1 7 4
52 42 10 4 2 3 0 5 1 7 6
52 44 8 2 1 3 4 7 6 0 5
53 40 13 5 1 6 4 2 7 0 3
53 41 12 5 2 6 4 1 7 3 0
53 43 10 2 7 1 4 5 6 0 3
53 43 10 2 1 4 3 0 5 7 6
53 43 10 2 0 4 3 5 1 7 6
53 43 10 2 3 4 0 5 1 7 6
53 43 10 2 3 7 4 5 1 0 6
53 46 7 7 1 3 4 5 6 0 2
53 48 5 1 0 3 4 5 6 7 2
54 39 15 2 1 4 5 7 0 3 6
54 39 15 4 1 0 2 5 7 3 6
54 40 14 0 2 6 4 7 1 3 5
54 40 14 2 6 0 4 7 1 3 5
54 40 14 5 1 6 0 2 7 3 4
54 40 14 0 1 6 4 3 5 7 2
54 41 13 5 1 6 4 7 3 0 2
54 41 13 1 6 0 4 2 7 3 5
54 41 13 7 1 6 4 2 5 3 0
54 41 13 7 6 0 4 5 1 3 2
54 41 13 2 1 3 6 0 7 4 5
54 42 12 5 2 6 4 0 1 7 3
54 42 12 2 6 4 0 5 1 7 3
54 42 12 2 6 7 4 5 1 0 3
54 42 12 5 2 1 4 0 7 6 3
54 43 11 2 1 4 6 5 0 7 3
54 45 9 1 0 3 2 5 7 6 4
54 45 9 1 6 4 2 5 7 3 0
54 45 9 1 0 3 4 2 5 7 6
54 45 9 0 2 3 4 1 5 7 6
54 45 9 1 7 6 4 5 3 2 0
54 46 8 4 1 3 2 5 7 6 0
54 49 5 1 2 3 4 5 7 0 6
55 39 16 4 1 6 2 0 7 3 5
55 40 15 5 1 0 4 2 7 3 6
55 41 14 1 7 6 4 2 0 3 5
55 41 14 2 6 4 0 1 7 3 5
55 41 14 4 0 1 6 5 7 3 2
55 41 14 0 1 6 4 7 5 3 2
55 41 14 0 7 6 4 5 1 3 2
55 41 14 0 1 3 6 5 7 4 2
55 42 13 2 7 6 4 1 3 0 5
55 42 13 2 1 6 5 4 7 0 3
55 42 13 4 2 6 0 5 1 7 3
55 42 13 4 2 1 0 5 7 6 3
55 42 13 7 2 1 4 5 0 6 3
55 43 12 1 0 6 5 2 7 3 4
55 44 11 2 0 3 4 7 1 6 5
55 45 10 2 3 0 4 1 5 7 6
55 45 10 2 5 3 4 1 0 7 6
55 45 10 1 7 0 4 5 3 6 2
55 45 10 5 1 3 4 2 7 6 0
55 46 9 2 7 1 4 5 3 6 0
55 49 6 1 2 3 4 0 5 7 6
56 39 17 2 0 4 5 1 7 3 6
56 41 15 5 0 6 4 7 1 3 2
56 41 15 4 2 6 0 1 7 3 5
56 41 15 7 2 6 4 1 0 3 5
56 41 15 2 1 0 6 5 7 4 3
56 42 14 2 7 6 4 0 1 3 5
56 43 13 7 1 6 2 5 3 0 4
56 43 13 2 7 1 4 0 5 6 3
56 45 11 1 0 4 2 5 7 6 3
56 45 11 3 1 4 2 5 7 6 0
56 45 11 6 2 1 4 5 7 0 3
56 45 11 2 1 6 3 4 5 7 0
56 45 11 0 2 6 3 5 1 7 4
56 45 11 2 6 0 3 5 1 7 4
56 45 11 0 2 1 3 5 7 6 4
56 45 11 1 6 4 3 5 7 0 2
56 45 11 6 1 3 4 2 5 7 0
56 45 11 5 1 3 4 7 0 6 2
56 46 10 5 2 1 4 6 7 3 0
56 46 10 1 0 3 4 2 7 6 5
56 46 10 0 2 3 4 1 7 6 5
56 46 10 7 1 3 4 0 5 6 2
56 46 10 7 0 3 4 5 1 6 2
56 47 9 2 1 3 6 4 5 7 0
56 47 9 2 1 3 4 6 0 5 7
56 48 8 1 6 3 4 0 5 7 2
56 49 7 1 0 3 4 5 2 7 6
56 50 6 1 7 3 4 5 6 0 2
57 41 16 7 0 6 4 1 5 3 2
57 42 15 5 1 6 2 4 7 3 0
57 42 15 2 1 0 5 4 7 3 6
57 43 14 5 6 0 4 1 7 3 2
57 43 14 4 1 6 5 2 7 3 0
57 45 12 2 1 3 6 4 7 0 5
57 45 12 2 1 6 3 4 7 5 0
57 45 12 1 0 6 4 2 5 7 3
57 45 12 3 1 6 4 2 5 7 0
57 45 12 0 2 6 4 1 5 7 3
57 45 12 2 6 0 4 1 5 7 3
57 45 12 5 1 3 2 0 7 6 4
57 45 12 2 0 1 3 5 7 4 6
57 45 12 2 7 1 3 5 0 6 4
57 46 11 2 3 0 4 1 7 6 5
57 46 11 2 7 3 4 1 0 6 5
57 47 10 2 1 3 5 4 7 6 0
57 47 10 4 2 1 6 5 7 3 0
57 47 10 7 2 1 4 5 3 0 6
57 47 10 2 1 0 4 6 5 3 7
57 47 10 1 6 3 0 5 7 2 4
57 54 3 1 2 3 4 5 7 6 0
58 41 17 7 1 6 0 4 5 3 2
58 42 16 5 1 6 2 7 0 3 4
58 43 15 7 1 6 2 0 5 3 4
58 43 15 7 0 6 2 5 1 3 4
58 43 15 0 5 6 4 1 7 3 2
58 43 15 5 7 6 4 1 0 3 2
58 43 15 7 1 6 5 2 0 3 4
58 45 13 2 1 6 3 4 0 7 5
58 45 13 2 1 0 3 4 7 6 5
58 45 13 2 5 6 4 1 0 7 3
58 45 13 7 1 3 2 5 0 6 4
58 45 13 6 2 1 0 5 7 3 4
58 45 13 4 1 3 0 2 5 7 6
58 45 13 5 1 3 4 2 0 7 6
58 45 13 5 0 3 4 1 7 6 2
58 46 12 0 1 4 5 2 7 6 3
58 46 12 2 1 4 5 3 7 6 0
58 46 12 2 7 0 4 5 3 1 6
58 47 11 1 0 4 6 5 7 3 2
58 47 11 0 1 3 5 2 7 6 4
58 47 11 1 6 3 4 0 7 2 5
58 50 8 6 2 3 4 5 1 0 7
58 50 8 1 3 6 4 5 7 0 2
58 51 7 1 0 3 4 6 5 7 2
58 51 7 1 2 6 4 5 7 3 0
58 51 7 5 2 3 4 6 1 7 0
59 42 17 0 1 6 5 4 7 3 2
59 45 14 7 1 6 4 0 2 3 5
59 45 14 7 1 6 4 2 3 0 5
59 45 14 5 1 4 2 0 7 6 3
59 45 14 6 2 1 4 0 7 3 5
59 45 14 6 2 0 4 5 7 3 1
59 45 14 0 1 6 3 2 5 7 4
59 45 14 2 0 6 3 1 5 7 4
59 45 14 5 1 3 0 4 7 6 2
59 46 13 5 2 1 4 7 0 3 6
59 47 12 4 2 0 1 5 7 3 6
59 47 12 4 2 1 3 5 7 0 6
59 47 12 7 2 1 4 0 5 3 6
59 47 12 2 1 0 3 4 5 7 6
59 47 12 2 1 3 7 4 5 0 6
59 47 12 1 7 6 4 2 5 3 0
59 48 11 1 0 6 3 5 7 4 2
59 48 11 2 7 1 4 6 5 3 0
59 49 10 2 1 0 3 6 5 7 4
59 50 9 1 3 4 0 5 7 6 2
59 50 9 1 7 3 4 0 5 6 2
59 52 7 4 2 3 6 5 1 7 0
59 52 7 2 1 3 4 7 6 5 0
59 53 6 7 1 3 4 5 6 2 0
59 53 6 1 3 0 4 5 6 7 2
59 55 4 1 2 3 4 6 5 7 0
60 42 18 5 0 6 2 1 7 3 4
60 44 16 5 1 0 6 4 7 3 2
60 44 16 5 1 6 3 4 7 0 2
60 45 15 2 1 6 5 7 3 0 4
60 45 15 7 1 4 2 5 0 6 3
60 45 15 0 6 4 1 5 7 3 2
60 46 14 2 1 4 5 7 0 6 3
60 46 14 2 1 4 6 7 0 3 5
60 46 14 2 1 4 0 6 7 3 5
60 46 14 4 1 3 0 2 7 6 5
60 46 14 7 1 3 4 2 0 6 5
60 47 13 2 1 3 5 7 0 6 4
60 47 13 7 0 1 4 5 2 3 6
60 47 13 1 6 0 4 5 7 2 3
60 48 12 1 4 0 2 5 7 3 6
60 48 12 1 7 4 2 5 0 3 6
60 50 10 2 1 0 4 3 5 6 7
60 50 10 6 2 3 0 5 1 7 4
60 51 9 1 0 4 3 5 7 6 2
60 51 9 1 6 3 2 5 7 0 4
60 51 9 2 6 3 4 1 7 5 0
60 51 9 4 1 3 6 5 7 2 0
60 51 9 3 2 6 4 5 1 0 7
60 51 9 3 2 1 4 5 7 0 6
60 51 9 5 2 3 4 1 0 7 6
60 52 8 1 2 6 4 5 7 0 3
60 53 7 0 1 3 4 5 6 7 2
61 45 16 4 1 0 6 2 7 3 5
61 45 16 4 1 6 3 2 7 0 5
61 45 16 7 0 6 4 2 1 3 5
61 45 16 2 0 1 6 4 7 3 5
61 45 16 4 1 6 0 2 5 7 3
61 45 16 5 1 6 4 2 0 7 3
61 45 16 1 6 4 5 0 7 3 2
61 46 15 4 1 3 5 0 7 6 2
61 47 14 2 1 0 6 4 5 7 3
61 47 14 2 1 6 7 4 5 0 3
61 47 14 5 1 4 6 0 7 3 2
61 47 14 6 1 4 0 5 7 3 2
61 47 14 2 1 6 3 7 0 4 5
61 47 14 0 1 3 2 4 5 7 6
61 47 14 1 0 6 4 7 5 3 2
61 47 14 0 6 3 4 5 7 2 1
61 49 12 0 1 3 2 6 5 7 4
61 50 11 6 2 3 4 0 1 7 5
61 51 10 6 1 3 4 0 5 7 2
61 51 10 2 6 3 4 1 0 7 5
61 51 10 4 1 3 6 5 0 7 2
61 52 9 1 2 6 4 0 5 7 3
61 53 8 2 7 1 4 5 6 3 0
61 53 8 2 1 4 3 6 5 7 0
61 53 8 2 3 4 6 5 1 7 0
61 53 8 2 3 7 4 5 1 6 0
61 56 5 1 7 3 4 5 6 2 0
62 45 17 2 0 6 5 7 1 3 4
62 46 16 2 0 4 5 1 7 6 3
62 46 16 0 1 4 6 2 7 3 5
62 46 16 2 0 4 6 1 7 3 5
62 46 16 0 1 6 2 5 7 4 3
62 46 16 2 1 6 5 0 7 4 3
62 46 16 5 0 1 4 2 7 3 6
62 47 15 7 1 4 6 5 0 3 2
62 47 15 0 1 6 3 2 7 4 5
62 47 15 2 0 3 5 1 7 6 4
62 47 15 0 7 6 4 1 5 3 2
62 48 14 5 1 6 3 0 7 4 2
62 48 14 3 1 6 0 5 7 4 2
62 49 13 2 1 6 4 0 3 5 7
62 49 13 2 1 3 7 6 5 0 4
62 50 12 2 1 4 3 7 0 6 5
62 50 12 7 0 1 4 5 3 6 2
62 50 12 7 1 4 0 5 3 6 2
62 50 12 2 1 6 4 3 0 5 7
62 51 11 1 6 2 0 5 7 3 4
62 51 11 4 1 3 0 6 5 7 2
62 51 11 5 1 3 4 6 0 7 2
62 51 11 1 2 6 4 7 0 3 5
62 51 11 3 2 6 0 5 1 7 4
62 51 11 3 2 0 4 5 1 7 6
62 51 11 3 2 1 0 5 7 6 4
62 52 10 1 0 6 4 5 2 7 3
62 52 10 0 2 3 6 5 1 7 4
62 52 10 4 2 0 3 5 1 7 6
62 54 8 2 6 4 3 5 1 7 0
62 54 8 1 2 0 4 5 7 3 6
63 46 17 4 1 6 5 7 0 3 2
63 46 17 5 2 1 0 4 7 3 6
63 47 16 0 2 6 5 1 7 3 4
63 47 16 2 6 0 5 1 7 3 4
63 47 16 2 7 6 5 1 0 3 4
63 47 16 2 0 6 3 1 7 4 5
63 47 16 2 1 6 0 3 7 4 5
63 47 16 1 7 6 0 4 5 3 2
63 48 15 1 0 6 2 4 7 3 5
63 48 15 7 1 6 3 5 0 4 2
63 48 15 0 1 3 2 4 7 6 5
63 48 15 0 7 1 4 2 5 3 6
63 48 15 2 0 1 4 7 5 3 6
63 49 14 7 1 6 0 5 3 2 4
63 49 14 7 1 0 4 5 3 2 6
63 49 14 0 1 6 4 5 3 2 7
63 50 13 6 1 4 2 5 7 0 3
63 50 13 2 0 1 4 7 3 6 5
63 50 13 2 1 4 0 7 3 6 5
63 50 13 6 2 0 4 5 1 7 3
63 51 12 5 1 4 2 6 7 3 0
63 51 12 5 1 4 3 0 7 6 2
63 51 12 3 1 4 0 5 7 6 2
63 51 12 3 2 6 4 0 1 7 5
63 51 12 3 2 1 4 0 7 6 5
63 51 12 3 2 0 4 5 7 6 1
63 52 11 1 0 4 5 2 7 3 6
63 52 11 2 0 1 4 3 5 7 6
63 52 11 2 1 4 0 3 5 7 6
63 52 11 2 1 7 4 3 5 0 6
63 52 11 2 0 1 4 6 5 7 3
63 52 11 2 1 4 0 6 5 7 3
63 52 11 2 1 7 4 6 5 0 3
63 52 11 2 3 0 6 5 1 7 4
63 52 11 2 1 0 4 7 6 3 5
63 53 10 0 2 4 3 5 1 7 6
63 53 10 7 1 0 4 5 6 3 2
63 54 9 6 2 3 4 1 5 7 0
63 55 8 4 2 6 3 5 1 7 0
63 55 8 4 2 1 3 5 7 6 0
63 56 7 1 2 3 4 0 7 6 5
64 47 17 0 1 6 2 4 5 7 3
64 47 17 4 2 1 5 0 7 3 6
64 49 15 2 1 6 0 7 3 5 4
64 49 15 2 1 0 4 7 3 5 6
64 49 15 7 1 6 4 0 3 2 5
64 50 14 5 2 1 6 0 7 3 4
64 50 14 0 1 4 3 2 7 6 5
64 50 14 2 0 4 3 1 7 6 5
64 50 14 2 1 4 0 3 7 6 5
64 51 13 2 7 1 6 5 3 0 4
64 51 13 7 1 4 3 5 0 6 2
64 51 13 2 1 4 5 6 7 0 3
64 51 13 0 1 3 2 5 7 4 6
64 52 12 7 1 4 2 5 3 0 6
64 52 12 1 7 6 2 5 3 0 4
64 52 12 2 1 0 6 3 5 7 4
64 52 12 4 1 6 3 0 5 7 2
64 52 12 4 0 6 3 5 1 7 2
64 52 12 4 0 1 3 5 7 6 2
64 53 11 2 7 0 4 5 6 1 3
64 53 11 2 4 0 3 5 1 7 6
64 53 11 2 3 7 4 5 0 1 6
64 54 10 4 1 3 2 5 7 0 6
64 54 10 1 0 6 4 3 5 7 2
64 54 10 1 6 3 4 2 7 0 5
64 54 10 7 6 3 4 5 1 0 2
64 54 10 5 2 6 4 3 1 7 0
64 54 10 2 6 7 4 5 1 3 0
64 54 10 5 2 1 4 3 7 6 0
64 54 10 1 3 0 2 5 7 6 4
64 54 10 1 7 3 2 5 0 6 4
64 54 10 1 3 0 4 2 5 7 6
64 54 10 1 5 3 4 2 0 7 6
64 55 9 7 2 1 4 5 6 0 3
64 56 8 1 6 4 3 5 7 2 0
64 56 8 2 1 3 4 0 6 5 7
64 56 8 1 6 3 4 2 5 7 0
64 56 8 1 3 0 4 5 2 7 6
64 57 7 1 2 3 0 5 7 6 4
64 59 5 1 2 3 4 6 5 0 7
65 46 19 4 0 6 5 1 7 3 2
65 48 17 2 7 1 0 4 5 3 6
65 50 15 7 2 1 6 5 0 3 4
65 51 14 4 1 6 0 5 7 2 3
65 51 14 4 1 0 3 5 7 2 6
65 51 14 2 1 3 5 0 7 4 6
65 51 14 5 0 3 4 2 1 7 6
65 51 14 5 2 3 0 4 1 7 6
65 52 13 6 1 4 5 2 7 3 0
65 52 13 4 1 6 2 5 0 7 3
65 52 13 4 1 0 2 5 7 6 3
65 52 13 0 1 3 6 2 5 7 4
65 52 13 2 0 3 6 1 5 7 4
65 52 13 4 2 3 7 5 1 0 6
65 53 12 5 1 0 4 2 7 6 3
65 53 12 5 2 6 4 1 7 0 3
65 54 11 2 6 3 4 7 1 0 5
65 54 11 3 1 6 4 0 5 7 2
65 54 11 1 6 4 2 5 7 0 3
65 54 11 4 2 3 0 1 5 7 6
65 55 10 1 0 3 6 5 7 4 2
65 55 10 2 5 3 4 0 1 7 6
65 55 10 2 5 3 4 1 7 0 6
65 55 10 1 0 7 4 5 3 6 2
65 56 9 1 6 4 3 5 0 7 2
65 56 9 5 1 3 4 7 6 0 2
65 56 9 5 2 3 4 1 7 6 0
65 56 9 0 1 3 4 5 2 7 6
65 56 9 1 7 0 4 5 6 3 2
65 57 8 7 2 1 4 5 3 6 0
65 58 7 1 3 6 4 5 7 2 0
65 60 5 2 1 3 4 5 6 7 0
66 49 17 0 1 6 4 7 3 5 2
66 50 16 6 1 4 2 0 7 3 5
66 50 16 6 1 0 2 5 7 3 4
66 51 15 5 1 4 2 7 0 3 6
66 51 15 5 1 4 0 2 7 3 6
66 51 15 2 7 1 6 0 5 3 4
66 51 15 1 2 6 0 4 7 3 5
66 51 15 4 1 6 3 0 7 2 5
66 51 15 0 1 6 3 5 7 2 4
66 52 14 7 1 4 2 0 5 3 6
66 52 14 7 0 4 2 5 1 3 6
66 52 14 7 1 4 5 2 0 3 6
66 52 14 1 7 6 2 0 5 3 4
66 52 14 4 2 3 5 0 1 7 6
66 53 13 0 1 4 3 2 5 7 6
66 53 13 2 0 4 3 1 5 7 6
66 53 13 0 3 4 2 5 1 7 6
66 53 13 2 3 4 7 5 1 0 6
66 54 12 4 1 2 0 5 7 3 6
66 54 12 5 1 6 4 7 3 2 0
66 54 12 5 2 6 4 1 0 7 3
66 54 12 2 1 4 6 0 5 7 3
66 54 12 2 0 4 6 5 1 7 3
66 55 11 5 1 3 4 2 7 0 6
66 55 11 0 2 3 4 7 1 6 5
66 55 11 2 3 4 0 1 5 7 6
66 55 11 2 3 7 4 1 5 0 6
66 55 11 1 7 4 0 5 3 6 2
66 55 11 5 1 3 0 2 7 6 4
66 55 11 1 2 3 0 4 5 7 6
66 56 10 1 2 6 3 5 0 7 4
66 56 10 2 6 3 0 5 1 7 4
66 56 10 1 3 0 4 2 7 6 5
66 56 10 7 1 3 4 2 5 6 0
66 56 10 2 0 3 4 6 1 5 7
66 57 9 2 7 3 4 1 6 0 5
66 58 8 1 3 6 4 5 0 7 2
66 58 8 1 3 0 4 6 5 7 2
66 58 8 1 5 3 4 6 0 7 2
66 58 8 5 2 3 4 6 1 0 7
66 59 7 1 3 4 2 5 7 6 0
66 59 7 1 3 4 0 5 6 7 2
66 59 7 1 3 7 4 5 6 0 2
66 59 7 1 2 3 0 6 5 7 4
67 48 19 7 1 6 2 4 0 3 5
67 51 16 2 1 0 5 6 7 3 4
67 52 15 0 1 6 2 3 5 7 4
67 53 14 5 2 6 0 1 7 3 4
67 53 14 5 2 6 4 0 7 3 1
67 53 14 5 2 0 4 1 7 3 6
67 54 13 7 2 6 4 0 1 3 5
67 54 13 5 2 6 4 7 1 3 0
67 54 13 5 1 0 4 7 3 6 2
67 54 13 7 1 6 4 2 5 0 3
67 54 13 2 1 3 6 7 0 4 5
67 54 13 2 1 3 0 6 7 4 5
67 54 13 2 6 7 4 5 0 1 3
67 54 13 5 2 1 4 7 0 6 3
67 54 13 1 7 6 0 5 3 2 4
67 54 13 1 7 0 4 5 3 2 6
67 54 13 4 1 3 2 0 7 6 5
67 55 12 2 1 6 4 7 5 3 0
67 55 12 2 7 6 4 5 1 3 0
67 55 12 2 7 6 4 1 3 5 0
67 55 12 2 1 0 5 4 7 6 3
67 55 12 4 2 0 6 5 1 7 3
67 55 12 4 2 0 1 5 7 6 3
67 55 12 7 2 1 4 0 5 6 3
67 55 12 1 6 0 5 2 7 3 4
67 55 12 1 7 6 5 2 0 3 4
67 55 12 2 3 0 4 7 1 6 5
67 56 11 2 7 1 4 3 5 6 0
67 56 11 3 1 4 2 5 7 0 6
67 56 11 6 2 1 4 5 0 7 3
67 56 11 1 6 0 3 5 7 4 2
67 56 11 6 1 3 4 2 5 0 7
67 56 11 5 2 1 4 6 7 0 3
67 56 11 1 7 3 4 2 0 6 5
67 56 11 0 1 3 4 7 5 6 2
67 56 11 0 7 3 4 5 1 6 2
67 56 11 7 3 0 4 5 1 6 2
67 56 11 2 1 3 6 4 5 0 7
67 56 11 0 6 3 4 1 5 7 2
67 57 10 3 2 6 4 1 5 7 0
67 57 10 2 7 1 3 5 6 0 4
67 57 10 1 2 0 4 5 7 6 3
67 58 9 7 1 3 2 5 6 0 4
67 58 9 1 0 3 5 2 7 6 4
67 58 9 6 2 3 4 5 0 1 7
67 59 8 2 1 3 7 4 5 6 0
68 51 17 5 0 4 2 1 7 3 6
68 51 17 0 1 4 5 6 7 3 2
68 52 16 2 1 6 7 3 5 0 4
68 53 15 2 3 4 5 0 1 7 6
68 54 14 2 1 4 5 7 3 0 6
68 54 14 4 0 1 2 5 7 3 6
68 54 14 4 1 6 0 3 5 7 2
68 54 14 5 1 6 4 3 0 7 2
68 54 14 1 6 4 0 2 7 3 5
68 54 14 7 1 6 0 2 5 3 4
68 54 14 7 6 4 0 5 1 3 2
68 54 14 1 6 4 2 0 7 3 5
68 54 14 1 7 6 4 0 3 2 5
68 55 13 1 7 6 4 0 2 3 5
68 55 13 1 7 6 4 2 3 0 5
68 55 13 2 6 4 5 1 7 3 0
68 55 13 5 1 3 6 0 7 4 2
68 55 13 6 1 3 0 5 7 4 2
68 55 13 2 7 0 4 1 3 6 5
68 55 13 7 0 1 4 5 2 6 3
68 55 13 2 7 1 0 5 3 6 4
68 56 12 7 2 6 4 1 3 0 5
68 56 12 7 1 6 2 5 3 4 0
68 56 12 1 4 0 2 5 7 6 3
68 56 12 1 7 4 2 5 0 6 3
68 56 12 6 2 0 4 5 7 1 3
68 56 12 2 1 6 3 4 5 0 7
68 56 12 5 2 6 3 0 1 7 4
68 56 12 2 6 7 3 5 1 0 4
68 56 12 5 2 1 3 0 7 6 4
68 56 12 5 0 3 4 7 1 6 2
68 56 12 4 2 3 0 1 7 6 5
68 56 12 7 2 3 4 1 0 6 5
68 57 11 2 1 3 5 4 7 0 6
68 57 11 5 6 3 4 1 7 0 2
68 57 11 2 1 3 6 4 7 5 0
68 57 11 2 3 6 4 1 7 0 5
68 57 11 2 7 3 4 0 1 6 5
68 57 11 7 2 0 4 5 3 1 6
68 57 11 2 0 1 4 6 5 3 7
68 57 11 2 1 4 0 6 5 3 7
68 57 11 1 6 0 3 5 7 2 4
68 57 11 0 2 3 4 5 7 6 1
68 58 10 4 1 3 6 2 5 7 0
68 58 10 5 1 3 4 0 2 7 6
68 58 10 1 0 4 5 2 7 6 3
68 58 10 3 1 4 5 2 7 6 0
68 58 10 1 2 6 0 5 7 3 4
68 58 10 5 2 3 0 6 1 7 4
68 59 9 6 2 3 4 5 7 0 1
68 59 9 4 2 3 1 5 7 0 6
68 59 9 1 7 3 4 2 5 6 0
68 59 9 4 2 3 6 5 1 0 7
68 60 8 1 6 3 2 5 7 4 0
68 60 8 5 1 3 4 0 6 7 2
68 61 7 1 2 6 4 3 5 7 0
69 54 15 2 6 4 0 7 1 3 5
69 54 15 5 1 0 6 2 7 3 4
69 54 15 5 1 6 3 2 7 0 4
69 54 15 7 1 0 4 2 5 3 6
69 54 15 0 1 3 6 2 7 4 5
69 54 15 2 0 3 6 1 7 4 5
69 54 15 0 6 4 2 5 1 7 3
69 54 15 5 0 1 4 2 7 6 3
69 55 14 2 6 4 3 1 7 0 5
69 55 14 7 1 3 6 5 0 4 2
69 55 14 2 1 6 5 4 0 7 3
69 55 14 4 2 1 6 5 7 0 3
69 55 14 2 7 1 4 0 3 6 5
69 55 14 2 7 0 4 5 3 6 1
69 56 13 4 2 6 5 1 7 3 0
69 56 13 7 1 0 2 5 3 6 4
69 56 13 7 2 1 3 5 0 6 4
69 56 13 6 1 3 0 2 5 7 4
69 56 13 5 2 1 0 6 7 3 4
69 56 13 7 0 3 4 1 5 6 2
69 56 13 1 6 3 0 4 5 7 2
69 57 12 2 1 5 0 4 7 3 6
69 57 12 2 1 3 6 4 0 7 5
69 57 12 1 6 0 4 2 5 7 3
69 57 12 1 5 6 4 2 0 7 3
69 57 12 3 1 6 4 2 5 0 7
69 57 12 5 1 3 2 4 7 6 0
69 57 12 0 2 1 3 5 7 4 6
69 57 12 2 3 4 0 1 7 6 5
69 58 11 4 1 3 5 2 7 6 0
69 58 11 1 6 3 4 7 0 2 5
69 58 11 1 0 3 4 6 7 2 5
69 58 11 6 2 0 4 5 1 3 7
69 58 11 0 2 3 4 6 1 7 5
69 59 10 4 2 1 3 5 0 7 6
69 59 10 7 2 1 4 6 5 3 0
69 59 10 7 1 3 0 5 6 2 4
69 59 10 0 1 3 4 5 6 2 7
69 59 10 1 2 0 4 6 5 7 3
69 60 9 1 6 2 4 5 7 0 3
69 60 9 1 4 3 2 5 7 0 6
69 60 9 1 6 3 2 5 0 7 4
69 60 9 3 2 0 4 5 1 6 7
69 60 9 3 2 1 4 5 0 7 6
69 60 9 5 2 3 4 1 7 0 6
69 60 9 4 1 3 0 5 6 7 2
69 61 8 2 0 3 4 1 6 7 5
69 62 7 1 6 2 4 5 7 3 0
70 54 16 2 0 4 5 7 1 3 6
70 54 16 4 2 6 0 7 1 3 5
70 54 16 0 1 6 4 2 5 3 7
70 54 16 2 6 4 7 5 1 0 3
70 54 16 5 2 1 0 4 7 6 3
70 55 15 0 4 1 6 5 7 3 2
70 55 15 4 7 1 6 5 0 3 2
70 55 15 5 7 6 4 0 1 3 2
70 55 15 0 7 1 4 5 3 6 2
70 56 14 4 2 0 6 1 7 3 5
70 56 14 4 2 6 3 1 7 0 5
70 56 14 2 0 1 6 5 7 4 3
70 56 14 0 7 1 4 2 5 6 3
70 56 14 3 1 4 2 0 7 6 5
70 56 14 3 1 0 2 5 7 6 4
70 56 14 5 2 0 4 6 7 3 1
70 56 14 0 2 1 4 6 7 3 5
70 56 14 7 1 3 0 4 5 6 2
70 57 13 4 1 6 5 2 7 0 3
70 57 13 3 1 6 0 2 5 7 4
70 57 13 2 6 4 0 1 5 7 3
70 57 13 2 6 7 4 1 5 0 3
70 57 13 5 1 3 2 7 0 6 4
70 57 13 2 7 1 3 5 0 4 6
70 57 13 2 7 1 3 0 5 6 4
70 58 12 1 5 6 4 0 7 3 2
70 58 12 7 1 6 5 2 3 0 4
70 58 12 2 1 6 3 0 4 7 5
70 58 12 7 1 3 2 0 5 6 4
70 58 12 7 0 3 2 5 1 6 4
70 58 12 4 1 3 7 2 5 0 6
70 58 12 0 5 3 4 1 7 6 2
70 58 12 5 3 0 4 1 7 6 2
70 58 12 5 7 3 4 1 0 6 2
70 58 12 2 0 7 4 5 3 1 6
70 58 12 1 4 0 6 5 7 3 2
70 58 12 1 7 4 6 5 0 3 2
70 58 12 7 1 3 5 2 0 6 4
70 59 11 7 1 6 4 5 2 3 0
70 59 11 4 2 0 3 5 7 1 6
70 59 11 2 1 3 7 4 0 5 6
70 59 11 2 0 1 3 6 5 7 4
70 59 11 2 1 7 3 6 5 0 4
70 59 11 1 3 4 6 5 7 0 2
70 59 11 1 0 3 4 7 5 6 2
70 59 11 2 1 3 0 7 6 5 4
70 59 11 7 1 3 4 0 6 2 5
70 59 11 0 2 3 4 6 5 7 1
70 60 10 7 1 3 4 2 6 0 5
70 60 10 1 4 0 3 5 7 6 2
70 60 10 1 7 4 3 5 0 6 2
70 60 10 3 2 6 4 5 0 1 7
70 60 10 3 2 0 4 5 7 1 6
70 61 9 1 0 3 2 6 5 7 4
70 61 9 6 1 3 4 5 0 7 2
70 61 9 2 1 4 3 6 5 0 7
70 61 9 1 7 3 0 5 6 2 4
70 62 8 4 1 3 2 6 5 7 0
70 65 5 2 1 3 4 5 6 0 7
71 54 17 5 0 6 4 2 1 7 3
71 54 17 5 2 6 0 4 1 7 3
71 54 17 2 6 4 5 0 1 7 3
71 54 17 0 6 4 2 5 7 3 1
71 54 17 0 7 6 4 5 3 2 1
71 55 16 4 1 6 2 7 0 3 5
71 55 16 2 6 4 1 0 7 3 5
71 55 16 4 1 6 0 7 5 3 2
71 55 16 4 7 6 0 5 1 3 2
71 55 16 4 2 6 7 5 1 0 3
71 56 15 0 2 4 5 1 7 3 6
71 56 15 2 4 0 5 1 7 3 6
71 56 15 2 7 4 5 1 0 3 6
71 56 15 5 6 0 4 7 1 3 2
71 56 15 7 0 6 4 1 2 3 5
71 56 15 2 0 1 4 7 5 6 3
71 56 15 0 1 3 6 4 5 7 2
71 57 14 7 6 0 4 1 5 3 2
71 57 14 2 0 1 5 4 7 3 6
71 57 14 2 1 6 3 0 7 5 4
71 57 14 3 1 0 4 2 5 7 6
71 57 14 4 2 6 0 1 5 7 3
71 57 14 0 1 3 5 4 7 6 2
71 57 14 0 6 3 1 5 7 2 4
71 58 13 2 5 6 4 1 7 3 0
71 58 13 2 5 6 4 0 1 7 3
71 58 13 2 5 6 4 1 7 0 3
71 58 13 6 2 0 1 5 7 3 4
71 58 13 6 2 1 3 5 7 0 4
71 58 13 4 1 0 3 2 5 7 6
71 58 13 4 1 3 2 0 5 7 6
71 58 13 5 1 4 0 2 7 6 3
71 58 13 7 1 4 5 2 0 6 3
71 58 13 2 1 4 5 3 7 0 6
71 58 13 2 7 4 0 5 3 1 6
71 58 13 0 6 3 4 1 7 2 5
71 58 13 5 2 0 4 6 1 7 3
71 59 12 7 1 6 4 2 3 5 0
71 59 12 5 1 4 2 3 7 6 0
71 59 12 1 0 6 3 2 5 7 4
71 59 12 0 2 6 3 1 5 7 4
71 59 12 2 6 0 3 1 5 7 4
71 59 12 5 2 1 4 7 3 0 6
71 59 12 2 1 7 3 4 5 0 6
71 59 12 2 1 0 7 4 5 3 6
71 59 12 1 7 6 4 2 5 0 3
71 59 12 1 7 6 3 5 0 4 2
71 59 12 2 7 1 4 6 5 0 3
71 59 12 1 3 4 5 0 7 6 2
71 59 12 0 7 3 4 1 5 6 2
71 59 12 4 2 3 6 0 1 7 5
71 60 11 7 1 4 2 5 6 0 3
71 60 11 2 1 0 4 6 7 3 5
71 60 11 7 1 3 4 0 2 6 5
71 60 11 2 1 3 5 7 6 0 4
71 60 11 1 0 6 4 5 7 2 3
71 60 11 1 4 2 0 5 7 3 6
71 60 11 1 7 4 2 5 3 0 6
71 60 11 2 0 1 4 3 5 6 7
71 60 11 2 1 4 0 3 5 6 7
71 60 11 6 2 0 3 5 1 7 4
71 60 11 4 1 3 0 5 7 2 6
71 60 11 5 0 3 4 1 2 7 6
71 61 10 6 2 3 4 1 0 7 5
71 61 10 2 6 3 4 0 1 7 5
71 61 10 2 3 4 6 5 1 0 7
71 61 10 1 7 3 4 0 6 2 5
71 62 9 5 1 3 4 6 7 0 2
71 62 9 1 2 3 6 5 0 7 4
71 62 9 1 0 2 4 5 7 3 6
71 62 9 1 2 4 0 5 7 3 6
71 63 8 1 2 3 4 7 0 6 5
71 64 7 7 2 1 4 5 6 3 0
71 64 7 1 2 3 4 6 0 5 7
71 66 5 1 3 4 2 5 6 7 0
72 55 17 0 6 4 2 1 7 3 5
72 55 17 4 2 6 5 0 1 7 3
72 55 17 4 2 1 5 0 7 6 3
72 56 16 0 5 6 4 7 1 3 2
72 56 16 4 2 6 1 0 7 3 5
72 56 16 2 7 1 0 4 5 6 3
72 56 16 0 1 6 3 4 5 7 2
72 56 16 6 1 0 4 2 5 7 3
72 57 15 7 5 6 4 1 0 3 2
72 57 15 5 1 6 2 4 7 0 3
72 57 15 5 6 4 0 1 7 3 2
72 57 15 4 1 0 5 2 7 3 6
72 57 15 2 1 6 0 4 7 5 3
72 57 15 5 0 3 2 1 7 6 4
72 57 15 4 2 1 6 0 7 3 5
72 57 15 4 2 0 6 5 7 3 1
72 57 15 1 6 3 5 0 7 2 4
72 58 14 7 1 6 2 4 5 3 0
72 58 14 5 7 6 4 1 3 0 2
72 58 14 7 1 6 5 0 2 3 4
72 58 14 7 0 6 5 2 1 3 4
72 58 14 2 0 6 3 4 1 7 5
72 58 14 2 0 1 3 4 7 6 5
72 58 14 0 2 6 4 5 7 3 1
72 59 13 1 0 6 5 4 7 3 2
72 59 13 7 1 0 4 2 3 6 5
72 59 13 6 0 2 4 5 7 3 1
72 59 13 6 2 4 0 5 7 3 1
72 59 13 4 1 6 3 2 5 7 0
72 59 13 2 5 6 3 1 0 7 4
72 59 13 5 1 0 3 4 7 6 2
72 59 13 4 0 2 1 5 7 3 6
72 59 13 0 2 1 4 7 5 3 6
72 59 13 2 0 1 3 4 5 7 6
72 59 13 1 7 6 0 2 5 3 4
72 59 13 0 3 4 1 5 7 6 2
72 59 13 1 7 3 0 4 5 6 2
72 59 13 0 1 3 4 7 6 5 2
72 59 13 7 1 0 4 5 6 2 3
72 60 12 2 6 4 1 5 7 3 0
72 60 12 2 1 4 3 6 7 0 5
72 60 12 7 1 0 4 5 2 3 6
72 60 12 1 6 4 0 5 7 2 3
72 61 11 1 6 4 5 2 7 3 0
72 61 11 2 1 6 7 4 5 3 0
72 61 11 2 1 0 7 4 5 6 3
72 61 11 1 0 3 2 4 5 7 6
72 61 11 4 1 3 6 0 5 7 2
72 61 11 4 0 3 6 5 1 7 2
72 61 11 2 3 0 4 5 1 6 7
72 62 10 2 1 3 7 6 5 4 0
72 62 10 2 1 4 3 7 6 0 5
72 62 10 7 1 4 2 5 3 6 0
72 62 10 5 0 3 4 6 1 7 2
72 62 10 1 2 6 4 7 3 0 5
72 62 10 3 0 2 4 5 1 7 6
72 62 10 3 2 4 0 5 1 7 6
72 62 10 3 2 7 4 5 1 0 6
72 62 10 1 6 0 4 5 2 7 3
72 62 10 2 6 4 3 5 1 0 7
72 63 9 2 1 4 6 3 5 7 0
72 63 9 2 1 7 4 3 5 6 0
72 63 9 2 1 7 4 6 5 3 0
72 63 9 1 2 4 3 5 0 7 6
72 63 9 6 2 3 4 1 5 0 7
72 64 8 1 7 3 2 5 6 0 4
72 64 8 1 3 7 4 2 5 0 6
72 64 8 1 2 0 3 5 7 6 4
72 64 8 1 2 0 4 6 5 3 7
72 65 7 1 0 4 3 5 6 7 2
72 65 7 2 1 3 0 5 6 7 4
72 66 6 2 6 3 4 5 1 7 0
72 66 6 1 3 7 4 5 6 2 0
73 55 18 4 0 6 2 1 7 3 5
73 56 17 0 7 6 4 2 1 3 5
73 57 16 2 1 0 3 4 7 5 6
73 58 15 0 1 6 7 4 5 3 2
73 58 15 5 1 6 2 7 3 0 4
73 58 15 7 6 0 2 5 1 3 4
73 58 15 1 6 3 0 4 7 2 5
73 59 14 6 2 1 4 7 0 3 5
73 59 14 1 7 0 4 2 5 3 6
73 59 14 2 7 1 0 6 5 3 4
73 59 14 2 1 0 4 7 6 5 3
73 60 13 5 1 3 6 4 7 0 2
73 60 13 5 1 6 3 4 7 2 0
73 60 13 2 1 6 5 7 3 4 0
73 60 13 2 1 4 5 7 6 0 3
73 60 13 2 1 4 6 7 3 0 5
73 60 13 7 0 3 4 2 1 6 5
73 60 13 1 7 4 2 0 5 3 6
73 60 13 2 6 3 0 1 7 5 4
73 60 13 2 6 3 4 0 7 5 1
73 61 12 6 1 0 4 5 7 3 2
73 61 12 1 6 0 4 7 5 3 2
73 61 12 6 0 3 4 5 7 2 1
73 61 12 6 1 3 2 0 5 7 4
73 61 12 2 7 1 0 5 6 3 4
73 61 12 2 3 7 0 5 1 6 4
73 61 12 1 7 0 4 5 6 2 3
73 62 11 3 1 6 2 5 7 4 0
73 62 11 7 3 1 4 5 0 6 2
73 62 11 1 6 2 3 5 7 0 4
73 62 11 4 1 0 3 6 5 7 2
73 62 11 3 2 0 6 5 1 7 4
73 62 11 3 2 0 1 5 7 6 4
73 62 11 5 2 3 6 0 1 7 4
73 62 11 4 0 2 3 5 1 7 6
73 62 11 4 2 7 3 5 1 0 6
73 63 10 7 1 2 4 5 3 0 6
73 63 10 1 0 6 4 5 3 2 7
73 63 10 3 1 0 4 5 7 6 2
73 63 10 3 2 6 4 5 7 0 1
73 63 10 6 2 4 3 5 1 7 0
73 63 10 4 2 6 3 5 1 0 7
73 64 9 7 1 4 3 5 6 0 2
73 64 9 1 6 3 4 2 7 5 0
73 64 9 7 6 3 4 5 1 2 0
73 64 9 1 3 2 0 5 7 6 4
73 64 9 1 5 3 4 0 2 7 6
73 64 9 1 5 3 4 2 7 0 6
73 64 9 1 6 3 4 2 5 0 7
73 64 9 1 3 4 0 5 2 7 6
73 64 9 1 3 7 4 5 2 0 6
73 64 9 1 2 3 6 5 7 0 4
73 65 8 4 2 3 6 1 5 7 0
73 65 8 2 5 3 4 6 1 7 0
73 65 8 2 5 3 4 1 7 6 0
73 65 8 5 1 3 4 7 6 2 0
73 65 8 2 1 3 4 0 6 7 5
73 66 7 1 2 3 6 4 5 7 0
73 66 7 1 5 3 4 0 6 7 2
74 57 17 5 1 0 2 4 7 3 6
74 58 16 7 1 0 6 4 5 3 2
74 58 16 7 1 6 3 4 5 0 2
74 58 16 0 1 6 2 7 5 3 4
74 58 16 0 7 6 2 5 1 3 4
74 58 16 2 1 0 5 3 7 6 4
74 59 15 0 1 6 4 7 2 3 5
74 59 15 5 1 4 2 7 0 6 3
74 59 15 5 0 1 4 7 2 3 6
74 59 15 2 7 0 4 6 5 3 1
74 60 14 5 1 6 3 4 0 7 2
74 60 14 2 1 0 5 7 3 6 4
74 60 14 7 1 4 2 0 5 6 3
74 60 14 7 0 4 2 5 1 6 3
74 60 14 6 0 4 1 5 7 3 2
74 60 14 4 1 0 3 2 7 6 5
74 60 14 2 0 3 5 7 1 6 4
74 60 14 0 7 1 4 5 2 3 6
74 60 14 6 2 3 7 5 1 0 4
74 60 14 4 1 3 6 0 7 2 5
74 60 14 0 1 3 6 5 7 2 4
74 61 13 4 1 3 6 2 7 0 5
74 61 13 4 1 6 3 2 7 5 0
74 61 13 5 1 6 4 0 2 7 3
74 61 13 2 1 6 7 4 0 5 3
74 61 13 6 1 4 3 5 7 0 2
74 61 13 2 1 6 3 7 4 0 5
74 61 13 6 1 3 2 4 5 7 0
74 61 13 1 5 6 4 7 0 3 2
74 61 13 5 6 3 4 0 7 2 1
74 61 13 5 1 3 2 6 0 7 4
74 61 13 6 0 3 4 1 5 7 2
74 61 13 2 7 1 4 0 6 3 5
74 61 13 2 7 0 4 5 6 3 1
74 61 13 0 1 4 3 6 5 7 2
74 61 13 2 3 4 6 0 1 7 5
74 61 13 2 3 7 4 0 1 6 5
74 61 13 0 7 3 4 5 6 2 1
74 62 12 7 1 4 6 5 3 0 2
74 62 12 2 3 0 5 1 7 6 4
74 62 12 5 1 6 3 2 7 4 0
74 62 12 3 1 6 4 5 7 0 2
74 62 12 0 1 6 4 5 2 7 3
74 63 11 5 1 4 3 2 7 6 0
74 63 11 3 2 6 4 1 0 7 5
74 63 11 3 0 2 4 5 7 6 1
74 63 11 3 2 4 0 5 7 6 1
74 63 11 1 4 0 5 2 7 3 6
74 63 11 1 7 4 5 2 0 3 6
74 63 11 0 2 1 4 3 5 7 6
74 63 11 0 2 1 4 6 5 7 3
74 63 11 2 3 6 0 5 1 7 4
74 63 11 5 2 4 3 0 1 7 6
74 63 11 7 0 1 4 5 6 3 2
74 63 11 7 1 4 0 5 6 3 2
74 63 11 6 2 3 0 1 5 7 4
74 63 11 6 2 3 4 0 5 7 1
74 64 10 1 0 3 2 5 7 4 6
74 64 10 2 4 3 0 5 1 7 6
74 64 10 4 1 3 2 5 0 7 6
74 64 10 1 6 0 4 3 5 7 2
74 64 10 1 6 3 4 2 0 7 5
74 64 10 1 3 6 2 5 7 0 4
74 64 10 1 3 4 0 2 5 7 6
74 64 10 7 2 0 4 5 6 1 3
74 65 9 4 2 3 7 5 1 6 0
74 65 9 1 3 7 4 5 0 6 2
74 65 9 6 1 3 4 5 2 7 0
74 65 9 1 0 7 4 5 6 3 2
74 66 8 1 2 6 3 5 7 0 4
74 66 8 2 7 3 4 1 6 5 0
74 66 8 1 5 3 4 6 7 0 2
74 66 8 1 2 0 3 6 5 7 4
75 56 19 2 7 6 0 4 1 3 5
75 57 18 0 1 6 3 4 7 5 2
75 58 17 5 0 6 2 7 1 3 4
75 58 17 4 5 6 0 1 7 3 2
75 58 17 0 1 4 5 3 7 6 2
75 59 16 7 1 6 5 4 0 3 2
75 59 16 5 1 6 3 2 0 7 4
75 59 16 7 0 1 4 2 5 3 6
75 59 16 0 7 1 4 6 5 3 2
75 60 15 5 6 4 1 0 7 3 2
75 60 15 2 0 4 5 7 1 6 3
75 60 15 2 0 4 6 7 1 3 5
75 60 15 0 1 4 2 6 7 3 5
75 60 15 6 2 3 5 0 1 7 4
75 60 15 0 6 3 4 1 7 5 2
75 61 14 4 1 6 3 2 0 7 5
75 61 14 4 1 6 7 2 5 0 3
75 61 14 4 1 3 5 7 0 6 2
75 61 14 2 1 7 6 4 5 0 3
75 61 14 5 1 4 6 2 7 3 0
75 61 14 4 6 3 0 5 7 2 1
75 61 14 7 6 3 4 5 0 2 1
75 61 14 1 2 6 0 4 5 7 3
75 61 14 0 7 1 4 5 6 3 2
75 61 14 0 3 4 6 5 1 7 2
75 61 14 0 3 7 4 5 1 6 2
75 62 13 1 0 6 2 5 7 4 3
75 62 13 0 1 6 5 2 7 4 3
75 62 13 1 0 6 3 2 7 4 5
75 62 13 0 2 3 5 1 7 6 4
75 62 13 2 7 3 5 1 0 6 4
75 62 13 2 7 6 4 1 5 3 0
75 62 13 3 1 0 6 5 7 4 2
75 62 13 2 1 3 7 6 0 5 4
75 62 13 2 0 4 3 7 1 6 5
75 62 13 2 0 6 4 3 1 5 7
75 62 13 1 0 6 4 7 2 3 5
75 62 13 3 2 1 6 5 7 0 4
75 62 13 2 6 4 3 0 1 7 5
75 63 12 7 1 6 3 5 4 0 2
75 63 12 1 0 3 2 4 7 6 5
75 63 12 2 1 0 4 7 5 3 6
75 63 12 2 3 1 4 7 0 6 5
75 63 12 2 1 4 5 7 3 6 0
75 63 12 6 0 2 4 5 1 7 3
75 63 12 6 2 4 0 5 1 7 3
75 63 12 6 2 7 4 5 1 0 3
75 63 12 0 2 6 4 3 1 7 5
75 63 12 3 2 1 4 7 0 6 5
75 63 12 0 2 1 4 3 7 6 5
75 63 12 2 5 1 4 3 0 7 6
75 63 12 2 5 1 4 6 0 7 3
75 63 12 2 3 7 6 5 1 0 4
75 63 12 2 0 1 4 7 6 3 5
75 63 12 2 1 4 0 7 6 3 5
75 63 12 1 2 3 0 4 7 6 5
75 64 11 2 1 0 4 3 7 6 5
75 64 11 1 7 6 2 5 3 4 0
75 64 11 2 0 7 4 5 6 1 3
75 64 11 1 5 6 4 3 0 7 2
75 64 11 7 6 3 4 5 0 1 2
75 64 11 5 2 6 4 3 1 0 7
75 64 11 5 2 1 4 3 7 0 6
75 64 11 1 7 3 2 0 5 6 4
75 64 11 0 1 3 4 2 6 5 7
75 64 11 2 0 3 4 1 6 5 7
75 64 11 1 6 3 0 2 5 7 4
75 64 11 0 2 3 1 5 7 6 4
75 65 10 4 1 2 3 5 7 0 6
75 65 10 5 2 3 6 4 1 7 0
75 65 10 2 6 3 4 7 1 5 0
75 65 10 3 1 6 4 5 0 7 2
75 65 10 1 6 4 3 0 5 7 2
75 65 10 1 7 4 0 5 6 3 2
75 65 10 2 1 0 4 5 6 7 3
75 66 9 2 3 4 7 5 1 6 0
75 66 9 2 3 4 6 1 5 7 0
75 66 9 2 3 7 4 1 5 6 0
75 66 9 1 7 4 2 5 3 6 0
75 66 9 1 2 6 3 0 5 7 4
75 66 9 1 3 6 4 0 5 7 2
75 66 9 1 0 6 4 5 3 7 2
75 66 9 1 3 4 0 6 5 7 2
75 66 9 1 3 7 4 6 5 0 2
75 66 9 5 2 3 4 6 0 1 7
75 66 9 1 3 4 2 5 7 0 6
75 67 8 7 1 3 2 5 6 4 0
75 67 8 1 3 0 5 2 7 6 4
75 68 7 6 2 3 4 5 7 1 0
75 68 7 4 2 3 1 5 7 6 0
75 69 6 1 0 3 4 5 6 2 7
75 69 6 4 1 3 2 5 6 7 0
76 58 18 7 0 6 2 1 5 3 4
76 58 18 6 2 1 5 0 7 3 4
76 59 17 7 1 6 0 4 2 3 5
76 59 17 5 0 4 2 1 7 6 3
76 59 17 7 2 1 0 4 5 3 6
76 60 16 5 6 0 2 1 7 3 4
76 60 16 7 6 4 1 5 0 3 2
76 60 16 2 6 0 4 1 7 5 3
76 60 16 4 1 0 6 5 7 2 3
76 61 15 4 1 0 6 2 5 7 3
76 61 15 1 6 4 5 7 0 3 2
76 61 15 1 0 4 5 6 7 3 2
76 61 15 2 0 1 6 4 5 7 3
76 61 15 5 1 4 6 7 0 3 2
76 61 15 5 1 4 0 6 7 3 2
76 61 15 2 0 6 3 7 1 4 5
76 61 15 5 1 3 2 4 0 7 6
76 61 15 6 0 3 4 2 1 7 5
76 61 15 6 2 3 0 4 1 7 5
76 61 15 6 1 3 0 4 5 7 2
76 62 14 2 4 0 5 1 7 6 3
76 62 14 2 7 4 5 1 0 6 3
76 62 14 1 0 4 6 2 7 3 5
76 62 14 0 2 4 6 1 7 3 5
76 62 14 2 1 6 5 3 7 4 0
76 62 14 0 5 1 4 2 7 3 6
76 62 14 5 7 1 4 2 0 3 6
76 62 14 7 1 4 6 0 5 3 2
76 62 14 7 0 4 6 5 1 3 2
76 62 14 3 1 6 0 2 7 4 5
76 62 14 2 1 0 7 6 5 3 4
76 62 14 0 1 4 7 5 3 6 2
76 62 14 4 1 3 7 6 5 0 2
76 62 14 0 6 4 3 5 1 7 2
76 63 13 5 2 1 6 4 7 3 0
76 63 13 1 2 6 5 0 7 3 4
76 63 13 2 6 3 5 1 7 0 4
76 63 13 2 1 6 4 3 7 0 5
76 63 13 1 7 6 2 4 5 3 0
76 63 13 7 0 1 4 5 3 2 6
76 63 13 7 1 4 0 5 3 2 6
76 63 13 5 1 6 4 0 3 2 7
76 63 13 3 1 6 4 5 0 2 7
76 63 13 6 1 4 2 5 0 7 3
76 63 13 0 2 1 4 7 3 6 5
76 63 13 5 1 4 2 6 7 0 3
76 63 13 5 1 4 3 7 0 6 2
76 63 13 3 1 4 6 5 7 0 2
76 63 13 2 1 7 4 3 0 5 6
76 63 13 2 1 7 4 6 0 5 3
76 63 13 4 2 6 3 0 1 7 5
76 63 13 4 2 1 3 0 7 6 5
76 63 13 4 2 0 3 5 7 6 1
76 64 12 2 1 5 4 7 3 0 6
76 64 12 1 0 4 3 2 7 6 5
76 64 12 0 2 4 3 1 7 6 5
76 64 12 2 7 1 6 5 3 4 0
76 64 12 7 1 4 3 0 5 6 2
76 64 12 7 0 4 3 5 1 6 2
76 64 12 6 1 3 2 5 7 4 0
76 64 12 1 7 0 2 5 3 6 4
76 64 12 4 6 0 3 5 1 7 2
76 64 12 2 7 4 0 5 6 1 3
76 64 12 2 4 7 3 5 1 0 6
76 64 12 2 3 7 4 0 5 1 6
76 64 12 1 2 3 5 0 7 6 4
76 65 11 0 1 3 5 2 7 4 6
76 65 11 2 1 3 5 6 7 4 0
76 65 11 1 0 3 6 2 5 7 4
76 65 11 0 2 3 6 1 5 7 4
76 65 11 1 6 4 2 5 0 7 3
76 65 11 4 2 0 3 1 5 7 6
76 65 11 1 3 0 6 5 7 4 2
76 65 11 1 7 3 6 5 0 4 2
76 65 11 5 2 3 0 1 7 6 4
76 65 11 5 2 3 4 0 7 6 1
76 65 11 4 1 3 0 5 2 7 6
76 65 11 1 3 6 0 5 7 2 4
76 65 11 1 3 0 4 5 7 2 6
76 66 10 4 2 3 5 6 1 7 0
76 66 10 4 1 2 6 5 7 3 0
76 66 10 7 2 3 4 0 1 6 5
76 66 10 5 2 3 4 7 1 6 0
76 66 10 1 2 0 3 4 5 7 6
76 66 10 1 0 6 3 5 2 7 4
76 66 10 1 3 4 0 2 7 6 5
76 66 10 0 2 3 4 6 1 5 7
76 66 10 1 2 3 6 0 5 7 4
76 67 9 1 7 2 4 5 3 0 6
76 67 9 1 7 3 4 2 6 0 5
76 67 9 2 1 3 4 7 5 6 0
76 67 9 2 7 3 4 5 1 6 0
76 67 9 2 6 3 4 1 5 7 0
76 67 9 2 7 1 3 5 6 4 0
76 67 9 1 0 2 4 5 7 6 3
76 67 9 1 2 4 0 5 7 6 3
76 67 9 1 7 3 5 2 0 6 4
76 68 8 7 2 3 4 1 6 0 5
76 68 8 5 1 3 4 6 2 7 0
76 68 8 5 1 3 4 2 6 7 0
76 68 8 1 2 6 4 3 5 0 7
76 69 7 1 4 3 2 5 7 6 0
76 69 7 1 0 3 2 5 6 7 4
77 59 18 6 0 1 4 2 7 3 5
77 59 18 6 2 1 0 4 7 3 5
77 60 17 0 5 6 2 1 7 3 4
77 60 17 5 7 6 2 1 0 3 4
77 60 17 5 0 1 6 4 7 3 2
77 61 16 7 6 0 4 2 1 3 5
77 61 16 0 2 1 6 4 7 3 5
77 61 16 4 1 6 2 0 5 7 3
77 61 16 4 0 3 5 1 7 6 2
77 62 15 0 2 4 5 1 7 6 3
77 62 15 2 4 0 6 1 7 3 5
77 62 15 2 7 4 6 1 0 3 5
77 62 15 2 1 6 5 7 0 4 3
77 62 15 5 1 6 3 7 0 4 2
77 62 15 3 1 6 5 0 7 4 2
77 62 15 0 1 6 4 2 3 5 7
77 62 15 2 0 6 4 1 3 5 7
77 62 15 7 1 4 5 0 3 6 2
77 62 15 0 6 2 1 5 7 3 4
77 62 15 3 2 6 7 5 1 0 4
77 62 15 3 2 1 5 0 7 6 4
77 63 14 0 2 6 3 1 7 4 5
77 63 14 2 6 0 3 1 7 4 5
77 63 14 2 1 0 6 3 7 4 5
77 63 14 7 1 6 3 0 5 4 2
77 63 14 7 0 6 3 5 1 4 2
77 63 14 2 5 1 4 7 0 3 6
77 63 14 7 1 0 6 5 3 2 4
77 63 14 4 1 6 0 5 3 2 7
77 63 14 3 1 4 5 0 7 6 2
77 63 14 0 1 4 2 3 5 7 6
77 63 14 0 1 4 2 6 5 7 3
77 63 14 6 2 0 4 1 5 7 3
77 64 13 4 2 1 5 6 7 3 0
77 64 13 3 1 4 0 2 7 6 5
77 64 13 2 4 0 3 1 7 6 5
77 64 13 2 7 4 3 1 0 6 5
77 64 13 2 1 4 5 6 0 7 3
77 64 13 5 1 3 2 0 7 4 6
77 64 13 2 0 1 6 3 5 7 4
77 64 13 2 1 7 6 3 5 0 4
77 64 13 0 4 6 3 5 1 7 2
77 64 13 0 4 1 3 5 7 6 2
77 64 13 4 7 1 3 5 0 6 2
77 64 13 5 2 6 0 3 1 7 4
77 64 13 5 2 0 4 3 1 7 6
77 64 13 2 6 0 4 5 1 3 7
77 64 13 5 2 1 0 3 7 6 4
77 64 13 1 6 4 3 0 7 2 5
77 64 13 2 1 3 0 4 6 5 7
77 65 12 7 2 1 6 5 3 0 4
77 65 12 5 3 0 4 2 1 7 6
77 65 12 6 1 4 5 2 7 0 3
77 65 12 4 1 2 0 5 7 6 3
77 65 12 2 3 0 6 1 5 7 4
77 65 12 2 5 3 6 1 0 7 4
77 65 12 4 2 3 7 5 0 1 6
77 65 12 5 2 0 4 1 7 6 3
77 65 12 2 6 3 4 7 0 1 5
77 65 12 4 2 3 1 0 5 7 6
77 65 12 0 1 7 4 5 3 6 2
77 65 12 5 1 0 4 7 6 3 2
77 65 12 7 2 1 0 5 3 6 4
77 65 12 0 2 1 4 5 3 6 7
77 65 12 1 3 6 4 0 7 2 5
77 66 11 6 1 3 2 5 7 0 4
77 66 11 1 2 6 5 4 7 3 0
77 66 11 1 0 6 3 5 7 2 4
77 66 11 7 1 4 5 2 3 0 6
77 66 11 1 0 4 3 2 5 7 6
77 66 11 0 2 4 3 1 5 7 6
77 66 11 1 3 4 2 5 0 7 6
77 66 11 2 3 0 7 5 1 4 6
77 66 11 1 2 3 7 4 5 0 6
77 66 11 1 3 6 4 2 7 0 5
77 66 11 7 1 3 4 2 5 0 6
77 66 11 7 1 3 0 2 5 6 4
77 66 11 2 3 0 4 6 1 5 7
77 66 11 5 2 0 4 6 1 3 7
77 66 11 0 3 4 1 5 6 7 2
77 66 11 1 3 4 7 5 6 0 2
77 66 11 0 2 3 1 6 5 7 4
77 66 11 1 2 3 7 6 5 0 4
77 67 10 7 2 6 4 5 1 3 0
77 67 10 2 1 3 4 6 7 0 5
77 67 10 7 2 1 4 3 5 6 0
77 67 10 1 6 3 5 2 7 0 4
77 67 10 1 6 3 0 5 7 4 2
77 67 10 1 7 3 4 0 2 6 5
77 67 10 3 2 6 4 1 5 0 7
77 67 10 6 2 3 4 0 5 1 7
77 68 9 2 0 3 4 5 7 6 1
77 68 9 6 2 3 4 5 0 7 1
77 68 9 4 2 3 1 5 0 7 6
77 69 8 1 2 3 4 6 0 7 5
77 69 8 0 2 3 4 1 6 7 5
77 70 7 2 1 3 4 5 0 6 7
77 71 6 1 2 3 4 7 6 0 5
77 71 6 1 2 3 4 0 6 5 7
78 59 19 0 7 6 4 2 5 3 1
78 61 17 4 0 1 6 2 7 3 5
78 61 17 2 7 1 6 4 0 3 5
78 61 17 0 6 4 5 1 7 3 2
78 61 17 5 0 4 6 1 7 3 2
78 61 17 6 1 4 5 0 7 3 2
78 62 16 6 1 4 0 2 7 3 5
78 62 16 5 1 6 2 0 7 4 3
78 62 16 7 1 6 3 2 0 4 5
78 62 16 1 6 2 5 0 7 3 4
78 62 16 3 2 6 5 0 1 7 4
78 63 15 5 2 0 1 4 7 3 6
78 63 15 5 2 1 3 4 7 0 6
78 63 15 2 6 5 0 1 7 3 4
78 63 15 2 7 6 5 1 3 0 4
78 63 15 2 7 6 3 1 0 4 5
78 63 15 1 7 0 6 4 5 3 2
78 63 15 1 7 6 3 4 5 0 2
78 63 15 1 6 0 2 4 7 3 5
78 63 15 6 7 1 4 2 5 3 0
78 63 15 6 1 0 2 5 7 4 3
78 63 15 2 1 4 7 0 3 6 5
78 63 15 5 0 4 3 1 7 6 2
78 63 15 5 1 4 0 3 7 6 2
78 63 15 3 0 1 4 2 7 6 5
78 63 15 2 1 4 7 3 5 0 6
78 63 15 2 1 4 7 6 5 0 3
78 64 14 1 0 6 2 4 5 7 3
78 64 14 3 1 6 2 4 5 7 0
78 64 14 2 0 1 4 7 3 5 6
78 64 14 2 1 4 0 7 3 5 6
78 64 14 7 1 6 4 3 0 2 5
78 64 14 2 1 4 6 3 7 0 5
78 64 14 2 7 0 6 5 3 1 4
78 64 14 2 1 0 5 6 7 4 3
78 64 14 7 1 3 2 5 0 4 6
78 64 14 7 1 0 2 5 3 4 6
78 64 14 2 6 7 0 5 1 3 4
78 64 14 5 2 0 4 3 7 6 1
78 65 13 4 0 1 3 5 7 2 6
78 65 13 2 1 3 5 7 0 4 6
78 65 13 0 5 3 4 2 1 7 6
78 65 13 5 2 0 3 4 1 7 6
78 65 13 5 2 3 7 4 1 0 6
78 65 13 1 6 0 2 5 7 4 3
78 65 13 2 5 0 4 1 7 3 6
78 65 13 7 2 1 4 0 3 6 5
78 65 13 7 2 0 4 5 3 6 1
78 66 12 7 1 4 2 6 5 3 0
78 66 12 4 2 3 5 1 0 7 6
78 66 12 2 4 0 3 1 5 7 6
78 66 12 2 5 4 3 1 0 7 6
78 66 12 3 0 4 2 5 1 7 6
78 66 12 6 3 4 2 5 1 7 0
78 66 12 2 3 4 7 5 0 1 6
78 66 12 0 1 2 4 5 7 3 6
78 66 12 0 2 4 6 5 1 7 3
78 66 12 5 1 0 3 2 7 6 4
78 66 12 2 7 0 4 1 6 3 5
78 66 12 1 3 4 2 0 7 6 5
78 66 12 1 3 4 5 0 6 7 2
78 67 11 2 1 3 5 6 7 0 4
78 67 11 5 2 1 4 7 6 0 3
78 67 11 1 0 7 4 5 3 2 6
78 67 11 2 1 5 0 4 7 6 3
78 67 11 1 6 5 0 2 7 3 4
78 67 11 1 7 6 5 2 3 0 4
78 67 11 3 1 4 2 5 0 7 6
78 67 11 5 2 1 4 6 0 7 3
78 67 11 7 3 6 4 5 1 0 2
78 67 11 2 7 0 3 5 6 1 4
78 67 11 6 0 3 4 5 2 1 7
78 67 11 2 1 3 0 4 5 6 7
78 68 10 1 7 6 4 5 2 3 0
78 68 10 1 7 4 2 5 6 0 3
78 68 10 4 2 3 5 1 7 6 0
78 68 10 5 6 3 4 1 7 2 0
78 68 10 2 3 6 4 1 7 5 0
78 68 10 1 4 0 5 2 7 6 3
78 68 10 1 7 4 5 2 0 6 3
78 68 10 3 1 4 5 2 7 0 6
78 68 10 1 2 0 6 5 7 3 4
78 68 10 1 7 3 4 2 5 0 6
78 68 10 1 7 3 0 2 5 6 4
78 68 10 4 2 3 6 5 0 1 7
78 68 10 1 2 6 0 3 5 7 4
78 68 10 1 2 0 4 3 5 7 6
78 69 9 7 2 1 3 5 6 0 4
78 69 9 1 6 3 2 4 5 7 0
78 69 9 1 0 3 4 7 6 2 5
78 69 9 2 0 3 4 6 1 7 5
78 69 9 5 1 3 4 0 6 2 7
78 69 9 1 0 2 4 6 5 7 3
78 69 9 1 2 4 0 6 5 7 3
78 69 9 1 2 7 4 6 5 0 3
78 69 9 1 6 2 4 5 0 7 3
78 69 9 1 4 3 2 5 0 7 6
78 69 9 4 1 0 3 5 6 7 2
78 69 9 2 3 0 4 1 6 7 5
78 70 8 4 1 3 7 2 5 6 0
78 70 8 1 3 4 6 5 7 2 0
78 70 8 1 7 4 3 5 6 0 2
78 70 8 2 1 0 4 5 6 3 7
78 71 7 1 3 4 5 2 7 6 0
78 71 7 1 2 4 6 5 7 3 0
78 71 7 1 3 4 2 5 6 0 7
78 72 6 1 3 7 4 2 5 6 0
78 73 5 1 3 2 4 5 7 6 0
79 62 17 0 2 6 5 7 1 3 4
79 62 17 2 6 0 5 7 1 3 4
79 62 17 7 1 6 2 5 0 4 3
79 62 17 2 0 6 5 1 7 4 3
79 62 17 4 7 6 0 1 5 3 2
79 62 17 5 0 6 3 1 7 4 2
79 62 17 5 1 6 0 3 7 4 2
79 62 17 2 1 6 0 4 3 5 7
79 63 16 4 1 6 5 7 3 0 2
79 63 16 0 2 1 5 4 7 3 6
79 63 16 2 7 6 5 0 1 3 4
79 63 16 1 7 6 2 4 0 3 5
79 63 16 7 1 3 2 4 0 6 5
79 63 16 4 7 1 0 2 5 3 6
79 63 16 0 1 6 7 5 3 2 4
79 63 16 0 1 4 2 7 3 6 5
79 63 16 5 1 0 2 6 7 3 4
79 63 16 3 0 6 4 2 1 7 5
79 63 16 3 2 6 0 4 1 7 5
79 63 16 3 2 1 0 4 7 6 5
79 64 15 2 1 0 6 7 3 5 4
79 64 15 0 1 6 4 7 3 2 5
79 64 15 5 2 1 6 7 0 3 4
79 64 15 7 1 4 3 2 0 6 5
79 64 15 0 1 4 2 3 7 6 5
79 64 15 4 0 6 3 1 5 7 2
79 64 15 2 6 7 4 0 1 3 5
79 64 15 0 6 3 4 2 5 7 1
79 65 14 2 7 1 6 4 5 3 0
79 65 14 7 2 1 6 0 5 3 4
79 65 14 0 1 6 4 5 7 2 3
79 65 14 4 0 6 2 5 1 7 3
79 65 14 4 0 1 2 5 7 6 3
79 65 14 4 2 0 7 5 1 3 6
79 65 14 3 0 6 4 1 5 7 2
79 65 14 4 2 3 7 1 5 0 6
79 66 13 1 0 6 4 7 3 5 2
79 66 13 6 1 2 0 5 7 3 4
79 66 13 1 2 0 6 4 7 3 5
79 66 13 1 2 6 3 4 7 0 5
79 66 13 7 1 4 5 0 2 3 6
79 66 13 7 0 4 5 2 1 3 6
79 66 13 3 1 4 0 2 5 7 6
79 66 13 6 1 4 3 2 5 7 0
79 66 13 5 3 4 2 0 1 7 6
79 66 13 2 4 0 6 5 1 7 3
79 66 13 4 2 3 0 7 1 6 5
79 66 13 2 3 4 1 0 5 7 6
79 66 13 2 3 4 7 1 5 0 6
79 66 13 2 3 7 4 1 0 5 6
79 66 13 1 7 4 6 5 3 0 2
79 66 13 0 2 3 1 4 5 7 6
79 66 13 0 6 3 2 5 1 7 4
79 66 13 0 1 3 4 2 5 6 7
79 67 12 1 0 6 2 3 5 7 4
79 67 12 7 1 0 4 2 5 6 3
79 67 12 2 1 3 6 7 4 0 5
79 67 12 2 1 0 3 6 7 4 5
79 67 12 1 7 4 0 5 3 2 6
79 67 12 2 1 6 4 7 5 0 3
79 67 12 2 1 6 4 0 5 3 7
79 67 12 2 7 6 4 5 1 0 3
79 67 12 4 2 6 1 5 7 0 3
79 67 12 2 3 6 4 7 1 0 5
79 67 12 2 7 1 4 3 5 0 6
79 67 12 6 2 1 4 0 5 7 3
79 67 12 5 2 0 4 6 7 1 3
79 67 12 5 7 3 4 0 1 6 2
79 67 12 7 3 4 0 5 1 6 2
79 67 12 3 2 6 0 1 5 7 4
79 67 12 3 2 6 4 0 5 7 1
79 67 12 3 2 0 4 1 5 7 6
79 67 12 7 1 0 2 5 6 3 4
79 67 12 2 1 3 7 0 5 6 4
79 68 11 2 3 4 5 6 1 7 0
79 68 11 4 1 6 2 3 5 7 0
79 68 11 1 7 6 4 2 3 5 0
79 68 11 6 1 3 4 5 7 0 2
79 68 11 7 2 6 4 1 3 5 0
79 68 11 1 4 2 0 5 7 6 3
79 68 11 2 6 7 3 5 1 4 0
79 68 11 5 6 3 4 1 0 7 2
79 68 11 2 3 6 4 1 0 7 5
79 68 11 0 2 1 4 6 5 3 7
79 68 11 2 1 4 7 6 5 3 0
79 68 11 4 2 3 0 5 7 6 1
79 68 11 7 2 3 4 5 0 6 1
79 68 11 5 2 0 3 6 1 7 4
79 68 11 5 0 3 4 1 6 7 2
79 69 10 2 3 4 5 1 7 6 0
79 69 10 1 6 3 4 7 2 0 5
79 69 10 1 3 0 4 6 7 2 5
79 69 10 1 7 3 4 6 0 2 5
79 69 10 4 1 3 0 5 6 2 7
79 69 10 1 6 3 2 0 5 7 4
79 69 10 3 0 2 4 5 1 6 7
79 69 10 3 2 4 0 5 1 6 7
79 69 10 3 2 1 4 0 5 7 6
79 70 9 5 2 3 4 6 7 0 1
79 70 9 2 6 4 3 1 5 7 0
79 70 9 2 1 6 3 5 4 7 0
79 70 9 1 5 3 4 0 7 6 2
79 70 9 1 4 3 6 5 7 0 2
79 70 9 1 3 4 6 5 0 7 2
79 70 9 2 0 3 4 6 5 7 1
79 70 9 7 1 3 4 2 6 5 0
79 70 9 1 4 3 0 5 7 6 2
79 71 8 7 1 3 4 5 2 6 0
79 71 8 5 1 3 4 6 7 2 0
79 72 7 1 2 4 3 5 7 0 6
79 72 7 1 7 3 2 5 6 4 0
79 73 6 1 2 3 6 5 7 4 0
80 62 18 7 1 4 6 2 0 3 5
80 63 17 0 1 6 2 3 7 4 5
80 63 17 7 1 6 5 0 3 2 4
80 64 16 4 2 1 5 7 0 3 6
80 64 16 4 0 1 5 2 7 3 6
80 64 16 2 1 6 7 0 3 5 4
80 64 16 0 6 7 4 5 1 3 2
80 64 16 0 6 4 3 5 7 2 1
80 65 15 2 7 0 1 4 5 3 6
80 65 15 7 0 1 6 5 2 3 4
80 65 15 2 0 3 5 1 7 4 6
80 65 15 0 2 3 5 4 1 7 6
80 65 15 6 1 0 5 2 7 3 4
80 65 15 5 1 3 6 2 0 7 4
80 65 15 2 5 3 0 4 1 7 6
80 65 15 0 3 6 4 5 7 2 1
80 66 14 7 1 6 4 0 3 5 2
80 66 14 5 1 4 2 7 3 0 6
80 66 14 5 1 4 3 2 7 0 6
80 66 14 5 1 6 3 0 7 2 4
80 66 14 3 1 6 0 5 7 2 4
80 66 14 5 0 6 4 1 2 7 3
80 66 14 0 3 4 2 1 5 7 6
80 66 14 1 7 4 5 0 3 6 2
80 66 14 2 6 3 7 5 1 0 4
80 67 13 2 1 5 0 6 7 3 4
80 67 13 3 1 6 2 0 5 7 4
80 67 13 5 0 2 4 1 7 3 6
80 67 13 5 2 4 0 1 7 3 6
80 67 13 5 2 6 4 7 1 0 3
80 67 13 5 2 6 4 0 1 3 7
80 67 13 1 7 0 6 5 3 2 4
80 67 13 4 1 3 2 7 0 6 5
80 67 13 2 0 1 5 4 7 6 3
80 67 13 4 0 2 6 5 1 7 3
80 67 13 4 2 7 6 5 1 0 3
80 67 13 4 0 2 1 5 7 6 3
80 67 13 0 2 1 4 7 5 6 3
80 67 13 1 7 6 5 0 2 3 4
80 67 13 2 3 4 0 7 1 6 5
80 67 13 3 1 0 2 5 7 4 6
80 67 13 6 0 1 4 5 2 7 3
80 67 13 6 1 3 4 2 0 5 7
80 67 13 4 1 3 0 7 5 6 2
80 67 13 4 7 3 0 5 1 6 2
80 67 13 2 1 3 6 4 0 5 7
80 67 13 4 6 3 0 1 5 7 2
80 67 13 0 1 3 7 4 5 6 2
80 68 12 2 1 6 7 3 5 4 0
80 68 12 0 3 4 5 2 1 7 6
80 68 12 5 1 6 4 0 3 7 2
80 68 12 5 1 6 4 3 7 0 2
80 68 12 7 6 4 2 5 1 3 0
80 68 12 1 7 0 4 2 3 6 5
80 68 12 5 1 3 6 2 7 4 0
80 68 12 7 1 0 4 5 2 6 3
80 68 12 7 2 0 4 1 3 6 5
80 68 12 1 4 6 2 5 7 0 3
80 68 12 2 1 0 3 4 5 6 7
80 68 12 5 2 6 3 1 0 7 4
80 68 12 5 2 6 3 4 1 7 0
80 68 12 5 2 1 3 4 7 6 0
80 68 12 4 2 0 3 1 7 6 5
80 68 12 7 0 3 4 1 2 6 5
80 68 12 2 1 3 5 4 0 7 6
80 68 12 7 0 2 4 5 3 1 6
80 68 12 7 2 4 0 5 3 1 6
80 68 12 2 5 1 4 6 0 3 7
80 68 12 4 1 3 6 2 5 0 7
80 68 12 3 1 0 5 2 7 6 4
80 68 12 4 2 0 6 5 1 3 7
80 69 11 2 6 4 3 1 7 5 0
80 69 11 7 1 3 6 5 4 0 2
80 69 11 2 1 3 6 0 4 7 5
80 69 11 1 6 7 4 2 5 0 3
80 69 11 1 5 6 4 2 7 0 3
80 69 11 3 1 0 4 2 5 6 7
80 69 11 4 1 3 5 2 7 0 6
80 69 11 0 1 3 4 6 7 2 5
80 69 11 4 2 3 0 6 1 7 5
80 69 11 4 2 1 3 0 5 7 6
80 69 11 7 2 1 4 6 5 0 3
80 69 11 7 1 0 3 5 6 2 4
80 69 11 3 0 1 4 5 2 7 6
80 70 10 7 1 6 5 2 3 4 0
80 70 10 5 7 3 4 1 6 0 2
80 70 10 7 1 3 5 2 6 0 4
80 70 10 4 2 3 0 5 7 1 6
80 70 10 2 1 3 7 0 4 5 6
80 70 10 2 1 7 3 6 5 4 0
80 70 10 1 3 0 4 7 5 6 2
80 70 10 1 5 3 4 7 0 6 2
80 70 10 1 4 6 3 5 7 0 2
80 70 10 1 3 0 2 6 5 7 4
80 70 10 1 5 3 2 6 0 7 4
80 70 10 6 0 3 4 5 1 7 2
80 70 10 1 7 0 3 5 6 2 4
80 70 10 4 1 3 2 6 5 0 7
80 71 9 4 2 6 3 1 5 7 0
80 71 9 7 1 4 2 5 6 3 0
80 71 9 1 4 2 6 5 7 3 0
80 71 9 1 0 3 6 5 2 7 4
80 71 9 1 0 3 4 6 2 5 7
80 72 8 2 0 3 4 5 1 6 7
80 72 8 3 2 4 6 5 1 7 0
80 72 8 3 2 7 4 5 1 6 0
80 72 8 1 2 4 3 0 5 7 6
80 72 8 1 4 0 3 5 6 7 2
80 72 8 2 1 0 3 5 6 7 4
80 72 8 2 6 3 4 5 1 0 7
80 73 7 1 5 3 4 6 2 7 0
80 73 7 1 5 3 4 2 7 6 0
80 73 7 1 3 4 6 5 2 7 0
80 73 7 1 3 7 4 5 2 6 0
80 73 7 1 5 3 4 2 6 7 0
81 63 18 4 0 6 5 7 1 3 2
81 63 18 7 2 6 5 1 0 3 4
81 63 18 0 7 6 1 4 5 3 2
81 64 17 7 0 6 4 1 3 2 5
81 65 16 2 7 1 3 4 5 0 6
81 65 16 3 1 6 0 4 5 7 2
81 66 15 6 0 1 2 5 7 3 4
81 66 15 4 1 6 3 7 0 2 5
81 66 15 7 1 6 3 5 0 2 4
81 66 15 0 1 4 2 7 5 3 6
81 66 15 7 1 4 0 2 5 3 6
81 66 15 0 7 4 2 5 1 3 6
81 66 15 7 4 0 2 5 1 3 6
81 66 15 4 0 3 5 2 1 7 6
81 66 15 5 1 4 3 2 0 7 6
81 66 15 0 1 4 6 2 5 7 3
81 66 15 2 0 4 6 1 5 7 3
81 66 15 0 7 4 1 5 3 6 2
81 66 15 5 1 3 6 2 7 0 4
81 66 15 2 6 3 5 0 1 7 4
81 66 15 0 3 4 2 5 7 6 1
81 67 14 5 2 0 6 1 7 3 4
81 67 14 5 2 6 3 1 7 0 4
81 67 14 5 2 6 4 7 0 3 1
81 67 14 5 0 1 4 7 3 6 2
81 67 14 5 1 4 0 7 3 6 2
81 67 14 7 1 6 4 2 0 5 3
81 67 14 2 0 3 6 7 1 4 5
81 67 14 0 1 3 2 6 7 4 5
81 67 14 2 6 7 4 0 5 1 3
81 67 14 2 1 6 0 7 5 3 4
81 67 14 2 7 6 0 5 1 3 4
81 67 14 2 7 0 4 5 1 3 6
81 67 14 2 7 1 0 3 5 6 4
81 67 14 6 1 0 4 2 5 3 7
81 67 14 2 1 0 6 4 5 3 7
81 68 13 2 1 0 7 3 5 6 4
81 68 13 2 3 4 5 1 0 7 6
81 68 13 4 1 0 6 3 5 7 2
81 68 13 5 0 6 4 3 1 7 2
81 68 13 1 7 6 4 3 0 2 5
81 68 13 6 1 0 3 5 7 4 2
81 68 13 2 0 7 4 1 3 6 5
81 68 13 2 7 0 1 5 3 6 4
81 68 13 1 7 4 2 0 5 6 3
81 68 13 6 0 2 4 5 7 1 3
81 68 13 6 2 4 0 5 7 1 3
81 68 13 2 6 7 3 5 0 1 4
81 68 13 5 2 1 3 7 0 6 4
81 68 13 0 5 3 4 7 1 6 2
81 68 13 5 3 0 4 7 1 6 2
81 68 13 4 2 3 1 0 7 6 5
81 68 13 4 2 3 6 1 7 0 5
81 68 13 2 1 3 0 4 7 5 6
81 68 13 2 1 3 6 0 7 5 4
81 68 13 0 2 3 5 6 1 7 4
81 68 13 1 7 0 4 2 5 6 3
81 68 13 1 6 3 2 0 7 4 5
81 68 13 5 1 3 0 4 6 7 2
81 69 12 3 6 4 2 5 1 7 0
81 69 12 2 6 4 3 1 0 7 5
81 69 12 4 2 1 6 5 0 7 3
81 69 12 2 0 7 4 5 3 6 1
81 69 12 2 7 6 4 5 3 0 1
81 69 12 7 1 2 0 5 3 6 4
81 69 12 7 2 1 3 0 5 6 4
81 69 12 6 1 3 7 2 5 0 4
81 69 12 7 3 0 4 1 5 6 2
81 69 12 7 5 3 4 1 0 6 2
81 69 12 1 6 0 3 4 5 7 2
81 69 12 1 6 3 7 4 5 0 2
81 69 12 2 1 5 6 4 7 3 0
81 69 12 1 5 6 4 0 2 7 3
81 69 12 6 2 1 3 5 7 4 0
81 69 12 6 0 2 4 5 1 3 7
81 69 12 6 2 4 0 5 1 3 7
81 69 12 4 0 1 3 5 2 7 6
81 69 12 6 1 3 4 5 0 2 7
81 69 12 4 1 3 7 5 6 0 2
81 69 12 1 6 2 4 0 7 3 5
81 70 11 4 2 6 3 1 7 5 0
81 70 11 3 1 2 0 5 7 6 4
81 70 11 7 1 3 2 4 5 6 0
81 70 11 2 6 7 4 1 5 3 0
81 70 11 5 1 3 2 7 6 0 4
81 70 11 1 5 6 4 2 7 3 0
81 70 11 7 1 0 5 2 3 6 4
81 70 11 4 1 3 7 2 0 5 6
81 70 11 7 1 3 5 0 2 6 4
81 70 11 7 0 3 5 2 1 6 4
81 70 11 0 2 1 3 6 5 7 4
81 70 11 7 1 3 4 6 0 2 5
81 70 11 0 1 3 4 7 6 2 5
81 70 11 4 2 3 0 6 5 7 1
81 70 11 5 2 3 4 6 0 7 1
81 70 11 1 7 4 3 0 5 6 2
81 70 11 3 2 6 4 0 5 1 7
81 70 11 3 0 2 4 5 7 1 6
81 70 11 3 2 4 0 5 7 1 6
81 70 11 2 1 4 3 6 0 5 7
81 70 11 2 1 0 3 6 5 4 7
81 71 10 3 1 7 4 2 5 0 6
81 71 10 1 0 3 5 4 7 6 2
81 71 10 6 2 3 1 5 7 0 4
81 71 10 5 2 1 4 7 3 6 0
81 71 10 2 1 7 3 4 5 6 0
81 71 10 2 7 3 4 1 5 6 0
81 71 10 2 1 3 5 7 6 4 0
81 71 10 6 2 3 4 1 7 0 5
81 71 10 1 7 2 4 5 0 3 6
81 71 10 1 0 3 4 7 2 6 5
81 71 10 1 3 4 2 0 6 7 5
81 71 10 1 3 0 2 5 6 7 4
81 72 9 1 0 3 4 7 6 5 2
81 72 9 7 1 2 4 5 6 0 3
81 72 9 2 1 4 3 6 7 5 0
81 72 9 7 1 3 4 5 2 0 6
81 72 9 2 3 6 4 5 1 0 7
81 72 9 2 1 4 3 7 6 5 0
81 72 9 1 2 6 4 7 3 5 0
81 72 9 3 1 2 4 5 0 7 6
81 72 9 1 0 4 3 5 2 7 6
81 72 9 1 3 7 4 2 0 5 6
81 72 9 1 0 2 3 5 7 6 4
81 72 9 1 0 2 4 6 5 3 7
81 72 9 1 2 4 0 6 5 3 7
81 72 9 0 1 4 3 5 6 7 2
81 72 9 1 3 0 4 5 6 2 7
81 73 8 1 7 2 4 5 6 0 3
81 73 8 1 6 2 3 5 7 4 0
81 73 8 7 1 2 4 5 3 6 0
81 73 8 3 2 6 4 5 7 1 0
81 73 8 7 1 4 3 5 6 2 0
81 73 8 2 1 3 4 6 0 7 5
81 74 7 2 3 6 4 5 1 7 0
81 74 7 1 2 6 3 5 7 4 0
81 74 7 1 5 3 4 6 7 2 0
81 76 5 1 2 4 3 5 7 6 0
82 64 18 5 1 6 2 4 0 7 3
82 64 18 0 1 6 2 7 3 5 4
82 64 18 7 1 6 0 4 3 2 5
82 64 18 5 0 1 6 2 7 3 4
82 65 17 0 4 6 5 1 7 3 2
82 65 17 4 6 0 5 1 7 3 2
82 65 17 4 7 6 5 1 0 3 2
82 66 16 3 1 6 4 7 0 5 2
82 66 16 6 1 4 2 7 0 3 5
82 66 16 5 0 4 2 7 1 3 6
82 66 16 0 1 6 3 4 7 2 5
82 66 16 1 0 6 2 7 5 3 4
82 66 16 5 1 6 0 7 3 2 4
82 66 16 5 1 0 4 7 3 2 6
82 67 15 2 0 1 5 6 7 3 4
82 67 15 5 2 6 0 7 1 3 4
82 67 15 5 2 0 4 7 1 3 6
82 67 15 5 0 1 4 7 2 6 3
82 67 15 4 0 3 2 1 7 6 5
82 67 15 7 0 1 4 2 5 6 3
82 67 15 2 7 0 4 3 5 6 1
82 68 14 2 1 0 5 7 3 4 6
82 68 14 1 6 4 3 2 7 0 5
82 68 14 0 1 6 7 2 5 3 4
82 68 14 7 6 4 3 5 1 0 2
82 68 14 1 6 4 2 7 0 3 5
82 68 14 1 0 4 2 6 7 3 5
82 68 14 5 1 3 6 7 0 4 2
82 68 14 5 1 3 0 6 7 4 2
82 68 14 2 7 4 0 1 3 6 5
82 68 14 0 7 1 4 5 2 6 3
82 68 14 7 1 6 0 5 3 4 2
82 68 14 2 1 6 3 4 0 5 7
82 68 14 0 7 3 4 2 1 6 5
82 68 14 0 1 4 2 6 5 3 7
82 68 14 2 1 4 6 0 5 3 7
82 68 14 5 1 3 0 4 2 7 6
82 68 14 0 2 6 1 5 7 3 4
82 68 14 5 2 3 7 6 1 0 4
82 68 14 0 2 6 4 3 5 7 1
82 69 13 1 0 3 6 2 7 4 5
82 69 13 0 2 3 6 1 7 4 5
82 69 13 0 5 1 4 2 7 6 3
82 69 13 5 7 1 4 2 0 6 3
82 69 13 7 1 3 6 0 5 4 2
82 69 13 7 0 3 6 5 1 4 2
82 69 13 2 1 6 5 0 4 7 3
82 69 13 4 2 0 6 5 7 1 3
82 69 13 2 7 1 4 3 0 6 5
82 69 13 2 7 4 0 5 3 6 1
82 69 13 7 0 1 3 5 2 6 4
82 69 13 5 2 0 1 6 7 3 4
82 69 13 5 2 1 3 6 7 0 4
82 69 13 2 1 5 3 4 7 0 6
82 69 13 2 0 3 6 4 1 7 5
82 69 13 1 6 4 0 2 5 7 3
82 69 13 3 1 6 4 2 0 5 7
82 69 13 5 1 3 2 4 7 0 6
82 69 13 5 2 1 3 0 7 4 6
82 69 13 3 2 1 0 5 7 4 6
82 69 13 7 2 1 0 6 5 3 4
82 69 13 0 1 3 7 5 6 2 4
82 69 13 4 1 3 5 0 6 7 2
82 70 12 1 0 6 4 2 5 3 7
82 70 12 2 6 4 7 5 1 3 0
82 70 12 4 2 6 3 1 0 7 5
82 70 12 3 7 1 4 2 5 6 0
82 70 12 3 1 6 2 5 7 0 4
82 70 12 2 0 1 4 6 7 3 5
82 70 12 4 1 0 5 2 7 6 3
82 70 12 3 1 6 7 2 5 0 4
82 70 12 2 7 1 3 5 4 0 6
82 70 12 4 1 0 7 2 5 3 6
82 70 12 5 3 6 4 1 7 0 2
82 70 12 0 2 7 4 5 3 1 6
82 70 12 1 4 6 0 5 7 3 2
82 70 12 7 1 6 4 5 2 0 3
82 70 12 4 0 2 3 5 7 1 6
82 70 12 2 0 3 7 4 1 5 6
82 70 12 2 5 1 3 6 0 7 4
82 70 12 2 1 0 3 7 6 5 4
82 70 12 3 0 6 4 5 2 1 7
82 71 11 1 0 3 6 4 5 7 2
82 71 11 7 6 3 4 1 5 0 2
82 71 11 2 5 6 4 3 1 7 0
82 71 11 6 2 1 3 5 0 7 4
82 71 11 7 1 4 5 2 6 0 3
82 71 11 2 7 4 6 5 3 1 0
82 71 11 2 6 3 0 1 5 7 4
82 71 11 1 7 6 3 5 4 0 2
82 71 11 1 3 4 5 7 0 6 2
82 71 11 4 2 3 6 1 0 7 5
82 71 11 1 4 2 3 5 7 0 6
82 71 11 0 2 1 4 3 5 6 7
82 71 11 2 1 4 7 3 5 6 0
82 71 11 0 1 3 4 5 7 2 6
82 71 11 2 3 4 6 5 0 1 7
82 71 11 7 2 1 0 5 6 3 4
82 71 11 0 2 1 4 5 6 3 7
82 72 10 4 2 3 6 5 7 0 1
82 72 10 6 2 4 1 5 7 3 0
82 72 10 2 3 4 1 5 7 6 0
82 72 10 1 7 3 2 4 5 6 0
82 72 10 7 1 3 4 0 6 5 2
82 72 10 2 1 4 3 6 0 7 5
82 72 10 2 3 4 0 5 1 6 7
82 72 10 2 1 3 0 6 5 4 7
82 72 10 1 2 0 4 7 3 6 5
82 72 10 0 3 2 4 5 1 7 6
82 72 10 0 1 3 2 5 6 7 4
82 72 10 1 3 7 0 5 6 2 4
82 73 9 1 6 3 4 7 5 0 2
82 73 9 7 3 1 4 5 6 0 2
82 73 9 1 6 2 3 5 0 7 4
82 73 9 4 2 7 3 5 1 6 0
82 73 9 1 3 6 4 5 0 2 7
82 73 9 2 5 3 4 6 1 0 7
82 73 9 1 2 3 6 4 5 0 7
82 74 8 2 7 3 4 5 6 0 1
82 74 8 3 2 4 1 5 7 6 0
82 74 8 2 4 3 6 5 1 7 0
82 74 8 1 0 3 4 2 6 7 5
82 75 7 1 3 4 2 6 5 7 0
82 75 7 1 3 5 0 2 7 6 4
82 77 5 1 2 3 4 0 6 7 5
82 77 5 1 2 3 4 7 6 5 0
83 65 18 0 7 1 2 4 5 3 6
83 65 18 4 1 6 5 0 7 2 3
83 66 17 4 1 6 0 7 3 5 2
83 66 17 0 7 1 6 2 5 3 4
83 66 17 2 0 1 6 7 5 3 4
83 66 17 0 2 6 1 4 7 3 5
83 66 17 4 0 6 3 1 7 2 5
83 66 17 4 1 6 0 3 7 2 5
83 66 17 7 0 4 2 1 5 3 6
83 66 17 0 7 6 2 1 5 3 4
83 66 17 4 1 2 5 0 7 3 6
83 67 16 7 1 6 2 0 4 3 5
83 67 16 7 1 6 2 4 3 0 5
83 67 16 5 1 6 2 3 0 7 4
83 67 16 5 2 6 1 0 7 3 4
83 67 16 1 7 6 5 0 3 2 4
83 67 16 2 7 6 0 1 3 5 4
83 67 16 2 7 6 4 0 3 5 1
83 67 16 2 7 0 4 1 3 5 6
83 67 16 7 2 1 0 4 5 6 3
83 67 16 0 7 1 4 3 5 6 2
83 68 15 2 1 6 7 3 0 5 4
83 68 15 0 4 1 2 5 7 3 6
83 68 15 4 7 1 2 5 0 3 6
83 68 15 7 1 0 6 2 5 3 4
83 68 15 7 1 6 3 2 5 0 4
83 68 15 1 0 6 4 7 3 2 5
83 68 15 2 6 4 5 1 7 0 3
83 68 15 6 1 3 5 0 7 4 2
83 68 15 5 0 1 3 2 7 6 4
83 69 14 2 6 4 5 7 1 3 0
83 69 14 6 1 3 0 2 7 4 5
83 69 14 2 3 0 6 1 7 4 5
83 69 14 2 7 3 6 1 0 4 5
83 69 14 6 0 4 2 5 1 7 3
83 69 14 7 0 1 2 5 3 6 4
83 69 14 6 1 0 3 2 5 7 4
83 69 14 2 1 5 4 0 7 3 6
83 69 14 7 2 1 3 5 0 4 6
83 69 14 2 3 4 1 0 7 6 5
83 69 14 2 3 4 6 1 7 0 5
83 69 14 7 2 0 4 6 5 3 1
83 70 13 2 4 1 6 5 7 3 0
83 70 13 3 0 1 2 5 7 6 4
83 70 13 5 0 2 4 6 7 3 1
83 70 13 5 2 4 0 6 7 3 1
83 70 13 7 1 0 3 4 5 6 2
83 70 13 2 7 1 3 4 5 6 0
83 70 13 0 1 3 2 7 5 6 4
83 70 13 0 7 3 2 5 1 6 4
83 70 13 7 3 0 2 5 1 6 4
83 70 13 5 3 4 0 1 7 6 2
83 70 13 1 7 4 6 0 5 3 2
83 70 13 2 1 7 3 6 0 5 4
83 70 13 7 0 3 4 1 6 2 5
83 70 13 7 1 0 4 2 6 3 5
83 70 13 0 7 3 1 5 6 2 4
83 71 12 4 2 6 7 5 1 3 0
83 71 12 1 2 4 5 0 7 3 6
83 71 12 5 6 3 4 7 1 0 2
83 71 12 2 1 0 4 7 5 6 3
83 71 12 4 6 3 1 5 7 2 0
83 71 12 6 2 0 3 5 7 1 4
83 71 12 4 1 7 3 2 5 0 6
83 71 12 7 1 4 5 0 2 6 3
83 71 12 7 0 4 5 2 1 6 3
83 71 12 5 0 2 4 6 1 7 3
83 71 12 5 2 4 0 6 1 7 3
83 71 12 5 2 7 4 6 1 0 3
83 71 12 1 6 0 3 2 5 7 4
83 71 12 1 5 6 3 2 0 7 4
83 71 12 0 1 3 4 7 2 6 5
83 71 12 1 7 6 4 5 0 2 3
83 71 12 2 5 1 4 3 0 6 7
83 71 12 2 1 4 3 0 5 6 7
83 71 12 6 0 2 3 5 1 7 4
83 71 12 6 2 7 3 5 1 0 4
83 71 12 0 5 3 4 1 2 7 6
83 71 12 5 3 0 4 1 2 7 6
83 71 12 6 0 3 4 1 2 7 5
83 71 12 2 3 0 6 5 1 4 7
83 71 12 0 7 3 4 1 6 2 5
83 71 12 5 1 0 4 6 7 3 2
83 71 12 7 2 1 4 0 6 3 5
83 71 12 7 2 0 4 5 6 3 1
83 72 11 4 2 6 1 5 7 3 0
83 72 11 1 6 3 5 4 7 2 0
83 72 11 1 6 4 5 2 7 0 3
83 72 11 0 5 3 4 6 1 7 2
83 72 11 5 3 0 4 6 1 7 2
83 72 11 3 2 7 4 5 0 1 6
83 72 11 1 6 4 0 5 2 7 3
83 72 11 1 6 7 4 5 2 0 3
83 72 11 2 6 4 3 5 0 1 7
83 72 11 2 1 4 6 3 5 0 7
83 72 11 6 2 3 4 1 0 5 7
83 72 11 1 7 0 2 5 6 3 4
83 72 11 2 1 3 7 5 6 0 4
83 72 11 1 3 7 4 0 6 2 5
83 73 10 1 0 7 4 5 6 2 3
83 73 10 4 1 2 3 5 0 7 6
83 73 10 1 6 0 4 5 3 2 7
83 73 10 3 2 6 4 5 0 7 1
83 73 10 6 2 4 3 5 1 0 7
83 73 10 4 2 0 3 5 1 6 7
83 73 10 1 3 4 7 5 2 0 6
83 73 10 1 3 7 4 5 0 2 6
83 73 10 4 2 3 6 1 5 0 7
83 73 10 0 1 3 4 2 6 7 5
83 73 10 0 5 3 4 1 6 7 2
83 74 9 1 0 4 3 6 5 7 2
83 74 9 3 1 6 4 5 7 2 0
83 74 9 1 4 3 5 2 7 0 6
83 74 9 3 2 1 4 6 5 7 0
83 74 9 5 2 4 3 6 1 7 0
83 74 9 1 6 3 4 0 2 7 5
83 74 9 1 3 6 2 5 7 4 0
83 74 9 1 3 4 6 2 5 7 0
83 74 9 1 3 4 7 2 5 0 6
83 74 9 4 2 3 0 5 1 6 7
83 74 9 6 1 3 4 5 2 0 7
83 74 9 1 0 2 3 6 5 7 4
83 74 9 1 2 7 3 6 5 0 4
83 75 8 1 2 6 3 4 5 7 0
83 75 8 1 2 3 5 4 7 6 0
83 75 8 4 1 2 3 5 7 6 0
83 75 8 1 7 4 2 5 6 3 0
83 75 8 1 3 7 4 6 5 2 0
83 75 8 5 2 3 4 0 6 1 7
83 75 8 1 6 3 4 5 0 2 7
83 75 8 4 1 3 2 5 6 0 7
83 76 7 1 3 2 4 5 7 0 6
83 76 7 7 2 3 4 5 1 6 0
83 76 7 1 7 2 4 5 3 6 0
83 76 7 7 2 3 4 1 6 5 0
83 77 6 1 2 3 4 6 7 0 5
83 78 5 1 2 4 3 6 5 7 0
84 66 18 6 0 4 2 1 7 3 5
84 67 17 0 7 6 1 5 3 2 4
84 68 16 0 5 4 2 1 7 3 6
84 68 16 5 4 0 2 1 7 3 6
84 68 16 5 7 4 2 1 0 3 6
84 68 16 2 0 4 5 3 1 7 6
84 68 16 0 7 6 4 1 3 2 5
84 68 16 0 7 6 4 1 2 3 5
84 68 16 1 7 6 0 4 2 3 5
84 68 16 5 0 3 6 1 7 4 2
84 68 16 0 7 1 2 5 3 6 4
84 68 16 2 7 1 5 0 3 6 4
84 68 16 0 1 6 2 5 3 4 7
84 68 16 2 7 3 0 4 1 6 5
84 68 16 0 7 3 4 2 5 6 1
84 68 16 0 6 3 2 5 7 4 1
84 69 15 2 6 4 3 7 1 0 5
84 69 15 5 6 4 2 0 1 7 3
84 69 15 2 0 6 5 4 1 7 3
84 69 15 0 7 1 4 2 3 6 5
84 69 15 4 2 6 5 1 7 0 3
84 69 15 0 6 3 1 4 5 7 2
84 69 15 0 1 5 2 4 7 3 6
84 69 15 0 3 4 2 1 7 6 5
84 69 15 7 1 3 5 0 6 2 4
84 69 15 0 6 2 4 5 7 3 1
84 70 14 4 2 6 5 7 1 3 0
84 70 14 2 6 0 7 5 1 4 3
84 70 14 5 2 0 1 4 7 6 3
84 70 14 4 7 1 6 5 3 0 2
84 70 14 5 7 6 4 2 1 3 0
84 70 14 5 7 1 4 0 3 6 2
84 70 14 3 7 1 4 5 0 6 2
84 70 14 0 2 1 6 5 7 4 3
84 70 14 3 1 4 2 7 0 6 5
84 70 14 4 2 1 0 6 7 3 5
84 70 14 7 2 1 4 6 0 3 5
84 70 14 4 1 6 5 2 0 7 3
84 70 14 3 1 0 6 2 5 7 4
84 70 14 5 0 3 2 7 1 6 4
84 70 14 2 7 1 3 0 5 4 6
84 70 14 0 7 1 3 2 5 6 4
84 70 14 0 1 6 3 2 4 7 5
84 70 14 4 5 3 0 1 7 6 2
84 70 14 7 1 6 0 5 2 3 4
84 70 14 0 1 6 4 5 2 3 7
84 70 14 0 1 3 2 7 6 5 4
84 70 14 2 1 3 7 0 6 5 4
84 70 14 1 7 3 5 0 6 2 4
84 71 13 2 6 4 5 3 1 7 0
84 71 13 4 1 6 2 7 5 3 0
84 71 13 4 7 6 2 5 1 3 0
84 71 13 2 4 3 5 1 7 0 6
84 71 13 3 0 1 4 2 5 7 6
84 71 13 4 2 0 6 1 5 7 3
84 71 13 7 1 3 5 4 0 6 2
84 71 13 6 0 3 1 5 7 2 4
84 71 13 2 5 0 4 1 7 6 3
84 71 13 2 1 4 5 3 0 7 6
84 71 13 6 0 3 4 1 7 2 5
84 71 13 5 1 4 2 3 7 0 6
84 71 13 2 6 7 3 1 5 0 4
84 71 13 5 2 0 4 7 3 1 6
84 71 13 2 1 7 3 4 0 5 6
84 71 13 2 0 1 7 4 5 3 6
84 71 13 2 1 7 0 4 5 3 6
84 71 13 1 7 6 4 2 0 5 3
84 71 13 1 7 6 3 0 5 4 2
84 71 13 2 7 0 4 6 5 1 3
84 71 13 0 3 4 5 1 7 6 2
84 71 13 0 2 3 6 4 1 7 5
84 71 13 7 1 0 2 5 6 4 3
84 71 13 1 7 0 2 5 3 4 6
84 71 13 0 6 3 4 2 1 7 5
84 71 13 0 2 4 1 5 7 3 6
84 71 13 0 3 4 2 5 6 7 1
84 72 12 1 0 6 3 4 5 7 2
84 72 12 6 1 7 4 2 5 0 3
84 72 12 4 1 5 0 2 7 3 6
84 72 12 7 1 6 5 4 2 3 0
84 72 12 2 0 6 4 5 7 3 1
84 72 12 3 0 4 1 5 7 6 2
84 72 12 1 7 0 3 4 5 6 2
84 72 12 7 0 1 4 5 6 2 3
84 72 12 7 1 4 0 5 6 2 3
84 72 12 2 6 4 1 5 7 0 3
84 72 12 2 0 1 7 4 5 6 3
84 72 12 2 1 7 0 4 5 6 3
84 72 12 1 3 0 2 4 5 7 6
84 72 12 1 5 3 2 4 0 7 6
84 72 12 0 4 3 6 5 1 7 2
84 72 12 4 3 0 6 5 1 7 2
84 72 12 2 1 3 7 0 5 4 6
84 72 12 2 1 0 3 7 6 4 5
84 72 12 2 6 0 3 5 1 4 7
84 72 12 6 2 0 4 1 5 3 7
84 72 12 2 1 3 5 0 6 7 4
84 72 12 0 6 3 4 5 1 7 2
84 73 11 1 0 7 4 2 5 3 6
84 73 11 2 1 5 4 7 6 0 3
84 73 11 2 1 4 5 7 6 3 0
84 73 11 1 7 4 2 6 5 3 0
84 73 11 6 1 3 2 5 0 7 4
84 73 11 2 3 0 7 5 1 6 4
84 73 11 1 7 4 0 5 6 2 3
84 73 11 3 2 6 1 5 7 0 4
84 73 11 5 2 3 6 1 0 7 4
84 73 11 7 1 2 4 5 0 3 6
84 73 11 3 0 1 4 5 7 6 2
84 73 11 4 2 6 3 5 0 1 7
84 73 11 7 1 0 3 5 6 4 2
84 73 11 1 6 3 4 0 7 5 2
84 73 11 1 3 2 6 5 7 0 4
84 73 11 1 5 0 4 2 7 3 6
84 73 11 1 6 3 4 2 0 5 7
84 73 11 2 5 3 0 6 1 7 4
84 74 10 2 7 3 4 6 5 0 1
84 74 10 1 0 3 6 5 7 2 4
84 74 10 6 1 4 3 5 7 2 0
84 74 10 5 1 3 2 0 6 7 4
84 74 10 7 0 3 4 5 6 2 1
84 74 10 3 1 6 4 5 2 7 0
84 74 10 1 4 5 0 2 7 3 6
84 74 10 1 7 4 5 2 3 0 6
84 74 10 1 3 6 2 5 0 7 4
84 74 10 1 3 7 4 0 5 6 2
84 75 9 2 1 3 4 7 5 0 6
84 75 9 7 0 3 4 5 6 1 2
84 75 9 1 0 3 4 2 6 5 7
84 75 9 0 2 3 4 1 6 5 7
84 75 9 2 0 1 4 5 6 7 3
84 75 9 2 1 4 0 5 6 7 3
84 75 9 2 1 7 4 5 6 0 3
84 75 9 1 3 6 4 2 5 7 0
84 75 9 1 6 0 4 5 3 7 2
84 75 9 1 3 6 5 2 7 0 4
84 76 8 2 7 4 3 5 6 1 0
84 76 8 4 1 3 6 5 2 7 0
84 76 8 1 0 3 4 5 7 2 6
84 76 8 1 7 3 4 2 6 5 0
84 76 8 1 2 0 4 3 5 6 7
84 77 7 1 2 3 7 4 5 6 0
84 77 7 2 1 3 4 6 7 5 0
84 77 7 1 7 3 4 5 2 6 0
84 77 7 5 2 3 4 1 6 7 0
84 82 2 1 2 3 4 5 6 7 0