0 0 0 2 1 6 4 5 7 3 0
7 0 7 2 1 6 4 5 7 0 3
8 0 8 2 1 6 0 5 7 3 4
9 0 9 2 1 6 4 0 7 3 5
9 0 9 2 1 0 4 5 7 3 6
9 0 9 0 1 6 4 5 7 3 2
13 7 6 2 1 6 4 5 0 7 3
14 7 7 2 1 0 4 5 7 6 3
15 9 6 2 1 3 4 5 7 0 6
15 9 6 1 0 6 4 5 7 3 2
16 8 8 2 1 0 6 5 7 3 4
16 9 7 2 0 1 4 5 7 3 6
17 8 9 0 1 6 2 5 7 3 4
17 9 8 2 1 6 4 7 0 3 5
17 9 8 0 1 6 4 2 7 3 5
17 9 8 2 1 4 0 5 7 3 6
17 9 8 5 1 6 4 0 7 3 2
18 8 10 2 1 6 3 5 7 0 4
18 9 9 4 1 6 0 5 7 3 2
18 9 9 7 1 6 4 5 0 3 2
19 8 11 2 1 6 5 0 7 3 4
19 9 10 2 0 6 4 1 7 3 5
19 13 6 2 0 6 4 5 1 7 3
20 9 11 2 1 6 0 4 7 3 5
20 13 7 2 1 6 4 0 5 7 3
20 15 5 2 1 3 4 5 0 7 6
20 15 5 2 1 3 4 5 7 6 0
21 14 7 2 0 1 4 5 7 6 3
21 15 6 1 6 0 4 5 7 3 2
21 15 6 1 7 6 4 5 0 3 2
22 14 8 2 1 4 0 5 7 6 3
22 16 6 0 2 1 4 5 7 3 6
23 16 7 2 1 3 6 5 7 0 4
23 16 7 2 7 1 4 5 0 3 6
24 16 8 2 0 1 6 5 7 3 4
24 17 7 1 0 6 2 5 7 3 4
24 17 7 1 0 6 4 2 7 3 5
24 17 7 2 1 4 6 5 7 3 0
24 19 5 0 2 6 4 5 1 7 3
25 17 8 2 1 6 4 7 3 0 5
25 17 8 2 0 6 4 7 1 3 5
25 17 8 5 1 6 4 7 0 3 2
25 17 8 5 1 6 4 2 7 3 0
25 18 7 2 1 6 3 5 0 7 4
25 18 7 2 1 6 3 5 7 4 0
25 18 7 4 1 6 2 5 7 3 0
25 18 7 7 1 6 4 5 3 0 2
25 18 7 7 0 6 4 5 1 3 2
25 19 6 2 6 0 4 5 1 7 3
25 20 5 2 0 3 4 5 1 7 6
26 17 9 5 1 6 2 0 7 3 4
26 17 9 4 1 6 0 2 7 3 5
26 17 9 0 1 4 2 5 7 3 6
26 18 8 2 1 0 3 5 7 6 4
26 18 8 4 1 0 6 5 7 3 2
26 18 8 7 1 6 4 0 5 3 2
26 19 7 0 2 6 4 1 7 3 5
26 20 6 2 1 3 4 0 5 7 6
26 21 5 1 6 3 4 5 7 0 2
27 17 10 7 1 6 2 5 0 3 4
27 17 10 7 1 6 4 2 0 3 5
27 17 10 2 1 4 3 5 7 0 6
27 17 10 5 0 6 4 1 7 3 2
27 19 8 0 1 6 5 2 7 3 4
27 19 8 2 6 0 4 1 7 3 5
27 19 8 2 7 6 4 1 0 3 5
27 20 7 0 1 6 4 2 5 7 3
27 20 7 2 1 6 4 3 5 7 0
27 20 7 2 1 3 0 5 7 6 4
27 21 6 0 2 1 4 5 7 6 3
27 21 6 1 7 6 4 5 3 0 2
28 17 11 2 1 4 5 0 7 3 6
28 17 11 5 1 6 0 4 7 3 2
28 18 10 4 1 6 3 5 7 0 2
28 19 9 2 1 6 5 7 0 3 4
28 19 9 2 1 6 5 4 7 3 0
28 20 8 2 1 3 4 0 7 6 5
28 20 8 0 1 3 4 5 7 6 2
28 21 7 2 7 1 4 5 0 6 3
28 21 7 1 6 4 0 5 7 3 2
28 21 7 1 7 6 4 0 5 3 2
29 18 11 4 1 6 5 0 7 3 2
29 20 9 2 1 0 6 4 7 3 5
29 20 9 2 0 6 4 1 5 7 3
29 22 7 2 1 4 3 5 7 6 0
29 22 7 5 2 1 4 0 7 3 6
29 22 7 6 2 1 4 5 7 3 0
29 23 6 2 1 3 6 5 0 7 4
29 23 6 2 1 3 6 5 7 4 0
29 25 4 0 2 3 4 5 1 7 6
30 19 11 2 0 6 5 1 7 3 4
30 20 10 0 1 6 2 4 7 3 5
30 20 10 2 1 6 0 4 5 7 3
30 22 8 4 2 1 0 5 7 3 6
30 22 8 7 2 1 4 5 0 3 6
30 23 7 2 7 1 4 5 3 0 6
30 24 6 5 2 6 4 0 1 7 3
30 24 6 3 2 6 4 5 1 7 0
30 24 6 1 2 6 4 5 0 7 3
30 26 4 1 6 3 4 5 0 7 2
30 26 4 1 6 3 4 5 7 2 0
31 20 11 2 1 6 3 4 7 0 5
31 22 9 0 1 4 2 5 7 6 3
31 23 8 2 7 1 4 0 5 3 6
31 24 7 0 2 1 6 5 7 3 4
31 24 7 1 6 0 2 5 7 3 4
31 24 7 1 7 6 2 5 0 3 4
31 24 7 1 6 0 4 2 7 3 5
31 24 7 1 7 6 4 2 0 3 5
31 24 7 4 2 6 0 5 1 7 3
31 25 6 7 1 6 4 5 3 2 0
31 25 6 2 3 0 4 5 1 7 6
32 22 10 2 1 4 5 0 7 6 3
32 22 10 2 1 4 6 5 7 0 3
32 24 8 2 7 1 6 5 0 3 4
32 25 7 2 1 6 4 7 3 5 0
32 25 7 0 2 6 4 7 1 3 5
32 25 7 2 0 6 3 5 1 7 4
32 25 7 7 1 0 4 5 3 6 2
32 25 7 0 7 6 4 5 1 3 2
32 25 7 7 6 0 4 5 1 3 2
32 25 7 2 6 4 0 5 1 7 3
32 25 7 2 6 7 4 5 1 0 3
32 26 6 1 2 6 4 0 7 3 5
32 26 6 0 1 3 4 2 5 7 6
32 26 6 2 1 3 4 6 5 7 0
32 27 5 1 7 6 4 5 3 2 0
33 25 8 2 1 0 4 7 3 6 5
33 25 8 2 6 0 4 7 1 3 5
33 25 8 5 1 6 4 7 3 0 2
33 25 8 5 0 6 4 7 1 3 2
33 25 8 5 1 6 4 2 7 0 3
33 25 8 5 1 6 0 2 7 3 4
33 25 8 2 1 6 3 0 5 7 4
33 25 8 2 1 6 0 5 7 4 3
33 25 8 4 1 6 2 5 7 0 3
33 26 7 4 1 6 5 2 7 3 0
33 26 7 1 0 4 2 5 7 3 6
33 26 7 4 1 3 6 5 7 0 2
33 27 6 1 0 6 4 2 5 7 3
33 27 6 1 7 0 4 5 3 6 2
33 28 5 1 0 3 4 5 7 6 2
33 30 3 1 0 3 4 5 6 7 2
34 24 10 2 1 4 6 0 7 3 5
34 24 10 0 1 4 6 5 7 3 2
34 26 8 4 1 0 6 2 7 3 5
34 26 8 2 0 1 3 5 7 6 4
34 26 8 4 0 1 6 5 7 3 2
34 26 8 0 1 6 4 7 5 3 2
34 26 8 7 1 6 4 2 5 3 0
34 26 8 5 2 6 4 1 7 3 0
34 26 8 2 0 3 4 1 5 7 6
34 27 7 2 1 4 3 5 0 7 6
34 27 7 1 0 6 5 2 7 3 4
34 27 7 2 6 3 4 1 7 0 5
34 27 7 5 2 1 4 0 7 6 3
34 27 7 3 2 1 4 5 7 6 0
34 28 6 2 7 1 4 5 6 0 3
34 28 6 1 6 4 2 5 7 3 0
34 29 5 5 2 3 4 0 1 7 6
34 29 5 6 2 3 4 5 1 7 0
34 29 5 1 2 3 4 5 0 7 6
35 25 10 5 1 0 4 2 7 3 6
35 25 10 2 1 6 3 0 7 4 5
35 25 10 2 1 0 3 5 7 4 6
35 25 10 0 1 6 3 5 7 4 2
35 25 10 4 1 6 2 0 7 3 5
35 25 10 4 1 0 2 5 7 3 6
35 26 9 5 1 6 2 7 0 3 4
35 26 9 5 1 6 2 4 7 3 0
35 26 9 5 1 4 2 0 7 3 6
35 26 9 6 1 4 2 5 7 3 0
35 26 9 4 2 6 0 1 7 3 5
35 26 9 7 2 6 4 1 0 3 5
35 26 9 2 1 3 0 4 5 7 6
35 27 8 7 1 6 2 5 3 0 4
35 27 8 7 0 6 2 5 1 3 4
35 27 8 7 1 6 4 0 2 3 5
35 27 8 7 1 6 4 2 3 0 5
35 27 8 7 0 6 4 2 1 3 5
35 27 8 0 5 6 4 1 7 3 2
35 27 8 5 6 0 4 1 7 3 2
35 27 8 5 7 6 4 1 0 3 2
35 27 8 2 7 6 4 0 1 3 5
35 27 8 2 7 6 4 1 3 0 5
35 27 8 3 1 6 4 2 5 7 0
35 27 8 2 1 6 4 3 5 0 7
35 27 8 2 1 6 0 3 5 7 4
35 27 8 0 1 3 2 5 7 6 4
35 27 8 4 2 1 0 5 7 6 3
35 27 8 7 2 1 4 5 0 6 3
35 28 7 4 1 6 3 5 0 7 2
35 28 7 4 1 6 3 5 7 2 0
35 28 7 2 1 3 4 7 0 6 5
35 28 7 0 1 3 4 2 7 6 5
35 28 7 5 1 3 4 0 7 6 2
35 28 7 1 7 6 4 2 5 3 0
35 29 6 0 2 6 4 1 5 7 3
35 29 6 6 2 1 4 5 7 0 3
35 29 6 2 0 3 6 5 1 7 4
35 29 6 4 2 3 0 5 1 7 6
35 30 5 1 2 6 4 0 5 7 3
35 30 5 1 2 6 4 5 7 0 3
35 30 5 1 0 6 4 5 2 7 3
35 30 5 1 6 3 4 0 5 7 2
36 26 10 4 1 6 3 2 7 0 5
36 26 10 7 1 4 2 5 0 3 6
36 26 10 7 0 6 4 1 5 3 2
36 27 9 7 1 6 2 0 5 3 4
36 27 9 2 6 4 0 1 7 3 5
36 27 9 4 1 6 0 2 5 7 3
36 27 9 5 1 6 4 2 0 7 3
36 27 9 2 1 0 4 3 5 7 6
36 27 9 0 1 6 4 3 5 7 2
36 28 8 0 1 4 5 2 7 3 6
36 28 8 4 1 0 3 5 7 6 2
36 28 8 4 1 3 0 5 7 6 2
36 28 8 7 1 3 4 5 0 6 2
36 28 8 2 7 1 4 0 5 6 3
36 28 8 0 7 6 4 1 5 3 2
36 29 7 2 6 0 4 1 5 7 3
36 29 7 2 5 6 4 1 0 7 3
36 29 7 5 2 1 4 7 0 3 6
36 29 7 5 2 1 4 6 7 3 0
36 29 7 6 2 1 0 5 7 3 4
36 29 7 2 1 3 6 0 5 7 4
36 29 7 2 1 3 0 5 7 4 6
36 30 6 4 2 1 6 5 7 3 0
36 30 6 7 2 1 4 5 3 0 6
36 30 6 2 7 1 4 5 3 6 0
36 30 6 5 2 6 4 1 0 7 3
36 30 6 5 2 6 4 3 1 7 0
36 30 6 3 2 6 4 5 1 0 7
36 30 6 3 2 6 0 5 1 7 4
36 30 6 1 6 3 0 5 7 2 4
36 31 5 4 2 6 3 5 1 7 0
37 26 11 5 0 6 2 1 7 3 4
37 26 11 7 1 6 0 4 5 3 2
37 27 10 7 1 6 5 2 0 3 4
37 27 10 2 1 3 5 0 7 6 4
37 28 9 2 1 4 5 7 0 3 6
37 28 9 2 1 4 5 6 7 3 0
37 28 9 5 1 0 6 4 7 3 2
37 28 9 2 1 6 5 7 3 0 4
37 28 9 2 0 6 5 7 1 3 4
37 28 9 2 1 6 5 4 7 0 3
37 28 9 2 0 3 4 1 7 6 5
37 28 9 0 6 4 1 5 7 3 2
37 28 9 1 6 4 3 5 7 0 2
37 28 9 1 0 6 4 7 5 3 2
37 29 8 2 1 3 6 4 7 0 5
37 29 8 6 2 1 4 0 7 3 5
37 29 8 6 2 0 4 5 7 3 1
37 30 7 2 1 6 3 4 5 7 0
37 30 7 4 2 0 1 5 7 3 6
37 30 7 7 2 1 4 0 5 3 6
37 30 7 7 0 1 4 5 2 3 6
37 30 7 2 7 0 4 5 3 1 6
37 30 7 3 2 6 4 0 1 7 5
37 30 7 3 2 0 4 5 1 7 6
37 30 7 1 6 3 4 0 7 2 5
37 31 6 1 6 3 2 5 7 0 4
37 31 6 1 6 3 4 2 7 0 5
37 31 6 4 2 0 6 5 1 7 3
37 32 5 1 2 6 4 5 7 3 0
37 32 5 1 0 3 4 2 5 7 6
37 33 4 0 1 3 4 5 6 7 2
37 33 4 1 3 0 4 5 6 7 2
38 28 10 0 1 6 5 4 7 3 2
38 28 10 2 1 3 0 4 7 6 5
38 28 10 1 6 4 5 0 7 3 2
38 28 10 1 7 6 0 4 5 3 2
38 29 9 4 1 6 5 7 0 3 2
38 29 9 2 0 1 6 4 7 3 5
38 29 9 2 1 4 3 0 7 6 5
38 29 9 2 1 3 6 0 7 4 5
38 29 9 0 1 3 6 5 7 4 2
38 30 8 0 2 6 5 1 7 3 4
38 30 8 1 0 6 2 4 7 3 5
38 30 8 2 1 0 6 4 5 7 3
38 30 8 1 6 0 4 5 7 2 3
38 30 8 0 6 3 4 5 7 2 1
38 31 7 1 0 4 2 5 7 6 3
38 31 7 1 6 2 0 5 7 3 4
38 31 7 1 7 6 2 5 3 0 4
38 31 7 1 6 4 0 2 7 3 5
38 31 7 1 7 6 4 0 2 3 5
38 31 7 1 7 6 4 2 3 0 5
38 31 7 2 3 4 0 5 1 7 6
38 31 7 2 3 7 4 5 1 0 6
38 32 6 0 2 6 3 5 1 7 4
38 32 6 7 6 3 4 5 1 0 2
38 32 6 2 6 4 3 5 1 7 0
38 32 6 2 6 7 4 5 1 3 0
38 32 6 1 2 6 4 7 0 3 5
38 33 5 1 7 3 4 5 0 6 2
38 34 4 1 2 3 4 0 5 7 6
38 34 4 1 2 3 4 5 7 0 6
38 34 4 1 0 3 4 5 2 7 6
39 28 11 2 0 4 5 1 7 3 6
39 28 11 5 1 6 3 4 7 0 2
39 28 11 2 1 0 5 4 7 3 6
39 29 10 0 1 4 3 5 7 6 2
39 29 10 5 0 1 4 2 7 3 6
39 29 10 5 2 1 0 4 7 3 6
39 29 10 2 1 0 6 5 7 4 3
39 30 9 2 6 0 5 1 7 3 4
39 30 9 2 7 6 5 1 0 3 4
39 30 9 0 1 6 2 4 5 7 3
39 30 9 4 2 1 3 5 7 0 6
39 30 9 5 0 6 4 2 1 7 3
39 30 9 5 2 6 0 4 1 7 3
39 31 8 2 1 6 3 4 0 7 5
39 31 8 2 1 6 3 4 7 5 0
39 31 8 2 1 0 3 4 7 6 5
39 31 8 5 1 4 2 0 7 6 3
39 31 8 0 7 1 4 2 5 3 6
39 31 8 2 7 1 4 6 5 3 0
39 31 8 5 2 1 6 0 7 3 4
39 31 8 1 7 6 2 0 5 3 4
39 31 8 7 1 6 0 5 3 2 4
39 32 7 0 1 4 5 2 7 6 3
39 32 7 2 1 4 6 5 0 7 3
39 32 7 7 2 6 4 0 1 3 5
39 32 7 2 6 0 3 5 1 7 4
39 32 7 7 0 1 4 5 3 6 2
39 32 7 2 6 7 4 5 0 1 3
39 32 7 6 1 3 4 2 5 7 0
39 32 7 2 1 3 4 6 5 0 7
39 32 7 2 1 3 0 6 5 7 4
39 32 7 1 7 6 0 5 3 2 4
39 33 6 4 1 3 6 5 0 7 2
39 33 6 4 1 3 6 5 7 2 0
39 33 6 1 6 0 4 2 5 7 3
39 33 6 1 5 6 4 2 0 7 3
39 33 6 1 0 7 4 5 3 6 2
39 33 6 1 3 0 4 5 7 6 2
39 34 5 0 2 3 4 1 5 7 6
39 34 5 2 7 1 4 5 6 3 0
39 34 5 5 2 3 4 1 0 7 6
39 34 5 5 2 3 4 6 1 7 0
39 34 5 6 2 3 4 5 1 0 7
39 34 5 6 2 3 0 5 1 7 4
39 35 4 4 2 3 6 5 1 7 0
40 29 11 4 0 6 5 1 7 3 2
40 30 10 2 1 6 7 4 5 0 3
40 30 10 4 2 1 5 0 7 3 6
40 31 9 3 1 4 2 5 7 6 0
40 31 9 7 2 1 6 5 0 3 4
40 31 9 4 2 6 5 0 1 7 3
40 31 9 4 2 6 7 5 1 0 3
40 31 9 7 1 6 4 0 3 2 5
40 31 9 7 1 0 4 5 3 2 6
40 31 9 0 1 6 4 5 3 2 7
40 32 8 2 1 4 5 7 0 6 3
40 32 8 2 1 4 5 3 7 6 0
40 32 8 2 7 1 6 5 3 0 4
40 32 8 5 2 6 4 7 1 3 0
40 32 8 7 1 4 0 5 3 6 2
40 32 8 5 7 6 4 0 1 3 2
40 32 8 2 7 6 4 5 1 3 0
40 32 8 7 6 4 0 5 1 3 2
40 32 8 0 6 4 2 5 1 7 3
40 32 8 4 1 3 0 2 5 7 6
40 32 8 5 1 3 4 2 0 7 6
40 32 8 0 1 3 4 6 5 7 2
40 32 8 1 7 6 4 0 3 2 5
40 32 8 1 7 0 4 5 3 2 6
40 33 7 2 6 3 4 7 1 0 5
40 33 7 5 1 6 4 7 3 2 0
40 33 7 5 1 0 4 2 7 6 3
40 33 7 4 1 6 2 5 0 7 3
40 33 7 1 4 0 2 5 7 3 6
40 33 7 1 7 4 2 5 0 3 6
40 33 7 1 7 4 0 5 3 6 2
40 34 6 2 5 3 4 1 0 7 6
40 34 6 2 6 3 4 1 0 7 5
40 34 6 2 6 3 4 1 7 5 0
40 34 6 3 2 1 4 5 7 0 6
40 34 6 2 7 0 4 5 6 1 3
40 34 6 6 2 3 4 0 1 7 5
40 35 5 7 2 1 4 5 6 0 3
40 35 5 6 2 1 4 5 0 7 3
40 35 5 0 2 3 6 5 1 7 4
40 35 5 1 2 6 4 3 5 7 0
40 35 5 1 2 0 4 5 7 6 3
40 35 5 1 6 0 4 5 2 7 3
40 35 5 1 6 3 4 2 5 7 0
41 30 11 7 1 6 2 4 0 3 5
41 31 10 7 1 4 2 5 0 6 3
41 31 10 2 0 1 4 7 5 3 6
41 32 9 2 7 1 6 0 5 3 4
41 32 9 2 1 6 0 7 3 5 4
41 32 9 2 1 6 4 0 3 5 7
41 32 9 4 2 6 0 7 1 3 5
41 32 9 4 7 6 0 5 1 3 2
41 32 9 1 2 6 0 4 7 3 5
41 32 9 2 1 0 4 6 5 7 3
41 32 9 0 7 6 4 5 3 2 1
41 33 8 2 0 1 4 7 3 6 5
41 33 8 2 1 4 0 7 3 6 5
41 33 8 5 1 0 4 7 3 6 2
41 33 8 0 5 6 4 7 1 3 2
41 33 8 5 6 0 4 7 1 3 2
41 33 8 5 1 0 6 2 7 3 4
41 33 8 0 1 6 3 2 5 7 4
41 33 8 4 1 0 2 5 7 6 3
41 33 8 4 1 6 5 2 7 0 3
41 34 7 1 0 4 6 5 7 3 2
41 34 7 0 2 1 3 5 7 6 4
41 34 7 5 2 6 4 1 7 0 3
41 34 7 2 3 0 4 1 5 7 6
41 34 7 2 0 4 3 5 1 7 6
41 34 7 1 6 0 5 2 7 3 4
41 34 7 1 7 6 5 2 0 3 4
41 34 7 5 2 1 4 7 0 6 3
41 34 7 5 2 1 4 3 7 6 0
41 34 7 3 2 1 0 5 7 6 4
41 34 7 1 6 4 2 5 7 0 3
41 34 7 6 2 0 4 5 1 7 3
41 35 6 2 1 3 6 4 5 7 0
41 35 6 1 0 3 2 5 7 6 4
41 35 6 4 2 1 3 5 7 6 0
41 35 6 2 1 3 4 7 6 0 5
41 35 6 1 0 3 4 2 7 6 5
41 35 6 6 2 0 4 5 7 1 3
41 35 6 4 2 0 3 5 1 7 6
41 35 6 0 1 6 4 5 2 7 3
41 35 6 0 6 3 4 1 5 7 2
41 36 5 7 1 3 4 5 6 0 2
41 36 5 7 2 1 4 5 3 6 0
41 38 3 1 2 3 4 5 7 6 0
42 31 11 2 7 1 0 4 5 3 6
42 32 10 2 0 4 5 1 7 6 3
42 32 10 2 1 0 4 7 3 5 6
42 32 10 0 1 6 4 7 3 5 2
42 32 10 2 6 4 5 0 1 7 3
42 32 10 2 6 4 7 5 1 0 3
42 33 9 2 6 4 0 7 1 3 5
42 33 9 0 1 6 2 5 7 4 3
42 34 8 0 1 4 6 2 7 3 5
42 34 8 4 0 1 6 2 7 3 5
42 34 8 4 1 3 6 2 7 0 5
42 34 8 2 7 1 3 5 0 6 4
42 34 8 0 4 1 6 5 7 3 2
42 34 8 4 7 1 6 5 0 3 2
42 34 8 7 1 6 4 2 5 0 3
42 34 8 7 1 6 0 2 5 3 4
42 34 8 5 2 6 0 1 7 3 4
42 34 8 5 2 6 4 0 7 3 1
42 34 8 2 1 4 3 0 5 7 6
42 34 8 3 2 1 4 0 7 6 5
42 34 8 3 2 0 4 5 7 6 1
42 34 8 5 0 3 4 2 1 7 6
42 34 8 5 2 3 0 4 1 7 6
42 35 7 5 1 3 4 2 7 0 6
42 35 7 1 0 6 3 5 7 4 2
42 35 7 4 1 3 2 5 7 0 6
42 35 7 4 2 6 5 1 7 3 0
42 35 7 7 2 6 4 1 3 0 5
42 35 7 7 1 6 2 5 3 4 0
42 35 7 7 1 6 4 5 2 3 0
42 35 7 7 1 6 4 2 3 5 0
42 35 7 7 1 0 4 2 3 6 5
42 35 7 1 5 6 4 0 7 3 2
42 35 7 5 6 3 4 1 7 0 2
42 35 7 2 7 6 4 1 3 5 0
42 35 7 4 2 0 1 5 7 6 3
42 35 7 7 2 1 4 0 5 6 3
42 35 7 7 0 1 4 5 2 6 3
42 35 7 4 0 6 3 5 1 7 2
42 35 7 2 0 3 4 7 1 6 5
42 35 7 5 1 3 4 7 0 6 2
42 35 7 5 1 3 4 2 7 6 0
42 35 7 1 7 6 4 2 5 0 3
42 35 7 1 7 6 0 2 5 3 4
42 35 7 3 2 6 4 1 5 7 0
42 35 7 2 3 0 6 5 1 7 4
42 35 7 1 0 3 4 6 5 7 2
42 36 6 1 0 6 4 3 5 7 2
42 36 6 4 1 3 2 5 7 6 0
42 36 6 7 0 3 4 5 1 6 2
42 36 6 7 2 0 4 5 3 1 6
42 36 6 3 2 6 4 5 0 1 7
42 36 6 3 2 0 4 5 1 6 7
42 36 6 3 2 0 6 5 1 7 4
42 37 5 6 2 3 4 5 7 0 1
42 37 5 1 6 3 2 5 0 7 4
42 37 5 1 6 3 2 5 7 4 0
42 37 5 1 6 3 4 2 0 7 5
42 37 5 1 6 3 4 2 7 5 0
42 37 5 1 5 3 4 2 0 7 6
42 37 5 5 1 3 4 0 6 7 2
42 37 5 2 1 3 4 5 6 7 0
42 37 5 1 3 4 0 5 6 7 2
42 37 5 1 3 7 4 5 6 0 2
42 38 4 1 7 3 4 5 6 0 2
42 38 4 1 2 3 4 6 5 7 0
43 33 10 5 1 6 3 2 7 0 4
43 33 10 2 0 6 3 1 5 7 4
43 33 10 4 1 0 5 2 7 3 6
43 34 9 2 1 4 6 7 0 3 5
43 34 9 5 1 4 6 0 7 3 2
43 34 9 6 1 4 0 5 7 3 2
43 34 9 2 1 6 4 7 5 3 0
43 34 9 5 2 0 4 1 7 3 6
43 34 9 5 0 1 4 2 7 6 3
43 34 9 1 6 4 2 0 7 3 5
43 35 8 5 1 4 0 2 7 3 6
43 35 8 0 1 6 3 2 7 4 5
43 35 8 2 0 1 3 5 7 4 6
43 35 8 4 0 1 2 5 7 3 6
43 35 8 4 1 2 0 5 7 3 6
43 35 8 6 1 4 2 5 7 0 3
43 35 8 4 2 0 6 1 7 3 5
43 35 8 7 0 6 4 1 2 3 5
43 35 8 2 1 0 3 4 5 7 6
43 35 8 0 1 3 2 4 5 7 6
43 35 8 7 1 0 2 5 3 6 4
43 35 8 0 7 6 2 5 1 3 4
43 35 8 7 6 0 2 5 1 3 4
43 35 8 0 1 6 4 7 2 3 5
43 35 8 0 7 6 4 2 1 3 5
43 35 8 7 6 0 4 2 1 3 5
43 35 8 5 7 6 4 1 3 0 2
43 35 8 2 7 0 4 1 3 6 5
43 35 8 3 1 6 4 2 5 0 7
43 35 8 3 1 6 0 2 5 7 4
43 35 8 3 1 6 4 0 5 7 2
43 35 8 2 1 6 4 3 0 5 7
43 35 8 2 1 0 4 3 5 6 7
43 35 8 2 1 0 6 3 5 7 4
43 35 8 5 1 3 2 0 7 6 4
43 35 8 4 1 6 3 0 5 7 2
43 35 8 4 1 6 0 5 7 2 3
43 35 8 4 1 3 0 2 7 6 5
43 35 8 4 2 6 0 1 5 7 3
43 35 8 4 2 3 5 0 1 7 6
43 35 8 4 2 3 7 5 1 0 6
43 35 8 1 2 6 0 4 5 7 3
43 35 8 1 6 3 0 4 5 7 2
43 36 7 4 1 6 3 2 7 5 0
43 36 7 4 1 0 3 2 7 6 5
43 36 7 4 1 6 3 2 5 7 0
43 36 7 5 1 6 4 0 2 7 3
43 36 7 2 0 1 4 3 5 7 6
43 36 7 1 0 4 5 2 7 3 6
43 36 7 7 1 3 4 0 5 6 2
43 36 7 0 7 1 4 2 5 6 3
43 36 7 2 5 6 4 0 1 7 3
43 36 7 5 2 1 4 7 3 0 6
43 36 7 5 2 1 4 6 7 0 3
43 36 7 6 2 0 1 5 7 3 4
43 36 7 0 1 3 6 2 5 7 4
43 36 7 4 2 1 6 5 7 0 3
43 36 7 5 0 6 4 1 2 7 3
43 36 7 5 2 6 4 3 1 0 7
43 36 7 5 2 6 0 3 1 7 4
43 36 7 1 6 0 3 5 7 2 4
43 36 7 4 2 6 3 5 1 0 7
43 37 6 0 2 3 4 1 7 6 5
43 37 6 1 6 4 3 5 0 7 2
43 37 6 1 6 4 3 5 7 2 0
43 37 6 4 2 3 1 5 7 0 6
43 37 6 3 2 6 4 1 0 7 5
43 37 6 0 2 6 4 3 1 7 5
43 37 6 3 0 2 4 5 1 7 6
43 37 6 3 2 4 0 5 1 7 6
43 37 6 3 2 7 4 5 1 0 6
43 37 6 1 6 3 4 7 0 2 5
43 37 6 1 2 6 0 5 7 3 4
43 37 6 1 3 0 4 2 5 7 6
43 37 6 4 1 3 0 5 6 7 2
43 38 5 1 6 2 4 5 7 3 0
43 38 5 7 6 3 4 5 1 2 0
43 38 5 1 2 0 4 5 7 3 6
43 38 5 0 1 3 4 5 2 7 6
43 38 5 1 3 0 4 5 2 7 6
44 33 11 2 1 6 5 0 7 4 3
44 34 10 7 1 4 6 5 0 3 2
44 34 10 4 1 6 0 7 5 3 2
44 34 10 7 1 0 4 2 5 3 6
44 34 10 0 1 6 4 2 5 3 7
44 34 10 5 2 1 0 4 7 6 3
44 34 10 0 6 4 2 5 7 3 1
44 35 9 2 1 6 3 7 0 4 5
44 35 9 5 1 6 3 0 7 4 2
44 35 9 3 1 6 0 5 7 4 2
44 35 9 4 1 6 2 7 0 3 5
44 35 9 5 1 6 2 7 3 0 4
44 35 9 5 0 6 2 7 1 3 4
44 35 9 5 1 6 2 4 7 0 3
44 35 9 5 1 4 2 7 0 3 6
44 35 9 5 1 4 2 6 7 3 0
44 35 9 2 5 6 4 1 7 3 0
44 35 9 5 6 4 0 1 7 3 2
44 35 9 3 1 0 4 2 5 7 6
44 35 9 0 1 6 2 3 5 7 4
44 35 9 7 1 3 2 5 0 6 4
44 35 9 7 1 3 4 2 0 6 5
44 35 9 5 0 3 4 1 7 6 2
44 35 9 1 7 0 4 2 5 3 6
44 36 8 4 1 6 3 2 0 7 5
44 36 8 7 1 4 2 5 3 0 6
44 36 8 7 0 4 2 5 1 3 6
44 36 8 7 6 0 4 1 5 3 2
44 36 8 7 5 6 4 1 0 3 2
44 36 8 2 6 4 5 1 7 3 0
44 36 8 4 1 0 6 2 5 7 3
44 36 8 2 1 4 0 3 5 7 6
44 36 8 2 1 7 4 3 5 0 6
44 36 8 4 0 1 3 5 7 6 2
44 36 8 2 7 1 4 3 5 6 0
44 36 8 2 6 4 0 1 5 7 3
44 36 8 2 6 7 4 1 5 0 3
44 36 8 2 5 6 4 1 7 0 3
44 36 8 5 0 1 4 7 2 3 6
44 36 8 5 2 1 0 6 7 3 4
44 36 8 0 1 3 2 5 7 4 6
44 36 8 2 7 1 0 5 3 6 4
44 36 8 5 2 0 4 3 1 7 6
44 36 8 0 6 3 1 5 7 2 4
44 36 8 4 2 6 3 0 1 7 5
44 37 7 0 1 3 5 2 7 6 4
44 37 7 2 3 0 4 1 7 6 5
44 37 7 2 7 3 4 1 0 6 5
44 37 7 1 6 0 3 5 7 4 2
44 37 7 1 6 0 4 7 5 3 2
44 37 7 1 5 6 4 7 0 3 2
44 37 7 2 1 3 6 4 0 7 5
44 37 7 2 1 3 6 4 7 5 0
44 37 7 6 2 1 4 7 0 3 5
44 37 7 0 2 1 4 6 7 3 5
44 37 7 6 0 2 4 5 7 3 1
44 37 7 6 2 4 0 5 7 3 1
44 37 7 0 2 1 4 7 5 3 6
44 37 7 7 2 1 4 6 5 3 0
44 37 7 0 7 1 4 5 2 3 6
44 37 7 7 1 0 4 5 2 3 6
44 37 7 2 0 7 4 5 3 1 6
44 37 7 0 6 3 4 1 7 2 5
44 37 7 4 0 2 6 5 1 7 3
44 37 7 4 2 7 6 5 1 0 3
44 37 7 6 1 3 4 5 0 7 2
44 38 6 1 0 3 6 5 7 4 2
44 38 6 1 0 6 4 5 7 2 3
44 38 6 1 6 2 4 5 7 0 3
44 38 6 6 0 3 4 5 7 2 1
44 38 6 1 7 6 2 5 3 4 0
44 38 6 1 6 4 5 2 7 3 0
44 38 6 1 7 6 4 5 2 3 0
44 38 6 1 7 6 4 2 3 5 0
44 38 6 1 7 0 4 2 3 6 5
44 38 6 2 3 4 6 5 1 7 0
44 38 6 2 3 7 4 5 1 6 0
44 38 6 7 6 3 4 5 0 1 2
44 38 6 1 2 6 4 7 3 0 5
44 38 6 1 7 3 4 0 5 6 2
44 39 5 6 2 3 4 5 0 1 7
44 40 4 7 2 1 4 5 6 3 0
45 34 11 2 0 4 6 1 7 3 5
45 34 11 2 1 4 0 6 7 3 5
45 35 10 7 1 6 3 5 0 4 2
45 35 10 6 1 4 2 0 7 3 5
45 35 10 6 1 0 2 5 7 3 4
45 35 10 4 2 6 1 0 7 3 5
45 35 10 4 2 6 3 1 7 0 5
45 35 10 2 1 3 7 4 5 0 6
45 35 10 4 5 6 0 1 7 3 2
45 35 10 2 1 6 7 3 5 0 4
45 35 10 4 2 1 5 0 7 6 3
45 35 10 4 1 6 3 0 7 2 5
45 35 10 4 1 0 3 5 7 2 6
45 35 10 0 1 6 3 5 7 2 4
45 35 10 5 1 3 0 4 7 6 2
45 35 10 0 7 6 4 2 5 3 1
45 36 9 7 1 4 2 0 5 3 6
45 36 9 0 1 6 2 7 5 3 4
45 36 9 7 1 6 2 4 5 3 0
45 36 9 4 1 6 7 2 5 0 3
45 36 9 4 1 6 0 3 5 7 2
45 36 9 5 1 6 4 3 0 7 2
45 36 9 6 1 4 5 2 7 3 0
45 36 9 2 7 6 4 1 5 3 0
45 36 9 5 2 0 4 6 7 3 1
45 36 9 6 2 1 3 5 7 0 4
45 36 9 2 0 3 6 1 5 7 4
45 36 9 4 2 1 6 0 7 3 5
45 36 9 4 2 0 6 5 7 3 1
45 36 9 2 7 1 4 0 3 6 5
45 36 9 2 7 0 4 5 3 6 1
45 36 9 0 7 1 4 5 3 6 2
45 36 9 3 2 6 5 0 1 7 4
45 36 9 3 2 6 7 5 1 0 4
45 36 9 1 6 3 5 0 7 2 4
45 37 8 7 1 6 5 2 3 0 4
45 37 8 7 0 6 5 2 1 3 4
45 37 8 2 1 3 5 7 0 6 4
45 37 8 2 1 3 5 4 7 6 0
45 37 8 5 1 3 6 4 7 0 2
45 37 8 2 1 6 5 7 3 4 0
45 37 8 2 1 0 5 7 3 6 4
45 37 8 0 2 6 5 7 1 3 4
45 37 8 2 1 6 5 4 0 7 3
45 37 8 2 1 0 5 4 7 6 3
45 37 8 6 0 4 1 5 7 3 2
45 37 8 4 0 2 1 5 7 3 6
45 37 8 2 7 4 0 5 3 1 6
45 37 8 1 0 3 4 6 7 2 5
45 37 8 0 2 6 4 5 7 3 1
45 38 7 1 7 6 2 4 5 3 0
45 38 7 0 1 4 3 2 7 6 5
45 38 7 1 2 6 5 0 7 3 4
45 38 7 1 6 4 0 5 7 2 3
45 38 7 5 6 3 4 0 7 2 1
45 38 7 1 4 0 2 5 7 6 3
45 38 7 1 7 4 2 5 0 6 3
45 38 7 1 7 0 2 5 3 6 4
45 38 7 2 3 7 4 5 0 1 6
45 38 7 5 2 6 3 0 1 7 4
45 38 7 1 2 6 3 5 0 7 4
45 38 7 1 0 6 4 7 2 3 5
45 38 7 1 2 3 0 4 5 7 6
45 39 6 4 2 1 3 5 0 7 6
45 39 6 5 2 6 3 4 1 7 0
45 39 6 1 0 4 5 2 7 6 3
45 39 6 7 2 6 4 5 1 3 0
45 39 6 2 6 3 0 5 1 7 4
45 39 6 2 0 7 4 5 6 1 3
45 39 6 4 0 3 6 5 1 7 2
45 39 6 1 5 6 4 0 2 7 3
45 39 6 1 3 7 4 5 0 6 2
45 39 6 1 3 4 0 5 7 6 2
45 39 6 1 3 6 4 5 7 0 2
45 39 6 6 2 3 4 1 5 7 0
45 39 6 5 2 3 4 1 7 0 6
45 39 6 5 0 3 4 1 2 7 6
45 39 6 5 2 3 4 6 1 0 7
45 39 6 5 2 3 0 6 1 7 4
45 39 6 6 2 0 4 5 1 3 7
45 39 6 6 2 0 3 5 1 7 4
45 39 6 4 2 3 6 5 1 0 7
45 40 5 2 0 3 4 1 6 7 5
45 40 5 3 2 1 4 5 0 7 6
45 40 5 6 2 3 4 1 0 7 5
45 40 5 0 2 3 4 6 1 7 5
45 40 5 7 2 0 4 5 6 1 3
45 41 4 7 1 3 4 5 6 2 0
45 42 3 1 7 3 4 5 6 2 0
46 35 11 2 0 6 3 1 7 4 5
46 35 11 2 1 6 0 3 7 4 5
46 35 11 4 0 6 2 1 7 3 5
46 35 11 5 1 0 2 4 7 3 6
46 35 11 5 0 4 2 1 7 3 6
46 35 11 7 1 6 0 4 2 3 5
46 35 11 2 7 6 0 4 1 3 5
46 36 10 0 6 4 2 1 7 3 5
46 36 10 4 1 6 2 0 5 7 3
46 36 10 7 1 4 5 2 0 3 6
46 36 10 4 1 3 5 0 7 6 2
46 36 10 2 0 1 4 7 5 6 3
46 36 10 2 7 1 0 4 5 6 3
46 36 10 4 7 6 0 1 5 3 2
46 36 10 6 2 1 5 0 7 3 4
46 36 10 2 1 3 5 0 7 4 6
46 37 9 0 5 6 2 1 7 3 4
46 37 9 5 6 0 2 1 7 3 4
46 37 9 5 7 6 2 1 0 3 4
46 37 9 7 1 0 6 4 5 3 2
46 37 9 0 1 6 7 4 5 3 2
46 37 9 7 1 6 5 0 2 3 4
46 37 9 2 1 4 5 7 3 0 6
46 37 9 2 0 4 5 7 1 3 6
46 37 9 2 1 4 5 6 7 0 3
46 37 9 5 0 1 6 4 7 3 2
46 37 9 2 6 0 5 7 1 3 4
46 37 9 5 6 4 1 0 7 3 2
46 37 9 2 6 4 1 5 7 3 0
46 37 9 2 1 6 3 4 5 0 7
46 37 9 3 0 6 4 2 1 7 5
46 37 9 3 2 6 0 4 1 7 5
46 37 9 1 6 3 0 4 7 2 5
46 38 8 1 0 6 5 4 7 3 2
46 38 8 1 6 4 5 7 0 3 2
46 38 8 1 7 0 6 4 5 3 2
46 38 8 0 2 1 6 4 7 3 5
46 38 8 2 1 4 3 7 0 6 5
46 38 8 2 1 3 6 7 0 4 5
46 38 8 0 1 3 6 2 7 4 5
46 38 8 5 1 3 6 0 7 4 2
46 38 8 6 1 3 0 5 7 4 2
46 38 8 1 6 0 2 4 7 3 5
46 38 8 1 7 6 2 4 0 3 5
46 38 8 2 0 1 6 4 5 7 3
46 38 8 4 6 3 0 5 7 2 1
46 38 8 7 6 3 4 5 0 2 1
46 38 8 0 7 6 4 1 2 3 5
46 38 8 0 3 4 2 5 1 7 6
46 38 8 2 6 4 3 5 1 0 7
46 38 8 2 6 7 0 5 1 3 4
46 39 7 1 0 4 3 5 7 6 2
46 39 7 5 2 1 6 4 7 3 0
46 39 7 1 0 6 2 4 5 7 3
46 39 7 4 2 0 3 5 7 1 6
46 39 7 0 5 6 4 2 1 7 3
46 39 7 5 6 0 4 2 1 7 3
46 39 7 5 2 0 6 4 1 7 3
46 39 7 2 0 4 6 5 1 7 3
46 39 7 7 3 1 4 5 0 6 2
46 39 7 6 1 3 4 2 5 0 7
46 39 7 6 1 3 0 2 5 7 4
46 39 7 6 1 3 4 0 5 7 2
46 39 7 2 1 3 4 6 0 5 7
46 39 7 1 7 0 6 5 3 2 4
46 39 7 4 1 3 6 0 5 7 2
46 39 7 4 1 3 0 5 7 2 6
46 39 7 1 6 4 0 2 5 7 3
46 39 7 1 6 7 4 2 5 0 3
46 39 7 1 5 6 4 2 7 0 3
46 39 7 0 1 7 4 5 3 6 2
46 39 7 4 2 3 0 1 5 7 6
46 39 7 2 7 1 0 5 6 3 4
46 39 7 4 2 3 6 0 1 7 5
46 40 6 4 2 6 7 5 1 3 0
46 40 6 1 0 6 4 5 3 2 7
46 40 6 4 1 3 6 2 5 7 0
46 40 6 5 1 3 4 0 2 7 6
46 40 6 1 0 7 4 5 3 2 6
46 40 6 1 7 2 4 5 3 0 6
46 40 6 2 6 3 4 7 1 5 0
46 40 6 1 4 3 2 5 7 0 6
46 40 6 1 7 4 2 5 3 6 0
46 40 6 2 5 3 4 0 1 7 6
46 40 6 2 6 3 4 0 1 7 5
46 40 6 3 2 0 4 5 7 1 6
46 40 6 6 2 1 4 0 5 7 3
46 40 6 6 0 1 4 5 2 7 3
46 40 6 5 2 3 6 0 1 7 4
46 40 6 1 2 3 6 5 0 7 4
46 40 6 1 2 6 4 3 5 0 7
46 40 6 1 2 6 0 3 5 7 4
46 40 6 1 0 2 4 5 7 6 3
46 40 6 1 2 4 0 5 7 6 3
46 40 6 1 6 4 0 5 2 7 3
46 40 6 1 6 7 4 5 2 0 3
46 40 6 1 6 3 4 2 5 0 7
46 40 6 1 6 3 0 2 5 7 4
46 41 5 2 1 3 4 7 6 5 0
46 41 5 1 3 0 4 2 7 6 5
46 41 5 1 2 3 0 5 7 6 4
46 42 4 6 2 3 4 5 0 7 1
46 42 4 6 2 3 4 5 7 1 0
46 42 4 1 0 3 2 5 6 7 4
46 42 4 1 0 3 4 2 6 7 5
46 42 4 1 3 4 2 5 6 7 0
46 42 4 1 3 7 4 5 6 2 0
47 36 11 7 0 6 2 1 5 3 4
47 36 11 2 6 4 1 0 7 3 5
47 36 11 2 6 4 3 1 7 0 5
47 37 10 2 0 3 5 1 7 6 4
47 37 10 7 6 4 1 5 0 3 2
47 37 10 6 0 1 4 2 7 3 5
47 37 10 6 2 1 0 4 7 3 5
47 37 10 0 1 6 3 4 5 7 2
47 37 10 7 0 1 4 2 5 3 6
47 37 10 7 2 1 0 4 5 3 6
47 38 9 0 1 3 2 4 7 6 5
47 38 9 0 6 4 5 1 7 3 2
47 38 9 4 1 6 5 7 3 0 2
47 38 9 4 0 6 5 7 1 3 2
47 38 9 2 7 1 6 4 0 3 5
47 38 9 7 1 3 6 5 0 4 2
47 38 9 2 1 7 6 4 5 0 3
47 38 9 0 6 2 1 5 7 3 4
47 38 9 1 6 2 3 5 7 0 4
47 38 9 0 6 4 1 2 7 3 5
47 38 9 1 6 4 3 2 7 0 5
47 38 9 2 3 4 7 5 1 0 6
47 38 9 2 6 4 3 0 1 7 5
47 38 9 0 6 4 3 5 1 7 2
47 38 9 2 6 7 4 0 1 3 5
47 38 9 2 6 0 4 5 1 3 7
47 38 9 0 6 7 4 5 1 3 2
47 39 8 0 2 4 5 1 7 3 6
47 39 8 5 1 6 3 4 0 7 2
47 39 8 5 1 6 3 4 7 2 0
47 39 8 5 1 0 3 4 7 6 2
47 39 8 2 1 5 0 4 7 3 6
47 39 8 2 1 3 5 4 7 0 6
47 39 8 5 1 4 3 0 7 6 2
47 39 8 0 5 1 4 2 7 3 6
47 39 8 5 7 1 4 2 0 3 6
47 39 8 5 2 0 1 4 7 3 6
47 39 8 2 0 1 6 5 7 4 3
47 39 8 2 6 5 0 1 7 3 4
47 39 8 2 6 3 5 1 7 0 4
47 39 8 0 2 6 5 4 1 7 3
47 39 8 2 1 6 3 0 4 7 5
47 39 8 2 0 6 3 4 1 7 5
47 39 8 2 0 1 3 4 7 6 5
47 39 8 5 1 4 2 7 0 6 3
47 39 8 5 1 4 2 3 7 6 0
47 39 8 2 7 1 4 6 5 0 3
47 39 8 5 2 1 6 7 0 3 4
47 39 8 7 1 0 6 5 3 2 4
47 39 8 5 1 4 0 2 7 6 3
47 39 8 3 1 4 5 2 7 6 0
47 39 8 2 1 4 6 0 5 7 3
47 39 8 2 6 7 3 5 1 0 4
47 39 8 2 6 7 4 0 5 1 3
47 39 8 2 1 0 4 6 5 3 7
47 39 8 2 1 0 3 6 5 7 4
47 39 8 0 1 3 2 6 5 7 4
47 39 8 2 7 1 4 0 6 3 5
47 39 8 2 7 0 4 5 6 3 1
47 39 8 0 7 1 4 5 6 3 2
47 39 8 5 2 0 4 6 1 7 3
47 39 8 6 2 3 5 0 1 7 4
47 39 8 6 2 3 7 5 1 0 4
47 40 7 2 1 6 7 4 5 3 0
47 40 7 2 1 0 7 4 5 6 3
47 40 7 7 2 1 6 5 3 0 4
47 40 7 4 2 6 5 1 0 7 3
47 40 7 4 2 6 5 3 1 7 0
47 40 7 4 2 6 7 5 0 1 3
47 40 7 4 2 0 7 5 1 6 3
47 40 7 7 0 1 4 5 3 2 6
47 40 7 7 1 2 4 5 3 0 6
47 40 7 2 7 1 6 5 3 4 0
47 40 7 5 2 6 4 7 1 0 3
47 40 7 7 1 4 2 5 3 6 0
47 40 7 2 7 6 4 5 1 0 3
47 40 7 7 6 4 2 5 1 3 0
47 40 7 6 0 4 2 5 1 7 3
47 40 7 1 7 6 4 3 0 2 5
47 40 7 1 7 4 0 5 3 2 6
47 40 7 2 6 3 4 7 0 1 5
47 40 7 4 0 6 2 5 1 7 3
47 40 7 1 4 2 0 5 7 3 6
47 40 7 1 7 4 2 5 3 0 6
47 40 7 2 5 3 4 1 7 0 6
47 40 7 2 7 4 0 5 6 1 3
47 40 7 1 2 0 4 3 5 7 6
47 41 6 1 2 6 5 4 7 3 0
47 41 6 0 2 4 3 5 1 7 6
47 41 6 1 6 5 0 2 7 3 4
47 41 6 5 2 1 4 7 6 0 3
47 41 6 1 6 4 2 5 0 7 3
47 41 6 6 0 2 4 5 1 7 3
47 41 6 6 2 4 0 5 1 7 3
47 41 6 6 2 7 4 5 1 0 3
47 41 6 1 3 0 2 5 7 6 4
47 41 6 1 7 3 2 5 0 6 4
47 41 6 1 7 3 4 2 0 6 5
47 41 6 6 0 3 4 1 5 7 2
47 41 6 7 1 0 4 5 6 3 2
47 41 6 1 2 3 4 0 7 6 5
47 42 5 5 2 3 6 4 1 7 0
47 42 5 1 5 3 4 6 0 7 2
47 42 5 1 6 3 4 0 2 7 5
47 42 5 1 5 3 4 0 2 7 6
47 42 5 5 1 3 4 2 6 7 0
47 42 5 2 1 3 4 5 6 0 7
47 42 5 2 1 3 0 5 6 7 4
47 42 5 1 7 0 4 5 6 3 2
47 42 5 1 2 3 4 6 5 0 7
47 42 5 1 2 3 0 6 5 7 4
47 43 4 4 1 3 2 5 6 7 0
48 37 11 7 1 6 3 4 5 0 2
48 37 11 2 1 0 5 6 7 3 4
48 37 11 0 1 4 5 6 7 3 2
48 38 10 1 0 4 5 6 7 3 2
48 38 10 0 7 6 1 4 5 3 2
48 38 10 1 7 6 3 4 5 0 2
48 38 10 2 0 4 3 1 7 6 5
48 38 10 2 1 4 0 3 7 6 5
48 38 10 2 0 3 6 1 7 4 5
48 38 10 2 1 3 0 6 7 4 5
48 38 10 7 2 6 5 1 0 3 4
48 38 10 1 6 2 5 0 7 3 4
48 38 10 1 7 6 0 4 2 3 5
48 38 10 2 3 4 5 0 1 7 6
48 39 9 2 4 0 5 1 7 3 6
48 39 9 2 7 4 5 1 0 3 6
48 39 9 2 0 1 5 4 7 3 6
48 39 9 3 1 4 0 5 7 6 2
48 39 9 0 2 1 5 4 7 3 6
48 39 9 2 7 6 5 0 1 3 4
48 39 9 2 7 6 5 1 3 0 4
48 39 9 3 1 6 2 4 5 7 0
48 39 9 2 1 6 0 4 7 5 3
48 39 9 4 7 1 0 2 5 3 6
48 39 9 6 7 1 4 2 5 3 0
48 39 9 2 7 1 0 6 5 3 4
48 39 9 0 7 6 2 1 5 3 4
48 39 9 0 1 6 7 5 3 2 4
48 39 9 7 1 4 5 2 0 6 3
48 39 9 6 1 0 4 2 5 7 3
48 39 9 0 7 6 1 5 3 2 4
48 39 9 4 1 3 6 0 7 2 5
48 39 9 0 1 3 6 5 7 2 4
48 40 8 2 1 6 7 4 0 5 3
48 40 8 4 2 1 5 7 0 3 6
48 40 8 4 2 1 5 6 7 3 0
48 40 8 3 1 4 2 5 7 0 6
48 40 8 7 2 1 6 0 5 3 4
48 40 8 7 0 1 6 5 2 3 4
48 40 8 7 1 6 4 3 0 2 5
48 40 8 0 1 6 4 7 3 2 5
48 40 8 7 1 4 0 5 3 2 6
48 40 8 5 1 6 4 0 3 2 7
48 40 8 2 1 4 5 7 6 0 3
48 40 8 2 0 4 5 7 1 6 3
48 40 8 2 7 0 6 5 3 1 4
48 40 8 5 2 6 0 7 1 3 4
48 40 8 5 2 6 4 0 1 3 7
48 40 8 0 1 4 7 5 3 6 2
48 40 8 5 7 6 4 2 1 3 0
48 40 8 2 7 6 0 5 1 3 4
48 40 8 5 6 4 2 0 1 7 3
48 40 8 3 6 4 2 5 1 7 0
48 40 8 4 1 0 3 2 5 7 6
48 40 8 4 1 3 0 6 5 7 2
48 40 8 5 1 3 4 6 0 7 2
48 40 8 0 7 6 4 1 3 2 5
48 40 8 1 7 4 2 0 5 3 6
48 40 8 2 6 3 0 1 7 5 4
48 40 8 2 6 3 4 0 7 5 1
48 40 8 6 0 3 4 2 1 7 5
48 40 8 6 2 3 0 4 1 7 5
48 40 8 0 2 6 4 3 5 7 1
48 40 8 0 6 3 4 2 5 7 1
48 41 7 7 1 4 2 5 6 0 3
48 41 7 4 2 6 5 7 1 3 0
48 41 7 4 7 6 2 5 1 3 0
48 41 7 1 2 0 6 4 7 3 5
48 41 7 2 0 1 4 6 5 7 3
48 41 7 7 0 6 4 5 3 2 1
48 41 7 0 2 1 4 7 3 6 5
48 41 7 2 3 1 4 7 0 6 5
48 41 7 2 1 4 5 7 3 6 0
48 41 7 5 6 3 4 7 1 0 2
48 41 7 1 0 6 3 2 5 7 4
48 41 7 4 1 0 5 2 7 6 3
48 41 7 1 4 0 6 5 7 3 2
48 41 7 1 7 4 6 5 0 3 2
48 41 7 5 2 0 4 1 7 6 3
48 41 7 2 4 0 3 5 1 7 6
48 41 7 1 6 3 5 2 7 0 4
48 41 7 1 7 6 5 2 3 0 4
48 41 7 5 2 1 4 3 7 0 6
48 41 7 3 2 0 1 5 7 6 4
48 41 7 1 6 0 2 5 7 4 3
48 41 7 2 1 0 4 7 6 3 5
48 41 7 6 0 2 4 5 7 1 3
48 41 7 6 2 4 0 5 7 1 3
48 41 7 4 0 2 3 5 1 7 6
48 41 7 4 2 7 3 5 1 0 6
48 41 7 3 1 6 4 5 2 7 0
48 41 7 2 6 3 4 1 5 7 0
48 41 7 7 2 1 0 5 3 6 4
48 41 7 0 2 3 4 5 7 6 1
48 42 6 3 2 6 4 5 7 0 1
48 42 6 0 5 3 4 2 1 7 6
48 42 6 4 1 3 2 5 0 7 6
48 42 6 7 2 6 4 1 3 5 0
48 42 6 5 6 3 4 1 0 7 2
48 42 6 5 6 3 4 1 7 2 0
48 42 6 0 2 3 4 7 1 6 5
48 42 6 5 1 3 4 7 6 0 2
48 42 6 1 7 0 4 2 5 6 3
48 42 6 1 3 0 4 6 5 7 2
48 42 6 1 6 0 4 3 5 7 2
48 42 6 1 5 6 4 3 0 7 2
48 42 6 0 7 3 4 5 1 6 2
48 42 6 1 6 3 2 0 5 7 4
48 42 6 1 6 3 0 5 7 4 2
48 42 6 1 5 3 4 2 7 0 6
48 42 6 2 1 3 4 0 6 7 5
48 43 5 4 2 3 7 5 1 6 0
48 43 5 1 2 6 3 4 5 7 0
48 43 5 1 6 3 2 4 5 7 0
48 43 5 1 0 4 3 5 6 7 2
48 43 5 4 2 3 1 5 0 7 6
48 43 5 4 2 3 1 5 7 6 0
48 43 5 3 2 4 6 5 1 7 0
48 43 5 3 2 7 4 5 1 6 0
48 43 5 1 0 3 4 7 6 2 5
49 38 11 7 1 6 5 4 0 3 2
49 39 10 7 1 4 3 5 0 6 2
49 39 10 5 2 1 3 4 7 0 6
49 39 10 5 1 6 2 4 0 7 3
49 39 10 5 2 6 7 4 1 0 3
49 39 10 2 1 6 3 0 7 5 4
49 39 10 5 0 4 2 1 7 6 3
49 39 10 2 7 0 4 6 5 3 1
49 39 10 0 7 1 4 6 5 3 2
49 39 10 5 0 1 6 2 7 3 4
49 39 10 1 0 6 2 7 5 3 4
49 39 10 7 2 6 0 4 1 3 5
49 39 10 2 1 3 7 6 5 0 4
49 39 10 1 7 6 5 0 3 2 4
49 39 10 4 1 0 6 5 7 2 3
49 40 9 0 4 6 5 1 7 3 2
49 40 9 4 6 0 5 1 7 3 2
49 40 9 4 7 6 5 1 0 3 2
49 40 9 3 1 4 2 0 7 6 5
49 40 9 4 1 6 0 5 3 2 7
49 40 9 3 1 6 4 5 0 2 7
49 40 9 2 1 4 5 3 7 0 6
49 40 9 5 2 0 4 7 1 3 6
49 40 9 2 7 0 4 5 1 3 6
49 40 9 0 6 4 7 5 1 3 2
49 40 9 4 1 3 2 0 5 7 6
49 40 9 4 1 3 7 2 5 0 6
49 40 9 1 0 6 4 7 3 2 5
49 40 9 5 1 6 0 7 3 2 4
49 40 9 0 7 4 1 5 3 6 2
49 40 9 1 7 4 5 0 3 6 2
49 40 9 1 7 4 6 5 3 0 2
49 40 9 0 6 3 4 1 7 5 2
49 41 8 7 1 6 2 0 4 3 5
49 41 8 7 1 4 2 0 5 6 3
49 41 8 7 0 4 2 5 1 6 3
49 41 8 2 1 0 4 7 5 3 6
49 41 8 2 5 1 4 7 0 3 6
49 41 8 0 7 1 6 2 5 3 4
49 41 8 0 1 6 4 2 3 5 7
49 41 8 4 2 0 6 7 1 3 5
49 41 8 4 7 0 6 5 1 3 2
49 41 8 2 1 4 0 6 5 7 3
49 41 8 2 1 7 4 6 5 0 3
49 41 8 5 7 6 4 0 3 2 1
49 41 8 5 0 1 4 7 3 6 2
49 41 8 5 1 4 0 7 3 6 2
49 41 8 7 5 6 4 0 1 3 2
49 41 8 5 1 3 6 2 7 0 4
49 41 8 4 0 1 2 5 7 6 3
49 41 8 4 1 2 0 5 7 6 3
49 41 8 4 1 6 5 2 0 7 3
49 41 8 5 2 1 3 0 7 6 4
49 41 8 2 3 4 0 1 5 7 6
49 41 8 2 3 7 4 1 5 0 6
49 41 8 1 7 6 5 0 2 3 4
49 41 8 5 0 1 4 7 2 6 3
49 41 8 5 2 1 0 3 7 6 4
49 41 8 2 1 3 6 4 5 0 7
49 41 8 4 1 6 0 5 2 7 3
49 41 8 4 6 3 0 1 5 7 2
49 41 8 7 2 1 4 0 3 6 5
49 41 8 7 2 0 4 5 3 6 1
49 41 8 0 2 1 4 5 3 6 7
49 42 7 1 0 6 4 7 3 5 2
49 42 7 2 6 4 7 5 1 3 0
49 42 7 1 0 6 2 5 7 4 3
49 42 7 1 0 4 6 2 7 3 5
49 42 7 4 1 3 6 2 0 7 5
49 42 7 4 1 3 6 2 7 5 0
49 42 7 2 7 1 3 5 6 0 4
49 42 7 7 1 0 4 2 5 6 3
49 42 7 5 2 6 4 7 0 3 1
49 42 7 3 2 1 4 7 0 6 5
49 42 7 0 2 1 4 3 7 6 5
49 42 7 3 0 2 4 5 7 6 1
49 42 7 3 2 4 0 5 7 6 1
49 42 7 5 3 0 4 2 1 7 6
49 42 7 5 2 0 3 4 1 7 6
49 42 7 0 2 3 5 4 1 7 6
49 42 7 1 7 6 3 5 0 4 2
49 42 7 7 2 0 4 1 3 6 5
49 42 7 7 1 6 4 5 2 0 3
49 42 7 7 0 1 4 2 3 6 5
49 42 7 7 1 4 0 2 3 6 5
49 42 7 1 5 6 4 2 7 3 0
49 42 7 4 2 6 1 5 7 0 3
49 42 7 0 2 1 4 7 5 6 3
49 42 7 7 2 1 4 3 5 6 0
49 42 7 0 7 1 4 5 2 6 3
49 42 7 7 1 0 4 5 2 6 3
49 42 7 0 4 6 3 5 1 7 2
49 42 7 4 6 0 3 5 1 7 2
49 42 7 2 3 0 4 7 1 6 5
49 42 7 5 0 3 4 7 1 6 2
49 42 7 5 1 3 0 2 7 6 4
49 42 7 1 7 6 4 2 0 5 3
49 42 7 1 7 0 6 2 5 3 4
49 42 7 3 2 6 4 1 5 0 7
49 42 7 3 2 6 0 1 5 7 4
49 42 7 3 2 6 4 0 5 7 1
49 42 7 2 3 6 0 5 1 7 4
49 42 7 7 3 0 4 5 1 6 2
49 42 7 7 0 2 4 5 3 1 6
49 42 7 7 2 4 0 5 3 1 6
49 42 7 3 2 6 4 0 5 1 7
49 42 7 3 0 6 4 5 2 1 7
49 42 7 3 0 2 4 5 1 6 7
49 42 7 3 2 4 0 5 1 6 7
49 42 7 3 0 2 6 5 1 7 4
49 42 7 3 2 7 6 5 1 0 4
49 42 7 1 6 3 0 2 7 5 4
49 42 7 1 6 3 4 0 7 5 2
49 42 7 5 0 3 4 1 6 7 2
49 42 7 2 1 0 4 5 6 7 3
49 42 7 0 3 4 1 5 6 7 2
49 42 7 1 2 0 4 6 5 7 3
49 42 7 0 2 3 4 6 5 7 1
49 43 6 1 0 3 2 4 5 7 6
49 43 6 3 1 6 4 5 0 7 2
49 43 6 4 1 3 5 2 7 6 0
49 43 6 4 2 6 3 1 5 7 0
49 43 6 4 2 3 5 1 0 7 6
49 43 6 4 2 3 5 6 1 7 0
49 43 6 4 2 3 7 5 0 1 6
49 43 6 1 2 0 6 4 5 7 3
49 43 6 0 2 1 4 3 5 7 6
49 43 6 5 2 1 4 7 3 6 0
49 43 6 5 2 1 4 6 0 7 3
49 43 6 6 2 3 1 5 7 0 4
49 43 6 1 0 3 6 2 5 7 4
49 43 6 4 2 1 6 5 0 7 3
49 43 6 0 3 2 4 5 1 7 6
49 43 6 3 1 2 4 5 0 7 6
49 43 6 3 2 7 4 5 0 1 6
49 43 6 1 6 3 4 7 2 0 5
49 43 6 1 2 0 6 5 7 3 4
49 43 6 1 3 4 0 2 5 7 6
49 43 6 1 3 7 4 2 5 0 6
49 43 6 4 1 0 3 5 6 7 2
49 43 6 1 0 2 4 5 7 3 6
49 43 6 1 2 4 0 5 7 3 6
49 43 6 6 1 3 4 5 2 7 0
49 43 6 1 3 4 0 5 2 7 6
49 43 6 1 3 7 4 5 2 0 6
49 44 5 6 0 3 4 5 1 7 2
49 44 5 1 6 2 4 5 0 7 3
49 44 5 7 0 3 4 5 6 1 2
49 44 5 1 2 6 4 7 3 5 0
49 45 4 1 2 3 6 4 5 7 0
49 45 4 2 6 3 4 5 1 7 0
49 45 4 0 2 3 4 1 6 7 5
50 39 11 2 1 0 3 4 7 5 6
50 39 11 0 1 6 3 4 7 5 2
50 39 11 7 1 6 5 0 3 2 4
50 40 10 4 0 1 5 2 7 3 6
50 40 10 3 1 0 2 5 7 6 4
50 40 10 4 0 6 5 2 1 7 3
50 40 10 7 0 6 4 1 3 2 5
50 40 10 2 1 0 5 3 7 6 4
50 40 10 0 1 4 5 3 7 6 2
50 40 10 7 1 4 5 0 3 6 2
50 40 10 7 1 4 6 5 3 0 2
50 40 10 7 6 4 3 5 1 0 2
50 40 10 1 7 6 0 4 3 2 5
50 40 10 5 1 0 4 7 3 2 6
50 40 10 2 6 0 4 1 7 5 3
50 41 9 7 1 6 2 4 3 0 5
50 41 9 7 0 6 2 4 1 3 5
50 41 9 2 7 1 6 4 5 3 0
50 41 9 2 1 0 6 7 3 5 4
50 41 9 0 2 6 1 4 7 3 5
50 41 9 1 2 6 3 4 7 0 5
50 41 9 4 7 6 0 5 3 2 1
50 41 9 3 7 6 4 5 0 2 1
50 41 9 0 1 4 2 7 3 6 5
50 41 9 2 1 4 7 0 3 6 5
50 41 9 2 5 6 4 7 1 3 0
50 41 9 5 6 4 0 7 1 3 2
50 41 9 7 2 1 3 5 0 6 4
50 41 9 5 2 0 4 3 7 6 1
50 41 9 3 2 1 6 5 7 0 4
50 41 9 0 1 3 6 4 5 7 2
50 41 9 4 2 1 3 0 7 6 5
50 41 9 4 2 0 3 5 7 6 1
50 42 8 0 2 4 5 1 7 6 3
50 42 8 2 4 0 5 1 7 6 3
50 42 8 2 7 4 5 1 0 6 3
50 42 8 2 0 1 4 7 3 5 6
50 42 8 2 1 5 4 7 3 0 6
50 42 8 7 1 6 4 0 3 5 2
50 42 8 2 6 4 5 1 0 7 3
50 42 8 0 6 4 5 2 1 7 3
50 42 8 2 6 4 5 3 1 7 0
50 42 8 2 6 4 7 5 0 1 3
50 42 8 2 6 0 7 5 1 4 3
50 42 8 2 6 4 5 7 1 3 0
50 42 8 0 4 1 6 2 7 3 5
50 42 8 4 7 1 6 2 0 3 5
50 42 8 2 7 1 3 0 5 6 4
50 42 8 4 7 1 6 5 3 0 2
50 42 8 7 1 6 4 2 0 5 3
50 42 8 7 1 0 6 2 5 3 4
50 42 8 0 1 6 7 2 5 3 4
50 42 8 5 2 0 6 1 7 3 4
50 42 8 0 1 4 3 2 5 7 6
50 42 8 2 1 4 3 6 5 7 0
50 42 8 4 2 6 5 1 7 0 3
50 42 8 7 1 6 0 5 3 4 2
50 42 8 7 1 6 0 5 2 3 4
50 42 8 7 1 6 0 2 3 5 4
50 42 8 4 0 2 1 5 7 6 3
50 42 8 3 2 0 4 1 5 7 6
50 42 8 2 3 7 6 5 1 0 4
50 42 8 1 6 3 2 0 7 4 5
50 42 8 5 1 3 0 4 6 7 2
50 42 8 1 3 4 5 0 6 7 2
50 42 8 1 3 4 7 5 6 0 2
50 43 7 5 1 6 3 2 7 4 0
50 43 7 5 1 0 3 2 7 6 4
50 43 7 0 2 6 3 1 5 7 4
50 43 7 4 1 5 0 2 7 3 6
50 43 7 6 1 0 4 5 7 3 2
50 43 7 0 5 1 4 2 7 6 3
50 43 7 5 7 1 4 2 0 6 3
50 43 7 5 1 4 6 2 7 3 0
50 43 7 1 0 6 3 2 7 4 5
50 43 7 0 2 1 3 5 7 4 6
50 43 7 4 1 2 6 5 7 3 0
50 43 7 6 1 4 2 5 0 7 3
50 43 7 4 2 3 6 1 7 0 5
50 43 7 7 6 3 2 5 1 0 4
50 43 7 7 6 3 4 2 1 0 5
50 43 7 5 7 6 4 1 3 2 0
50 43 7 3 1 0 4 2 5 6 7
50 43 7 4 2 0 6 1 5 7 3
50 43 7 4 2 0 7 5 1 3 6
50 43 7 1 6 0 3 4 5 7 2
50 43 7 4 0 1 3 2 7 6 5
50 43 7 5 1 6 4 3 2 7 0
50 43 7 2 5 1 4 3 0 7 6
50 43 7 1 4 0 5 2 7 3 6
50 43 7 1 7 4 5 2 0 3 6
50 43 7 0 1 3 4 7 5 6 2
50 43 7 7 1 3 4 2 5 6 0
50 43 7 7 0 1 4 2 5 6 3
50 43 7 2 5 6 4 3 1 7 0
50 43 7 5 2 0 4 7 3 1 6
50 43 7 5 2 0 4 6 7 1 3
50 43 7 4 2 0 6 5 7 1 3
50 43 7 0 5 6 4 1 2 7 3
50 43 7 5 6 0 4 1 2 7 3
50 43 7 5 2 6 4 3 0 1 7
50 43 7 5 2 0 4 3 1 6 7
50 43 7 5 2 0 6 3 1 7 4
50 43 7 1 0 6 3 5 7 2 4
50 43 7 4 2 6 3 5 0 1 7
50 43 7 4 2 0 3 5 1 6 7
50 43 7 5 2 3 4 1 7 6 0
50 43 7 1 6 4 3 0 5 7 2
50 43 7 3 2 6 4 1 7 0 5
50 43 7 3 0 6 4 1 2 7 5
50 43 7 2 0 6 4 3 1 7 5
50 43 7 1 2 6 4 3 0 7 5
50 43 7 7 6 3 0 5 1 2 4
50 43 7 4 1 3 0 5 2 7 6
50 44 6 7 1 3 2 5 6 0 4
50 44 6 7 1 3 4 2 6 0 5
50 44 6 1 7 3 4 2 5 0 6
50 44 6 1 0 3 2 5 7 4 6
50 44 6 1 0 3 5 2 7 6 4
50 44 6 2 7 3 4 1 6 0 5
50 44 6 1 6 3 4 7 5 0 2
50 44 6 6 2 4 1 5 7 3 0
50 44 6 7 1 3 4 5 2 0 6
50 44 6 0 2 7 4 5 3 1 6
50 44 6 4 2 7 6 5 1 3 0
50 44 6 6 1 3 4 5 7 0 2
50 44 6 1 7 3 6 5 0 4 2
50 44 6 1 7 6 4 5 0 2 3
50 44 6 6 7 3 4 5 0 2 1
50 44 6 1 7 6 4 5 2 0 3
50 44 6 1 0 7 4 2 3 6 5
50 44 6 1 7 4 0 2 3 6 5
50 44 6 1 2 0 4 7 3 6 5
50 44 6 1 7 3 4 2 5 6 0
50 44 6 6 2 3 4 0 5 1 7
50 44 6 6 0 3 4 5 2 1 7
50 44 6 7 2 1 0 5 6 3 4
50 45 5 0 2 7 4 5 6 1 3
50 45 5 1 3 4 2 5 7 6 0
50 45 5 1 3 6 4 5 0 7 2
50 45 5 1 3 6 4 5 7 2 0
50 45 5 1 7 3 0 5 6 2 4
51 40 11 7 1 6 0 4 3 2 5
51 40 11 5 7 6 0 4 1 3 2
51 40 11 7 6 4 5 0 1 3 2
51 41 10 0 1 6 2 7 3 5 4
51 41 10 2 1 6 7 0 3 5 4
51 41 10 2 0 6 4 1 3 5 7
51 41 10 4 2 6 7 0 1 3 5
51 41 10 4 2 6 3 7 1 0 5
51 41 10 4 7 6 3 5 1 0 2
51 41 10 4 5 6 0 7 1 3 2
51 41 10 5 1 6 3 2 0 7 4
51 41 10 3 2 1 5 0 7 6 4
51 42 9 2 7 0 1 4 5 3 6
51 42 9 2 1 4 0 7 3 5 6
51 42 9 5 1 6 2 0 7 4 3
51 42 9 3 1 6 2 5 7 4 0
51 42 9 6 1 4 0 2 7 3 5
51 42 9 5 4 1 6 0 7 3 2
51 42 9 6 4 1 0 5 7 3 2
51 42 9 2 4 1 6 5 7 3 0
51 42 9 4 7 1 6 0 5 3 2
51 42 9 3 0 1 4 2 7 6 5
51 42 9 5 2 3 7 4 1 0 6
51 42 9 4 2 6 5 0 7 3 1
51 42 9 0 1 6 4 5 2 3 7
51 42 9 2 7 6 0 1 3 5 4
51 42 9 2 7 6 4 0 3 5 1
51 42 9 0 7 6 1 2 5 3 4
51 42 9 1 7 6 3 2 5 0 4
51 42 9 4 1 3 2 0 7 6 5
51 42 9 0 6 3 2 5 7 4 1
51 42 9 1 6 0 4 2 7 5 3
51 42 9 0 6 3 4 2 7 5 1
51 43 8 2 6 0 3 1 5 7 4
51 43 8 2 5 6 3 1 0 7 4
51 43 8 4 1 3 5 2 7 0 6
51 43 8 2 1 6 4 7 5 0 3
51 43 8 5 0 2 4 1 7 3 6
51 43 8 5 2 4 0 1 7 3 6
51 43 8 1 6 4 2 7 0 3 5
51 43 8 2 7 1 3 5 0 4 6
51 43 8 0 4 1 2 5 7 3 6
51 43 8 4 7 1 2 5 0 3 6
51 43 8 0 1 2 4 5 7 3 6
51 43 8 6 1 0 2 5 7 4 3
51 43 8 7 6 0 4 1 2 3 5
51 43 8 2 0 1 3 4 5 7 6
51 43 8 6 1 3 2 4 5 7 0
51 43 8 7 0 1 2 5 3 6 4
51 43 8 7 1 2 0 5 3 6 4
51 43 8 7 6 2 0 5 1 3 4
51 43 8 7 6 4 0 2 1 3 5
51 43 8 5 7 0 4 1 3 6 2
51 43 8 2 0 7 4 1 3 6 5
51 43 8 2 7 4 0 1 3 6 5
51 43 8 3 1 6 4 2 0 5 7
51 43 8 3 1 0 6 2 5 7 4
51 43 8 2 0 6 4 3 1 5 7
51 43 8 2 0 1 4 3 5 6 7
51 43 8 2 1 4 0 3 5 6 7
51 43 8 2 0 1 6 3 5 7 4
51 43 8 5 1 3 2 7 0 6 4
51 43 8 5 1 3 2 4 7 6 0
51 43 8 0 1 6 4 5 7 2 3
51 43 8 0 2 6 1 4 5 7 3
51 43 8 0 6 3 1 4 5 7 2
51 43 8 4 1 6 0 2 7 5 3
51 43 8 4 1 6 3 2 5 0 7
51 43 8 4 7 1 0 2 5 6 3
51 43 8 3 7 1 4 2 5 6 0
51 43 8 6 0 2 1 5 7 3 4
51 43 8 0 2 6 5 3 1 7 4
51 43 8 4 2 3 0 1 7 6 5
51 43 8 7 2 3 4 1 0 6 5
51 43 8 4 2 6 0 3 1 7 5
51 43 8 0 2 6 1 5 7 3 4
51 43 8 1 2 6 3 5 7 0 4
51 43 8 4 1 3 5 0 6 7 2
51 43 8 4 1 3 7 5 6 0 2
51 43 8 1 6 2 4 0 7 3 5
51 43 8 7 6 3 4 0 1 2 5
51 43 8 0 6 3 4 5 1 2 7
51 44 7 7 1 3 4 2 5 0 6
51 44 7 1 0 6 4 2 5 3 7
51 44 7 5 2 1 3 4 7 6 0
51 44 7 3 0 1 4 2 5 7 6
51 44 7 1 0 6 2 3 5 7 4
51 44 7 7 0 3 2 5 1 6 4
51 44 7 7 1 3 4 0 2 6 5
51 44 7 7 0 3 4 2 1 6 5
51 44 7 0 5 3 4 1 7 6 2
51 44 7 5 3 0 4 1 7 6 2
51 44 7 5 7 3 4 1 0 6 2
51 44 7 1 0 7 4 2 5 3 6
51 44 7 1 7 4 0 2 5 3 6
51 44 7 7 6 3 4 1 5 0 2
51 44 7 2 1 4 6 3 5 7 0
51 44 7 2 1 7 4 3 5 6 0
51 44 7 2 6 4 3 1 5 7 0
51 44 7 2 6 7 4 1 5 3 0
51 44 7 5 0 2 4 3 1 7 6
51 44 7 5 2 4 0 3 1 7 6
51 44 7 5 2 7 4 3 1 0 6
51 44 7 6 0 3 1 5 7 2 4
51 44 7 4 2 6 3 1 0 7 5
51 44 7 0 2 6 3 4 1 7 5
51 44 7 2 3 4 0 1 7 6 5
51 44 7 2 7 3 4 0 1 6 5
51 44 7 1 5 6 4 7 3 0 2
51 44 7 2 1 3 6 0 4 7 5
51 44 7 2 0 3 6 4 1 7 5
51 44 7 6 2 1 4 7 3 0 5
51 44 7 0 6 2 4 5 7 3 1
51 44 7 6 7 2 4 5 0 3 1
51 44 7 7 2 1 4 6 5 0 3
51 44 7 6 0 3 4 1 7 2 5
51 44 7 0 4 2 6 5 1 7 3
51 44 7 4 1 2 6 5 0 7 3
51 44 7 4 2 7 6 5 0 1 3
51 44 7 1 3 0 6 5 7 4 2
51 44 7 6 3 0 4 5 7 2 1
51 44 7 1 7 6 0 5 3 4 2
51 44 7 1 6 4 5 2 7 0 3
51 44 7 1 7 6 0 5 2 3 4
51 44 7 1 7 6 0 2 3 5 4
51 44 7 2 3 7 0 5 1 6 4
51 44 7 7 6 3 4 0 5 1 2
51 44 7 0 7 3 4 1 5 6 2
51 44 7 7 2 1 4 0 6 3 5
51 44 7 7 2 0 4 5 6 3 1
51 44 7 0 2 1 4 5 6 3 7
51 45 6 2 1 3 7 4 5 6 0
51 45 6 4 1 6 7 2 5 3 0
51 45 6 4 1 0 7 2 5 6 3
51 45 6 5 2 3 4 6 7 0 1
51 45 6 6 2 1 3 5 0 7 4
51 45 6 6 2 1 3 5 7 4 0
51 45 6 0 2 3 6 1 5 7 4
51 45 6 4 2 3 6 5 7 0 1
51 45 6 3 2 6 7 5 1 4 0
51 45 6 1 7 3 4 6 0 2 5
51 45 6 1 0 4 3 2 7 6 5
51 45 6 1 7 4 2 5 6 0 3
51 45 6 1 2 6 3 0 5 7 4
51 45 6 1 0 6 3 5 2 7 4
51 45 6 1 2 0 3 4 5 7 6
51 45 6 1 4 0 5 2 7 6 3
51 45 6 1 7 4 5 2 0 6 3
51 45 6 7 2 6 4 5 1 0 3
51 45 6 0 4 3 6 5 1 7 2
51 45 6 1 5 6 4 3 2 7 0
51 45 6 1 3 7 4 0 5 6 2
51 45 6 6 2 3 4 1 5 0 7
51 45 6 6 2 3 0 1 5 7 4
51 45 6 6 2 3 4 0 5 7 1
51 45 6 0 5 3 4 1 2 7 6
51 45 6 5 2 3 4 6 0 1 7
51 45 6 4 2 3 6 5 0 1 7
51 45 6 2 3 0 4 1 6 7 5
51 45 6 3 2 1 4 0 5 7 6
51 45 6 3 0 1 4 5 2 7 6
51 45 6 6 2 3 4 1 7 0 5
51 45 6 6 0 3 4 1 2 7 5
51 45 6 2 0 3 4 6 1 7 5
51 45 6 1 2 3 4 6 0 7 5
51 45 6 7 0 2 4 5 6 1 3
51 45 6 7 2 4 0 5 6 1 3
51 45 6 7 1 3 0 5 6 2 4
51 45 6 1 7 3 4 0 6 2 5
51 46 5 7 0 3 4 5 6 2 1
51 46 5 4 2 3 6 1 5 7 0
51 46 5 1 7 2 4 5 3 6 0
51 46 5 1 4 3 2 5 0 7 6
51 46 5 1 4 3 2 5 7 6 0
51 46 5 1 2 3 6 0 5 7 4
51 46 5 1 2 3 6 5 7 0 4
51 46 5 1 0 3 6 5 2 7 4
51 46 5 1 2 4 3 5 7 6 0
51 46 5 1 6 4 3 5 2 7 0
51 46 5 1 6 7 4 5 2 3 0
51 46 5 1 3 4 0 2 7 6 5
51 46 5 6 0 3 4 5 2 7 1
51 46 5 0 1 3 2 5 6 7 4
51 46 5 1 3 0 2 5 6 7 4
51 46 5 0 1 3 4 2 6 7 5
51 46 5 1 3 0 4 2 6 7 5
51 47 4 1 5 3 4 0 6 7 2
51 47 4 1 6 3 4 5 2 7 0
52 41 11 2 0 1 6 7 5 3 4
52 41 11 2 1 6 0 4 3 5 7
52 41 11 4 7 6 5 0 1 3 2
52 41 11 2 1 4 6 7 3 0 5
52 42 10 0 7 1 2 4 5 3 6
52 42 10 4 1 6 0 7 3 5 2
52 42 10 3 1 6 4 7 0 5 2
52 42 10 2 0 4 5 6 1 7 3
52 42 10 0 6 4 2 7 1 3 5
52 42 10 2 6 4 7 0 1 3 5
52 42 10 7 1 6 2 5 0 4 3
52 42 10 7 1 4 6 2 0 3 5
52 42 10 7 4 1 6 5 0 3 2
52 42 10 7 1 6 3 2 5 0 4
52 42 10 5 2 6 1 0 7 3 4
52 42 10 5 2 6 3 1 7 0 4
52 42 10 5 0 6 4 2 7 3 1
52 42 10 5 2 6 0 4 7 3 1
52 42 10 2 0 4 3 1 5 7 6
52 42 10 3 2 1 0 4 7 6 5
52 42 10 4 2 0 5 1 7 3 6
52 42 10 7 1 6 2 0 3 4 5
52 42 10 7 1 0 2 5 3 4 6
52 42 10 0 1 6 2 5 3 4 7
52 42 10 7 1 0 4 2 3 5 6
52 42 10 1 5 6 0 4 7 3 2
52 42 10 2 7 0 4 1 3 5 6
52 42 10 0 7 6 4 1 3 5 2
52 42 10 7 2 1 0 4 5 6 3
52 43 9 2 0 4 6 7 1 3 5
52 43 9 5 1 4 6 7 0 3 2
52 43 9 2 1 6 0 7 5 3 4
52 43 9 2 1 6 4 0 5 3 7
52 43 9 3 1 6 0 2 7 4 5
52 43 9 4 0 2 6 1 7 3 5
52 43 9 2 1 7 3 4 5 0 6
52 43 9 5 1 3 2 4 0 7 6
52 43 9 5 7 6 2 0 1 3 4
52 43 9 5 1 6 4 7 2 3 0
52 43 9 4 7 6 0 2 1 3 5
52 43 9 3 1 6 7 2 5 0 4
52 43 9 3 0 6 4 1 5 7 2
52 43 9 2 1 7 6 3 5 0 4
52 43 9 4 2 6 1 0 5 7 3
52 43 9 4 0 3 5 2 1 7 6
52 43 9 1 2 6 7 4 5 0 3
52 43 9 1 6 3 7 4 5 0 2
52 43 9 7 0 3 4 1 5 6 2
52 43 9 5 1 3 6 2 0 7 4
52 43 9 1 6 4 3 0 7 2 5
52 43 9 3 2 4 5 0 1 7 6
52 43 9 3 2 4 7 5 1 0 6
52 43 9 7 6 0 4 5 1 2 3
52 44 8 0 1 6 5 2 7 4 3
52 44 8 7 0 4 6 5 1 3 2
52 44 8 4 1 6 2 7 5 3 0
52 44 8 7 1 4 0 2 5 3 6
52 44 8 5 2 0 1 4 7 6 3
52 44 8 6 0 4 2 5 7 3 1
52 44 8 2 1 6 3 7 4 0 5
52 44 8 3 1 0 6 5 7 4 2
52 44 8 5 1 6 2 7 3 4 0
52 44 8 5 1 0 2 7 3 6 4
52 44 8 5 1 0 2 4 7 6 3
52 44 8 5 6 4 2 1 7 3 0
52 44 8 3 1 4 0 2 5 7 6
52 44 8 3 1 7 4 2 5 0 6
52 44 8 3 1 6 2 0 5 7 4
52 44 8 7 1 3 2 0 5 6 4
52 44 8 4 1 6 3 0 2 7 5
52 44 8 4 0 6 3 2 1 7 5
52 44 8 0 7 4 2 5 1 3 6
52 44 8 7 4 0 2 5 1 3 6
52 44 8 7 5 6 4 1 3 0 2
52 44 8 4 0 1 6 2 5 7 3
52 44 8 4 1 7 6 2 5 0 3
52 44 8 2 1 7 4 3 0 5 6
52 44 8 0 4 1 3 5 7 6 2
52 44 8 4 7 1 3 5 0 6 2
52 44 8 2 7 1 4 3 5 0 6
52 44 8 2 7 1 0 3 5 6 4
52 44 8 2 6 7 4 1 0 5 3
52 44 8 2 5 0 4 1 7 6 3
52 44 8 0 5 1 4 7 2 3 6
52 44 8 5 1 0 4 7 2 3 6
52 44 8 5 2 0 1 6 7 3 4
52 44 8 5 1 3 2 0 7 4 6
52 44 8 6 1 3 2 5 7 4 0
52 44 8 2 7 0 1 5 3 6 4
52 44 8 5 6 3 1 0 7 2 4
52 44 8 4 6 3 1 5 7 2 0
52 44 8 2 3 6 4 1 7 0 5
52 44 8 1 6 4 0 7 5 3 2
52 44 8 2 1 3 0 4 7 5 6
52 44 8 6 0 1 4 7 2 3 5
52 44 8 2 0 1 4 6 7 3 5
52 44 8 0 2 4 6 5 7 3 1
52 44 8 6 2 1 4 7 5 3 0
52 44 8 7 2 1 0 6 5 3 4
52 44 8 5 7 1 4 0 2 3 6
52 44 8 6 7 1 4 5 2 3 0
52 44 8 7 1 4 0 5 2 3 6
52 44 8 1 7 0 4 5 2 3 6
52 44 8 1 7 6 4 0 3 5 2
52 44 8 2 3 4 6 5 1 0 7
52 44 8 2 3 7 4 0 1 6 5
52 44 8 1 0 3 4 7 5 6 2
52 45 7 6 1 3 2 5 7 0 4
52 45 7 4 2 6 1 5 7 3 0
52 45 7 4 2 6 3 1 7 5 0
52 45 7 2 1 6 7 3 5 4 0
52 45 7 2 1 0 7 3 5 6 4
52 45 7 4 1 6 7 2 0 5 3
52 45 7 4 1 6 2 3 5 7 0
52 45 7 5 1 6 4 0 3 7 2
52 45 7 5 0 6 4 3 1 7 2
52 45 7 6 2 0 3 5 7 1 4
52 45 7 2 5 3 6 1 0 7 4
52 45 7 4 2 6 0 5 7 3 1
52 45 7 0 7 1 4 2 3 6 5
52 45 7 2 0 7 4 5 3 6 1
52 45 7 2 7 6 4 5 3 0 1
52 45 7 3 2 6 5 1 0 7 4
52 45 7 3 2 6 5 4 1 7 0
52 45 7 3 2 6 7 5 0 1 4
52 45 7 3 2 0 7 5 1 6 4
52 45 7 1 6 3 5 7 0 2 4
52 45 7 1 6 3 5 4 7 2 0
52 45 7 7 1 6 5 2 3 4 0
52 45 7 7 1 0 5 2 3 6 4
52 45 7 2 1 3 5 7 6 0 4
52 45 7 5 1 3 6 4 0 7 2
52 45 7 5 1 3 6 4 7 2 0
52 45 7 2 1 5 0 7 3 6 4
52 45 7 2 1 5 0 4 7 6 3
52 45 7 2 7 4 6 5 3 1 0
52 45 7 0 1 3 4 6 7 2 5
52 45 7 1 3 0 4 6 7 2 5
52 45 7 2 0 6 4 5 7 3 1
52 45 7 1 2 6 5 7 0 3 4
52 45 7 5 6 3 4 7 0 2 1
52 45 7 1 4 2 0 5 7 6 3
52 45 7 1 4 6 2 5 7 0 3
52 45 7 1 7 4 2 0 5 6 3
52 45 7 1 0 7 2 5 3 6 4
52 45 7 1 7 2 0 5 3 6 4
52 45 7 5 2 6 3 1 0 7 4
52 45 7 1 6 0 4 7 2 3 5
52 45 7 0 2 3 1 4 5 7 6
52 45 7 4 2 1 3 0 5 7 6
52 45 7 4 0 1 3 5 2 7 6
52 45 7 7 2 6 0 5 1 3 4
52 45 7 0 6 3 2 5 1 7 4
52 45 7 4 3 0 6 5 1 7 2
52 45 7 5 3 0 4 1 2 7 6
52 45 7 5 2 0 4 6 1 3 7
52 45 7 5 2 0 3 6 1 7 4
52 45 7 0 2 3 5 6 1 7 4
52 45 7 6 0 2 4 5 1 3 7
52 45 7 6 2 4 0 5 1 3 7
52 45 7 6 0 2 3 5 1 7 4
52 45 7 6 2 7 3 5 1 0 4
52 45 7 4 2 0 6 5 1 3 7
52 45 7 4 2 3 0 6 1 7 5
52 45 7 7 1 3 4 0 6 2 5
52 45 7 0 1 3 4 5 6 2 7
52 45 7 1 7 0 4 5 6 2 3
52 45 7 0 7 3 4 5 6 2 1
52 46 6 7 6 3 4 5 2 0 1
52 46 6 4 2 3 0 5 7 1 6
52 46 6 0 2 4 6 5 1 7 3
52 46 6 7 3 1 4 5 6 0 2
52 46 6 2 1 3 4 0 6 5 7
52 46 6 1 6 4 3 2 5 7 0
52 46 6 1 6 7 4 2 5 3 0
52 46 6 1 5 0 4 2 7 6 3
52 46 6 4 2 3 6 1 0 7 5
52 46 6 0 2 3 6 4 1 7 5
52 46 6 1 6 0 4 5 3 2 7
52 46 6 1 3 6 4 5 0 2 7
52 46 6 5 1 3 4 6 2 7 0
52 46 6 1 3 7 4 5 0 2 6
52 46 6 1 7 2 4 5 0 3 6
52 46 6 2 5 3 4 6 1 7 0
52 46 6 0 6 3 4 2 1 7 5
52 46 6 0 2 1 4 6 5 7 3
52 46 6 6 2 1 4 3 5 7 0
52 46 6 0 6 1 4 5 2 7 3
52 46 6 6 1 0 4 5 2 7 3
52 46 6 5 2 3 6 1 0 7 4
52 46 6 1 2 6 4 3 0 5 7
52 46 6 1 2 0 4 3 5 6 7
52 46 6 1 2 0 6 3 5 7 4
52 46 6 1 7 2 4 5 0 6 3
52 46 6 1 6 7 4 5 0 2 3
52 46 6 1 6 3 4 2 0 5 7
52 46 6 1 3 6 4 2 7 0 5
52 46 6 1 2 0 3 5 7 6 4
52 46 6 6 2 3 0 5 7 1 4
52 46 6 1 3 4 2 5 6 0 7
52 46 6 1 3 7 0 5 6 2 4
52 47 5 2 3 4 7 5 1 6 0
52 47 5 2 7 3 4 5 6 0 1
52 47 5 6 2 3 7 5 1 4 0
52 47 5 1 6 5 4 2 7 3 0
52 47 5 5 2 1 4 7 6 3 0
52 47 5 1 0 4 2 5 6 7 3
52 47 5 6 2 4 3 5 1 7 0
52 47 5 6 2 7 4 5 1 3 0
52 47 5 1 7 3 2 5 6 0 4
52 47 5 1 7 3 4 2 6 0 5
52 47 5 1 2 3 4 7 0 6 5
52 47 5 1 5 3 4 6 2 7 0
52 47 5 1 0 7 4 5 6 3 2
52 47 5 1 2 3 4 6 0 5 7
52 49 3 1 2 3 4 0 6 7 5
53 42 11 2 7 1 3 4 5 0 6
53 42 11 2 6 4 3 7 1 0 5
53 43 10 6 1 4 3 5 7 0 2
53 43 10 1 0 4 2 6 7 3 5
53 43 10 5 1 4 3 2 7 0 6
53 43 10 7 1 6 3 2 0 4 5
53 43 10 4 1 2 3 5 7 0 6
53 43 10 4 1 6 0 7 2 3 5
53 43 10 3 1 6 0 4 5 7 2
53 43 10 5 0 3 2 1 7 6 4
53 43 10 4 0 6 3 1 5 7 2
53 43 10 4 2 6 7 1 5 0 3
53 43 10 4 1 6 3 0 7 5 2
53 43 10 4 1 0 3 2 7 5 6
53 43 10 0 1 6 3 2 7 5 4
53 43 10 5 1 6 0 4 2 7 3
53 43 10 7 1 3 0 4 5 6 2
53 43 10 2 5 6 0 4 1 7 3
53 43 10 5 2 6 7 3 1 0 4
53 43 10 0 6 4 3 5 7 2 1
53 44 9 2 1 6 5 7 0 4 3
53 44 9 2 1 6 5 3 7 4 0
53 44 9 7 1 4 6 0 5 3 2
53 44 9 4 1 0 6 7 5 3 2
53 44 9 4 1 6 0 2 5 3 7
53 44 9 0 2 1 5 4 7 6 3
53 44 9 5 6 4 2 0 7 3 1
53 44 9 2 6 4 0 5 7 3 1
53 44 9 2 0 6 3 7 1 4 5
53 44 9 5 1 6 3 7 0 4 2
53 44 9 3 1 6 4 5 7 0 2
53 44 9 4 1 6 2 7 3 0 5
53 44 9 4 0 6 2 7 1 3 5
53 44 9 0 5 6 2 7 1 3 4
53 44 9 5 6 0 2 7 1 3 4
53 44 9 5 1 4 2 7 3 0 6
53 44 9 5 0 4 2 7 1 3 6
53 44 9 5 1 4 2 6 7 0 3
53 44 9 5 1 4 0 6 7 3 2
53 44 9 2 5 6 0 1 7 3 4
53 44 9 2 5 6 4 0 7 3 1
53 44 9 7 6 4 0 1 5 3 2
53 44 9 2 6 4 5 1 7 0 3
53 44 9 0 1 4 2 3 5 7 6
53 44 9 0 6 4 2 1 5 7 3
53 44 9 0 2 1 5 6 7 3 4
53 44 9 7 1 3 2 5 0 4 6
53 44 9 0 7 1 2 5 3 6 4
53 44 9 7 6 3 1 5 0 2 4
53 44 9 7 1 3 5 2 0 6 4
53 44 9 2 1 3 6 0 7 5 4
53 44 9 4 2 1 0 6 7 3 5
53 44 9 7 2 1 4 6 0 3 5
53 44 9 6 2 4 3 5 7 0 1
53 44 9 4 2 1 0 7 5 3 6
53 44 9 7 2 0 4 6 5 3 1
53 44 9 0 2 1 4 6 5 3 7
53 44 9 4 7 1 0 5 2 3 6
53 44 9 4 6 3 0 1 7 2 5
53 44 9 7 6 3 4 1 0 2 5
53 44 9 1 7 6 2 0 3 4 5
53 44 9 1 7 0 2 5 3 4 6
53 44 9 0 7 6 4 5 2 3 1
53 44 9 1 7 0 4 2 3 5 6
53 44 9 2 3 4 6 0 1 7 5
53 44 9 0 3 4 6 5 1 7 2
53 44 9 2 3 0 4 5 1 6 7
53 44 9 0 3 7 4 5 1 6 2
53 44 9 1 7 3 0 4 5 6 2
53 45 8 0 2 4 6 1 7 3 5
53 45 8 2 1 0 4 6 7 3 5
53 45 8 7 1 6 3 5 4 0 2
53 45 8 7 0 6 3 5 1 4 2
53 45 8 6 0 1 2 5 7 3 4
53 45 8 6 1 2 0 5 7 3 4
53 45 8 4 2 6 1 7 0 3 5
53 45 8 4 2 0 3 1 7 6 5
53 45 8 2 1 3 7 4 0 5 6
53 45 8 2 1 0 7 4 5 3 6
53 45 8 4 5 6 2 1 7 3 0
53 45 8 2 1 6 7 3 0 5 4
53 45 8 4 2 1 5 7 0 6 3
53 45 8 4 2 1 5 3 7 6 0
53 45 8 4 0 1 3 5 7 2 6
53 45 8 7 0 6 4 2 5 3 1
53 45 8 2 7 6 4 0 5 3 1
53 45 8 4 1 0 6 3 5 7 2
53 45 8 5 1 6 4 3 7 0 2
53 45 8 6 1 4 5 2 7 0 3
53 45 8 2 7 6 4 1 5 0 3
53 45 8 5 0 2 4 6 7 3 1
53 45 8 5 2 4 0 6 7 3 1
53 45 8 2 3 0 6 1 5 7 4
53 45 8 4 2 1 6 7 0 3 5
53 45 8 4 0 2 6 5 7 3 1
53 45 8 2 7 1 4 3 0 6 5
53 45 8 2 7 4 0 5 3 6 1
53 45 8 5 7 1 4 0 3 6 2
53 45 8 0 6 3 5 1 7 2 4
53 45 8 0 7 6 5 2 1 3 4
53 45 8 7 6 0 5 2 1 3 4
53 45 8 2 0 3 5 7 1 6 4
53 45 8 2 0 1 5 7 3 6 4
53 45 8 7 2 6 5 0 1 3 4
53 45 8 2 1 6 5 0 4 7 3
53 45 8 2 0 6 5 4 1 7 3
53 45 8 2 0 1 5 4 7 6 3
53 45 8 6 4 0 1 5 7 3 2
53 45 8 6 7 4 1 5 0 3 2
53 45 8 0 4 2 1 5 7 3 6
53 45 8 4 7 2 1 5 0 3 6
53 45 8 7 2 6 4 5 0 3 1
53 45 8 1 7 6 2 4 5 0 3
53 45 8 3 1 4 0 2 7 6 5
53 45 8 5 1 4 3 2 7 6 0
53 45 8 2 3 7 4 0 5 1 6
53 45 8 1 2 3 7 4 5 0 6
53 45 8 5 2 6 3 4 1 0 7
53 45 8 7 2 0 4 5 1 3 6
53 45 8 0 2 6 4 5 1 3 7
53 45 8 0 3 4 1 5 7 6 2
53 45 8 1 3 4 5 0 7 6 2
53 45 8 6 2 0 4 1 5 7 3
53 45 8 7 1 0 4 5 6 2 3
53 46 7 2 7 1 3 4 5 6 0
53 46 7 1 0 6 7 4 5 3 2
53 46 7 0 3 6 4 2 1 7 5
53 46 7 3 6 0 4 2 1 7 5
53 46 7 3 1 6 4 2 0 7 5
53 46 7 3 2 0 6 4 1 7 5
53 46 7 1 0 4 5 7 6 3 2
53 46 7 1 7 3 6 4 5 0 2
53 46 7 1 0 3 6 2 7 4 5
53 46 7 1 6 3 2 4 7 0 5
53 46 7 1 7 6 2 0 4 3 5
53 46 7 0 2 1 6 4 5 7 3
53 46 7 7 6 3 4 0 5 2 1
53 46 7 3 0 4 2 5 1 7 6
53 46 7 1 4 0 3 5 7 6 2
53 46 7 1 7 4 3 5 0 6 2
53 46 7 1 6 0 2 4 5 7 3
53 46 7 1 5 6 2 4 0 7 3
53 46 7 2 4 0 6 5 1 7 3
53 46 7 7 3 1 4 0 5 6 2
53 46 7 6 1 3 4 2 0 5 7
53 46 7 2 0 3 4 6 1 5 7
53 46 7 1 0 7 6 5 3 2 4
53 46 7 1 7 2 6 5 3 0 4
53 46 7 0 1 3 4 5 7 2 6
53 46 7 1 6 7 4 2 0 5 3
53 46 7 4 2 0 3 1 5 7 6
53 46 7 2 7 0 1 5 6 3 4
53 46 7 4 2 6 0 5 1 3 7
53 46 7 0 1 7 4 5 3 2 6
53 46 7 3 0 2 4 5 7 1 6
53 46 7 3 2 4 0 5 7 1 6
53 46 7 0 1 2 4 5 7 6 3
53 46 7 1 6 0 4 2 5 3 7
53 46 7 1 6 0 3 2 5 7 4
53 46 7 2 1 3 0 7 6 5 4
53 46 7 0 2 3 1 5 7 6 4
53 46 7 6 2 3 4 0 7 1 5
53 46 7 0 2 3 4 5 7 1 6
53 46 7 1 3 4 2 0 6 7 5
53 46 7 1 3 7 4 0 6 2 5
53 46 7 1 3 0 4 5 6 2 7
53 47 6 1 6 2 3 5 0 7 4
53 47 6 1 6 2 3 5 7 4 0
53 47 6 1 6 4 3 2 7 5 0
53 47 6 2 6 3 4 5 1 0 7
53 47 6 1 0 3 2 6 5 7 4
53 47 6 2 0 7 4 5 6 3 1
53 47 6 7 0 1 4 5 6 3 2
53 47 6 6 2 3 5 1 0 7 4
53 47 6 6 2 3 5 4 1 7 0
53 47 6 6 2 3 7 5 0 1 4
53 47 6 7 2 1 6 5 3 4 0
53 47 6 7 1 2 4 5 3 6 0
53 47 6 1 7 4 6 5 3 2 0
53 47 6 2 0 3 4 7 6 1 5
53 47 6 1 4 2 6 5 7 3 0
53 47 6 2 5 3 4 1 7 6 0
53 47 6 2 7 4 3 5 6 1 0
53 47 6 1 0 2 4 3 5 7 6
53 47 6 1 2 4 0 3 5 7 6
53 47 6 1 2 7 4 3 5 0 6
53 47 6 5 2 0 4 7 6 1 3
53 47 6 0 6 2 4 5 1 7 3
53 47 6 6 1 2 4 5 0 7 3
53 47 6 6 2 7 4 5 0 1 3
53 47 6 1 3 2 0 5 7 6 4
53 47 6 1 7 3 4 0 2 6 5
53 47 6 6 5 3 4 1 0 7 2
53 47 6 1 5 3 4 6 7 0 2
53 47 6 0 6 3 4 1 2 7 5
53 47 6 5 1 3 4 2 6 0 7
53 47 6 5 1 3 0 2 6 7 4
53 47 6 2 1 3 4 5 0 6 7
53 47 6 2 1 0 4 5 6 3 7
53 47 6 2 1 0 3 5 6 7 4
53 47 6 1 7 4 0 5 6 3 2
53 47 6 1 2 0 4 6 5 3 7
53 47 6 1 2 0 3 6 5 7 4
53 47 6 4 1 3 2 5 6 0 7
53 48 5 3 2 6 4 5 0 7 1
53 48 5 3 2 6 4 5 7 1 0
53 48 5 5 1 3 4 7 6 2 0
53 48 5 1 5 3 4 2 7 6 0
53 48 5 1 4 0 3 5 6 7 2
53 49 4 1 3 7 4 2 5 6 0
53 49 4 1 0 2 4 5 6 7 3
54 43 11 5 0 4 6 1 7 3 2
54 43 11 6 1 4 5 0 7 3 2
54 43 11 4 1 2 5 0 7 3 6
54 43 11 4 1 6 5 0 7 2 3
54 44 10 4 1 6 7 0 5 3 2
54 44 10 5 1 6 4 2 0 3 7
54 44 10 5 2 1 6 4 7 0 3
54 44 10 7 6 4 2 5 0 3 1
54 44 10 2 5 0 4 1 7 3 6
54 44 10 5 1 6 2 3 0 7 4
54 44 10 2 6 4 5 0 7 3 1
54 44 10 2 1 4 7 3 5 0 6
54 44 10 2 7 0 4 3 5 6 1
54 44 10 0 7 1 4 3 5 6 2
54 44 10 2 6 4 1 0 5 7 3
54 44 10 2 6 4 7 1 5 0 3
54 44 10 5 2 1 3 6 7 0 4
54 44 10 2 7 1 5 0 3 6 4
54 44 10 0 1 3 6 4 7 5 2
54 44 10 6 2 4 5 0 7 3 1
54 44 10 0 7 6 2 5 3 4 1
54 44 10 0 6 4 5 2 7 3 1
54 44 10 0 7 6 4 2 3 5 1
54 45 9 2 4 0 6 1 7 3 5
54 45 9 2 7 4 6 1 0 3 5
54 45 9 7 1 6 3 0 5 4 2
54 45 9 6 1 4 2 7 0 3 5
54 45 9 0 1 4 2 6 7 3 5
54 45 9 4 5 0 6 1 7 3 2
54 45 9 4 0 1 5 2 7 6 3
54 45 9 4 1 6 3 7 0 2 5
54 45 9 0 1 6 3 4 7 2 5
54 45 9 5 1 6 3 0 7 2 4
54 45 9 3 1 6 0 5 7 2 4
54 45 9 0 1 3 5 4 7 6 2
54 45 9 4 7 6 0 2 5 3 1
54 45 9 0 1 4 2 7 5 3 6
54 45 9 7 1 4 2 6 5 3 0
54 45 9 7 1 6 2 4 5 0 3
54 45 9 2 7 6 0 1 5 3 4
54 45 9 4 7 1 0 5 3 6 2
54 45 9 3 7 1 4 5 0 6 2
54 45 9 1 0 3 5 6 7 2 4
54 45 9 2 1 6 0 7 3 4 5
54 45 9 0 7 4 2 5 3 1 6
54 45 9 7 1 4 3 2 0 6 5
54 45 9 0 6 4 1 5 7 2 3
54 45 9 5 0 3 4 6 7 2 1
54 45 9 2 6 3 5 0 1 7 4
54 45 9 2 6 3 7 5 1 0 4
54 45 9 1 5 6 0 4 2 7 3
54 45 9 1 3 4 6 5 7 0 2
54 45 9 5 2 3 7 6 1 0 4
54 46 8 0 2 6 3 1 7 4 5
54 46 8 5 1 3 2 4 7 0 6
54 46 8 7 1 6 5 4 2 3 0
54 46 8 2 7 6 5 4 1 3 0
54 46 8 7 1 4 5 2 3 0 6
54 46 8 7 0 4 5 2 1 3 6
54 46 8 4 1 3 5 7 0 6 2
54 46 8 2 1 0 4 7 5 6 3
54 46 8 2 5 1 4 7 0 6 3
54 46 8 2 7 0 1 4 5 6 3
54 46 8 4 7 6 2 1 5 3 0
54 46 8 6 2 1 5 7 0 3 4
54 46 8 6 2 1 5 4 7 3 0
54 46 8 2 1 3 5 7 0 4 6
54 46 8 0 1 3 5 2 7 4 6
54 46 8 2 1 3 5 6 7 4 0
54 46 8 1 5 6 2 0 7 3 4
54 46 8 5 6 3 2 1 7 0 4
54 46 8 7 1 3 6 4 5 0 2
54 46 8 0 2 4 5 7 1 3 6
54 46 8 2 1 4 5 6 0 7 3
54 46 8 2 6 5 0 7 1 3 4
54 46 8 2 6 3 5 7 1 0 4
54 46 8 5 6 4 1 2 7 3 0
54 46 8 2 6 4 1 5 7 0 3
54 46 8 2 1 0 3 4 5 6 7
54 46 8 1 6 0 3 4 7 2 5
54 46 8 1 6 0 5 4 7 3 2
54 46 8 1 7 6 5 4 0 3 2
54 46 8 1 6 4 5 7 3 0 2
54 46 8 1 0 7 6 4 5 3 2
54 46 8 2 1 4 3 7 6 0 5
54 46 8 2 0 4 3 7 1 6 5
54 46 8 2 1 3 6 7 4 0 5
54 46 8 2 0 3 6 7 1 4 5
54 46 8 5 1 3 6 7 0 4 2
54 46 8 5 1 3 6 2 7 4 0
54 46 8 6 1 0 3 5 7 4 2
54 46 8 1 6 2 0 4 7 3 5
54 46 8 1 7 6 2 4 3 0 5
54 46 8 2 5 1 6 4 0 7 3
54 46 8 4 6 0 3 5 7 2 1
54 46 8 5 3 4 2 0 1 7 6
54 46 8 6 3 4 2 5 1 7 0
54 46 8 1 3 4 2 5 0 7 6
54 46 8 2 6 4 3 5 0 1 7
54 46 8 2 6 0 3 5 1 4 7
54 46 8 2 6 0 7 5 1 3 4
54 46 8 4 0 2 3 5 7 1 6
54 46 8 3 5 6 4 2 1 7 0
54 46 8 5 6 4 0 2 1 7 3
54 46 8 5 6 7 4 2 1 0 3
54 46 8 5 0 2 6 4 1 7 3
54 46 8 5 2 7 6 4 1 0 3
54 46 8 6 1 0 4 2 5 3 7
54 46 8 6 1 0 3 2 5 7 4
54 46 8 1 6 4 7 2 5 0 3
54 46 8 5 1 7 4 0 3 6 2
54 46 8 2 1 7 4 5 3 6 0
54 46 8 4 2 3 1 0 5 7 6
54 46 8 0 7 1 2 5 6 3 4
54 46 8 4 1 3 6 2 5 0 7
54 46 8 2 6 3 0 7 1 5 4
54 46 8 2 6 3 4 0 1 5 7
54 46 8 1 7 4 2 0 3 6 5
54 46 8 0 2 6 1 3 5 7 4
54 46 8 0 2 4 1 5 7 6 3
54 46 8 1 2 4 6 5 7 0 3
54 46 8 0 6 4 1 5 2 7 3
54 46 8 0 6 3 1 2 5 7 4
54 46 8 1 6 3 7 2 5 0 4
54 46 8 0 1 3 4 7 6 5 2
54 46 8 1 2 3 5 0 7 6 4
54 46 8 0 3 4 2 5 6 7 1
54 46 8 0 3 7 4 5 6 2 1
54 47 7 0 2 3 5 1 7 6 4
54 47 7 2 3 0 5 1 7 6 4
54 47 7 7 0 4 1 5 6 3 2
54 47 7 1 0 6 3 4 5 7 2
54 47 7 7 2 1 6 4 5 3 0
54 47 7 1 0 3 2 4 7 6 5
54 47 7 7 1 3 6 5 4 0 2
54 47 7 7 0 3 6 5 1 4 2
54 47 7 1 6 4 3 2 0 7 5
54 47 7 1 6 0 3 2 7 4 5
54 47 7 2 3 4 7 5 0 1 6
54 47 7 2 3 0 7 5 1 4 6
54 47 7 6 0 4 3 5 1 7 2
54 47 7 2 0 6 4 5 1 3 7
54 47 7 6 0 7 4 5 1 3 2
54 47 7 1 2 4 5 0 7 3 6
54 47 7 2 1 5 6 4 7 3 0
54 47 7 2 1 3 5 4 0 7 6
54 47 7 5 2 3 1 4 7 0 6
54 47 7 0 2 1 6 5 7 4 3
54 47 7 2 6 5 4 1 7 3 0
54 47 7 2 6 3 5 1 0 7 4
54 47 7 2 6 3 5 1 7 4 0
54 47 7 0 1 6 3 2 4 7 5
54 47 7 2 1 6 3 5 4 7 0
54 47 7 2 6 7 3 5 1 4 0
54 47 7 6 1 3 2 0 5 7 4
54 47 7 0 7 1 4 2 6 3 5
54 47 7 2 7 4 0 5 6 3 1
54 47 7 5 7 1 4 0 6 3 2
54 47 7 5 0 2 4 6 1 7 3
54 47 7 5 2 4 0 6 1 7 3
54 47 7 5 2 7 4 6 1 0 3
54 47 7 6 2 0 7 5 1 3 4
54 47 7 2 0 1 7 4 5 6 3
54 47 7 7 2 0 6 5 3 1 4
54 47 7 4 0 2 7 5 1 6 3
54 47 7 4 2 7 0 5 1 6 3
54 47 7 0 7 1 4 5 3 2 6
54 47 7 7 3 1 4 5 0 2 6
54 47 7 7 1 2 4 5 0 3 6
54 47 7 5 2 6 4 7 0 1 3
54 47 7 5 2 0 4 7 1 6 3
54 47 7 2 7 6 4 5 0 1 3
54 47 7 2 7 0 4 5 1 6 3
54 47 7 6 4 0 2 5 1 7 3
54 47 7 1 7 6 4 3 2 0 5
54 47 7 1 0 6 4 3 7 2 5
54 47 7 2 6 3 4 0 7 1 5
54 47 7 0 4 6 2 5 1 7 3
54 47 7 4 6 0 2 5 1 7 3
54 47 7 1 2 6 5 4 7 0 3
54 47 7 5 2 4 3 0 1 7 6
54 47 7 1 2 4 3 5 0 7 6
54 47 7 1 6 4 2 0 5 7 3
54 47 7 1 3 6 2 5 7 0 4
54 47 7 1 7 3 2 0 5 6 4
54 47 7 6 3 0 4 1 5 7 2
54 47 7 7 1 4 0 5 6 3 2
54 47 7 5 2 3 6 4 1 0 7
54 47 7 1 0 3 4 6 2 7 5
54 47 7 0 2 3 1 6 5 7 4
54 47 7 4 1 3 2 0 6 7 5
54 48 6 1 0 3 6 5 7 2 4
54 48 6 1 0 4 7 5 3 6 2
54 48 6 4 1 3 2 6 5 7 0
54 48 6 5 0 3 4 6 1 7 2
54 48 6 6 1 3 4 2 0 7 5
54 48 6 6 0 3 4 2 5 7 1
54 48 6 2 6 3 4 0 5 7 1
54 48 6 7 1 4 2 5 6 3 0
54 48 6 1 2 3 6 4 7 0 5
54 48 6 5 6 3 4 7 1 2 0
54 48 6 4 1 5 0 2 7 6 3
54 48 6 1 4 3 6 5 7 0 2
54 48 6 2 4 3 0 5 1 7 6
54 48 6 1 6 3 5 2 0 7 4
54 48 6 1 6 3 5 2 7 4 0
54 48 6 1 7 6 5 2 3 4 0
54 48 6 1 7 0 5 2 3 6 4
54 48 6 5 2 1 4 3 0 7 6
54 48 6 6 2 4 3 5 7 1 0
54 48 6 4 2 7 3 5 1 6 0
54 48 6 2 0 3 4 5 7 6 1
54 48 6 5 2 3 4 0 7 6 1
54 48 6 4 0 3 2 5 1 7 6
54 48 6 5 6 3 4 0 1 7 2
54 48 6 7 2 3 4 0 1 6 5
54 48 6 1 0 7 4 2 5 6 3
54 48 6 1 7 4 0 2 5 6 3
54 48 6 1 5 6 4 0 3 7 2
54 48 6 2 1 3 4 6 0 7 5
54 48 6 4 2 3 0 5 1 6 7
54 48 6 0 1 4 3 5 6 7 2
54 48 6 4 0 3 1 5 2 7 6
54 48 6 4 2 3 0 5 7 6 1
54 48 6 0 1 3 4 7 6 2 5
54 48 6 1 3 0 4 7 6 2 5
54 49 5 4 1 3 7 2 5 6 0
54 49 5 2 3 6 4 5 1 7 0
54 49 5 0 5 3 4 1 6 7 2
54 49 5 2 0 1 4 5 6 7 3
54 49 5 5 2 1 4 0 6 7 3
54 49 5 6 2 3 1 5 0 7 4
54 49 5 6 2 3 1 5 7 4 0
54 49 5 1 6 3 4 7 2 5 0
54 49 5 1 3 4 6 2 5 7 0
54 49 5 1 2 4 6 5 7 3 0
54 49 5 1 3 4 6 5 2 7 0
54 49 5 1 3 7 4 5 2 6 0
54 49 5 0 6 3 4 5 1 7 2
54 49 5 0 7 3 4 5 6 1 2
54 49 5 5 2 3 4 1 6 7 0
54 52 2 1 2 3 4 5 6 7 0