0 0 0 6 5 0 3 1 2 4 7
13 0 13 6 0 5 3 1 2 4 7
13 0 13 6 5 3 0 1 2 4 7
14 0 14 6 5 4 3 1 2 0 7
22 13 9 6 5 3 7 1 2 4 0
26 14 12 6 5 4 3 1 2 7 0
27 13 14 0 6 5 3 1 2 4 7
27 13 14 6 2 5 3 1 0 4 7
27 13 14 6 5 3 4 1 2 0 7
28 13 15 6 5 3 1 0 2 4 7
29 13 16 0 5 3 6 1 2 4 7
29 14 15 6 5 4 3 1 0 2 7
33 22 11 6 5 3 7 1 2 0 4
35 22 13 6 5 3 7 0 2 4 1
35 22 13 0 5 3 7 1 2 4 6
36 22 14 6 5 0 7 1 2 4 3
37 27 10 6 5 3 4 1 2 7 0
38 27 11 1 6 5 3 0 2 4 7
39 27 12 6 2 5 3 1 4 0 7
40 27 13 3 6 5 0 1 2 4 7
40 27 13 7 6 5 3 1 2 4 0
40 27 13 6 5 3 4 1 0 2 7
40 28 12 6 5 3 1 2 0 4 7
41 26 15 6 5 4 0 1 2 7 3
41 27 14 6 2 5 3 0 1 4 7
41 28 13 6 5 3 1 7 2 4 0
41 29 12 1 5 3 6 0 2 4 7
42 26 16 6 5 4 3 0 2 7 1
42 26 16 0 5 4 3 1 2 7 6
42 27 15 6 5 0 4 1 2 3 7
42 28 14 0 5 3 1 6 2 4 7
43 26 17 6 5 0 3 1 2 7 4
43 27 16 2 6 5 3 1 0 4 7
43 28 15 6 0 3 1 5 2 4 7
43 29 14 5 0 3 6 1 2 4 7
43 29 14 7 5 3 6 1 2 4 0
43 29 14 6 0 4 3 1 5 2 7
43 35 8 1 5 3 7 0 2 4 6
44 29 15 2 5 3 6 1 0 4 7
44 29 15 6 5 4 3 0 1 2 7
46 33 13 6 5 3 7 1 0 2 4
46 33 13 6 5 0 7 1 2 3 4
46 35 11 6 5 3 7 2 0 4 1
46 35 11 5 0 3 7 1 2 4 6
47 36 11 6 0 5 7 1 2 4 3
48 35 13 0 5 3 7 6 2 4 1
48 35 13 7 5 3 0 1 2 4 6
48 35 13 2 5 3 7 1 0 4 6
48 36 12 6 5 4 7 1 2 0 3
48 38 10 1 6 5 3 2 0 4 7
48 40 8 3 6 5 7 1 2 4 0
49 36 13 6 5 7 0 1 2 4 3
49 38 11 1 6 5 3 7 2 4 0
50 35 15 6 0 3 7 5 2 4 1
50 39 11 6 2 5 3 1 4 7 0
50 40 10 6 5 3 1 2 4 0 7
50 43 7 1 5 3 7 2 0 4 6
51 37 14 6 5 3 0 1 2 7 4
51 37 14 6 5 3 4 0 2 7 1
51 37 14 0 5 3 4 1 2 7 6
51 38 13 1 0 5 3 6 2 4 7
51 43 8 1 5 3 7 6 2 4 0
52 35 17 6 5 3 0 7 2 4 1
52 38 14 1 6 5 0 3 2 4 7
52 40 12 6 0 3 4 1 5 2 7
52 41 11 1 5 3 6 2 0 4 7
53 39 14 6 2 0 3 1 4 5 7
53 40 13 3 6 0 5 1 2 4 7
53 40 13 7 6 5 3 1 2 0 4
53 40 13 7 6 5 0 1 2 4 3
53 40 13 6 5 3 4 0 1 2 7
53 40 13 6 0 3 1 2 5 4 7
53 41 12 1 5 3 6 7 2 4 0
53 41 12 1 0 3 6 5 2 4 7
53 42 11 1 5 4 3 0 2 7 6
54 37 17 6 5 0 4 1 2 7 3
54 40 14 3 6 5 1 0 2 4 7
54 40 14 3 6 5 4 1 2 0 7
54 41 13 0 2 5 3 6 1 4 7
54 41 13 1 5 3 0 6 2 4 7
54 43 11 6 2 3 1 5 0 4 7
54 43 11 1 0 3 7 5 2 4 6
55 40 15 7 6 5 3 0 2 4 1
55 41 14 6 2 5 3 7 1 4 0
55 41 14 6 0 5 3 2 1 4 7
55 41 14 6 5 3 1 7 2 0 4
55 42 13 5 0 4 3 1 2 7 6
55 42 13 5 0 3 1 6 2 4 7
55 42 13 7 5 3 1 6 2 4 0
55 43 12 2 6 5 3 1 4 0 7
55 43 12 2 0 5 3 1 6 4 7
55 43 12 5 2 3 6 1 0 4 7
55 46 9 6 5 3 7 2 4 0 1
55 50 5 1 5 3 7 2 4 0 6
56 42 14 0 5 4 3 6 2 7 1
56 42 14 3 5 4 0 1 2 7 6
56 42 14 2 5 4 3 1 0 7 6
56 42 14 6 0 5 4 1 2 3 7
56 42 14 2 5 3 1 6 0 4 7
56 43 13 6 5 7 3 1 2 0 4
56 43 13 0 6 3 1 5 2 4 7
56 43 13 6 3 0 1 5 2 4 7
56 43 13 1 5 3 0 7 2 4 6
56 44 12 2 5 3 6 1 4 0 7
56 44 12 2 0 3 6 1 5 4 7
56 46 10 5 3 0 7 1 2 4 6
56 48 8 1 6 5 3 2 4 0 7
57 41 16 0 5 3 1 7 2 4 6
57 42 15 6 5 4 3 2 0 7 1
57 42 15 6 0 4 3 5 2 7 1
57 42 15 6 5 4 0 1 2 3 7
57 43 14 6 0 5 3 1 2 7 4
57 43 14 2 6 5 3 0 1 4 7
57 43 14 5 3 0 6 1 2 4 7
57 43 14 7 5 3 6 1 2 0 4
57 43 14 0 6 4 3 1 5 2 7
57 44 13 2 5 3 6 0 1 4 7
57 48 9 2 5 3 7 1 4 0 6
57 48 9 1 0 5 3 2 6 4 7
58 40 18 7 6 0 3 1 2 4 5
58 41 17 0 5 4 6 1 2 7 3
58 41 17 6 5 4 1 0 2 7 3
58 41 17 6 2 5 0 3 1 4 7
58 41 17 6 5 0 1 7 2 4 3
58 43 15 6 4 0 3 1 5 2 7
58 44 14 0 5 4 3 6 1 2 7
58 46 12 6 0 5 7 1 2 3 4
58 46 12 6 0 3 7 2 5 4 1
58 46 12 5 2 3 7 1 0 4 6
58 48 10 3 6 5 7 1 2 0 4
58 50 8 1 0 3 7 2 5 4 6
58 55 3 1 5 3 7 2 4 6 0
59 43 16 7 5 3 6 0 2 4 1
59 44 15 6 5 4 3 7 1 2 0
59 44 15 6 0 4 3 5 1 2 7
59 46 13 6 5 3 7 0 1 2 4
59 47 12 0 6 5 7 1 2 4 3
59 47 12 6 2 5 7 1 0 4 3
59 48 11 2 5 3 7 0 1 4 6
59 48 11 6 5 4 7 1 2 3 0
59 50 9 6 5 3 1 2 4 7 0
60 42 18 6 5 4 0 3 2 7 1
60 43 17 7 5 0 6 1 2 4 3
60 46 14 6 0 3 7 1 5 2 4
60 46 14 6 5 7 0 1 2 3 4
60 48 12 2 0 3 7 1 5 4 6
60 48 12 3 6 5 7 0 2 4 1
60 49 11 6 5 7 3 1 2 4 0
60 51 9 1 5 3 4 0 2 7 6
60 51 9 1 5 3 7 6 2 0 4
60 52 8 1 6 5 7 3 2 4 0
61 48 13 5 0 3 7 6 2 4 1
61 48 13 7 5 0 3 1 2 4 6
61 49 12 1 6 5 3 7 2 0 4
61 49 12 1 6 5 0 7 2 4 3
61 51 10 1 2 5 3 6 0 4 7
61 52 9 1 5 3 6 2 4 0 7
61 53 8 1 2 3 6 5 0 4 7
62 44 18 6 5 4 0 3 1 2 7
62 48 14 7 5 3 1 0 2 4 6
62 48 14 7 5 3 4 1 2 0 6
62 48 14 6 5 4 7 1 0 2 3
62 50 12 6 3 0 7 5 2 4 1
62 50 12 6 5 0 1 2 4 3 7
62 51 11 5 0 3 4 1 2 7 6
62 53 9 1 5 4 3 6 2 7 0
62 54 8 1 3 0 7 5 2 4 6
62 55 7 6 5 3 7 2 4 1 0
62 55 7 1 5 0 7 2 4 3 6
63 48 15 7 5 3 0 6 2 4 1
63 48 15 2 5 3 7 6 0 4 1
63 48 15 3 6 0 7 1 2 4 5
63 50 13 6 2 5 0 1 4 7 3
63 51 12 0 5 3 4 6 2 7 1
63 51 12 2 5 3 4 1 0 7 6
63 51 12 1 5 0 3 6 2 4 7
63 51 12 1 5 0 7 6 2 4 3
63 56 7 1 6 5 3 2 4 7 0
64 49 15 6 5 7 1 0 2 4 3
64 49 15 6 5 7 4 1 2 0 3
64 50 14 0 6 3 7 5 2 4 1
64 50 14 6 2 3 7 5 0 4 1
64 51 13 6 0 3 4 5 2 7 1
64 51 13 0 1 5 3 6 2 4 7
64 52 12 0 6 3 4 1 5 2 7
64 52 12 1 0 3 6 2 5 4 7
64 53 11 1 3 0 6 5 2 4 7
64 53 11 1 5 4 3 2 0 7 6
64 53 11 1 0 4 3 5 2 7 6
64 54 10 1 5 3 4 6 2 0 7
64 54 10 6 2 3 1 5 4 0 7
64 54 10 1 2 3 7 5 0 4 6
64 57 7 2 5 3 7 1 4 6 0
65 49 16 0 5 7 6 1 2 4 3
65 49 16 1 6 0 3 7 2 4 5
65 50 15 6 2 5 3 0 4 7 1
65 50 15 6 2 0 3 1 4 7 5
65 50 15 0 2 5 3 1 4 7 6
65 51 14 6 5 3 4 2 0 7 1
65 51 14 4 5 3 0 1 2 7 6
65 52 13 1 6 0 5 3 2 4 7
65 52 13 1 6 5 4 3 2 0 7
65 52 13 6 3 0 4 1 5 2 7
65 53 12 0 5 3 4 6 1 2 7
65 53 12 6 3 0 1 2 5 4 7
65 53 12 1 5 3 6 7 2 0 4
65 53 12 0 1 3 6 5 2 4 7
65 54 11 3 6 5 1 2 0 4 7
65 54 11 3 6 5 4 1 2 7 0
65 54 11 0 1 3 7 5 2 4 6
65 58 7 1 3 0 7 2 5 4 6
65 58 7 1 5 3 0 2 4 6 7
66 51 15 0 5 3 6 1 2 7 4
66 53 13 6 2 3 0 1 4 5 7
66 53 13 3 0 6 5 1 2 4 7
66 53 13 3 6 4 5 1 2 0 7
66 53 13 6 5 3 4 7 1 2 0
66 53 13 6 0 3 4 5 1 2 7
66 54 12 3 6 5 1 7 2 4 0
66 54 12 6 2 3 1 0 5 4 7
66 55 11 6 1 5 3 2 0 4 7
66 55 11 5 2 4 3 1 0 7 6
66 55 11 5 2 3 1 6 0 4 7
66 55 11 2 6 5 3 1 4 7 0
66 55 11 5 2 3 6 1 4 0 7
66 55 11 6 5 0 7 2 4 3 1
66 56 10 2 5 3 6 1 4 7 0
66 56 10 5 3 4 7 1 2 0 6
66 58 8 1 5 3 7 0 4 6 2
66 58 8 1 5 0 7 2 4 6 3
67 49 18 0 6 5 3 7 2 4 1
67 51 16 6 5 3 1 0 2 7 4
67 51 16 6 5 3 0 4 2 7 1
67 53 14 7 6 0 5 1 2 4 3
67 53 14 0 6 3 1 2 5 4 7
67 53 14 1 5 4 0 3 2 7 6
67 54 13 2 0 5 3 6 1 4 7
67 54 13 7 2 5 3 6 1 4 0
67 55 12 0 2 5 3 1 6 4 7
67 55 12 2 5 0 3 1 6 4 7
67 55 12 5 2 3 6 0 1 4 7
67 56 11 2 0 4 3 1 5 7 6
67 56 11 2 5 3 1 0 6 4 7
67 56 11 2 5 3 1 6 4 0 7
67 56 11 2 0 3 1 6 5 4 7
67 56 11 1 6 3 0 5 2 4 7
67 56 11 5 3 7 0 1 2 4 6
67 56 11 1 6 0 3 2 4 5 7
67 57 10 1 5 0 3 2 6 4 7
67 60 7 1 5 3 4 6 2 7 0
68 52 16 6 5 0 3 7 2 4 1
68 52 16 6 5 3 4 7 2 0 1
68 52 16 0 6 5 1 3 2 4 7
68 53 15 6 0 2 3 1 4 5 7
68 53 15 7 6 5 3 1 0 2 4
68 53 15 7 6 5 1 0 2 4 3
68 53 15 7 6 5 4 1 2 0 3
68 54 14 6 0 5 4 1 2 7 3
68 54 14 3 0 5 1 6 2 4 7
68 54 14 3 6 5 4 1 0 2 7
68 54 14 3 6 0 4 1 2 5 7
68 54 14 3 2 5 0 6 1 4 7
68 55 13 7 6 5 3 2 0 4 1
68 55 13 0 6 5 3 2 1 4 7
68 55 13 6 5 0 3 2 1 4 7
68 55 13 5 3 0 1 6 2 4 7
68 55 13 7 5 3 1 6 2 0 4
68 56 12 3 5 4 6 1 2 7 0
68 56 12 3 5 4 7 1 2 0 6
68 56 12 2 5 4 3 0 1 7 6
68 56 12 2 5 4 3 1 7 0 6
68 56 12 6 3 4 1 5 2 0 7
68 56 12 1 5 0 3 7 2 4 6
68 56 12 1 5 3 4 7 2 0 6
68 56 12 0 2 3 6 1 5 4 7
68 57 11 6 2 4 3 5 0 7 1
68 57 11 1 6 4 3 0 5 2 7
68 57 11 2 5 0 7 1 4 3 6
68 57 11 0 1 5 3 2 6 4 7
68 58 10 5 2 3 7 1 4 0 6
68 58 10 0 1 3 7 2 5 4 6
68 59 9 1 6 5 7 0 2 4 3
68 61 7 1 2 3 6 5 4 0 7
68 62 6 1 0 5 7 2 4 3 6
69 53 16 7 6 0 3 1 2 5 4
69 53 16 6 5 3 0 4 1 2 7
69 53 16 1 5 0 6 7 2 4 3
69 55 14 6 2 5 3 7 1 0 4
69 55 14 5 4 0 3 1 2 7 6
69 55 14 2 6 0 3 1 4 5 7
69 56 13 5 0 4 3 6 2 7 1
69 56 13 3 5 0 4 1 2 7 6
69 56 13 6 2 5 4 1 0 3 7
69 56 13 7 6 3 1 5 2 4 0
69 56 13 2 6 3 1 5 0 4 7
69 56 13 6 3 1 0 5 2 4 7
69 56 13 2 3 0 6 1 5 4 7
69 58 11 6 2 5 7 3 1 4 0
69 58 11 6 3 0 7 2 5 4 1
69 58 11 0 5 3 7 2 4 6 1
69 59 10 6 2 5 7 1 4 0 3
69 59 10 0 5 3 7 2 1 4 6
69 60 9 1 0 3 4 5 2 7 6
69 61 8 1 5 3 6 2 4 7 0
70 52 18 0 5 3 6 7 2 4 1
70 55 15 6 2 5 0 7 1 4 3
70 56 14 2 5 4 3 6 0 7 1
70 56 14 5 6 3 1 0 2 4 7
70 57 13 0 6 4 3 5 2 7 1
70 57 13 6 2 5 3 1 0 7 4
70 57 13 5 3 6 0 1 2 4 7
70 57 13 5 3 4 6 1 2 0 7
70 57 13 2 5 3 6 7 1 4 0
70 57 13 2 0 3 6 5 1 4 7
70 58 12 5 2 3 7 0 1 4 6
70 58 12 3 6 5 7 1 0 2 4
70 59 11 6 5 3 7 4 1 2 0
70 59 11 2 5 3 7 6 1 4 0
70 60 10 3 6 5 7 2 0 4 1
70 60 10 1 5 3 4 2 0 7 6
70 60 10 1 6 5 7 3 2 0 4
70 61 9 1 2 5 3 0 6 4 7
70 61 9 1 2 5 3 6 4 0 7
70 61 9 1 2 3 6 0 5 4 7
70 62 8 1 3 4 7 5 2 0 6
70 62 8 1 5 7 0 2 4 3 6
71 55 16 7 0 5 3 6 2 4 1
71 55 16 6 5 3 1 7 0 2 4
71 55 16 6 5 0 1 7 2 3 4
71 55 16 7 5 0 1 6 2 4 3
71 56 15 3 5 4 0 6 2 7 1
71 56 15 3 5 4 1 0 2 7 6
71 56 15 0 6 5 4 1 2 3 7
71 56 15 6 5 7 3 1 0 2 4
71 56 15 2 5 0 6 1 4 3 7
71 57 14 5 0 3 1 7 2 4 6
71 57 14 6 5 4 3 2 7 0 1
71 57 14 6 4 0 3 5 2 7 1
71 57 14 2 6 5 3 7 1 4 0
71 57 14 7 6 4 3 1 5 2 0
71 57 14 0 5 3 6 2 1 4 7
71 57 14 2 5 3 0 6 1 4 7
71 58 13 1 5 4 6 0 2 7 3
71 58 13 6 4 2 3 1 5 0 7
71 58 13 5 0 4 3 6 1 2 7
71 58 13 1 5 4 3 6 0 2 7
71 58 13 0 6 5 7 1 2 3 4
71 58 13 6 2 5 7 1 0 3 4
71 58 13 0 6 3 7 2 5 4 1
71 58 13 3 6 0 7 1 2 5 4
71 59 12 6 1 4 3 5 0 2 7
71 59 12 6 2 5 7 0 1 4 3
71 59 12 6 5 3 0 2 4 7 1
71 60 11 2 3 0 7 1 5 4 6
71 60 11 1 5 3 7 6 0 2 4
71 60 11 1 5 0 7 6 2 3 4
71 62 9 5 2 3 4 1 0 7 6
71 62 9 1 3 7 0 5 2 4 6
71 64 7 1 2 4 3 5 0 7 6
71 66 5 1 0 5 7 2 4 6 3
72 55 17 7 6 5 0 3 2 4 1
72 55 17 6 2 0 3 7 1 4 5
72 55 17 0 2 5 3 7 1 4 6
72 57 15 6 0 4 3 2 5 7 1
72 57 15 0 6 5 3 1 2 7 4
72 57 15 7 5 3 6 1 0 2 4
72 57 15 3 6 4 0 1 5 2 7
72 58 14 7 6 4 3 1 2 0 5
72 58 14 6 5 4 1 2 0 7 3
72 58 14 6 5 4 1 3 2 7 0
72 58 14 6 2 5 4 3 1 0 7
72 58 14 6 0 5 1 7 2 4 3
72 58 14 6 4 3 0 1 5 2 7
72 58 14 7 5 4 3 6 1 2 0
72 59 13 0 6 4 3 5 1 2 7
72 59 13 0 5 3 1 2 4 7 6
72 60 12 6 5 7 4 1 2 3 0
72 60 12 1 5 3 0 4 2 7 6
72 61 11 1 5 0 6 2 4 3 7
72 62 10 7 5 3 4 1 2 6 0
72 62 10 1 5 4 3 6 2 0 7
72 63 9 2 0 3 4 1 5 7 6
72 63 9 1 0 5 7 6 2 4 3
72 63 9 1 6 5 0 2 4 7 3
72 64 8 6 2 3 1 5 4 7 0
72 64 8 1 2 3 7 5 4 0 6
72 65 7 1 3 4 7 2 5 0 6
73 57 16 2 5 3 1 7 0 4 6
73 57 16 7 5 0 6 1 2 3 4
73 57 16 5 6 4 3 1 0 2 7
73 58 15 7 6 3 0 1 2 4 5
73 58 15 5 0 4 6 1 2 7 3
73 58 15 0 5 4 1 6 2 7 3
73 58 15 6 5 1 0 7 2 4 3
73 58 15 6 5 4 1 7 2 0 3
73 58 15 3 5 4 0 6 1 2 7
73 59 14 7 5 3 6 2 0 4 1
73 59 14 6 4 0 3 5 1 2 7
73 59 14 0 5 3 7 6 1 2 4
73 59 14 2 6 5 7 1 0 4 3
73 59 14 2 0 3 7 5 1 4 6
73 59 14 6 5 3 1 0 4 7 2
73 59 14 6 5 0 1 2 4 7 3
73 60 13 6 3 0 7 1 5 2 4
73 60 13 0 2 3 7 1 5 4 6
73 60 13 3 0 5 7 6 2 4 1
73 61 12 5 3 0 7 6 2 4 1
73 61 12 7 0 5 3 1 2 4 6
73 62 11 7 5 3 1 2 0 4 6
73 62 11 6 0 5 1 2 4 3 7
73 62 11 6 5 3 0 2 4 1 7
73 62 11 0 5 3 7 2 4 1 6
73 63 10 2 5 3 4 0 1 7 6
73 63 10 2 5 3 4 1 7 0 6
73 63 10 1 5 4 7 6 2 0 3
73 64 9 6 2 3 4 5 0 7 1
73 64 9 1 6 3 4 0 5 2 7
73 64 9 1 3 4 6 5 2 0 7
73 64 9 1 5 3 4 6 0 2 7
73 65 8 1 3 7 0 2 5 4 6
73 65 8 1 5 0 3 2 4 6 7
73 66 7 1 5 7 0 2 4 6 3
73 66 7 1 5 6 7 2 4 0 3
73 68 5 1 2 3 6 5 4 7 0
74 57 17 0 5 4 6 1 2 3 7
74 57 17 6 5 4 1 0 2 3 7
74 57 17 2 6 5 0 3 1 4 7
74 58 16 7 0 6 3 1 2 4 5
74 58 16 2 5 4 6 1 0 7 3
74 58 16 6 0 4 1 5 2 7 3
74 58 16 6 2 0 5 3 1 4 7
74 58 16 0 2 5 6 3 1 4 7
74 59 15 6 5 4 3 7 1 0 2
74 59 15 6 5 4 7 0 2 3 1
74 59 15 0 5 4 7 1 2 3 6
74 60 14 7 0 5 6 1 2 4 3
74 60 14 7 5 6 0 1 2 4 3
74 60 14 0 6 5 7 3 2 4 1
74 61 13 7 5 4 3 1 2 0 6
74 61 13 1 6 0 5 7 2 4 3
74 62 12 6 3 4 7 5 2 0 1
74 62 12 6 5 1 0 2 4 3 7
74 62 12 5 3 0 4 1 2 7 6
74 62 12 1 5 4 0 6 2 7 3
74 62 12 6 5 3 7 0 4 1 2
74 62 12 6 5 0 7 2 4 1 3
74 63 11 2 5 3 7 6 4 0 1
74 63 11 5 0 3 4 6 2 7 1
74 63 11 1 5 7 0 6 2 4 3
74 64 10 1 6 3 7 5 2 4 0
74 64 10 1 5 4 3 2 7 0 6
74 64 10 1 4 0 3 5 2 7 6
74 64 10 1 2 3 7 0 5 4 6
74 65 9 1 6 5 4 3 2 7 0
74 65 9 3 6 5 1 2 4 0 7
74 66 8 5 3 4 7 1 2 6 0
74 66 8 1 5 3 7 4 0 6 2
74 69 5 1 2 3 4 5 0 7 6
75 59 16 7 0 3 6 5 2 4 1
75 59 16 6 0 3 7 5 1 2 4
75 59 16 2 5 3 0 7 1 4 6
75 60 15 6 5 0 4 3 2 7 1
75 60 15 7 5 4 6 1 2 0 3
75 60 15 0 6 3 7 1 5 2 4
75 60 15 6 5 7 3 0 2 4 1
75 60 15 0 5 7 3 1 2 4 6
75 60 15 1 6 0 7 3 2 4 5
75 61 14 5 2 3 7 6 0 4 1
75 61 14 1 6 5 3 7 0 2 4
75 61 14 1 6 0 3 7 2 5 4
75 61 14 1 6 5 4 7 2 0 3
75 62 13 6 5 4 7 3 1 2 0
75 62 13 7 5 3 4 1 0 2 6
75 62 13 6 3 7 0 5 2 4 1
75 62 13 1 5 0 3 6 2 7 4
75 63 12 2 5 3 7 0 6 4 1
75 63 12 2 5 3 4 6 0 7 1
75 63 12 1 6 5 3 0 4 7 2
75 64 11 0 6 3 4 5 2 7 1
75 64 11 1 3 0 6 2 5 4 7
75 64 11 1 3 6 0 5 2 4 7
75 64 11 1 0 4 3 2 5 7 6
75 64 11 0 1 4 3 5 2 7 6
75 64 11 1 5 0 4 6 2 3 7
75 64 11 2 5 3 0 1 4 6 7
75 64 11 2 5 3 7 0 4 6 1
75 65 10 1 2 5 3 0 4 7 6
75 65 10 3 0 5 1 2 6 4 7
75 65 10 5 1 3 7 0 2 4 6
75 66 9 6 1 5 3 2 4 0 7
75 66 9 5 2 3 6 1 4 7 0
76 59 17 6 5 4 0 7 1 2 3
76 60 16 6 5 4 7 3 2 0 1
76 60 16 6 5 7 1 0 2 3 4
76 60 16 3 6 5 0 7 2 4 1
76 62 14 7 5 0 4 1 2 3 6
76 62 14 6 5 4 7 0 1 2 3
76 63 13 3 0 6 7 1 2 4 5
76 63 13 3 6 4 7 1 2 0 5
76 64 12 6 5 7 1 2 0 4 3
76 64 12 6 2 3 7 5 4 0 1
76 64 12 6 3 0 4 5 2 7 1
76 64 12 6 1 5 3 0 2 4 7
76 64 12 3 1 5 0 6 2 4 7
76 64 12 7 1 5 3 6 2 4 0
76 64 12 7 6 3 4 1 5 2 0
76 64 12 2 5 0 7 1 4 6 3
76 64 12 0 5 3 7 1 4 6 2
76 65 11 4 5 3 6 1 2 7 0
76 65 11 6 3 2 4 1 5 0 7
76 65 11 5 0 3 4 6 1 2 7
76 65 11 6 1 3 7 5 2 4 0
76 65 11 0 5 3 1 2 4 6 7
76 66 10 6 2 3 7 1 4 5 0
76 66 10 6 1 3 4 5 0 2 7
76 66 10 5 2 3 1 0 6 4 7
76 66 10 5 2 3 1 6 4 0 7
76 66 10 6 0 5 7 2 4 3 1
76 66 10 1 0 3 7 5 4 6 2
76 67 9 2 5 3 1 6 4 7 0
76 67 9 1 6 3 4 5 2 0 7
76 67 9 1 5 3 0 2 6 4 7
76 68 8 3 5 4 7 1 2 6 0
76 68 8 1 5 3 4 7 2 6 0
76 68 8 5 2 3 7 1 4 6 0
76 68 8 1 6 5 7 2 0 4 3
76 68 8 0 1 5 7 2 4 3 6
76 68 8 1 4 5 7 2 0 3 6
76 70 6 1 3 4 7 5 2 6 0
77 59 18 0 5 4 3 7 1 2 6
77 59 18 6 5 3 0 7 1 2 4
77 60 17 0 5 4 6 3 2 7 1
77 60 17 0 5 7 6 1 2 3 4
77 61 16 0 6 5 1 7 2 4 3
77 62 15 6 5 0 4 3 1 2 7
77 62 15 7 0 3 1 5 2 4 6
77 62 15 6 0 4 7 1 5 2 3
77 63 14 7 5 3 4 6 2 0 1
77 63 14 2 0 3 7 6 5 4 1
77 63 14 3 6 7 0 1 2 4 5
77 63 14 6 2 0 5 1 4 7 3
77 63 14 4 5 3 0 6 2 7 1
77 63 14 1 6 0 3 2 4 7 5
77 64 13 6 5 7 1 3 2 4 0
77 64 13 5 6 3 7 0 2 4 1
77 64 13 6 2 0 1 5 4 3 7
77 65 12 1 5 7 6 0 2 4 3
77 65 12 1 6 4 3 7 2 0 5
77 65 12 6 2 3 0 1 4 7 5
77 65 12 2 0 5 3 1 4 7 6
77 65 12 3 2 5 0 1 4 7 6
77 65 12 1 6 5 4 3 0 2 7
77 65 12 1 6 0 4 3 2 5 7
77 65 12 7 5 3 4 6 1 2 0
77 65 12 6 3 1 0 2 5 4 7
77 65 12 6 3 4 1 2 5 0 7
77 65 12 7 1 3 6 5 2 4 0
77 65 12 2 1 3 6 5 0 4 7
77 65 12 1 5 3 2 0 4 6 7
77 66 11 1 5 3 6 0 2 7 4
77 66 11 0 6 3 4 5 1 2 7
77 66 11 0 2 3 1 6 5 4 7
77 66 11 5 2 4 3 0 1 7 6
77 66 11 5 2 4 3 1 7 0 6
77 67 10 1 5 4 6 3 2 7 0
77 67 10 2 5 4 3 1 6 0 7
77 67 10 1 6 3 0 2 4 5 7
77 67 10 1 5 4 3 2 6 0 7
77 67 10 1 5 3 0 6 2 7 4
77 68 9 3 2 5 7 6 1 4 0
77 69 8 1 3 0 4 5 2 7 6
77 69 8 1 5 3 0 2 4 7 6
77 70 7 1 2 5 3 6 4 7 0
77 72 5 1 3 4 7 2 5 6 0
78 59 19 6 5 0 3 7 1 2 4
78 63 15 7 5 0 3 6 2 4 1
78 63 15 6 2 5 1 0 4 7 3
78 63 15 0 6 5 3 2 4 7 1
78 64 14 0 5 7 1 6 2 4 3
78 64 14 6 2 3 7 0 5 4 1
78 64 14 2 1 5 3 6 0 4 7
78 64 14 4 6 3 0 1 5 2 7
78 64 14 5 6 3 4 1 0 2 7
78 64 14 0 1 3 6 2 5 4 7
78 65 13 3 5 7 6 1 2 4 0
78 65 13 1 6 3 0 7 2 4 5
78 65 13 0 2 5 3 6 4 7 1
78 65 13 6 5 3 4 2 7 0 1
78 65 13 6 0 3 4 2 5 7 1
78 65 13 4 5 3 7 1 2 0 6
78 65 13 1 0 6 5 3 2 4 7
78 65 13 1 6 4 5 3 2 0 7
78 65 13 1 5 3 6 7 0 2 4
78 65 13 5 1 3 6 0 2 4 7
78 65 13 6 1 3 0 5 2 4 7
78 65 13 3 6 5 0 1 2 7 4
78 65 13 7 1 3 0 5 2 4 6
78 65 13 2 1 3 7 5 0 4 6
78 66 12 3 6 4 5 1 2 7 0
78 66 12 6 3 0 4 5 1 2 7
78 66 12 6 2 3 1 7 5 4 0
78 66 12 6 5 7 0 2 4 3 1
78 66 12 2 5 3 0 1 4 7 6
78 66 12 5 3 4 7 1 0 2 6
78 66 12 1 5 3 0 7 4 6 2
78 67 11 6 5 3 1 4 2 7 0
78 67 11 1 5 0 4 3 2 7 6
78 67 11 2 5 3 0 1 6 4 7
78 67 11 0 2 3 6 5 1 4 7
78 67 11 0 2 4 3 1 5 7 6
78 67 11 2 5 3 1 7 6 4 0
78 67 11 2 0 3 1 5 6 4 7
78 67 11 1 6 0 3 5 2 4 7
78 67 11 5 3 7 6 1 2 4 0
78 67 11 1 0 6 3 2 4 5 7
78 68 10 3 5 0 7 1 2 4 6
78 68 10 2 5 4 3 6 1 7 0
78 68 10 2 5 4 3 1 7 6 0
78 68 10 6 3 4 1 5 2 7 0
78 68 10 1 6 4 3 5 0 2 7
78 68 10 2 0 5 7 1 4 3 6
78 68 10 3 1 5 0 2 6 4 7
78 68 10 7 1 5 3 2 6 4 0
78 68 10 6 1 3 7 2 5 4 0
78 68 10 1 2 0 6 5 4 3 7
78 69 9 6 3 1 7 5 2 4 0
78 69 9 5 0 3 7 2 4 6 1
78 69 9 6 2 5 7 1 4 3 0
78 69 9 0 1 3 4 5 2 7 6
78 70 8 3 6 5 7 2 4 0 1
78 70 8 1 5 7 6 2 4 3 0
78 71 7 1 2 4 3 5 7 0 6
78 71 7 0 1 5 7 2 4 6 3
78 71 7 1 4 5 7 2 0 6 3
78 72 6 1 2 3 7 5 4 6 0
78 73 5 1 5 7 3 2 4 6 0
79 62 17 0 5 4 6 3 1 2 7
79 62 17 6 5 4 2 3 1 0 7
79 63 16 0 2 5 6 1 4 7 3
79 64 15 6 5 7 4 1 0 2 3
79 64 15 7 6 3 0 5 2 4 1
79 65 14 1 0 6 3 7 2 4 5
79 65 14 6 0 5 3 2 4 7 1
79 65 14 6 0 2 3 1 4 7 5
79 65 14 6 2 7 3 1 4 0 5
79 65 14 4 2 5 3 1 0 7 6
79 65 14 4 5 0 3 1 2 7 6
79 65 14 6 3 4 0 1 5 2 7
79 65 14 4 5 3 0 6 1 2 7
79 66 13 5 0 3 6 1 2 7 4
79 66 13 0 3 6 5 1 2 4 7
79 66 13 6 5 3 4 7 1 0 2
79 66 13 3 6 5 1 7 2 0 4
79 66 13 2 6 5 0 1 4 7 3
79 67 12 2 6 3 1 0 5 4 7
79 67 12 1 6 3 0 2 5 4 7
79 67 12 1 5 4 7 3 2 0 6
79 67 12 7 2 5 3 6 1 0 4
79 67 12 7 2 5 3 1 6 4 0
79 67 12 5 2 3 6 7 1 4 0
79 67 12 2 4 0 3 1 5 7 6
79 67 12 0 5 3 1 2 6 4 7
79 67 12 2 3 0 1 6 5 4 7
79 67 12 0 3 7 5 1 2 4 6
79 68 11 7 6 5 3 2 4 0 1
79 68 11 1 0 5 3 7 2 4 6
79 68 11 1 5 3 4 7 0 2 6
79 68 11 6 2 4 3 5 7 0 1
79 68 11 1 6 4 3 7 5 2 0
79 68 11 2 1 5 3 0 6 4 7
79 68 11 2 1 3 7 0 5 4 6
79 68 11 5 1 3 7 2 0 4 6
79 69 10 2 6 3 1 5 4 0 7
79 69 10 5 0 3 7 2 1 4 6
79 69 10 6 5 3 7 2 1 4 0
79 70 9 1 6 4 3 5 2 7 0
79 70 9 5 3 6 7 1 2 4 0
79 70 9 3 0 5 7 2 6 4 1
79 70 9 1 5 3 4 2 7 0 6
79 70 9 1 0 3 4 2 5 7 6
79 70 9 1 2 5 3 7 6 4 0
79 70 9 1 2 3 6 7 5 4 0
79 70 9 1 5 7 3 2 4 0 6
79 71 8 1 2 4 3 0 5 7 6
79 73 6 1 5 6 7 2 4 3 0
79 74 5 1 2 3 4 5 7 0 6
80 64 16 6 0 7 1 5 2 4 3
80 64 16 2 6 3 7 5 0 4 1
80 65 15 5 0 7 6 1 2 4 3
80 65 15 6 2 5 3 4 0 7 1
80 65 15 4 5 3 1 0 2 7 6
80 65 15 1 5 0 6 7 2 3 4
80 65 15 3 6 5 4 0 2 7 1
80 65 15 3 6 0 4 1 2 7 5
80 66 14 2 5 3 6 1 0 7 4
80 66 14 0 2 3 6 1 4 5 7
80 66 14 6 2 3 5 1 4 0 7
80 66 14 3 2 6 5 1 0 4 7
80 66 14 6 2 3 0 1 5 4 7
80 66 14 5 2 0 6 1 4 3 7
80 66 14 2 5 3 6 0 4 7 1
80 67 13 6 5 3 1 2 0 7 4
80 67 13 0 5 3 1 6 2 7 4
80 67 13 6 5 3 7 4 2 0 1
80 67 13 7 6 3 1 2 5 4 0
80 67 13 2 5 0 3 6 1 4 7
80 67 13 3 2 5 0 1 6 4 7
80 67 13 5 2 3 0 6 1 4 7
80 67 13 1 6 3 5 0 2 4 7
80 67 13 5 3 7 1 0 2 4 6
80 67 13 5 3 7 4 1 2 0 6
80 67 13 1 5 0 4 6 2 7 3
80 68 12 6 5 3 4 7 2 1 0
80 68 12 7 6 5 1 2 0 4 3
80 68 12 7 6 5 4 1 2 3 0
80 68 12 0 3 5 1 6 2 4 7
80 68 12 3 0 5 4 1 6 2 7
80 68 12 3 2 5 4 6 1 0 7
80 68 12 7 0 5 3 2 6 4 1
80 68 12 3 6 5 0 2 1 4 7
80 68 12 7 6 5 3 2 1 4 0
80 68 12 6 5 3 0 2 1 4 7
80 68 12 5 3 4 1 6 2 0 7
80 68 12 3 5 4 7 1 0 2 6
80 68 12 2 0 4 3 5 1 7 6
80 68 12 1 5 4 3 7 2 0 6
80 68 12 7 2 3 6 1 5 4 0
80 68 12 6 2 4 3 0 5 7 1
80 68 12 1 0 4 3 6 5 2 7
80 68 12 2 5 7 0 1 4 3 6
80 68 12 5 2 0 7 1 4 3 6
80 68 12 7 1 3 0 2 5 4 6
80 69 11 5 2 4 3 6 0 7 1
80 69 11 3 5 7 4 1 2 0 6
80 69 11 2 3 4 6 1 5 0 7
80 69 11 6 3 4 7 2 5 0 1
80 69 11 7 5 3 0 2 4 6 1
80 70 10 1 2 0 3 6 4 5 7
80 70 10 1 2 3 0 6 5 4 7
80 70 10 1 3 4 7 5 0 2 6
80 71 9 1 6 3 7 2 5 4 0
80 71 9 5 2 3 4 0 1 7 6
80 71 9 5 2 3 4 1 7 0 6
80 71 9 1 3 7 6 5 2 4 0
80 72 8 1 6 5 7 2 4 0 3
80 72 8 1 3 4 7 2 0 5 6
80 73 7 1 3 4 6 5 2 7 0
80 73 7 1 0 5 3 2 4 6 7
80 73 7 1 2 3 0 5 4 7 6
80 74 6 1 2 3 4 0 5 7 6
81 66 15 6 2 3 1 0 4 5 7
81 66 15 3 6 4 5 1 0 2 7
81 66 15 2 6 5 3 0 4 7 1
81 66 15 2 6 0 3 1 4 7 5
81 67 14 6 0 3 1 5 2 7 4
81 67 14 7 0 6 5 1 2 4 3
81 67 14 7 6 4 5 1 2 0 3
81 67 14 7 2 5 0 6 1 4 3
81 67 14 7 2 5 3 0 1 4 6
81 67 14 2 5 0 1 6 4 3 7
81 68 13 7 6 5 1 3 2 4 0
81 68 13 6 2 5 4 1 0 7 3
81 68 13 3 5 0 1 6 2 4 7
81 68 13 3 2 5 1 6 0 4 7
81 68 13 6 5 4 3 2 1 0 7
81 68 13 5 3 1 0 6 2 4 7
81 68 13 6 3 4 1 5 0 2 7
81 68 13 1 5 0 4 7 2 3 6
81 69 12 3 0 5 4 1 2 7 6
81 69 12 6 2 5 4 1 3 0 7
81 69 12 7 6 3 1 5 2 0 4
81 69 12 6 3 7 0 2 5 4 1
81 69 12 7 5 3 0 2 1 4 6
81 69 12 1 5 3 6 0 4 7 2
81 70 11 2 5 4 3 0 6 7 1
81 70 11 2 0 4 3 6 5 7 1
81 70 11 5 3 4 6 1 2 7 0
81 70 11 3 0 5 7 1 6 2 4
81 70 11 6 5 3 7 4 1 0 2
81 71 10 1 5 4 3 0 6 2 7
81 71 10 1 6 5 7 0 2 3 4
81 71 10 1 5 3 7 0 6 2 4
81 71 10 1 0 5 7 6 2 3 4
81 71 10 1 3 7 5 0 2 4 6
81 72 9 1 5 3 7 4 2 0 6
81 72 9 0 2 3 4 1 5 7 6
81 73 8 2 5 3 4 6 1 7 0
81 73 8 2 5 3 4 1 7 6 0
81 73 8 1 6 3 4 5 0 2 7
81 73 8 1 5 3 4 0 6 2 7
81 73 8 1 0 3 4 6 5 2 7
81 73 8 1 3 7 6 2 5 4 0
81 76 5 1 6 3 4 5 2 7 0
81 76 5 1 5 3 7 2 6 4 0
82 65 17 2 5 7 6 1 0 4 3
82 65 17 6 2 5 0 3 4 7 1
82 65 17 0 6 5 4 1 2 7 3
82 66 16 0 5 3 4 7 1 2 6
82 66 16 0 6 5 3 1 4 7 2
82 66 16 0 5 3 6 1 4 7 2
82 67 15 6 0 5 3 7 2 4 1
82 67 15 6 5 0 3 4 2 7 1
82 67 15 5 6 3 1 2 0 4 7
82 67 15 7 2 0 3 6 1 4 5
82 68 14 6 0 5 1 3 2 4 7
82 68 14 7 0 5 3 1 6 2 4
82 68 14 3 6 5 4 0 1 2 7
82 68 14 3 0 6 4 1 2 5 7
82 68 14 3 2 0 5 6 1 4 7
82 68 14 7 5 3 1 6 0 2 4
82 68 14 3 5 4 6 1 2 0 7
82 68 14 0 5 4 3 2 1 7 6
82 68 14 2 5 0 3 1 7 4 6
82 68 14 1 6 4 0 3 5 2 7
82 69 13 1 0 5 6 7 2 4 3
82 69 13 1 5 6 0 7 2 4 3
82 69 13 5 4 3 0 1 2 7 6
82 69 13 5 4 7 3 1 2 0 6
82 69 13 2 6 3 0 1 4 5 7
82 69 13 6 2 5 4 0 1 3 7
82 69 13 6 3 1 4 5 2 0 7
82 69 13 2 3 6 0 1 5 4 7
82 69 13 6 2 5 7 3 1 0 4
82 69 13 4 5 3 7 2 0 6 1
82 69 13 6 2 0 7 1 4 5 3
82 69 13 1 5 0 6 2 4 7 3
82 70 12 2 5 4 3 6 7 0 1
82 70 12 2 3 0 6 5 1 4 7
82 70 12 5 2 3 7 6 1 4 0
82 70 12 3 6 5 7 0 1 2 4
82 70 12 2 5 3 7 6 1 0 4
82 70 12 1 6 5 7 3 0 2 4
82 70 12 1 2 5 0 3 6 4 7
82 70 12 0 5 7 1 2 4 3 6
82 71 11 3 5 4 1 6 2 7 0
82 71 11 2 5 3 4 6 1 0 7
82 71 11 6 4 2 3 1 5 7 0
82 71 11 6 1 4 3 5 2 0 7
82 71 11 2 3 4 7 1 5 0 6
82 71 11 1 3 7 4 5 2 0 6
82 72 10 6 2 5 4 3 1 7 0
82 72 10 1 5 3 6 4 2 7 0
82 72 10 1 0 5 6 2 4 3 7
82 72 10 1 5 6 0 2 4 3 7
82 72 10 2 3 0 4 1 5 7 6
82 72 10 1 2 5 7 6 0 4 3
82 72 10 1 6 0 5 2 4 7 3
82 72 10 1 2 0 7 5 4 3 6
82 73 9 7 5 3 1 2 4 0 6
82 73 9 5 0 3 7 2 4 1 6
82 73 9 1 5 4 7 6 2 3 0
82 73 9 6 2 3 4 5 7 0 1
82 73 9 1 6 3 4 7 5 2 0
82 73 9 1 5 6 3 2 4 0 7
82 73 9 1 5 6 7 2 0 4 3
82 74 8 6 5 1 7 2 4 3 0
82 74 8 1 5 4 3 2 7 6 0
82 74 8 3 6 5 1 2 4 7 0
82 74 8 1 5 3 7 4 6 0 2
82 75 7 1 3 6 7 5 2 4 0
82 79 3 1 2 3 4 5 7 6 0
83 66 17 2 5 0 6 1 4 7 3
83 67 16 0 5 4 1 3 2 7 6
83 67 16 5 0 3 6 2 1 4 7
83 68 15 6 5 3 4 7 0 2 1
83 68 15 0 6 2 3 1 4 5 7
83 68 15 6 4 2 3 1 0 5 7
83 68 15 7 6 5 3 0 1 2 4
83 68 15 7 0 5 1 6 2 4 3
83 68 15 7 6 5 4 1 0 2 3
83 68 15 3 6 4 0 1 2 5 7
83 68 15 7 5 0 1 6 2 3 4
83 68 15 2 5 4 0 3 1 7 6
83 69 14 1 5 4 6 7 2 0 3
83 69 14 2 0 6 3 1 4 5 7
83 69 14 5 4 0 3 6 2 7 1
83 69 14 6 3 1 5 0 2 4 7
83 70 13 2 6 4 3 5 0 7 1
83 70 13 6 2 5 3 0 1 7 4
83 70 13 6 2 5 3 1 7 0 4
83 70 13 2 5 3 6 7 1 0 4
83 70 13 0 2 3 7 5 1 4 6
83 70 13 1 6 0 7 3 2 5 4
83 70 13 1 5 7 2 0 4 3 6
83 71 12 3 5 4 1 2 0 7 6
83 71 12 1 6 5 4 0 2 3 7
83 71 12 6 5 4 3 2 7 1 0
83 71 12 5 1 4 3 6 0 2 7
83 71 12 6 2 5 7 1 3 0 4
83 71 12 6 0 5 7 2 1 4 3
83 71 12 2 3 7 0 1 5 4 6
83 71 12 1 0 3 7 6 5 2 4
83 71 12 1 5 7 0 6 2 3 4
83 72 11 5 0 3 1 2 4 7 6
83 72 11 1 5 0 3 4 2 7 6
83 72 11 0 1 5 7 6 2 4 3
83 72 11 6 2 3 0 5 4 7 1
83 73 10 2 6 5 7 1 4 0 3
83 73 10 6 5 7 1 2 4 0 3
83 73 10 2 5 3 7 0 4 1 6
83 73 10 2 0 3 4 5 1 7 6
83 73 10 6 2 3 4 0 5 7 1
83 73 10 1 3 4 6 5 0 2 7
83 73 10 1 3 7 4 2 5 0 6
83 73 10 1 2 3 6 0 4 7 5
83 74 9 6 0 5 7 2 4 1 3
83 74 9 6 5 1 7 2 4 0 3
83 74 9 2 5 3 7 6 4 1 0
83 74 9 5 2 3 4 6 0 7 1
83 74 9 1 5 7 3 6 2 4 0
83 74 9 1 4 3 0 5 2 7 6
83 74 9 1 2 3 7 6 5 4 0
83 74 9 1 0 3 7 4 5 6 2
83 75 8 6 1 5 3 2 4 7 0
83 76 7 3 1 5 7 6 2 4 0
83 76 7 1 3 0 7 5 4 6 2
83 76 7 1 0 5 7 2 6 4 3
83 76 7 1 4 5 7 2 3 0 6
83 77 6 1 6 3 7 2 4 5 0
83 78 5 3 1 5 7 2 6 4 0
83 78 5 1 2 4 3 5 7 6 0
83 78 5 3 1 5 7 2 4 6 0
84 66 18 3 6 0 1 7 2 4 5
84 67 17 0 5 3 6 4 2 7 1
84 68 16 6 5 4 3 7 2 0 1
84 68 16 7 6 0 4 1 2 5 3
84 68 16 3 2 5 6 0 1 4 7
84 68 16 3 5 4 6 0 2 7 1
84 69 15 7 6 3 0 1 2 5 4
84 69 15 6 5 0 3 4 1 2 7
84 69 15 6 2 5 3 7 0 1 4
84 69 15 6 2 0 3 7 1 5 4
84 69 15 0 3 1 6 5 2 4 7
84 69 15 0 2 5 7 3 1 4 6
84 70 14 5 6 3 1 7 2 4 0
84 70 14 5 6 4 3 0 2 7 1
84 70 14 3 6 4 0 5 2 7 1
84 70 14 5 3 6 4 1 2 0 7
84 70 14 5 3 4 6 1 0 2 7
84 70 14 0 5 3 7 4 1 2 6
84 71 13 3 5 0 4 6 2 7 1
84 71 13 5 3 0 1 7 2 4 6
84 71 13 5 2 3 1 7 0 4 6
84 71 13 6 4 3 0 5 2 7 1
84 71 13 7 6 4 3 1 5 0 2
84 71 13 7 5 3 6 2 1 4 0
84 71 13 1 5 4 6 2 0 7 3
84 71 13 1 0 4 6 5 2 7 3
84 71 13 4 6 5 7 1 2 3 0
84 71 13 6 2 5 7 0 1 3 4
84 71 13 3 0 6 7 1 2 5 4
84 71 13 6 1 4 3 0 5 2 7
84 71 13 0 2 5 7 6 1 4 3
84 71 13 6 5 0 3 2 4 7 1
84 71 13 0 3 7 1 5 2 4 6
84 72 12 1 6 5 3 0 2 7 4
84 72 12 3 6 4 7 1 5 2 0
84 72 12 6 4 3 7 1 5 2 0
84 72 12 2 5 3 1 0 4 7 6
84 72 12 7 5 3 0 1 2 6 4
84 72 12 0 2 3 1 5 4 7 6
84 73 11 7 6 3 5 1 2 4 0
84 73 11 3 5 4 7 6 1 2 0
84 73 11 2 0 5 7 1 6 4 3
84 73 11 2 3 0 7 5 1 4 6
84 73 11 6 0 5 1 2 4 7 3
84 73 11 0 3 5 7 6 2 4 1
84 73 11 7 5 3 0 2 4 1 6
84 73 11 0 5 7 1 2 4 6 3
84 73 11 1 5 7 6 2 4 0 3
84 74 10 1 5 4 7 0 2 3 6
84 74 10 6 3 4 7 5 2 1 0
84 74 10 1 6 3 7 5 2 0 4
84 74 10 1 5 0 3 2 7 4 6
84 75 9 2 5 3 4 0 6 7 1
84 75 9 2 0 3 4 6 5 7 1
84 76 8 5 2 3 1 6 4 7 0
84 76 8 6 1 5 7 2 4 3 0
84 78 6 3 6 5 7 2 4 1 0
84 80 4 1 2 3 4 6 5 7 0
85 66 19 6 5 0 4 7 1 2 3
85 67 18 2 6 5 3 7 0 4 1
85 68 17 6 5 0 4 7 2 3 1
85 68 17 2 6 5 1 3 0 4 7
85 68 17 3 5 0 6 1 2 7 4
85 69 16 7 0 6 3 1 2 5 4
85 69 16 6 5 3 2 4 1 0 7
85 69 16 7 6 3 1 0 2 4 5
85 69 16 0 5 3 6 2 4 7 1
85 70 15 5 3 6 1 0 2 4 7
85 70 15 5 2 3 0 7 1 4 6
85 70 15 6 5 0 7 4 1 2 3
85 70 15 2 5 0 7 6 1 4 3
85 70 15 0 5 3 7 6 1 4 2
85 71 14 7 2 5 3 6 0 4 1
85 71 14 7 5 1 0 6 2 4 3
85 71 14 7 5 4 1 6 2 0 3
85 71 14 3 5 4 7 6 2 0 1
85 71 14 3 0 4 1 5 2 7 6
85 71 14 2 0 5 6 1 4 3 7
85 71 14 2 5 6 0 1 4 3 7
85 71 14 6 5 0 3 2 7 4 1
85 71 14 2 6 5 3 7 1 0 4
85 71 14 5 4 0 3 6 1 2 7
85 71 14 2 6 3 7 0 5 4 1
85 71 14 5 6 3 7 2 0 4 1
85 71 14 3 6 7 0 1 2 5 4
85 72 13 6 2 4 3 7 1 0 5
85 72 13 3 6 0 4 1 5 2 7
85 72 13 7 6 4 3 1 2 5 0
85 72 13 6 5 4 1 2 7 0 3
85 72 13 6 2 5 4 3 0 1 7
85 72 13 6 2 0 4 3 1 5 7
85 72 13 7 5 4 3 6 1 0 2
85 72 13 7 6 4 3 5 1 2 0
85 72 13 0 6 5 1 2 4 7 3
85 72 13 6 2 3 1 0 4 7 5
85 73 12 2 5 3 1 7 4 0 6
85 73 12 5 0 4 3 1 6 2 7
85 73 12 7 5 3 6 2 4 0 1
85 73 12 6 4 2 3 5 1 0 7
85 73 12 2 6 5 7 0 1 4 3
85 73 12 6 5 1 0 2 4 7 3
85 73 12 6 3 2 7 1 5 0 4
85 73 12 3 5 0 7 6 2 4 1
85 73 12 3 2 5 7 6 0 4 1
85 73 12 5 3 4 7 6 2 0 1
85 73 12 7 0 3 1 2 5 4 6
85 73 12 0 6 5 1 2 4 3 7
85 73 12 6 5 0 3 2 4 1 7
85 73 12 1 5 4 7 6 0 2 3
85 73 12 0 3 7 1 2 5 4 6
85 73 12 1 5 7 2 0 4 6 3
85 73 12 1 2 0 6 5 4 7 3
85 74 11 2 6 5 7 3 1 4 0
85 74 11 7 5 4 3 1 2 6 0
85 74 11 6 5 7 0 2 4 1 3
85 74 11 1 4 7 3 5 2 0 6
85 75 10 1 5 7 3 0 2 4 6
85 75 10 6 3 7 1 5 2 4 0
85 75 10 2 5 3 7 1 6 4 0
85 75 10 2 5 3 4 6 7 0 1
85 75 10 1 3 6 0 2 5 4 7
85 75 10 1 3 6 4 5 2 0 7
85 75 10 1 0 5 3 2 4 7 6
85 75 10 0 3 5 1 2 6 4 7
85 75 10 5 1 3 7 6 2 4 0
85 76 9 2 0 5 7 1 4 6 3
85 76 9 6 3 2 4 1 5 7 0
85 76 9 7 5 3 1 2 4 6 0
85 76 9 6 1 3 4 5 2 0 7
85 76 9 0 2 3 1 5 6 4 7
85 76 9 2 1 5 7 0 4 3 6
85 76 9 1 4 5 7 0 2 3 6
85 76 9 1 3 4 0 5 2 6 7
85 77 8 6 3 1 7 2 5 4 0
85 77 8 2 5 4 3 1 6 7 0
85 77 8 1 5 4 3 2 6 7 0
85 78 7 1 4 5 7 2 6 0 3
85 78 7 1 2 3 0 5 4 6 7
85 79 6 1 2 4 3 6 5 7 0
85 80 5 1 6 5 7 2 4 3 0
86 69 17 0 5 3 6 4 1 2 7
86 69 17 7 6 0 1 5 2 4 3
86 70 16 5 0 3 6 7 2 4 1
86 70 16 6 2 0 5 7 1 4 3
86 70 16 6 2 5 4 7 1 0 3
86 70 16 5 6 3 0 1 2 4 7
86 71 15 0 7 5 3 6 2 4 1
86 71 15 6 5 3 1 0 7 2 4
86 71 15 6 0 3 1 7 5 2 4
86 71 15 6 0 5 1 7 2 3 4
86 71 15 2 6 5 4 1 0 3 7
86 71 15 6 5 7 3 0 1 2 4
86 71 15 6 4 7 3 5 2 0 1
86 71 15 2 6 5 0 7 1 4 3
86 71 15 0 5 3 2 6 1 4 7
86 71 15 7 6 5 0 1 2 3 4
86 71 15 2 6 5 7 1 0 3 4
86 71 15 7 6 3 0 2 5 4 1
86 72 14 6 2 3 0 7 1 4 5
86 72 14 2 0 5 3 7 1 4 6
86 72 14 3 2 5 0 7 1 4 6
86 72 14 1 2 5 3 7 0 4 6
86 72 14 4 6 5 3 1 2 7 0
86 72 14 7 0 3 6 1 5 2 4
86 72 14 5 6 4 3 0 1 2 7
86 72 14 3 6 4 0 5 1 2 7
86 72 14 0 5 3 1 4 2 7 6
86 72 14 7 5 3 4 0 2 6 1
86 72 14 0 5 3 4 1 2 6 7
86 72 14 1 6 5 2 0 4 7 3
86 73 13 2 5 3 1 0 7 4 6
86 73 13 2 0 3 1 7 5 4 6
86 73 13 5 6 4 3 1 2 0 7
86 73 13 5 2 4 6 1 0 7 3
86 73 13 6 5 1 3 7 2 4 0
86 73 13 3 5 0 4 6 1 2 7
86 73 13 6 4 3 0 5 1 2 7
86 73 13 0 5 3 1 6 4 7 2
86 73 13 7 2 3 0 1 5 4 6
86 73 13 6 2 3 7 1 5 4 0
86 73 13 5 3 7 0 6 2 4 1
86 73 13 0 7 5 3 1 2 4 6
86 73 13 7 2 5 3 1 0 4 6
86 73 13 6 4 5 1 2 0 3 7
86 73 13 4 5 3 7 2 0 1 6
86 73 13 0 5 3 4 2 1 7 6
86 73 13 2 5 0 4 1 7 3 6
86 73 13 1 3 7 2 0 5 4 6
86 73 13 0 2 3 6 5 4 7 1
86 74 12 6 2 4 1 5 0 7 3
86 74 12 7 5 6 3 1 2 4 0
86 74 12 6 5 3 7 4 0 1 2
86 74 12 0 5 3 7 6 4 1 2
86 74 12 5 3 0 4 6 2 7 1
86 74 12 1 6 3 7 0 2 4 5
86 74 12 1 2 3 0 7 5 4 6
86 74 12 3 6 0 1 2 4 5 7
86 74 12 5 3 4 0 1 2 6 7
86 74 12 5 3 4 7 0 2 6 1
86 74 12 5 3 0 7 1 2 6 4
86 75 11 1 6 5 4 7 2 3 0
86 75 11 1 0 5 3 6 2 7 4
86 75 11 1 5 7 3 6 2 0 4
86 75 11 0 5 3 7 2 6 4 1
86 75 11 2 6 3 4 5 0 7 1
86 75 11 1 3 4 6 2 5 0 7
86 75 11 6 1 4 3 5 2 7 0
86 75 11 2 1 4 3 5 0 7 6
86 75 11 1 0 5 4 6 2 3 7
86 75 11 2 5 3 7 4 0 6 1
86 75 11 1 2 5 3 4 0 7 6
86 75 11 3 5 0 1 2 6 4 7
86 75 11 5 2 3 0 1 4 7 6
86 76 10 6 2 3 7 5 4 1 0
86 76 10 5 0 3 7 1 4 6 2
86 76 10 5 1 3 4 6 0 2 7
86 76 10 5 0 3 1 2 4 6 7
86 76 10 5 2 3 1 7 6 4 0
86 76 10 0 1 3 7 5 4 6 2
86 76 10 1 4 3 7 5 0 6 2
86 76 10 1 6 0 4 5 2 3 7
86 76 10 1 5 3 4 2 6 0 7
86 76 10 1 5 3 4 0 2 6 7
86 76 10 7 1 5 0 2 4 3 6
86 76 10 1 3 4 7 0 2 6 5
86 76 10 1 3 0 7 5 2 6 4
86 77 9 2 1 3 6 5 4 0 7
86 77 9 5 2 4 3 6 1 7 0
86 77 9 5 2 4 3 1 7 6 0
86 77 9 1 3 4 0 5 2 7 6
86 77 9 1 5 0 3 2 4 7 6
86 77 9 1 3 4 0 2 5 6 7
86 77 9 1 3 0 7 2 5 6 4
86 78 8 1 0 4 3 5 6 2 7
86 78 8 5 3 0 7 2 4 6 1
86 78 8 2 1 5 7 0 4 6 3
86 78 8 1 4 5 7 0 2 6 3
86 79 7 5 1 3 7 2 4 0 6
86 79 7 1 5 3 4 2 7 6 0
86 81 5 1 5 3 7 4 2 6 0
87 69 18 6 2 0 7 3 1 4 5
87 70 17 2 5 3 6 7 0 4 1
87 71 16 6 5 1 0 7 2 3 4
87 71 16 4 6 5 0 1 2 3 7
87 71 16 6 0 7 3 1 5 2 4
87 71 16 7 6 4 0 1 5 2 3
87 71 16 7 6 4 3 0 5 2 1
87 72 15 0 6 4 3 2 5 7 1
87 72 15 2 6 5 3 1 0 7 4
87 72 15 7 5 3 6 0 1 2 4
87 72 15 3 6 4 2 1 5 0 7
87 72 15 7 6 4 3 1 0 2 5
87 72 15 6 0 4 1 2 5 7 3
87 72 15 6 5 4 1 3 2 0 7
87 72 15 6 2 5 1 7 0 4 3
87 72 15 0 4 3 6 1 5 2 7
87 72 15 6 4 3 2 1 5 0 7
87 72 15 4 5 3 1 2 0 7 6
87 72 15 7 5 0 4 1 2 6 3
87 72 15 6 2 0 1 5 4 7 3
87 73 14 7 6 3 4 1 2 0 5
87 73 14 5 0 4 1 6 2 7 3
87 73 14 6 5 1 7 0 2 4 3
87 73 14 6 5 4 1 7 2 3 0
87 73 14 5 0 3 7 6 1 2 4
87 73 14 4 5 3 7 6 1 2 0
87 73 14 6 5 3 1 4 0 7 2
87 73 14 6 0 3 1 5 4 7 2
87 73 14 6 3 7 0 1 5 2 4
87 73 14 0 5 3 6 2 4 1 7
87 73 14 1 6 3 0 4 5 2 7
87 74 13 1 5 4 6 0 2 3 7
87 74 13 2 0 4 6 1 5 7 3
87 74 13 6 5 4 7 2 0 3 1
87 74 13 5 0 4 7 1 2 3 6
87 74 13 6 0 5 7 3 2 4 1
87 74 13 1 0 6 5 7 2 4 3
87 74 13 1 6 4 5 7 2 0 3
87 74 13 6 5 1 3 2 4 0 7
87 74 13 5 3 4 0 1 2 7 6
87 74 13 2 5 0 7 6 4 3 1
87 74 13 1 5 7 4 6 2 0 3
87 74 13 1 6 0 7 5 2 4 3
87 74 13 1 6 5 0 3 2 7 4
87 74 13 1 6 5 4 0 2 7 3
87 74 13 1 6 0 4 3 2 7 5
87 75 12 7 2 3 6 5 0 4 1
87 75 12 1 6 3 7 0 5 2 4
87 75 12 3 5 7 0 1 2 4 6
87 75 12 5 2 3 7 6 4 0 1
87 75 12 1 0 5 3 7 6 2 4
87 75 12 7 0 3 4 1 5 2 6
87 75 12 1 6 5 3 4 0 7 2
87 75 12 5 6 3 4 0 2 7 1
87 75 12 1 3 6 5 0 2 4 7
87 75 12 1 4 0 3 2 5 7 6
87 75 12 5 1 4 3 0 2 7 6
87 75 12 3 1 4 0 5 2 7 6
87 75 12 1 5 4 0 6 2 3 7
87 75 12 2 5 0 3 1 4 6 7
87 75 12 6 1 0 3 2 4 5 7
87 76 11 3 6 4 7 1 2 5 0
87 76 11 7 6 3 4 1 5 0 2
87 76 11 2 5 7 0 1 4 6 3
87 76 11 2 5 6 7 1 4 0 3
87 76 11 6 1 3 7 5 2 0 4
87 76 11 2 5 3 1 0 4 6 7
87 76 11 6 1 3 4 0 5 2 7
87 76 11 0 6 5 7 2 4 3 1
87 76 11 1 5 3 0 7 2 6 4
87 76 11 5 2 3 0 1 4 6 7
87 77 10 7 5 3 4 6 2 1 0
87 77 10 3 6 7 5 1 2 4 0
87 77 10 4 5 3 1 6 2 7 0
87 77 10 1 6 7 3 2 4 0 5
87 77 10 3 2 5 7 1 4 0 6
87 77 10 1 0 5 4 3 6 2 7
87 77 10 1 5 3 2 7 4 6 0
87 77 10 0 2 4 3 5 1 7 6
87 77 10 1 6 3 5 2 4 0 7
87 77 10 1 5 4 3 2 0 6 7
87 77 10 1 3 4 7 0 5 6 2
87 78 9 4 5 3 7 1 2 6 0
87 78 9 2 1 3 7 5 4 0 6
87 78 9 6 5 7 1 2 4 3 0
87 78 9 1 6 4 3 5 2 0 7
87 78 9 3 0 5 7 1 2 4 6
87 78 9 6 1 3 4 5 2 7 0
87 78 9 2 1 3 4 5 0 7 6
87 78 9 1 2 0 3 5 7 4 6
87 78 9 7 1 5 0 2 4 6 3
87 79 8 1 5 4 7 3 2 6 0
87 79 8 2 6 3 1 5 4 7 0
87 79 8 1 2 0 4 5 7 3 6
87 80 7 3 6 5 7 2 1 4 0
87 80 7 1 2 3 4 6 5 0 7
87 80 7 5 2 3 4 6 1 7 0
87 80 7 5 2 3 4 1 7 6 0
87 81 6 1 0 3 4 5 6 2 7
88 70 18 0 2 5 6 7 1 4 3
88 70 18 0 5 3 6 7 1 4 2
88 71 17 2 6 0 3 7 1 4 5
88 71 17 7 6 0 3 1 5 2 4
88 71 17 6 5 3 2 0 4 7 1
88 72 16 7 6 0 5 3 2 4 1
88 72 16 6 0 2 3 7 1 4 5
88 72 16 6 4 0 3 2 5 7 1
88 72 16 3 6 4 1 0 5 2 7
88 72 16 6 4 3 1 0 5 2 7
88 72 16 7 5 4 0 6 1 2 3
88 72 16 7 5 4 3 0 1 2 6
88 72 16 6 5 7 4 0 2 3 1
88 72 16 0 5 7 4 1 2 3 6
88 73 15 7 0 5 6 1 2 3 4
88 73 15 7 5 6 0 1 2 3 4
88 73 15 0 6 3 7 1 2 4 5
88 73 15 2 5 4 1 6 0 7 3
88 73 15 3 5 4 2 6 1 0 7
88 73 15 7 0 3 6 2 5 4 1
88 73 15 7 5 3 0 6 1 2 4
88 73 15 6 5 3 0 1 4 7 2
88 73 15 2 5 3 0 4 1 7 6
88 74 14 6 5 4 1 2 0 3 7
88 74 14 2 6 5 4 3 1 0 7
88 74 14 7 2 6 3 1 0 4 5
88 74 14 2 5 4 6 0 1 7 3
88 74 14 2 5 4 6 1 7 0 3
88 74 14 0 6 4 1 5 2 7 3
88 74 14 6 2 4 5 3 1 0 7
88 74 14 1 2 5 6 3 0 4 7
88 74 14 0 5 6 7 1 2 4 3
88 74 14 6 3 4 7 5 0 2 1
88 74 14 6 0 3 7 5 4 1 2
88 74 14 0 3 4 7 1 2 6 5
88 75 13 6 3 0 7 5 1 2 4
88 75 13 6 1 3 7 5 0 2 4
88 75 13 2 5 3 4 7 1 0 6
88 75 13 6 5 7 3 2 0 4 1
88 75 13 5 0 7 3 1 2 4 6
88 75 13 1 0 6 7 3 2 4 5
88 75 13 1 6 4 7 3 2 0 5
88 75 13 5 2 3 7 0 6 4 1
88 75 13 1 6 5 3 0 7 2 4
88 75 13 1 6 3 0 7 2 5 4
88 75 13 7 5 3 4 0 1 2 6
88 75 13 1 0 5 3 6 4 7 2
88 75 13 4 6 3 0 5 2 7 1
88 75 13 0 1 4 3 2 5 7 6
88 75 13 2 0 3 7 5 4 6 1
88 75 13 1 2 5 0 3 4 7 6
88 75 13 5 2 3 6 0 4 7 1
88 76 12 6 5 4 7 3 2 1 0
88 76 12 6 5 7 1 4 2 3 0
88 76 12 6 1 5 3 7 2 4 0
88 76 12 3 1 0 5 6 2 4 7
88 76 12 7 1 5 3 6 2 0 4
88 76 12 7 1 5 0 6 2 4 3
88 76 12 7 1 5 3 0 2 4 6
88 76 12 7 5 3 0 1 4 6 2
88 76 12 5 3 0 4 6 1 2 7
88 76 12 6 2 3 7 1 4 0 5
88 76 12 5 2 3 0 1 6 4 7
88 76 12 6 4 5 7 2 0 3 1
88 76 12 2 5 3 0 6 4 7 1
88 76 12 1 5 3 2 0 6 4 7
88 76 12 3 5 4 0 1 2 6 7
88 76 12 3 5 4 7 0 2 6 1
88 76 12 3 5 0 7 1 2 6 4
88 76 12 5 2 3 7 0 4 6 1
88 76 12 4 1 5 7 2 0 3 6
88 77 11 7 2 3 1 5 0 4 6
88 77 11 1 6 3 0 2 4 7 5
88 77 11 5 6 3 7 1 2 4 0
88 77 11 1 5 7 6 2 0 4 3
88 77 11 1 6 4 3 7 2 5 0
88 77 11 6 2 3 5 1 4 7 0
88 77 11 3 2 5 6 1 4 7 0
88 77 11 7 5 3 4 6 1 0 2
88 77 11 6 3 4 1 2 5 7 0
88 77 11 7 1 3 6 5 2 0 4
88 77 11 2 1 3 6 0 5 4 7
88 77 11 1 5 3 2 4 0 6 7
88 77 11 1 0 3 2 5 4 6 7
88 77 11 1 0 3 6 5 2 7 4
88 77 11 7 6 3 4 5 1 2 0
88 77 11 7 2 3 1 6 5 4 0
88 77 11 3 2 5 7 6 1 0 4
88 77 11 3 2 5 7 0 1 4 6
88 77 11 1 2 5 0 6 4 7 3
88 77 11 1 2 0 3 6 4 7 5
88 78 10 5 0 3 4 1 6 2 7
88 78 10 1 6 3 5 7 2 4 0
88 78 10 6 3 2 4 5 1 0 7
88 78 10 2 5 3 4 1 6 0 7
88 78 10 2 3 0 1 5 6 4 7
88 78 10 3 1 0 5 2 6 4 7
88 78 10 7 1 5 3 2 6 0 4
88 78 10 7 1 5 0 2 6 4 3
88 78 10 6 1 3 7 2 5 0 4
88 78 10 1 2 6 0 5 4 3 7
88 78 10 5 1 3 4 0 2 7 6
88 78 10 1 2 3 7 0 4 6 5
88 78 10 1 5 7 3 0 4 6 2
88 79 9 7 6 5 3 2 4 1 0
88 79 9 6 2 4 3 5 7 1 0
88 79 9 5 3 0 7 2 1 4 6
88 79 9 0 3 5 7 2 6 4 1
88 79 9 1 2 5 3 7 6 0 4
88 79 9 1 2 3 6 7 5 0 4
88 79 9 1 5 7 3 2 0 4 6
88 80 8 3 2 5 7 1 6 4 0
88 80 8 3 2 5 4 6 1 7 0
88 80 8 0 2 3 4 5 1 7 6
88 80 8 1 2 0 3 5 4 7 6
88 81 7 1 3 7 5 2 0 4 6
88 81 7 1 5 3 7 2 6 0 4
88 83 5 1 4 5 7 2 3 6 0
88 83 5 3 1 5 7 2 4 0 6
89 70 19 2 5 0 6 7 1 4 3
89 71 18 0 6 5 3 7 1 4 2
89 72 17 7 6 5 4 3 2 0 1
89 72 17 7 5 0 3 6 1 2 4
89 73 16 5 4 0 6 1 2 7 3
89 73 16 6 5 3 2 0 4 1 7
89 74 15 5 0 4 6 1 2 3 7
89 74 15 0 5 4 1 6 2 3 7
89 74 15 6 4 0 1 5 2 7 3
89 74 15 2 0 5 6 3 1 4 7
89 74 15 7 2 5 6 3 1 4 0
89 74 15 0 5 4 7 6 2 3 1
89 74 15 7 5 4 0 1 2 3 6
89 74 15 2 5 4 7 1 0 3 6
89 74 15 0 7 5 6 1 2 4 3
89 74 15 7 2 5 6 1 0 4 3
89 74 15 7 5 4 3 1 0 2 6
89 74 15 0 5 1 6 2 4 3 7
89 75 14 7 5 4 6 1 2 3 0
89 75 14 1 6 7 0 3 2 4 5
89 75 14 1 0 6 3 7 2 5 4
89 75 14 1 6 5 4 7 0 2 3
89 75 14 1 6 0 4 7 2 5 3
89 75 14 6 5 4 7 3 1 0 2
89 75 14 6 3 7 5 0 2 4 1
89 75 14 2 0 3 7 5 6 4 1
89 75 14 1 6 5 0 3 4 7 2
89 75 14 0 5 3 2 1 4 6 7
89 75 14 0 2 3 6 1 4 7 5
89 76 13 6 5 7 1 2 0 3 4
89 76 13 7 0 5 4 1 2 3 6
89 76 13 0 3 6 7 1 2 4 5
89 76 13 6 0 7 1 2 5 4 3
89 76 13 6 3 4 0 5 2 7 1
89 76 13 6 3 7 4 5 2 0 1
89 76 13 3 1 5 4 6 2 0 7
89 76 13 4 5 3 6 1 2 0 7
89 76 13 6 3 2 4 1 0 5 7
89 76 13 6 1 3 7 0 2 4 5
89 76 13 5 2 0 1 6 4 3 7
89 76 13 5 2 0 7 1 4 6 3
89 77 12 7 3 0 1 5 2 4 6
89 77 12 6 2 7 5 1 4 0 3
89 77 12 1 0 6 3 2 4 7 5
89 77 12 1 5 7 6 3 2 4 0
89 77 12 3 2 0 5 1 4 7 6
89 77 12 1 6 5 4 0 3 2 7
89 77 12 1 0 6 4 3 2 5 7
89 77 12 1 5 3 6 2 0 7 4
89 77 12 5 6 3 4 0 1 2 7
89 77 12 1 5 4 6 3 2 0 7
89 77 12 2 5 4 3 1 0 6 7
89 78 11 2 1 5 3 6 4 0 7
89 78 11 5 6 3 4 1 2 0 7
89 78 11 6 5 3 4 2 7 1 0
89 78 11 1 6 4 5 3 2 7 0
89 78 11 7 1 3 4 5 2 0 6
89 78 11 1 5 0 3 7 4 6 2
89 78 11 1 0 5 4 3 2 7 6
89 78 11 1 5 7 4 3 2 0 6
89 78 11 7 2 3 6 5 1 4 0
89 78 11 6 2 4 3 1 5 7 0
89 78 11 2 5 3 1 7 6 0 4
89 78 11 1 0 6 3 5 2 4 7
89 78 11 2 5 4 3 6 1 0 7
89 78 11 0 2 5 7 1 4 3 6
89 78 11 3 1 5 4 2 6 0 7
89 78 11 1 0 2 6 5 4 3 7
89 78 11 6 3 1 7 5 2 0 4
89 78 11 5 4 3 7 2 0 6 1
89 78 11 4 1 3 0 5 2 7 6
89 78 11 3 6 0 7 2 4 5 1
89 78 11 4 1 5 7 2 0 6 3
89 78 11 1 2 0 7 5 4 6 3
89 79 10 1 5 0 7 3 2 4 6
89 79 10 2 3 4 1 6 5 0 7
89 79 10 1 5 3 4 0 7 2 6
89 79 10 1 0 3 4 7 5 2 6
89 79 10 6 5 3 7 2 1 0 4
89 79 10 3 5 0 7 2 6 4 1
89 79 10 1 3 0 4 2 5 7 6
89 80 9 6 5 3 7 4 2 1 0
89 80 9 5 3 7 4 1 2 6 0
89 80 9 3 5 7 4 1 2 6 0
89 80 9 2 3 4 6 1 5 7 0
89 80 9 6 3 4 7 2 5 1 0
89 80 9 1 2 3 0 6 4 5 7
89 80 9 1 2 0 3 6 5 4 7
89 80 9 1 6 3 7 2 5 0 4
89 80 9 1 6 0 7 2 4 5 3
89 80 9 1 3 4 7 0 2 5 6
89 80 9 0 1 5 3 2 4 6 7
89 80 9 1 4 5 3 2 0 6 7
89 81 8 1 6 5 7 4 2 3 0
89 81 8 1 5 3 7 4 6 2 0
89 81 8 1 3 7 5 6 2 4 0
89 81 8 1 5 3 4 7 6 2 0
89 82 7 1 3 7 4 5 2 6 0
89 82 7 6 2 3 4 5 7 1 0
89 82 7 1 2 3 0 5 7 6 4
89 83 6 1 3 7 4 2 5 6 0
90 72 18 6 5 0 1 3 2 7 4
90 73 17 6 5 1 4 7 2 0 3
90 73 17 6 5 4 1 7 0 2 3
90 73 17 3 5 4 6 0 1 2 7
90 74 16 2 5 4 6 1 0 3 7
90 74 16 6 0 4 1 5 2 3 7
90 74 16 2 6 0 5 3 1 4 7
90 74 16 6 0 2 5 3 1 4 7
90 74 16 6 5 4 3 7 0 1 2
90 74 16 6 5 0 3 7 1 4 2
90 74 16 7 5 6 1 0 2 4 3
90 74 16 7 5 6 4 1 2 0 3
90 74 16 2 6 5 7 3 0 4 1
90 74 16 6 5 3 0 7 4 1 2
90 75 15 0 7 3 6 5 2 4 1
90 75 15 7 3 0 6 5 2 4 1
90 75 15 0 6 3 7 5 1 2 4
90 75 15 2 5 0 3 7 1 4 6
90 75 15 6 0 5 4 3 2 7 1
90 75 15 6 5 7 4 3 2 0 1
90 75 15 7 6 3 0 1 5 2 4
90 75 15 4 6 3 7 1 5 2 0
90 75 15 0 5 7 3 6 2 4 1
90 75 15 2 5 7 3 1 0 4 6
90 75 15 2 5 3 0 7 6 4 1
90 75 15 0 3 6 1 5 2 4 7
90 75 15 2 5 3 0 7 4 6 1
90 75 15 5 1 3 0 7 2 4 6
90 76 14 6 5 0 7 3 2 4 1
90 76 14 3 2 6 7 1 0 4 5
90 76 14 6 2 0 7 5 4 3 1
90 76 14 3 1 5 6 0 2 4 7
90 76 14 7 6 3 4 0 5 2 1
90 76 14 4 5 3 7 1 0 6 2
90 76 14 6 1 0 7 5 2 4 3
90 76 14 4 5 3 1 2 0 6 7
90 76 14 6 2 3 7 0 4 5 1
90 76 14 0 2 3 7 1 4 5 6
90 76 14 5 0 3 1 2 6 4 7
90 76 14 0 5 4 7 1 2 6 3
90 76 14 1 5 0 4 7 2 6 3
90 76 14 0 2 3 7 1 4 6 5
90 76 14 0 3 4 7 5 2 6 1
90 77 13 1 5 7 6 0 2 3 4
90 77 13 6 5 2 4 3 1 0 7
90 77 13 7 5 3 4 6 0 2 1
90 77 13 2 3 0 7 6 5 4 1
90 77 13 6 2 1 0 5 4 3 7
90 77 13 1 6 4 3 7 0 2 5
90 77 13 2 5 0 3 1 4 7 6
90 77 13 2 4 5 3 1 0 7 6
90 77 13 3 2 5 1 0 4 7 6
90 77 13 1 6 4 0 3 2 5 7
90 77 13 6 3 4 1 2 0 5 7
90 77 13 4 6 3 0 5 1 2 7
90 77 13 5 2 0 3 1 7 4 6
90 77 13 1 5 3 2 0 4 7 6
90 77 13 0 3 4 7 2 5 6 1
90 78 12 3 6 5 0 2 4 7 1
90 78 12 3 5 7 1 6 2 4 0
90 78 12 1 6 3 4 7 2 0 5
90 78 12 1 5 3 6 0 7 2 4
90 78 12 1 0 3 6 7 5 2 4
90 78 12 6 2 3 1 7 5 0 4
90 78 12 5 3 4 7 0 1 2 6
90 78 12 6 5 3 1 4 2 0 7
90 78 12 6 2 3 0 5 1 4 7
90 78 12 3 2 4 0 1 5 7 6
90 78 12 2 4 5 7 1 0 3 6
90 78 12 6 1 3 0 2 5 4 7
90 79 11 6 3 4 7 1 5 2 0
90 79 11 5 2 3 6 1 0 7 4
90 79 11 1 6 3 4 2 5 0 7
90 79 11 7 2 5 3 1 6 0 4
90 79 11 2 4 3 0 1 5 7 6
90 79 11 7 5 3 1 2 6 4 0
90 79 11 3 0 7 5 1 2 4 6
90 79 11 6 3 7 5 1 2 4 0
90 79 11 1 6 4 3 7 5 0 2
90 79 11 2 1 5 3 7 6 4 0
90 79 11 2 1 3 7 6 5 4 0
90 79 11 1 6 4 0 5 2 7 3
90 79 11 5 3 6 7 1 2 0 4
90 79 11 1 5 0 4 2 7 3 6
90 79 11 0 1 3 4 2 5 7 6
90 79 11 1 2 4 0 3 5 7 6
90 79 11 1 5 6 7 0 4 3 2
90 80 10 1 2 3 6 0 4 5 7
90 80 10 5 2 3 4 6 1 0 7
90 80 10 1 6 3 5 2 0 4 7
90 80 10 5 3 7 1 2 0 4 6
90 80 10 7 6 5 1 2 4 0 3
90 80 10 1 3 5 0 6 2 4 7
90 80 10 5 3 4 1 6 2 7 0
90 80 10 1 5 4 3 7 2 6 0
90 80 10 5 2 4 3 0 6 7 1
90 80 10 1 3 4 7 0 5 2 6
90 80 10 1 0 4 7 2 3 5 6
90 81 9 5 3 1 7 6 2 4 0
90 81 9 6 3 7 1 2 5 4 0
90 81 9 1 6 5 7 2 0 3 4
90 81 9 1 5 3 7 4 0 2 6
90 81 9 1 5 0 7 4 2 3 6
90 81 9 6 2 3 4 1 5 7 0
90 81 9 1 3 0 4 6 5 2 7
90 81 9 1 6 3 0 5 2 7 4
90 82 8 1 2 5 7 3 6 4 0
90 82 8 1 2 5 7 6 4 0 3
90 82 8 1 6 7 5 2 4 0 3
90 82 8 5 3 0 7 2 4 1 6
90 82 8 1 5 6 3 2 4 7 0
90 82 8 1 2 3 4 0 7 6 5
90 83 7 1 4 3 6 5 2 7 0
90 83 7 3 1 5 7 2 6 0 4
90 83 7 3 1 5 0 2 4 6 7
91 73 18 0 5 1 6 7 2 4 3
91 74 17 0 7 6 3 1 2 4 5
91 74 17 6 0 4 7 5 2 3 1
91 74 17 6 5 1 2 0 4 3 7
91 74 17 0 6 5 4 3 2 7 1
91 75 16 5 6 3 7 1 0 2 4
91 75 16 0 3 7 6 5 2 4 1
91 75 16 5 2 0 6 1 4 7 3
91 76 15 0 5 7 1 6 2 3 4
91 76 15 3 6 0 5 7 2 4 1
91 76 15 0 5 4 7 6 1 2 3
91 76 15 3 6 4 7 1 0 2 5
91 76 15 6 1 5 0 3 2 4 7
91 76 15 4 5 3 6 0 2 7 1
91 77 14 0 7 3 1 5 2 4 6
91 77 14 0 2 3 7 6 5 4 1
91 77 14 6 0 2 5 1 4 7 3
91 77 14 4 5 0 3 6 2 7 1
91 77 14 6 5 7 1 3 2 0 4
91 77 14 6 0 2 1 5 4 3 7
91 77 14 6 3 1 4 2 5 0 7
91 77 14 5 2 4 0 3 1 7 6
91 77 14 0 6 3 1 2 4 5 7
91 77 14 1 6 3 2 0 4 5 7
91 78 13 6 2 5 1 3 4 7 0
91 78 13 7 1 3 6 2 5 4 0
91 78 13 3 5 7 6 1 2 0 4
91 78 13 2 0 5 3 6 4 7 1
91 78 13 0 6 3 4 2 5 7 1
91 78 13 4 5 3 7 1 0 2 6
91 78 13 4 5 0 7 1 2 3 6
91 78 13 1 2 6 5 3 0 4 7
91 78 13 5 1 3 6 2 0 4 7
91 78 13 5 1 3 6 7 2 4 0
91 78 13 6 1 0 3 5 2 4 7
91 78 13 7 1 0 3 5 2 4 6
91 78 13 7 1 3 5 0 2 4 6
91 78 13 6 3 4 0 5 1 2 7
91 78 13 6 5 7 3 2 4 0 1
91 78 13 5 3 7 6 1 2 0 4
91 78 13 0 1 6 3 2 4 5 7
91 78 13 1 4 6 3 2 0 5 7
91 78 13 2 5 4 0 6 1 7 3
91 78 13 7 1 5 3 0 6 4 2
91 78 13 6 1 3 7 0 5 4 2
91 78 13 6 1 0 7 2 5 4 3
91 78 13 6 3 1 7 0 2 4 5
91 78 13 0 3 1 7 5 2 4 6
91 78 13 6 2 5 0 1 4 3 7
91 78 13 6 2 5 7 0 4 3 1
91 78 13 1 5 7 6 0 4 3 2
91 78 13 0 5 7 3 2 4 6 1
91 79 12 1 2 5 6 0 4 7 3
91 79 12 1 2 6 3 7 0 4 5
91 79 12 6 2 7 3 1 4 5 0
91 79 12 4 2 5 3 0 1 7 6
91 79 12 4 2 5 3 1 7 0 6
91 79 12 7 3 6 5 1 2 4 0
91 79 12 2 6 3 1 7 5 4 0
91 79 12 1 6 0 3 2 5 4 7
91 79 12 1 5 4 7 3 0 2 6
91 79 12 5 2 3 6 7 1 0 4
91 79 12 2 3 1 0 6 5 4 7
91 79 12 1 6 4 3 0 2 7 5
91 79 12 1 6 0 3 5 2 7 4
91 79 12 1 2 5 0 7 6 4 3
91 79 12 1 2 0 3 7 6 4 5
91 80 11 2 0 3 6 1 5 7 4
91 80 11 6 2 3 4 1 5 0 7
91 80 11 3 2 5 4 1 6 0 7
91 80 11 5 3 7 1 6 2 4 0
91 80 11 1 0 5 4 6 2 7 3
91 80 11 7 0 5 1 2 6 4 3
91 80 11 6 3 5 1 0 2 4 7
91 80 11 7 3 5 1 6 2 4 0
91 80 11 3 2 5 4 6 0 1 7
91 80 11 3 2 0 4 6 1 5 7
91 80 11 2 4 0 3 5 1 7 6
91 80 11 7 2 3 6 1 5 0 4
91 80 11 0 2 4 3 6 5 7 1
91 80 11 1 4 0 3 6 5 2 7
91 80 11 5 2 4 3 6 7 0 1
91 80 11 7 5 0 3 2 4 6 1
91 80 11 1 0 2 3 6 4 5 7
91 80 11 1 3 7 6 5 2 0 4
91 80 11 1 2 3 0 4 5 7 6
91 81 10 6 2 3 1 5 0 7 4
91 81 10 6 2 5 4 1 3 7 0
91 81 10 1 5 4 3 7 6 2 0
91 81 10 0 1 3 4 6 5 2 7
91 81 10 1 3 7 6 2 5 0 4
91 81 10 1 6 3 4 0 2 7 5
91 81 10 1 5 3 7 0 6 4 2
91 81 10 1 5 0 7 2 6 4 3
91 82 9 6 3 1 4 5 2 7 0
91 82 9 1 2 5 4 3 6 0 7
91 82 9 2 3 4 7 1 5 6 0
91 82 9 1 2 5 7 0 6 4 3
91 82 9 1 6 3 4 7 5 0 2
91 82 9 1 3 6 7 5 2 0 4
91 83 8 5 2 3 4 0 6 7 1
91 83 8 1 3 0 7 4 5 6 2
91 83 8 1 3 7 0 5 4 6 2
91 83 8 1 3 6 7 5 4 0 2
91 83 8 1 6 3 7 2 4 0 5
91 83 8 3 1 5 7 0 4 6 2
91 84 7 1 3 5 7 6 2 4 0
91 84 7 2 5 3 4 1 6 7 0
91 84 7 6 1 5 7 2 4 0 3
91 84 7 1 2 3 0 6 5 7 4
91 85 6 1 3 6 7 2 5 4 0
91 85 6 1 3 6 4 5 2 7 0
91 85 6 1 4 5 7 2 6 3 0
91 86 5 5 1 3 7 2 4 6 0
92 74 18 0 6 5 2 3 1 4 7
92 75 17 0 5 3 2 7 1 4 6
92 75 17 7 5 4 6 1 0 2 3
92 75 17 6 0 7 3 5 2 4 1
92 75 17 6 5 7 0 3 2 4 1
92 75 17 6 5 0 7 3 1 2 4
92 75 17 0 5 4 7 3 1 2 6
92 76 16 6 5 4 7 3 0 2 1
92 76 16 3 6 5 4 7 2 0 1
92 76 16 7 1 0 3 6 2 4 5
92 76 16 2 5 0 1 6 4 7 3
92 76 16 0 5 3 4 7 2 6 1
92 77 15 5 0 4 3 7 1 2 6
92 77 15 1 5 4 3 7 0 2 6
92 77 15 5 0 4 6 3 2 7 1
92 77 15 6 0 5 4 3 1 2 7
92 77 15 6 4 0 7 1 5 2 3
92 77 15 7 5 0 4 6 2 3 1
92 77 15 4 5 3 7 6 2 0 1
92 77 15 1 0 7 6 5 2 4 3
92 77 15 0 3 1 6 2 5 4 7
92 77 15 7 1 3 6 0 2 4 5
92 77 15 1 5 0 6 3 2 7 4
92 78 14 7 5 4 3 6 2 0 1
92 78 14 6 2 5 1 4 0 7 3
92 78 14 0 2 5 1 6 4 7 3
92 78 14 5 0 7 1 6 2 4 3
92 78 14 4 6 0 3 1 5 2 7
92 78 14 4 6 3 2 1 5 0 7
92 78 14 3 2 5 0 6 4 7 1
92 78 14 4 2 5 3 6 0 7 1
92 78 14 6 3 0 4 2 5 7 1
92 78 14 1 6 4 5 3 0 2 7
92 78 14 5 1 3 0 6 2 4 7
92 78 14 6 1 3 5 0 2 4 7
92 78 14 3 6 0 5 1 2 7 4
92 78 14 3 6 4 0 1 2 7 5
92 78 14 6 2 3 0 7 5 4 1
92 78 14 5 0 4 7 1 3 2 6
92 78 14 0 5 3 1 7 4 6 2
92 78 14 1 5 3 6 7 4 0 2
92 78 14 0 5 3 2 1 6 4 7
92 78 14 2 5 0 3 6 1 7 4
92 78 14 2 5 4 0 1 7 6 3
92 78 14 2 5 4 3 0 7 6 1
92 78 14 0 3 4 1 5 2 7 6
92 78 14 3 1 5 2 0 6 4 7
92 78 14 0 2 3 7 5 4 6 1
92 79 13 6 5 4 2 3 1 7 0
92 79 13 7 6 3 4 5 2 0 1
92 79 13 4 5 7 3 1 2 0 6
92 79 13 1 6 3 2 0 5 4 7
92 79 13 7 2 5 3 6 0 1 4
92 79 13 7 2 0 3 6 1 5 4
92 79 13 7 2 5 0 1 6 4 3
92 79 13 2 4 7 3 1 5 0 6
92 79 13 2 3 7 5 1 0 4 6
92 79 13 0 1 5 3 7 2 4 6
92 79 13 6 2 0 3 5 7 4 1
92 79 13 2 6 0 1 5 4 3 7
92 79 13 6 5 3 7 0 1 4 2
92 79 13 6 5 0 7 2 1 4 3
92 79 13 5 3 6 7 0 2 4 1
92 80 12 2 6 3 7 5 4 0 1
92 80 12 2 5 3 6 0 1 7 4
92 80 12 2 5 3 6 1 7 0 4
92 80 12 3 2 6 5 1 4 0 7
92 80 12 6 5 3 1 2 7 0 4
92 80 12 5 0 3 1 6 2 7 4
92 80 12 5 2 0 3 6 1 4 7
92 80 12 0 3 5 4 1 6 2 7
92 80 12 3 5 0 4 1 6 2 7
92 80 12 3 6 0 5 2 1 4 7
92 80 12 7 6 5 3 2 1 0 4
92 80 12 7 6 5 0 2 1 4 3
92 80 12 3 5 4 7 0 1 2 6
92 80 12 0 1 4 3 6 5 2 7
92 80 12 2 5 7 6 1 4 3 0
92 80 12 5 0 2 7 1 4 3 6
92 80 12 7 1 0 3 2 5 4 6
92 80 12 6 3 4 7 2 0 5 1
92 80 12 1 0 4 7 5 3 2 6
92 80 12 1 6 3 7 0 5 4 2
92 80 12 1 6 0 7 2 5 4 3
92 80 12 5 2 0 4 1 7 3 6
92 80 12 1 3 4 6 0 2 7 5
92 80 12 1 3 0 6 5 2 7 4
92 80 12 1 2 3 5 0 4 7 6
92 81 11 3 2 5 1 6 4 0 7
92 81 11 3 2 5 4 1 0 7 6
92 81 11 1 0 3 6 5 4 7 2
92 81 11 2 0 4 3 5 6 7 1
92 81 11 0 3 5 7 1 6 2 4
92 81 11 1 2 5 7 6 0 3 4
92 81 11 4 2 3 0 1 5 7 6
92 81 11 2 5 3 0 6 1 7 4
92 81 11 0 5 3 4 1 6 2 7
92 82 10 2 6 3 7 1 4 5 0
92 82 10 2 3 6 7 1 5 4 0
92 82 10 1 0 5 6 2 4 7 3
92 82 10 1 5 6 0 2 4 7 3
92 82 10 2 5 4 3 6 7 1 0
92 82 10 2 3 4 6 5 1 0 7
92 82 10 3 6 5 7 4 1 2 0
92 82 10 2 5 3 4 6 0 1 7
92 82 10 1 3 7 4 5 0 2 6
92 82 10 1 0 6 5 2 4 7 3
92 82 10 1 0 2 7 5 4 3 6
92 82 10 1 5 6 7 0 2 4 3
92 82 10 1 0 6 7 2 5 4 3
92 82 10 1 5 4 0 2 7 6 3
92 82 10 1 5 0 7 4 6 3 2
92 82 10 1 2 0 4 5 7 6 3
92 83 9 6 1 5 7 2 0 4 3
92 83 9 1 5 7 3 4 2 0 6
92 83 9 2 6 5 7 1 4 3 0
92 83 9 2 3 0 4 5 1 7 6
92 83 9 0 2 3 4 6 5 7 1
92 83 9 1 3 7 4 2 0 5 6
92 83 9 5 2 3 4 6 7 0 1
92 83 9 1 2 3 7 6 5 0 4
92 83 9 3 1 5 7 6 2 0 4
92 83 9 3 1 5 7 0 2 4 6
92 83 9 0 1 5 7 2 6 4 3
92 83 9 1 2 4 0 5 7 6 3
92 84 8 3 5 7 1 2 4 6 0
92 85 7 1 2 3 0 5 6 4 7
92 85 7 1 2 4 3 6 5 0 7
92 86 6 1 5 3 4 2 6 7 0
93 74 19 6 5 4 0 7 2 3 1
93 76 17 6 0 7 1 5 2 3 4
93 76 17 6 0 4 7 5 1 2 3
93 76 17 7 6 0 4 1 5 2 3
93 77 16 3 5 4 0 7 1 2 6
93 77 16 2 5 4 6 3 0 7 1
93 77 16 5 0 7 6 1 2 3 4
93 77 16 4 5 7 6 1 2 3 0
93 77 16 0 6 4 7 1 5 2 3
93 77 16 3 6 7 1 0 2 4 5
93 77 16 3 6 7 4 1 2 0 5
93 77 16 0 5 7 1 3 2 4 6
93 77 16 5 0 4 3 2 1 7 6
93 77 16 3 2 0 7 6 1 4 5
93 78 15 6 5 2 3 7 1 0 4
93 78 15 4 6 3 1 0 5 2 7
93 78 15 3 5 7 6 0 2 4 1
93 78 15 6 5 0 4 2 7 3 1
93 78 15 0 1 6 5 3 2 4 7
93 78 15 3 6 5 1 0 2 7 4
93 78 15 0 2 3 1 7 5 4 6
93 78 15 0 5 7 6 2 4 3 1
93 78 15 0 5 3 2 1 4 7 6
93 78 15 5 3 7 6 0 2 4 1
93 78 15 0 5 4 3 6 1 7 2
93 78 15 2 5 0 3 1 7 6 4
93 78 15 6 3 4 1 0 2 7 5
93 78 15 6 3 0 1 5 2 7 4
93 78 15 7 1 0 3 2 6 4 5
93 79 14 2 0 5 6 1 4 7 3
93 79 14 6 4 5 3 2 0 7 1
93 79 14 0 6 2 3 1 4 7 5
93 79 14 6 4 2 3 1 0 7 5
93 79 14 4 0 5 3 1 2 7 6
93 79 14 4 5 0 3 6 1 2 7
93 79 14 4 5 3 2 6 1 0 7
93 79 14 5 3 0 6 1 2 7 4
93 79 14 6 5 3 4 7 0 1 2
93 79 14 2 6 0 5 1 4 7 3
93 79 14 2 6 3 0 1 5 4 7
93 79 14 7 2 5 3 0 6 4 1
93 79 14 7 2 0 3 1 6 4 5
93 79 14 7 6 0 3 2 4 5 1
93 79 14 1 6 4 0 7 5 2 3
93 79 14 2 1 5 0 3 6 4 7
93 79 14 2 1 3 0 7 5 4 6
93 79 14 0 5 6 7 2 4 3 1
93 80 13 4 0 3 1 5 2 7 6
93 80 13 3 6 5 4 2 0 7 1
93 80 13 3 0 6 4 1 2 7 5
93 80 13 2 0 3 6 1 4 5 7
93 80 13 7 2 3 6 1 4 5 0
93 80 13 6 2 0 3 1 5 4 7
93 80 13 2 0 3 6 5 4 7 1
93 80 13 2 5 3 1 6 0 7 4
93 80 13 6 5 3 7 4 0 2 1
93 80 13 6 5 0 7 4 2 3 1
93 80 13 7 6 3 1 2 5 0 4
93 80 13 3 2 0 5 1 6 4 7
93 80 13 1 0 3 5 6 2 4 7
93 80 13 5 3 7 4 1 0 2 6
93 80 13 0 7 5 3 2 6 4 1
93 80 13 7 5 0 3 2 6 4 1
93 80 13 3 6 5 4 2 1 0 7
93 80 13 5 3 4 1 6 0 2 7
93 80 13 3 0 4 7 1 5 2 6
93 80 13 2 5 7 3 1 4 0 6
93 80 13 5 2 7 0 1 4 3 6
93 80 13 7 1 3 4 2 5 0 6
93 80 13 3 5 7 4 1 0 2 6
93 80 13 2 3 4 6 1 0 5 7
93 80 13 1 3 7 6 0 2 4 5
93 81 12 0 2 3 1 6 4 5 7
93 81 12 2 6 3 0 1 4 7 5
93 81 12 0 6 3 1 5 2 7 4
93 81 12 3 2 5 1 0 6 4 7
93 81 12 6 5 4 3 2 1 7 0
93 81 12 1 0 5 4 7 2 3 6
93 81 12 0 3 5 4 1 2 7 6
93 81 12 7 5 0 3 2 1 4 6
93 81 12 1 5 3 6 4 0 7 2
93 81 12 1 5 3 0 6 4 7 2
93 81 12 2 4 0 3 6 5 7 1
93 81 12 3 5 0 7 1 6 2 4
93 81 12 1 0 3 7 5 6 2 4
93 81 12 0 1 5 7 6 2 3 4
93 81 12 2 5 3 0 1 7 6 4
93 81 12 2 5 3 4 0 7 6 1
93 81 12 1 6 0 4 5 2 7 3
93 82 11 5 6 3 1 2 4 0 7
93 82 11 7 2 4 3 6 1 0 5
93 82 11 1 6 0 4 3 5 2 7
93 82 11 1 5 6 3 7 2 4 0
93 82 11 5 4 3 6 1 2 7 0
93 82 11 5 4 7 3 1 2 6 0
93 82 11 4 5 3 7 2 6 0 1
93 82 11 1 6 5 7 0 3 2 4
93 82 11 1 0 5 7 3 6 2 4
93 82 11 1 2 0 5 3 6 4 7
93 82 11 5 0 7 1 2 4 3 6
93 82 11 1 5 3 6 4 2 0 7
93 82 11 2 3 4 0 1 5 7 6
93 82 11 2 3 7 4 1 5 0 6
93 82 11 1 2 7 0 5 4 3 6
93 82 11 7 5 0 1 2 4 3 6
93 82 11 5 4 3 7 2 0 1 6
93 82 11 1 5 6 3 2 0 4 7
93 82 11 1 3 6 7 0 2 4 5
93 82 11 0 2 3 4 5 7 6 1
93 83 10 6 2 5 7 1 3 4 0
93 83 10 1 5 7 4 6 2 3 0
93 83 10 5 3 0 1 2 4 7 6
93 83 10 1 0 5 3 4 2 7 6
93 83 10 6 1 5 7 0 2 4 3
93 83 10 1 2 3 6 4 0 7 5
93 83 10 1 2 3 0 6 4 7 5
93 83 10 0 6 5 7 2 4 1 3
93 83 10 6 1 5 0 2 4 7 3
93 83 10 1 4 0 7 2 3 5 6
93 83 10 3 1 5 7 0 6 4 2
93 83 10 1 2 4 3 0 7 6 5
93 83 10 1 2 0 3 5 7 6 4
93 83 10 3 1 0 7 2 4 6 5
93 84 9 1 2 4 6 5 0 7 3
93 84 9 1 5 4 7 2 0 3 6
93 84 9 1 0 5 3 2 7 4 6
93 84 9 1 5 3 0 2 7 4 6
93 84 9 2 0 3 4 5 6 7 1
93 85 8 2 5 3 4 6 7 1 0
93 85 8 1 3 0 4 5 2 6 7
93 85 8 1 3 5 0 2 6 4 7
93 85 8 1 2 0 3 5 4 6 7
93 86 7 2 1 3 6 5 4 7 0
93 87 6 3 2 5 7 1 4 6 0
93 87 6 7 1 5 3 2 4 6 0
93 88 5 1 3 5 7 2 6 4 0
93 88 5 1 3 7 5 2 4 0 6
94 76 18 4 5 0 6 1 2 7 3
94 77 17 0 5 3 6 7 1 2 4
94 77 17 6 5 3 2 7 1 0 4
94 77 17 2 6 5 1 7 0 4 3
94 77 17 0 6 7 3 1 2 4 5
94 77 17 6 5 0 1 3 2 4 7
94 77 17 7 5 0 4 6 1 2 3
94 77 17 6 3 1 2 0 5 4 7
94 77 17 7 1 0 6 5 2 4 3
94 78 16 6 0 5 3 7 1 2 4
94 78 16 2 5 7 1 6 0 4 3
94 78 16 3 5 0 6 1 2 4 7
94 78 16 3 6 4 5 0 2 7 1
94 78 16 6 5 0 1 4 2 7 3
94 78 16 0 5 3 1 7 6 4 2
94 78 16 0 5 4 3 1 7 6 2
94 78 16 6 2 0 7 1 4 3 5
94 79 15 5 0 4 6 3 1 2 7
94 79 15 1 5 4 6 3 0 2 7
94 79 15 6 5 7 4 0 1 2 3
94 79 15 7 6 0 3 5 2 4 1
94 79 15 6 2 7 3 1 0 4 5
94 79 15 0 3 4 6 1 5 2 7
94 79 15 6 3 4 2 1 5 0 7
94 79 15 2 3 6 5 1 0 4 7
94 79 15 3 6 5 1 7 0 2 4
94 79 15 2 6 5 1 0 4 7 3
94 79 15 1 6 0 3 7 5 2 4
94 79 15 1 2 0 6 7 5 4 3
94 80 14 6 2 5 3 4 7 0 1
94 80 14 6 0 5 3 4 2 7 1
94 80 14 1 0 5 6 7 2 3 4
94 80 14 1 5 6 0 7 2 3 4
94 80 14 4 2 3 6 1 0 5 7
94 80 14 6 2 3 5 1 0 4 7
94 80 14 6 2 0 5 1 4 3 7
94 80 14 3 2 6 5 0 1 4 7
94 80 14 5 2 6 0 1 4 3 7
94 80 14 2 5 3 6 4 0 7 1
94 80 14 6 0 3 1 2 5 7 4
94 80 14 0 2 3 5 6 1 4 7
94 80 14 0 6 3 5 1 2 4 7
94 80 14 6 5 3 4 0 2 1 7
94 80 14 2 3 5 1 6 0 4 7
94 80 14 6 5 3 4 2 1 0 7
94 80 14 7 2 3 6 0 5 4 1
94 80 14 2 5 7 1 0 4 3 6
94 80 14 5 0 3 4 2 1 7 6
94 80 14 5 2 3 0 4 1 7 6
94 81 13 6 2 3 1 7 4 5 0
94 81 13 2 0 6 3 1 4 7 5
94 81 13 7 6 4 5 1 2 3 0
94 81 13 7 0 5 3 2 1 4 6
94 81 13 2 0 5 1 6 4 3 7
94 81 13 6 2 5 4 0 1 7 3
94 81 13 6 2 5 4 1 7 0 3
94 81 13 3 5 1 0 6 2 4 7
94 81 13 3 5 4 1 6 2 0 7
94 81 13 5 3 1 4 6 2 0 7
94 81 13 1 5 4 0 7 2 3 6
94 81 13 6 2 0 4 1 3 5 7
94 81 13 7 6 3 1 5 0 2 4
94 81 13 7 5 3 4 2 1 0 6
94 81 13 6 5 0 7 4 1 3 2
94 81 13 0 5 4 3 1 6 2 7
94 81 13 1 5 4 0 3 6 2 7
94 81 13 0 5 3 7 1 6 2 4
94 81 13 1 5 3 0 7 6 2 4
94 81 13 1 0 7 5 3 2 4 6
94 81 13 0 5 3 4 6 1 7 2
94 81 13 1 5 3 0 4 6 2 7
94 81 13 1 3 7 6 0 5 4 2
94 82 12 7 2 3 0 6 1 4 5
94 82 12 3 2 6 4 1 0 5 7
94 82 12 3 2 4 5 6 1 0 7
94 82 12 1 6 4 7 3 5 2 0
94 82 12 0 2 5 4 6 1 3 7
94 82 12 6 3 1 4 5 0 2 7
94 82 12 6 3 0 4 5 2 1 7
94 82 12 2 3 6 4 1 5 0 7
94 82 12 4 5 3 7 0 2 6 1
94 82 12 4 0 3 7 2 5 6 1
94 82 12 2 3 6 0 5 1 4 7
94 82 12 5 2 3 7 6 1 0 4
94 82 12 2 5 0 4 6 1 3 7
94 82 12 2 3 4 7 1 0 5 6
94 82 12 0 1 5 6 2 4 3 7
94 82 12 1 4 5 6 2 0 3 7
94 82 12 6 2 0 4 5 7 3 1
94 82 12 1 6 3 0 7 5 2 4
94 82 12 0 5 1 7 2 4 3 6
94 82 12 1 5 4 3 0 7 6 2
94 82 12 1 5 0 3 2 7 6 4
94 83 11 2 5 4 6 3 1 7 0
94 83 11 6 3 1 5 2 0 4 7
94 83 11 2 6 4 3 5 7 0 1
94 83 11 1 5 7 2 6 4 3 0
94 83 11 3 5 4 1 2 7 0 6
94 83 11 1 6 5 4 2 0 3 7
94 83 11 5 1 4 3 0 6 2 7
94 83 11 5 1 4 3 6 2 0 7
94 83 11 0 6 5 7 2 1 4 3
94 83 11 1 3 0 7 6 5 2 4
94 83 11 2 5 3 7 4 0 1 6
94 83 11 1 3 4 6 0 5 2 7
94 83 11 1 0 4 6 5 3 2 7
94 83 11 6 4 5 7 2 0 1 3
94 83 11 6 5 1 7 2 0 4 3
94 83 11 1 4 3 7 5 2 0 6
94 83 11 0 1 3 7 4 5 6 2
94 83 11 1 6 3 7 0 4 5 2
94 84 10 3 6 4 1 5 2 7 0
94 84 10 5 3 6 4 1 2 7 0
94 84 10 6 4 3 1 5 2 7 0
94 84 10 1 6 5 3 4 2 7 0
94 84 10 2 0 3 1 5 4 7 6
94 84 10 6 3 5 7 0 2 4 1
94 84 10 7 5 3 6 2 4 1 0
94 84 10 5 0 7 1 2 4 6 3
94 84 10 2 3 0 4 6 5 7 1
94 84 10 6 1 5 0 2 4 3 7
94 84 10 3 6 5 0 2 4 1 7
94 84 10 1 2 0 4 6 5 7 3
94 85 9 6 5 7 3 2 4 1 0
94 85 9 1 4 7 3 5 2 6 0
94 85 9 1 3 6 4 5 0 2 7
94 85 9 7 3 5 1 2 6 4 0
94 85 9 7 2 3 1 5 6 4 0
94 85 9 2 1 5 7 6 4 3 0
94 85 9 1 4 5 7 6 2 3 0
94 85 9 1 2 4 0 6 5 7 3
94 85 9 1 6 5 0 2 4 3 7
94 86 8 1 3 4 7 2 0 6 5
94 86 8 1 0 3 7 2 5 6 4
94 86 8 1 3 7 0 2 5 6 4
94 86 8 1 3 6 7 2 5 0 4
94 86 8 2 1 5 7 3 4 6 0
94 86 8 1 4 5 7 3 2 6 0
94 87 7 1 6 3 5 2 4 7 0
94 87 7 2 1 3 7 5 4 6 0
94 87 7 2 1 3 4 5 7 0 6
94 87 7 1 2 3 4 6 0 5 7
94 87 7 1 3 0 4 5 6 2 7
95 76 19 0 5 4 6 7 1 2 3
95 76 19 6 5 4 2 7 1 0 3
95 77 18 2 5 7 6 1 0 3 4
95 77 18 5 6 3 0 7 2 4 1
95 78 17 4 6 5 3 2 0 7 1
95 78 17 0 6 3 1 7 2 4 5
95 78 17 6 5 7 2 0 4 3 1
95 78 17 2 5 0 1 7 6 4 3
95 78 17 0 3 7 6 1 2 4 5
95 79 16 7 5 4 6 3 1 2 0
95 79 16 6 5 4 2 3 0 1 7
95 79 16 4 2 5 6 1 0 7 3
95 79 16 6 0 7 4 1 5 2 3
95 79 16 7 6 3 5 0 2 4 1
95 79 16 0 1 6 3 7 2 4 5
95 79 16 6 3 4 1 0 5 2 7
95 79 16 4 5 3 6 0 1 2 7
95 79 16 6 5 0 4 7 1 3 2
95 79 16 3 6 0 1 7 2 5 4
95 79 16 0 6 5 2 1 4 7 3
95 79 16 0 2 3 6 7 1 4 5
95 79 16 0 2 5 3 7 6 4 1
95 79 16 0 2 3 6 7 5 4 1
95 80 15 0 6 7 1 5 2 4 3
95 80 15 6 7 0 1 5 2 4 3
95 80 15 6 2 7 1 5 0 4 3
95 80 15 3 0 5 4 6 2 7 1
95 80 15 3 6 5 0 4 2 7 1
95 80 15 5 0 2 6 1 4 3 7
95 80 15 7 6 3 1 0 5 4 2
95 80 15 6 5 3 0 7 2 1 4
95 80 15 7 6 5 3 0 1 4 2
95 80 15 6 2 4 0 3 5 7 1
95 80 15 0 5 7 2 1 4 3 6
95 80 15 7 1 3 2 0 5 4 6
95 80 15 7 5 3 2 0 4 6 1
95 80 15 0 3 4 6 5 2 7 1
95 81 14 6 2 3 1 4 0 5 7
95 81 14 6 0 3 1 2 4 5 7
95 81 14 3 0 4 5 1 6 2 7
95 81 14 2 6 7 3 1 4 0 5
95 81 14 7 2 5 4 6 1 0 3
95 81 14 2 5 1 0 6 4 3 7
95 81 14 7 6 5 1 3 2 0 4
95 81 14 6 5 4 3 2 0 1 7
95 81 14 0 3 1 5 6 2 4 7
95 81 14 6 0 4 1 5 3 2 7
95 81 14 6 3 7 4 2 5 0 1
95 81 14 0 5 4 3 2 6 7 1
95 81 14 2 5 4 0 3 6 7 1
95 81 14 2 5 0 4 6 1 7 3
95 81 14 0 5 3 4 1 7 6 2
95 82 13 2 5 7 6 1 4 0 3
95 82 13 5 0 3 4 7 1 2 6
95 82 13 6 0 5 3 1 4 7 2
95 82 13 3 6 5 0 1 4 7 2
95 82 13 5 0 3 6 1 4 7 2
95 82 13 6 5 7 3 4 2 0 1
95 82 13 7 5 3 1 0 6 2 4
95 82 13 7 0 3 1 6 5 2 4
95 82 13 3 5 4 0 2 1 7 6
95 82 13 2 0 5 3 1 7 4 6
95 82 13 2 5 3 0 1 7 4 6
95 82 13 1 6 4 2 3 5 0 7
95 82 13 5 4 3 7 1 2 0 6
95 82 13 6 2 5 4 7 1 3 0
95 82 13 6 0 2 7 1 4 5 3
95 82 13 2 5 3 7 6 0 1 4
95 82 13 6 5 1 7 0 4 3 2
95 82 13 3 6 5 1 0 4 7 2
95 83 12 1 6 2 3 0 4 5 7
95 83 12 2 5 0 4 3 1 7 6
95 83 12 1 5 4 6 7 2 3 0
95 83 12 6 3 1 5 7 2 4 0
95 83 12 2 6 4 3 0 5 7 1
95 83 12 0 2 5 3 6 1 7 4
95 83 12 6 2 5 3 1 7 4 0
95 83 12 7 2 3 0 5 1 4 6
95 83 12 1 5 7 2 4 0 3 6
95 83 12 2 3 7 6 1 5 4 0
95 83 12 6 2 0 3 5 4 7 1
95 83 12 2 5 3 0 6 4 1 7
95 83 12 0 1 5 3 2 4 7 6
95 83 12 3 1 0 7 2 6 4 5
95 84 11 7 6 3 4 1 2 5 0
95 84 11 6 2 5 7 4 1 3 0
95 84 11 1 6 5 3 2 0 7 4
95 84 11 5 2 3 1 0 4 7 6
95 84 11 4 2 3 1 5 0 7 6
95 84 11 2 3 4 7 5 1 0 6
95 84 11 7 5 0 3 2 4 1 6
95 84 11 2 5 7 1 0 4 6 3
95 84 11 5 2 3 0 6 4 7 1
95 84 11 6 1 5 7 0 4 3 2
95 84 11 3 6 5 7 0 4 1 2
95 85 10 3 5 4 7 6 2 1 0
95 85 10 3 2 4 1 5 0 7 6
95 85 10 2 5 6 7 1 4 3 0
95 85 10 5 6 3 7 2 4 0 1
95 85 10 2 5 3 1 7 4 6 0
95 85 10 6 4 2 3 5 1 7 0
95 85 10 6 5 1 3 2 4 7 0
95 85 10 6 3 2 7 1 5 4 0
95 85 10 3 2 5 7 6 4 0 1
95 85 10 5 3 4 7 6 2 1 0
95 85 10 1 5 7 2 3 4 6 0
95 85 10 1 2 6 0 5 4 7 3
95 85 10 1 4 5 3 2 0 7 6
95 85 10 0 2 5 7 1 4 6 3
95 85 10 2 1 5 7 4 0 3 6
95 85 10 1 0 5 7 4 2 3 6
95 85 10 6 3 1 7 2 5 0 4
95 85 10 1 5 4 3 0 6 7 2
95 85 10 1 4 0 7 2 6 5 3
95 85 10 1 2 0 3 6 5 7 4
95 85 10 1 6 5 7 0 4 3 2
95 86 9 1 2 3 4 7 5 0 6
95 86 9 1 2 5 3 6 0 7 4
95 86 9 2 6 3 4 5 7 0 1
95 86 9 1 3 4 6 2 5 7 0
95 86 9 2 1 4 3 5 7 0 6
95 86 9 1 2 5 4 6 0 3 7
95 86 9 5 3 0 7 1 4 6 2
95 86 9 5 1 3 4 0 6 2 7
95 86 9 5 1 3 4 6 2 0 7
95 86 9 5 3 0 1 2 4 6 7
95 86 9 5 1 3 7 0 4 6 2
95 86 9 1 4 3 7 5 6 0 2
95 86 9 1 5 3 4 2 0 6 7
95 86 9 1 0 3 4 5 2 6 7
95 86 9 7 1 5 6 2 4 3 0
95 86 9 1 0 3 7 5 2 6 4
95 86 9 1 3 7 0 5 2 6 4
95 86 9 1 3 0 4 2 5 6 7
95 86 9 1 4 0 3 5 6 2 7
95 86 9 5 3 7 0 2 4 6 1
95 86 9 5 3 6 7 2 4 0 1
95 86 9 2 1 5 7 4 0 6 3
95 86 9 1 0 5 7 4 2 6 3
95 86 9 5 1 0 7 2 4 3 6
95 86 9 1 5 3 0 2 7 6 4
95 86 9 1 5 3 0 4 2 6 7
95 86 9 1 5 3 7 0 2 6 4
95 87 8 1 6 7 3 2 4 5 0
95 87 8 2 1 3 4 0 5 7 6
95 87 8 1 2 3 0 5 7 4 6
95 87 8 1 2 0 4 6 5 3 7
95 87 8 0 1 3 4 5 6 2 7
95 88 7 1 2 3 6 5 0 7 4
95 88 7 1 5 3 7 2 0 6 4
95 88 7 3 1 5 7 2 0 4 6
96 78 18 0 6 4 5 1 2 7 3
96 78 18 6 2 0 1 7 5 4 3
96 79 17 6 5 0 2 3 1 4 7
96 80 16 5 7 0 6 1 2 4 3
96 80 16 5 2 7 6 1 0 4 3
96 80 16 7 6 0 1 2 5 4 3
96 80 16 5 0 7 1 3 2 4 6
96 80 16 0 5 3 4 7 2 1 6
96 80 16 7 6 5 4 0 2 3 1
96 80 16 3 6 5 2 0 1 4 7
96 81 15 3 6 4 5 0 1 2 7
96 81 15 2 6 5 3 4 0 7 1
96 81 15 0 7 6 5 1 2 4 3
96 81 15 7 2 6 5 1 0 4 3
96 81 15 7 2 0 5 6 1 4 3
96 81 15 7 6 0 1 5 2 3 4
96 81 15 0 3 7 6 2 5 4 1
96 81 15 5 3 4 6 0 2 7 1
96 81 15 1 6 5 0 7 2 3 4
96 81 15 2 5 0 4 1 7 6 3
96 82 14 6 2 5 7 3 4 0 1
96 82 14 7 0 2 3 6 1 4 5
96 82 14 7 5 0 3 1 6 2 4
96 82 14 3 6 5 4 7 1 2 0
96 82 14 0 3 6 4 1 2 5 7
96 82 14 3 0 2 5 6 1 4 7
96 82 14 1 2 5 6 7 0 4 3
96 82 14 2 6 3 5 1 4 0 7
96 82 14 6 2 5 7 3 0 1 4
96 82 14 6 2 7 0 1 4 5 3
96 82 14 2 5 0 3 6 7 4 1
96 82 14 3 0 5 7 6 1 2 4
96 82 14 2 5 0 7 6 1 3 4
96 82 14 0 2 5 1 3 6 4 7
96 82 14 6 2 5 0 3 1 7 4
96 82 14 6 2 0 4 3 1 7 5
96 82 14 0 2 5 4 3 1 7 6
96 82 14 0 5 6 1 2 4 3 7
96 83 13 5 3 0 6 2 1 4 7
96 83 13 7 6 5 3 4 1 2 0
96 83 13 5 4 3 0 6 2 7 1
96 83 13 6 2 5 3 4 1 7 0
96 83 13 6 2 3 7 5 1 4 0
96 83 13 1 0 6 7 3 2 5 4
96 83 13 3 0 4 1 2 5 7 6
96 83 13 1 6 5 0 4 2 3 7
96 83 13 5 4 3 1 2 0 7 6
96 83 13 2 1 5 7 6 0 4 3
96 83 13 2 6 0 7 1 4 5 3
96 83 13 2 0 3 7 5 4 1 6
96 83 13 0 4 3 1 5 2 7 6
96 83 13 1 4 3 5 0 2 7 6
96 83 13 6 1 5 3 0 4 7 2
96 83 13 0 2 4 3 5 7 6 1
96 84 12 2 0 5 7 3 1 4 6
96 84 12 1 2 5 7 3 0 4 6
96 84 12 5 6 4 3 1 2 7 0
96 84 12 3 6 0 4 5 2 7 1
96 84 12 5 3 0 4 1 2 6 7
96 84 12 5 0 3 7 4 1 2 6
96 84 12 5 2 3 1 0 7 4 6
96 84 12 5 2 3 1 7 4 0 6
96 84 12 1 5 4 6 2 7 0 3
96 84 12 1 4 0 6 5 2 7 3
96 84 12 4 6 5 7 1 2 0 3
96 84 12 2 0 5 7 6 1 4 3
96 84 12 3 0 7 1 5 2 4 6
96 84 12 0 5 3 7 1 2 6 4
96 84 12 3 5 4 7 6 1 0 2
96 84 12 0 2 5 7 1 6 4 3
96 84 12 2 5 0 7 1 6 4 3
96 84 12 2 3 7 0 5 1 4 6
96 84 12 1 6 3 7 5 0 2 4
96 84 12 1 6 0 7 5 2 3 4
96 84 12 0 5 3 4 2 6 7 1
96 85 11 5 0 3 7 2 6 4 1
96 85 11 3 6 2 4 1 5 0 7
96 85 11 0 2 3 1 6 4 7 5
96 85 11 3 2 5 7 0 6 4 1
96 85 11 7 3 0 1 2 5 4 6
96 85 11 7 6 5 1 2 4 3 0
96 85 11 6 0 5 3 2 4 1 7
96 85 11 1 5 4 7 0 6 2 3
96 85 11 3 0 7 1 2 5 4 6
96 85 11 1 5 7 2 4 0 6 3
96 85 11 1 0 2 6 5 4 7 3
96 85 11 1 2 7 6 5 4 0 3
96 85 11 2 5 3 7 1 6 0 4
96 85 11 2 3 5 1 0 6 4 7
96 85 11 5 1 3 7 6 2 0 4
96 85 11 2 4 5 7 1 0 6 3
96 85 11 1 3 4 5 0 2 6 7
96 85 11 1 5 4 0 2 6 7 3
96 85 11 0 2 3 1 5 4 6 7
96 85 11 1 2 3 5 0 4 6 7
96 86 10 1 2 5 3 7 4 0 6
96 86 10 1 7 5 3 0 2 4 6
96 86 10 4 5 3 7 2 1 0 6
96 86 10 1 6 3 7 2 0 4 5
96 86 10 5 3 4 7 2 0 6 1
96 86 10 2 6 3 4 0 5 7 1
96 86 10 2 1 4 3 0 5 7 6
96 86 10 1 2 5 3 4 7 0 6
96 86 10 5 2 3 1 7 6 0 4
96 86 10 1 4 3 7 0 5 6 2
96 86 10 1 0 6 4 5 2 3 7
96 86 10 7 1 0 5 2 4 3 6
96 86 10 7 1 5 3 2 4 0 6
96 86 10 5 2 4 3 6 1 0 7
96 86 10 0 1 4 3 5 6 2 7
96 86 10 1 5 3 4 0 7 6 2
96 86 10 1 5 0 7 4 2 6 3
96 87 9 1 6 3 7 4 5 2 0
96 87 9 1 3 6 5 2 0 4 7
96 87 9 3 1 4 6 5 2 7 0
96 87 9 2 5 7 3 1 4 6 0
96 87 9 1 3 4 7 5 0 6 2
96 87 9 0 3 5 7 1 2 4 6
96 87 9 7 1 0 5 2 4 6 3
96 87 9 1 0 2 4 5 7 3 6
96 87 9 1 2 4 0 5 7 3 6
96 87 9 3 6 5 7 2 1 0 4
96 88 8 6 3 2 4 5 1 7 0
96 88 8 2 3 4 1 5 6 0 7
96 88 8 5 1 3 4 6 2 7 0
96 88 8 6 2 3 4 5 1 7 0
96 88 8 3 1 0 7 2 4 5 6
96 89 7 7 1 3 4 5 2 6 0
96 91 5 1 2 5 4 3 6 7 0
96 93 3 1 3 7 5 2 4 6 0
97 79 18 5 2 0 6 7 1 4 3
97 79 18 0 6 4 3 7 5 2 1
97 80 17 7 6 0 4 1 2 3 5
97 80 17 7 6 0 3 2 1 4 5
97 80 17 6 5 3 2 0 1 4 7
97 80 17 7 2 0 6 1 5 4 3
97 81 16 7 6 4 5 1 0 2 3
97 81 16 7 2 5 0 3 1 4 6
97 81 16 5 3 1 6 0 2 4 7
97 81 16 7 5 3 2 0 1 4 6
97 81 16 0 3 4 6 1 2 7 5
97 82 15 2 5 7 6 0 1 4 3
97 82 15 2 6 5 4 1 0 7 3
97 82 15 4 5 3 6 1 0 7 2
97 82 15 6 2 5 1 3 0 4 7
97 82 15 0 7 5 3 1 6 2 4
97 82 15 0 6 5 4 3 1 2 7
97 82 15 3 0 5 4 6 1 2 7
97 82 15 3 6 5 0 4 1 2 7
97 82 15 3 5 4 6 1 0 2 7
97 82 15 0 1 5 6 7 2 4 3
97 82 15 1 5 6 4 7 2 0 3
97 82 15 0 4 3 5 1 2 7 6
97 82 15 5 4 3 1 0 2 7 6
97 82 15 5 4 7 3 1 0 2 6
97 82 15 2 6 3 1 0 4 5 7
97 82 15 6 0 5 4 2 1 3 7
97 82 15 2 3 6 1 0 5 4 7
97 82 15 0 6 5 7 3 1 2 4
97 82 15 4 5 7 1 2 0 3 6
97 82 15 6 4 2 0 1 5 7 3
97 82 15 6 4 2 3 0 5 7 1
97 82 15 0 4 2 3 1 5 7 6
97 82 15 1 5 0 6 4 2 7 3
97 82 15 1 5 6 2 0 4 3 7
97 82 15 1 6 0 4 7 5 2 3
97 82 15 3 6 0 1 2 4 7 5
97 82 15 0 3 6 7 5 2 4 1
97 83 14 2 5 6 0 1 4 7 3
97 83 14 5 0 4 1 3 2 7 6
97 83 14 6 5 3 4 0 7 2 1
97 83 14 6 0 3 4 7 5 2 1
97 83 14 0 7 5 1 6 2 4 3
97 83 14 7 2 5 1 6 0 4 3
97 83 14 7 0 5 4 1 6 2 3
97 83 14 7 0 5 1 6 2 3 4
97 83 14 0 2 6 3 1 4 5 7
97 83 14 2 4 6 3 1 0 5 7
97 83 14 6 2 0 3 1 7 5 4
97 83 14 2 5 3 6 7 0 1 4
97 83 14 1 6 7 0 3 2 5 4
97 83 14 1 0 7 2 5 4 3 6
97 83 14 6 5 4 0 2 7 1 3
97 83 14 2 3 7 1 0 5 4 6
97 83 14 0 1 3 7 6 5 2 4
97 83 14 1 0 3 6 2 4 7 5
97 83 14 2 5 0 7 6 4 1 3
97 83 14 1 2 0 7 6 5 4 3
97 83 14 3 1 0 7 6 2 4 5
97 83 14 0 6 3 7 2 4 5 1
97 84 13 5 3 6 4 1 0 2 7
97 84 13 4 5 3 7 0 1 2 6
97 84 13 3 5 7 4 6 2 0 1
97 84 13 5 3 1 0 7 2 4 6
97 84 13 5 3 4 1 7 2 0 6
97 84 13 7 5 3 6 2 1 0 4
97 84 13 1 0 4 6 2 5 7 3
97 84 13 0 1 4 6 5 2 7 3
97 84 13 6 0 5 7 2 1 3 4
97 84 13 0 3 6 7 1 2 5 4
97 84 13 6 1 4 3 7 5 2 0
97 84 13 3 6 4 7 1 5 0 2
97 84 13 6 4 3 7 1 5 0 2
97 84 13 2 5 3 1 4 0 7 6
97 84 13 7 5 0 3 1 2 6 4
97 84 13 7 6 3 5 1 2 0 4
97 84 13 6 4 5 1 2 0 7 3
97 84 13 7 3 5 0 6 2 4 1
97 84 13 2 3 5 7 6 0 4 1
97 84 13 1 0 4 7 5 2 3 6
97 84 13 6 3 4 0 5 2 1 7
97 84 13 6 1 0 7 2 4 3 5
97 84 13 3 6 0 7 2 4 1 5
97 85 12 5 3 6 1 2 0 4 7
97 85 12 5 2 3 4 7 1 0 6
97 85 12 6 0 5 7 4 1 2 3
97 85 12 6 5 2 7 4 1 0 3
97 85 12 1 5 3 7 6 0 4 2
97 85 12 7 5 1 3 6 2 4 0
97 85 12 5 4 2 3 6 1 0 7
97 85 12 2 6 3 7 1 5 4 0
97 85 12 3 6 7 4 1 2 5 0
97 85 12 6 2 4 3 7 1 5 0
97 85 12 6 5 4 1 2 7 3 0
97 85 12 7 6 4 3 5 1 0 2
97 85 12 1 4 7 3 5 0 2 6
97 85 12 6 3 7 1 5 2 0 4
97 85 12 1 3 6 4 2 5 0 7
97 85 12 6 3 5 1 2 0 4 7
97 85 12 7 5 3 1 0 4 6 2
97 85 12 7 5 0 1 2 4 6 3
97 85 12 6 1 0 4 5 2 3 7
97 85 12 0 4 5 7 1 2 3 6
97 85 12 0 3 1 7 2 5 4 6
97 85 12 2 5 4 0 1 6 7 3
97 85 12 1 6 0 7 2 4 3 5
97 86 11 1 7 5 3 6 2 4 0
97 86 11 2 0 5 4 1 6 3 7
97 86 11 1 2 5 3 0 7 4 6
97 86 11 5 0 3 4 1 2 6 7
97 86 11 2 5 3 1 6 7 4 0
97 86 11 3 5 2 4 6 1 0 7
97 86 11 7 2 3 4 1 5 0 6
97 86 11 7 2 5 3 1 4 0 6
97 86 11 1 3 7 2 5 0 4 6
97 86 11 1 3 7 2 6 5 4 0
97 86 11 1 2 0 3 7 5 4 6
97 86 11 5 0 3 7 1 2 6 4
97 86 11 5 3 7 0 1 2 6 4
97 86 11 2 5 3 7 4 6 0 1
97 86 11 3 5 1 0 2 6 4 7
97 86 11 3 5 4 1 2 6 0 7
97 86 11 6 2 3 0 5 4 1 7
97 86 11 1 6 4 0 5 2 3 7
97 86 11 1 5 0 4 2 6 3 7
97 86 11 0 4 5 7 1 2 6 3
97 87 10 5 2 3 7 6 4 1 0
97 87 10 5 6 3 4 1 2 7 0
97 87 10 1 3 6 5 7 2 4 0
97 87 10 1 4 7 3 2 5 0 6
97 87 10 5 1 4 3 6 2 7 0
97 87 10 3 1 0 4 5 2 7 6
97 87 10 3 2 5 7 1 0 4 6
97 87 10 1 5 0 4 3 6 2 7
97 87 10 6 2 4 3 5 1 7 0
97 87 10 1 6 0 5 2 4 3 7
97 87 10 1 0 2 3 5 7 4 6
97 87 10 1 5 4 7 0 2 6 3
97 87 10 5 2 3 0 6 1 7 4
97 88 9 2 5 3 4 7 1 6 0
97 88 9 1 6 3 4 7 2 5 0
97 88 9 4 6 3 1 5 2 7 0
97 88 9 1 2 5 6 3 4 7 0
97 88 9 5 2 3 4 1 6 0 7
97 88 9 3 0 5 7 1 2 6 4
97 88 9 4 1 5 7 2 3 0 6
97 88 9 1 4 3 2 5 0 6 7
97 88 9 1 2 6 7 5 4 3 0
97 88 9 1 0 3 7 2 4 6 5
97 88 9 5 3 4 7 2 1 0 6
97 88 9 1 0 2 3 5 4 7 6
97 88 9 1 2 7 3 5 4 0 6
97 88 9 1 0 7 5 2 3 4 6
97 88 9 1 5 0 7 2 6 3 4
97 88 9 1 4 5 0 2 3 6 7
97 89 8 1 2 5 7 0 4 3 6
97 89 8 3 1 5 4 2 6 7 0
97 89 8 4 1 3 6 5 2 7 0
97 89 8 2 3 4 1 6 5 7 0
97 89 8 1 5 3 4 6 7 2 0
97 89 8 1 2 3 7 6 4 5 0
97 89 8 1 6 5 7 4 2 0 3
97 89 8 1 5 3 4 7 6 0 2
97 90 7 1 6 3 4 2 5 7 0
97 90 7 1 2 4 6 3 5 7 0
97 90 7 1 3 2 4 6 5 0 7
97 90 7 1 2 5 7 6 4 3 0
97 90 7 1 6 7 5 2 4 3 0
97 90 7 5 3 1 7 2 4 0 6
97 90 7 3 1 5 7 2 0 6 4
97 91 6 5 2 3 4 1 6 7 0
97 92 5 1 2 3 4 5 6 0 7
98 80 18 6 5 0 4 7 2 1 3
98 81 17 2 6 5 0 3 4 7 1
98 81 17 7 2 5 6 0 1 4 3
98 81 17 6 3 7 2 0 5 4 1
98 82 16 2 0 7 6 1 5 4 3
98 82 16 6 2 0 5 3 4 7 1
98 82 16 0 2 5 6 3 4 7 1
98 82 16 4 6 5 0 1 2 7 3
98 82 16 4 5 3 0 7 1 2 6
98 82 16 4 6 5 3 1 0 7 2
98 82 16 6 2 5 3 7 0 4 1
98 82 16 0 6 4 1 3 5 2 7
98 82 16 0 6 3 2 1 4 5 7
98 82 16 6 2 5 0 4 1 3 7
98 82 16 0 3 6 2 1 5 4 7
98 82 16 6 2 0 7 3 1 5 4
98 82 16 5 2 0 7 6 1 4 3
98 82 16 0 2 3 7 6 1 4 5
98 82 16 3 5 0 1 6 2 7 4
98 82 16 6 4 0 3 1 5 7 2
98 82 16 0 6 3 4 7 5 2 1
98 82 16 0 5 4 3 2 7 6 1
98 83 15 2 5 4 1 3 0 7 6
98 83 15 3 6 2 0 1 4 5 7
98 83 15 7 6 2 3 1 4 5 0
98 83 15 6 4 2 3 0 1 5 7
98 83 15 7 6 5 4 0 1 2 3
98 83 15 7 5 1 0 6 2 3 4
98 83 15 2 5 4 7 3 1 0 6
98 83 15 1 5 4 6 7 0 2 3
98 83 15 5 4 7 3 6 2 0 1
98 83 15 6 0 5 3 2 1 7 4
98 83 15 6 2 0 7 1 3 5 4
98 83 15 0 3 7 2 1 5 4 6
98 83 15 2 5 3 0 7 4 1 6
98 83 15 6 2 3 0 4 5 7 1
98 83 15 6 1 0 3 2 4 7 5
98 84 14 6 5 4 3 7 2 1 0
98 84 14 3 2 5 6 1 0 4 7
98 84 14 3 2 5 6 7 1 4 0
98 84 14 3 0 5 6 2 1 4 7
98 84 14 6 0 5 3 4 1 2 7
98 84 14 6 5 2 3 4 1 0 7
98 84 14 6 2 5 3 0 7 1 4
98 84 14 6 2 3 0 7 1 5 4
98 84 14 3 0 1 6 5 2 4 7
98 84 14 7 3 1 6 5 2 4 0
98 84 14 2 3 1 6 5 0 4 7
98 84 14 5 6 3 1 7 2 0 4
98 84 14 5 3 4 6 0 1 2 7
98 84 14 7 5 3 0 4 1 2 6
98 84 14 0 4 3 6 5 2 7 1
98 84 14 0 2 5 7 6 1 3 4
98 84 14 3 2 6 7 1 0 5 4
98 84 14 2 3 7 1 5 0 4 6
98 84 14 7 5 3 1 0 2 6 4
98 84 14 4 5 7 1 2 0 6 3
98 84 14 6 3 4 7 0 2 1 5
98 84 14 6 3 0 7 5 2 1 4
98 84 14 0 3 4 7 5 2 1 6
98 84 14 2 5 3 0 4 6 7 1
98 85 13 2 6 5 1 3 4 0 7
98 85 13 2 0 5 1 3 6 4 7
98 85 13 6 5 3 2 4 1 7 0
98 85 13 5 3 6 1 7 2 4 0
98 85 13 2 5 4 7 6 1 0 3
98 85 13 5 0 3 7 6 1 4 2
98 85 13 7 2 5 3 6 4 0 1
98 85 13 7 5 4 1 6 2 3 0
98 85 13 3 4 0 1 5 2 7 6
98 85 13 6 0 5 3 2 7 4 1
98 85 13 6 5 3 0 2 7 4 1
98 85 13 5 4 3 0 6 1 2 7
98 85 13 3 0 6 4 1 5 2 7
98 85 13 6 5 0 1 2 7 4 3
98 85 13 6 2 5 4 0 3 1 7
98 85 13 6 2 3 1 4 0 7 5
98 85 13 5 4 0 3 1 6 2 7
98 85 13 6 4 2 3 5 0 1 7
98 85 13 6 3 2 7 1 0 5 4
98 85 13 3 5 7 0 6 2 4 1
98 85 13 0 7 3 1 2 5 4 6
98 85 13 2 6 5 1 0 4 3 7
98 85 13 1 0 4 7 6 5 2 3
98 85 13 0 5 7 2 1 4 6 3
98 85 13 1 0 7 2 5 4 6 3
98 85 13 2 6 5 7 3 1 0 4
98 85 13 7 5 4 0 1 2 6 3
98 85 13 1 0 7 3 5 2 4 6
98 85 13 1 5 7 0 3 2 4 6
98 85 13 2 5 0 4 6 7 3 1
98 85 13 6 3 2 0 1 5 7 4
98 85 13 6 3 2 4 0 5 7 1
98 85 13 0 3 2 4 1 5 7 6
98 85 13 0 3 4 1 5 2 6 7
98 85 13 6 3 1 7 0 5 4 2
98 85 13 2 5 0 3 1 6 7 4
98 85 13 1 5 0 3 2 6 7 4
98 86 12 2 6 5 4 1 3 0 7
98 86 12 2 6 5 7 1 3 0 4
98 86 12 2 0 5 7 1 6 3 4
98 86 12 3 6 0 4 5 1 2 7
98 86 12 3 6 4 7 5 1 2 0
98 86 12 7 5 3 4 2 0 6 1
98 86 12 2 5 3 4 1 0 6 7
98 86 12 1 6 5 2 3 4 7 0
98 86 12 0 5 3 1 2 7 4 6
98 86 12 6 4 3 7 5 1 2 0
98 86 12 5 0 3 1 6 4 7 2
98 86 12 3 7 5 0 1 2 4 6
98 86 12 6 4 5 1 2 3 0 7
98 86 12 4 5 3 7 0 2 1 6
98 86 12 4 0 3 7 2 5 1 6
98 86 12 4 2 3 6 5 0 7 1
98 86 12 6 2 4 1 5 7 0 3
98 86 12 5 0 3 7 6 4 1 2
98 86 12 3 0 6 1 2 4 5 7
98 86 12 3 6 1 0 2 4 5 7
98 86 12 1 3 4 6 2 0 5 7
98 86 12 2 0 3 7 4 5 6 1
98 86 12 5 2 0 3 1 4 7 6
98 86 12 5 4 3 7 1 0 6 2
98 86 12 5 4 3 1 2 0 6 7
98 86 12 5 2 3 0 7 6 4 1
98 86 12 7 1 3 0 5 4 6 2
98 86 12 2 1 0 6 5 4 3 7
98 86 12 5 2 4 0 6 1 7 3
98 86 12 1 3 4 5 0 2 7 6
98 86 12 1 3 4 2 0 5 6 7
98 86 12 1 5 0 4 2 7 6 3
98 87 11 1 6 4 3 2 5 7 0
98 87 11 2 0 5 3 1 6 7 4
98 87 11 3 6 4 2 1 5 7 0
98 87 11 1 4 3 6 0 5 2 7
98 87 11 6 4 3 2 1 5 7 0
98 87 11 1 0 6 7 5 2 4 3
98 87 11 1 6 4 7 5 2 0 3
98 87 11 1 6 5 4 2 0 7 3
98 87 11 1 0 6 4 3 2 7 5
98 87 11 7 2 3 6 5 4 0 1
98 87 11 1 6 5 3 4 7 0 2
98 87 11 1 0 5 3 4 6 7 2
98 87 11 1 4 3 0 2 5 7 6
98 87 11 2 0 5 3 1 4 6 7
98 87 11 6 1 3 0 2 4 5 7
98 87 11 6 1 3 4 7 5 2 0
98 87 11 3 2 0 7 1 4 5 6
98 87 11 1 5 3 2 7 4 0 6
98 87 11 3 2 4 0 5 1 7 6
98 87 11 1 5 4 3 0 2 6 7
98 87 11 1 0 4 3 2 5 6 7
98 87 11 2 1 0 7 5 4 3 6
98 87 11 6 1 3 0 5 2 7 4
98 87 11 2 6 3 0 5 4 7 1
98 87 11 0 2 3 4 6 1 7 5
98 87 11 5 2 3 0 1 7 6 4
98 87 11 5 2 3 4 0 7 6 1
98 88 10 2 6 5 4 3 1 7 0
98 88 10 2 3 0 7 5 4 6 1
98 88 10 1 2 5 7 3 4 0 6
98 88 10 7 1 5 3 2 0 4 6
98 88 10 7 5 3 2 1 4 6 0
98 88 10 5 3 2 4 6 1 0 7
98 88 10 5 2 3 7 1 6 4 0
98 88 10 1 5 3 2 7 6 4 0
98 88 10 1 0 3 2 5 6 4 7
98 88 10 3 5 4 7 2 0 6 1
98 88 10 7 2 3 1 5 4 0 6
98 88 10 1 5 3 2 4 6 0 7
98 88 10 1 3 0 2 5 4 6 7
98 88 10 7 6 3 4 5 1 0 2
98 88 10 7 2 3 1 6 5 0 4
98 88 10 3 0 5 7 2 1 4 6
98 88 10 1 0 2 3 6 4 7 5
98 88 10 1 2 7 3 6 4 0 5
98 88 10 2 3 1 0 5 6 4 7
98 88 10 3 1 4 5 2 6 0 7
98 88 10 7 1 5 3 2 0 6 4
98 88 10 1 2 6 3 5 4 0 7
98 88 10 1 2 3 7 4 0 6 5
98 88 10 1 5 7 3 4 0 6 2
98 88 10 5 3 7 0 2 1 4 6
98 88 10 2 3 5 7 0 6 4 1
98 88 10 1 2 0 3 7 6 5 4
98 88 10 1 0 7 3 2 5 4 6
98 88 10 3 2 5 7 1 6 0 4
98 88 10 4 2 3 0 5 1 7 6
98 88 10 1 4 5 7 0 3 6 2
98 89 9 3 1 5 4 6 2 7 0
98 89 9 2 1 5 3 6 4 7 0
98 89 9 1 2 5 4 3 0 7 6
98 89 9 1 5 7 4 3 2 6 0
98 89 9 1 2 6 3 5 0 4 7
98 89 9 3 1 5 4 2 0 6 7
98 89 9 4 1 5 7 2 6 0 3
98 89 9 1 0 2 7 5 4 6 3
98 89 9 1 0 5 7 3 2 4 6
98 89 9 1 0 6 7 2 4 5 3
98 89 9 1 3 4 7 6 2 5 0
98 89 9 1 4 5 3 2 6 0 7
98 89 9 1 3 7 5 6 2 0 4
98 89 9 1 2 3 6 5 7 0 4
98 90 8 1 2 0 4 3 5 7 6
98 90 8 5 3 7 1 2 4 0 6
98 90 8 5 2 4 3 1 6 7 0
98 90 8 1 6 5 7 2 3 0 4
98 90 8 1 0 5 7 2 6 3 4
98 90 8 1 5 3 7 0 4 2 6
98 90 8 1 2 3 4 7 0 6 5
98 90 8 3 1 0 5 2 4 6 7
98 91 7 3 2 5 4 1 6 7 0
98 91 7 1 2 3 6 4 5 7 0
98 91 7 0 2 3 4 5 6 7 1
98 91 7 1 3 7 2 5 4 6 0
98 91 7 1 3 6 7 5 4 2 0
98 91 7 1 3 5 7 6 2 0 4
98 91 7 1 3 5 7 0 2 4 6
98 92 6 1 2 3 7 5 6 4 0
98 93 5 1 3 5 7 2 6 0 4
98 97 1 1 2 3 4 5 6 7 0