0 0 0 6 5 0 3 1 2 4 7
8 0 8 6 0 5 3 1 2 4 7
8 0 8 6 5 3 0 1 2 4 7
9 0 9 6 5 4 3 1 2 0 7
15 8 7 6 5 3 7 1 2 4 0
16 8 8 0 6 5 3 1 2 4 7
16 8 8 6 2 5 3 1 0 4 7
16 9 7 6 5 4 3 1 2 7 0
17 8 9 0 5 3 6 1 2 4 7
17 8 9 6 5 3 4 1 2 0 7
18 8 10 6 5 3 1 0 2 4 7
18 9 9 6 5 4 3 1 0 2 7
22 17 5 6 5 3 4 1 2 7 0
23 15 8 6 5 3 7 1 2 0 4
23 16 7 1 6 5 3 0 2 4 7
23 16 7 6 2 5 3 1 4 0 7
24 15 9 6 5 3 7 0 2 4 1
24 16 8 6 2 5 3 0 1 4 7
24 16 8 6 5 4 0 1 2 7 3
24 17 7 1 5 3 6 0 2 4 7
24 17 7 6 5 3 4 1 0 2 7
25 15 10 6 5 0 7 1 2 4 3
25 15 10 0 5 3 7 1 2 4 6
25 16 9 3 6 5 0 1 2 4 7
25 16 9 7 6 5 3 1 2 4 0
25 16 9 6 5 4 3 0 2 7 1
25 17 8 5 0 3 6 1 2 4 7
25 17 8 6 5 0 4 1 2 3 7
26 16 10 2 6 5 3 1 0 4 7
26 16 10 6 5 0 3 1 2 7 4
26 16 10 0 5 4 3 1 2 7 6
26 17 9 7 5 3 6 1 2 4 0
26 18 8 6 5 3 1 2 0 4 7
26 18 8 0 5 3 1 6 2 4 7
26 18 8 6 5 3 1 7 2 4 0
27 17 10 2 5 3 6 1 0 4 7
27 18 9 6 0 3 1 5 2 4 7
27 18 9 6 5 4 3 0 1 2 7
27 18 9 6 0 4 3 1 5 2 7
29 22 7 6 5 3 0 1 2 7 4
29 22 7 6 5 3 4 0 2 7 1
29 23 6 1 6 5 3 2 0 4 7
29 23 6 6 2 5 3 1 4 7 0
30 22 8 0 5 3 4 1 2 7 6
30 23 7 1 6 5 3 7 2 4 0
31 22 9 6 5 0 4 1 2 7 3
31 23 8 6 5 3 7 1 0 2 4
31 23 8 6 5 0 7 1 2 3 4
31 23 8 6 2 0 3 1 4 5 7
31 24 7 6 5 3 7 2 0 4 1
31 24 7 1 5 3 6 2 0 4 7
31 24 7 1 5 3 6 7 2 4 0
31 24 7 6 5 3 4 0 1 2 7
31 24 7 6 0 3 4 1 5 2 7
31 25 6 3 6 5 7 1 2 4 0
32 23 9 1 0 5 3 6 2 4 7
32 23 9 1 6 5 0 3 2 4 7
32 24 8 0 5 3 7 6 2 4 1
32 24 8 0 2 5 3 6 1 4 7
32 24 8 6 2 5 3 7 1 4 0
32 24 8 1 0 3 6 5 2 4 7
32 25 7 6 0 5 7 1 2 4 3
32 25 7 1 5 3 7 0 2 4 6
32 25 7 5 2 3 6 1 0 4 7
33 24 9 6 0 3 7 5 2 4 1
33 24 9 6 0 5 3 2 1 4 7
33 24 9 0 5 4 6 1 2 7 3
33 24 9 1 5 3 0 6 2 4 7
33 25 8 6 5 4 7 1 2 0 3
33 25 8 5 0 3 7 1 2 4 6
33 25 8 7 6 5 3 1 2 0 4
33 25 8 7 6 5 0 1 2 4 3
33 25 8 6 5 4 3 2 0 7 1
33 25 8 0 5 4 3 6 2 7 1
33 25 8 5 3 0 6 1 2 4 7
33 25 8 6 0 5 4 1 2 3 7
33 26 7 2 6 5 3 1 4 0 7
33 26 7 1 5 4 3 0 2 7 6
33 26 7 6 5 3 1 2 4 0 7
33 27 6 6 2 3 1 5 0 4 7
34 24 10 6 5 3 0 7 2 4 1
34 24 10 6 2 5 0 3 1 4 7
34 24 10 6 5 4 1 0 2 7 3
34 25 9 6 5 7 0 1 2 4 3
34 25 9 7 5 3 0 1 2 4 6
34 25 9 3 6 0 5 1 2 4 7
34 25 9 7 6 5 3 0 2 4 1
34 25 9 6 0 4 3 5 2 7 1
34 25 9 6 5 4 0 1 2 3 7
34 26 8 2 6 5 3 0 1 4 7
34 26 8 2 0 5 3 1 6 4 7
34 26 8 6 0 5 3 1 2 7 4
34 26 8 5 0 4 3 1 2 7 6
34 26 8 7 5 3 6 1 2 0 4
34 26 8 6 0 3 1 2 5 4 7
34 26 8 5 0 3 1 6 2 4 7
34 26 8 6 5 3 1 7 2 0 4
34 27 7 0 6 3 1 5 2 4 7
34 29 5 1 6 5 3 2 4 0 7
35 25 10 2 5 3 7 1 0 4 6
35 25 10 3 6 5 1 0 2 4 7
35 25 10 3 6 5 4 1 2 0 7
35 25 10 6 5 4 0 3 2 7 1
35 26 9 6 5 7 3 1 2 0 4
35 26 9 3 5 4 0 1 2 7 6
35 26 9 7 5 3 6 0 2 4 1
35 26 9 7 5 3 1 6 2 4 0
35 27 8 2 5 3 6 0 1 4 7
35 27 8 2 5 3 6 1 4 0 7
35 27 8 2 0 3 6 1 5 4 7
35 27 8 6 3 0 1 5 2 4 7
35 29 6 6 5 3 4 2 0 7 1
35 29 6 0 5 3 4 6 2 7 1
35 29 6 1 0 5 3 2 6 4 7
35 30 5 1 5 3 4 0 2 7 6
36 25 11 7 6 0 3 1 2 4 5
36 26 10 2 5 4 3 1 0 7 6
36 26 10 2 5 3 1 6 0 4 7
36 26 10 0 5 3 1 7 2 4 6
36 27 9 0 5 4 3 6 1 2 7
36 27 9 6 5 4 3 7 1 2 0
36 27 9 0 6 4 3 1 5 2 7
36 27 9 6 4 0 3 1 5 2 7
36 29 7 6 0 3 4 5 2 7 1
36 29 7 6 2 5 0 1 4 7 3
36 30 6 5 0 3 4 1 2 7 6
37 26 11 7 5 0 6 1 2 4 3
37 26 11 6 5 0 1 7 2 4 3
37 27 10 6 0 4 3 5 1 2 7
37 29 8 0 5 3 6 1 2 7 4
37 29 8 6 2 5 3 0 4 7 1
37 30 7 1 6 5 3 7 2 0 4
37 30 7 1 6 5 0 7 2 4 3
37 31 6 6 5 3 7 2 4 0 1
37 31 6 1 5 3 6 2 4 0 7
37 32 5 1 6 5 7 3 2 4 0
37 32 5 1 2 3 6 5 0 4 7
38 27 11 6 5 4 0 3 1 2 7
38 29 9 6 5 3 1 0 2 7 4
38 29 9 6 5 3 0 4 2 7 1
38 29 9 6 2 0 3 1 4 7 5
38 29 9 0 2 5 3 1 4 7 6
38 30 8 4 5 3 0 1 2 7 6
38 30 8 2 5 3 4 1 0 7 6
38 31 7 6 0 5 4 1 2 7 3
38 31 7 6 0 5 7 1 2 3 4
38 31 7 6 2 3 0 1 4 5 7
38 31 7 6 0 3 7 2 5 4 1
38 31 7 1 0 3 6 2 5 4 7
38 31 7 1 5 3 6 7 2 0 4
38 31 7 1 5 3 0 7 2 4 6
38 31 7 0 5 3 4 6 1 2 7
38 31 7 6 5 3 4 7 1 2 0
38 31 7 0 6 3 4 1 5 2 7
38 31 7 3 6 5 7 1 2 0 4
38 32 6 1 5 3 7 2 0 4 6
38 34 4 1 6 5 3 2 4 7 0
39 31 8 6 5 7 4 1 2 0 3
39 31 8 6 5 3 7 0 1 2 4
39 31 8 6 0 3 7 1 5 2 4
39 31 8 6 0 2 3 1 4 5 7
39 31 8 6 0 3 4 5 1 2 7
39 31 8 6 3 0 4 1 5 2 7
39 31 8 3 6 5 7 0 2 4 1
39 32 7 1 2 5 3 6 0 4 7
39 32 7 0 1 3 6 5 2 4 7
39 32 7 1 3 0 6 5 2 4 7
39 32 7 0 6 5 7 1 2 4 3
39 32 7 6 2 5 7 1 0 4 3
39 32 7 1 5 3 7 6 2 4 0
39 32 7 5 2 3 6 0 1 4 7
39 32 7 5 2 3 6 1 4 0 7
39 33 6 6 2 3 7 5 0 4 1
39 33 6 2 6 5 3 1 4 7 0
39 33 6 6 5 3 1 2 4 7 0
39 33 6 6 2 3 1 5 4 0 7
40 30 10 1 6 0 3 7 2 4 5
40 30 10 0 6 5 3 7 2 4 1
40 31 9 6 5 7 0 1 2 3 4
40 32 8 0 1 5 3 6 2 4 7
40 32 8 1 5 0 3 6 2 4 7
40 32 8 1 6 0 5 3 2 4 7
40 32 8 5 0 3 7 6 2 4 1
40 32 8 2 0 5 3 6 1 4 7
40 32 8 6 2 5 3 7 1 0 4
40 32 8 6 2 5 0 7 1 4 3
40 32 8 1 0 3 7 5 2 4 6
40 33 7 0 6 3 7 5 2 4 1
40 33 7 6 3 0 7 5 2 4 1
40 33 7 0 6 5 3 2 1 4 7
40 33 7 6 1 5 3 2 0 4 7
40 33 7 1 5 4 6 0 2 7 3
40 33 7 6 5 4 7 1 2 3 0
40 33 7 5 3 0 7 1 2 4 6
40 33 7 5 2 3 7 1 0 4 6
40 33 7 6 2 5 4 1 0 3 7
40 33 7 1 5 4 3 2 0 7 6
40 33 7 1 5 4 3 6 2 7 0
40 33 7 6 5 0 1 2 4 3 7
40 33 7 6 2 3 1 0 5 4 7
40 34 6 6 2 5 7 3 1 4 0
40 34 6 6 2 4 3 5 0 7 1
40 34 6 1 6 0 3 2 4 5 7
40 35 5 1 5 3 4 2 0 7 6
40 35 5 1 5 3 4 6 2 7 0
40 36 4 6 2 3 4 5 0 7 1
41 31 10 1 5 0 6 7 2 4 3
41 31 10 0 5 3 6 7 2 4 1
41 31 10 6 5 3 0 4 1 2 7
41 31 10 3 6 0 7 1 2 4 5
41 32 9 0 6 5 1 3 2 4 7
41 32 9 1 6 5 4 3 2 0 7
41 32 9 7 5 3 0 6 2 4 1
41 32 9 3 2 5 0 6 1 4 7
41 32 9 7 2 5 3 6 1 4 0
41 33 8 6 5 0 3 2 1 4 7
41 33 8 5 0 4 6 1 2 7 3
41 33 8 1 5 3 4 6 2 0 7
41 33 8 6 5 4 7 1 0 2 3
41 33 8 7 6 5 3 1 0 2 4
41 33 8 6 5 4 3 2 7 0 1
41 33 8 6 0 4 3 2 5 7 1
41 33 8 5 0 4 3 6 2 7 1
41 33 8 5 3 6 0 1 2 4 7
41 33 8 5 3 4 6 1 2 0 7
41 33 8 0 6 5 4 1 2 3 7
41 33 8 2 6 0 3 1 4 5 7
41 33 8 1 0 4 3 5 2 7 6
41 34 7 7 6 5 3 2 0 4 1
41 34 7 0 6 4 3 5 2 7 1
41 34 7 6 4 0 3 5 2 7 1
41 34 7 0 2 5 3 1 6 4 7
41 34 7 6 2 5 3 1 0 7 4
41 34 7 5 2 4 3 1 0 7 6
41 34 7 6 3 0 1 2 5 4 7
41 34 7 5 2 3 1 6 0 4 7
41 34 7 1 6 3 0 5 2 4 7
41 35 6 3 6 5 4 1 2 7 0
41 35 6 2 5 3 6 1 4 7 0
41 35 6 6 0 3 4 2 5 7 1
41 35 6 5 0 3 4 6 2 7 1
41 35 6 1 0 3 4 5 2 7 6
41 36 5 0 6 3 4 5 2 7 1
41 36 5 5 2 3 4 1 0 7 6
42 32 10 2 5 3 7 6 0 4 1
42 32 10 6 2 0 3 7 1 4 5
42 32 10 0 2 5 3 7 1 4 6
42 33 9 3 5 4 6 1 2 7 0
42 33 9 7 6 0 3 1 2 5 4
42 33 9 7 6 0 5 1 2 4 3
42 33 9 3 5 4 0 6 2 7 1
42 33 9 1 5 4 0 3 2 7 6
42 34 8 6 2 0 5 3 1 4 7
42 34 8 6 5 4 1 2 0 7 3
42 34 8 0 5 4 1 6 2 7 3
42 34 8 6 5 4 1 3 2 7 0
42 34 8 6 5 7 3 1 2 4 0
42 34 8 2 6 5 3 7 1 4 0
42 34 8 2 5 0 3 1 6 4 7
42 34 8 0 6 5 3 1 2 7 4
42 34 8 5 4 0 3 1 2 7 6
42 34 8 7 5 3 6 1 0 2 4
42 34 8 0 6 3 1 2 5 4 7
42 34 8 5 3 0 1 6 2 4 7
42 34 8 6 5 3 1 7 0 2 4
42 34 8 5 6 3 1 0 2 4 7
42 34 8 7 6 3 1 5 2 4 0
42 35 7 2 5 3 7 1 4 0 6
42 35 7 3 6 5 1 2 0 4 7
42 35 7 6 5 0 4 3 2 7 1
42 35 7 3 5 0 4 1 2 7 6
42 35 7 0 2 3 6 1 5 4 7
42 35 7 6 5 3 4 2 7 0 1
42 35 7 0 1 5 3 2 6 4 7
42 35 7 1 5 0 3 2 6 4 7
42 36 6 6 3 0 4 5 2 7 1
42 37 5 6 5 3 7 2 4 1 0
42 37 5 1 5 3 6 2 4 7 0
42 37 5 1 2 3 6 5 4 0 7
43 33 10 2 5 4 6 1 0 7 3
43 33 10 7 6 5 1 0 2 4 3
43 33 10 7 6 5 4 1 2 0 3
43 33 10 2 5 4 3 6 0 7 1
43 34 9 6 5 0 3 7 2 4 1
43 34 9 6 5 3 4 7 2 0 1
43 34 9 0 2 5 6 3 1 4 7
43 34 9 6 2 5 4 3 1 0 7
43 34 9 6 0 4 1 5 2 7 3
43 34 9 7 5 0 3 1 2 4 6
43 34 9 7 5 3 4 1 2 0 6
43 34 9 3 0 6 5 1 2 4 7
43 34 9 3 6 4 5 1 2 0 7
43 34 9 7 5 0 6 1 2 3 4
43 34 9 6 5 0 1 7 2 3 4
43 34 9 2 6 3 1 5 0 4 7
43 35 8 2 5 3 7 0 1 4 6
43 35 8 2 0 3 7 1 5 4 6
43 35 8 3 6 5 1 7 2 4 0
43 35 8 3 6 5 4 1 0 2 7
43 35 8 3 6 0 4 1 2 5 7
43 35 8 7 5 3 6 2 0 4 1
43 35 8 7 5 3 1 6 2 0 4
43 35 8 0 5 3 6 2 1 4 7
43 35 8 2 5 3 6 7 1 4 0
43 35 8 2 5 0 6 1 4 3 7
43 35 8 2 3 0 6 1 5 4 7
43 35 8 6 3 1 0 5 2 4 7
43 35 8 6 3 4 1 5 2 0 7
43 35 8 4 5 3 0 6 2 7 1
43 35 8 2 5 3 4 6 0 7 1
43 35 8 1 5 3 0 4 2 7 6
43 36 7 2 5 3 1 0 6 4 7
43 36 7 6 2 0 5 1 4 7 3
43 36 7 5 3 0 4 1 2 7 6
43 37 6 1 5 3 6 0 2 7 4
43 37 6 6 5 0 7 2 4 3 1
43 37 6 1 5 0 6 2 4 3 7
43 37 6 1 6 5 7 3 2 0 4
43 37 6 1 2 3 6 0 5 4 7
43 38 5 1 5 3 7 2 4 0 6
43 38 5 1 6 5 0 2 4 7 3
43 39 4 6 2 3 1 5 4 7 0
44 34 10 0 5 7 6 1 2 4 3
44 34 10 7 5 3 1 0 2 4 6
44 34 10 7 0 5 3 6 2 4 1
44 34 10 7 6 5 0 3 2 4 1
44 34 10 0 5 4 6 1 2 3 7
44 34 10 2 6 5 0 3 1 4 7
44 35 9 0 5 4 6 3 2 7 1
44 35 9 6 5 7 3 1 0 2 4
44 35 9 7 0 3 6 5 2 4 1
44 35 9 2 0 3 6 5 1 4 7
44 36 8 7 6 3 0 1 2 4 5
44 36 8 2 5 4 3 0 1 7 6
44 36 8 2 0 4 3 1 5 7 6
44 36 8 2 5 3 1 6 4 0 7
44 36 8 2 0 3 1 6 5 4 7
44 36 8 5 0 3 1 7 2 4 6
44 36 8 1 6 4 3 0 5 2 7
44 36 8 6 4 3 0 1 5 2 7
44 36 8 0 2 5 6 1 4 7 3
44 36 8 6 2 5 7 1 4 0 3
44 37 7 5 0 3 6 1 2 7 4
44 37 7 6 2 5 3 4 0 7 1
44 37 7 0 2 5 3 6 4 7 1
44 37 7 1 6 5 3 7 0 2 4
44 37 7 1 6 5 7 0 2 4 3
44 38 6 6 5 3 1 4 2 7 0
44 38 6 6 2 3 0 1 4 7 5
44 38 6 1 2 5 3 0 4 7 6
44 38 6 4 5 3 6 1 2 7 0
44 38 6 2 5 3 4 0 1 7 6
44 38 6 2 0 3 4 1 5 7 6
44 38 6 6 2 5 4 1 0 7 3
44 38 6 6 2 3 7 1 4 5 0
44 38 6 6 3 0 7 2 5 4 1
44 38 6 1 3 0 6 2 5 4 7
44 38 6 1 6 3 4 0 5 2 7
44 38 6 1 0 3 7 2 5 4 6
44 39 5 5 2 3 6 1 4 7 0
44 41 3 1 2 3 4 5 0 7 6
45 34 11 6 5 7 1 0 2 4 3
45 34 11 6 5 4 1 0 2 3 7
45 35 10 3 0 5 1 6 2 4 7
45 35 10 6 5 4 7 3 2 0 1
45 35 10 3 5 4 1 0 2 7 6
45 35 10 3 5 4 7 1 2 0 6
45 35 10 2 5 3 0 6 1 4 7
45 36 9 7 0 6 3 1 2 4 5
45 36 9 7 6 4 3 1 2 0 5
45 36 9 2 5 4 3 1 7 0 6
45 36 9 5 0 4 3 6 1 2 7
45 36 9 6 5 4 3 7 1 0 2
45 36 9 6 5 4 0 7 1 2 3
45 36 9 6 4 2 3 1 5 0 7
45 36 9 6 2 5 1 0 4 7 3
45 37 8 7 0 5 6 1 2 4 3
45 37 8 6 0 5 1 7 2 4 3
45 37 8 0 6 4 3 5 1 2 7
45 37 8 6 4 0 3 5 1 2 7
45 37 8 6 1 4 3 5 0 2 7
45 37 8 6 0 5 3 2 4 7 1
45 37 8 1 6 0 3 7 2 5 4
45 37 8 1 6 0 5 7 2 4 3
45 38 7 6 5 4 7 3 1 2 0
45 38 7 6 5 3 1 2 0 7 4
45 38 7 0 5 3 1 6 2 7 4
45 38 7 2 0 5 3 1 4 7 6
45 38 7 2 5 3 4 1 7 0 6
45 38 7 0 6 5 4 1 2 7 3
45 38 7 0 6 5 7 1 2 3 4
45 38 7 6 2 5 7 1 0 3 4
45 38 7 0 6 3 7 2 5 4 1
45 38 7 1 5 3 6 7 0 2 4
45 38 7 5 0 3 4 6 1 2 7
45 38 7 6 5 3 4 7 1 0 2
45 38 7 3 6 5 7 1 0 2 4
45 38 7 1 6 5 3 0 4 7 2
45 39 6 0 6 3 4 5 1 2 7
45 39 6 6 1 3 4 5 0 2 7
45 39 6 3 6 5 7 2 0 4 1
45 39 6 1 2 5 3 0 6 4 7
45 39 6 1 2 5 3 6 4 0 7
45 39 6 0 2 3 6 5 1 4 7
45 39 6 6 2 3 7 5 4 0 1
45 40 5 1 2 3 7 5 0 4 6
45 40 5 1 0 3 4 2 5 7 6
45 40 5 6 2 3 4 0 5 7 1
45 40 5 6 2 3 4 5 7 0 1
45 42 3 1 2 3 6 5 4 7 0
46 35 11 7 5 0 1 6 2 4 3
46 36 10 2 5 3 1 7 0 4 6
46 36 10 3 5 4 0 6 1 2 7
46 36 10 7 5 4 3 6 1 2 0
46 36 10 1 5 4 3 6 0 2 7
46 36 10 3 6 4 0 1 5 2 7
46 36 10 7 6 4 3 1 5 2 0
46 37 9 7 5 6 0 1 2 4 3
46 37 9 7 5 4 6 1 2 0 3
46 37 9 6 5 1 0 7 2 4 3
46 37 9 6 5 4 1 7 2 0 3
46 37 9 2 5 3 6 1 0 7 4
46 37 9 6 2 5 0 3 4 7 1
46 37 9 0 6 5 1 7 2 4 3
46 37 9 1 6 5 4 7 2 0 3
46 37 9 1 6 0 7 3 2 4 5
46 37 9 0 6 5 7 3 2 4 1
46 38 8 6 5 0 4 3 1 2 7
46 38 8 6 0 3 1 5 2 7 4
46 38 8 6 5 0 3 4 2 7 1
46 38 8 0 5 3 6 4 2 7 1
46 38 8 6 0 2 3 1 4 7 5
46 38 8 6 2 7 3 1 4 0 5
46 38 8 3 2 5 0 1 4 7 6
46 38 8 4 5 0 3 1 2 7 6
46 38 8 0 2 3 6 1 4 5 7
46 38 8 0 1 3 6 2 5 4 7
46 38 8 1 5 0 6 7 2 3 4
46 38 8 1 5 0 3 7 2 4 6
46 38 8 1 5 3 4 7 2 0 6
46 38 8 7 5 3 4 6 1 2 0
46 38 8 1 5 3 4 6 0 2 7
46 38 8 6 5 3 0 7 1 2 4
46 38 8 7 6 3 4 1 5 2 0
46 38 8 3 6 0 7 1 2 5 4
46 38 8 1 6 0 3 2 4 7 5
46 38 8 0 6 5 3 2 4 7 1
46 39 7 6 5 7 4 1 2 3 0
46 39 7 6 3 0 7 1 5 2 4
46 39 7 6 3 0 4 5 1 2 7
46 39 7 1 3 6 0 5 2 4 7
46 39 7 1 3 4 6 5 2 0 7
46 39 7 6 2 5 7 0 1 4 3
46 39 7 1 5 3 7 6 2 0 4
46 39 7 5 2 3 6 7 1 4 0
46 39 7 6 2 3 7 0 5 4 1
46 39 7 2 6 5 0 1 4 7 3
46 39 7 6 5 3 0 2 4 7 1
46 39 7 6 2 0 1 5 4 3 7
46 40 6 1 3 0 7 5 2 4 6
46 40 6 6 1 5 3 2 4 0 7
46 40 6 6 0 5 1 2 4 3 7
46 40 6 1 0 6 3 2 4 5 7
46 40 6 1 6 3 0 2 4 5 7
46 40 6 1 5 3 4 2 7 0 6
46 40 6 1 5 3 0 6 2 7 4
46 41 5 1 6 5 4 3 2 7 0
46 41 5 1 2 4 3 5 0 7 6
46 41 5 1 6 3 7 5 2 4 0
46 41 5 5 2 3 4 6 0 7 1
46 41 5 0 1 3 4 5 2 7 6
46 41 5 1 3 0 4 5 2 7 6
46 41 5 1 6 3 4 5 2 7 0
46 41 5 5 2 3 4 0 1 7 6
46 43 3 1 5 3 7 2 4 6 0
47 36 11 6 5 0 3 7 1 2 4
47 36 11 0 5 4 3 7 1 2 6
47 36 11 5 6 4 3 1 0 2 7
47 38 9 4 2 5 3 1 0 7 6
47 38 9 4 5 3 1 0 2 7 6
47 38 9 6 2 3 1 0 4 5 7
47 38 9 6 2 3 5 1 4 0 7
47 38 9 4 5 3 0 6 1 2 7
47 38 9 0 5 3 4 7 1 2 6
47 38 9 4 6 3 0 1 5 2 7
47 38 9 5 6 3 4 1 0 2 7
47 39 8 6 5 7 4 1 0 2 3
47 39 8 0 5 3 7 6 1 2 4
47 39 8 6 5 3 7 4 1 2 0
47 39 8 0 6 3 7 1 5 2 4
47 39 8 0 6 2 3 1 4 5 7
47 39 8 6 3 4 0 1 5 2 7
47 39 8 6 3 2 4 1 5 0 7
47 39 8 5 1 3 6 0 2 4 7
47 39 8 6 1 3 0 5 2 4 7
47 39 8 7 1 3 6 5 2 4 0
47 39 8 5 2 0 6 1 4 3 7
47 39 8 2 6 5 3 0 4 7 1
47 39 8 6 5 3 1 0 4 7 2
47 40 7 1 6 3 0 7 2 4 5
47 40 7 5 3 0 7 6 2 4 1
47 40 7 5 2 3 7 6 0 4 1
47 40 7 0 1 3 7 5 2 4 6
47 40 7 6 3 4 7 5 2 0 1
47 40 7 1 5 4 6 2 0 7 3
47 40 7 1 5 4 6 3 2 7 0
47 40 7 5 3 4 7 1 2 0 6
47 40 7 5 2 3 7 0 1 4 6
47 40 7 5 2 3 7 1 4 0 6
47 40 7 6 2 5 4 0 1 3 7
47 40 7 6 2 5 4 1 3 0 7
47 40 7 1 5 4 3 2 7 0 6
47 40 7 1 0 4 3 2 5 7 6
47 40 7 1 5 4 0 6 2 7 3
47 40 7 6 5 1 0 2 4 3 7
47 40 7 0 2 3 1 6 5 4 7
47 40 7 6 2 3 1 7 5 4 0
47 40 7 6 2 5 7 3 1 0 4
47 40 7 6 2 4 3 0 5 7 1
47 40 7 6 2 4 3 5 7 0 1
47 41 6 3 2 5 7 6 1 4 0
47 41 6 5 3 6 7 1 2 4 0
47 41 6 1 4 0 3 5 2 7 6
47 41 6 7 6 5 3 2 4 0 1
47 41 6 6 4 3 0 5 2 7 1
47 41 6 5 2 3 1 0 6 4 7
47 41 6 0 6 3 4 2 5 7 1
47 41 6 5 6 3 4 0 2 7 1
47 41 6 5 2 3 4 1 7 0 6
47 42 5 2 5 3 7 1 4 6 0
48 38 10 0 5 4 6 3 1 2 7
48 38 10 6 5 3 7 4 2 0 1
48 38 10 4 5 3 7 1 2 0 6
48 38 10 6 5 0 4 7 1 2 3
48 39 9 6 0 3 7 5 1 2 4
48 39 9 6 4 2 3 1 0 5 7
48 39 9 3 0 5 7 6 2 4 1
48 39 9 2 1 3 6 5 0 4 7
48 39 9 2 6 5 7 1 0 4 3
48 39 9 1 5 0 7 6 2 4 3
48 39 9 5 2 3 0 6 1 4 7
48 39 9 0 6 5 3 1 4 7 2
48 39 9 6 5 0 1 2 4 7 3
48 39 9 0 5 3 1 2 4 7 6
48 40 8 1 0 6 3 7 2 4 5
48 40 8 1 6 4 3 7 2 0 5
48 40 8 6 0 5 3 7 2 4 1
48 40 8 6 1 5 3 0 2 4 7
48 40 8 1 5 4 3 6 2 0 7
48 40 8 1 0 6 5 3 2 4 7
48 40 8 1 6 4 5 3 2 0 7
48 40 8 2 1 5 3 6 0 4 7
48 40 8 6 2 5 3 7 0 1 4
48 40 8 6 2 0 3 7 1 5 4
48 40 8 6 2 0 5 7 1 4 3
48 40 8 5 6 3 7 0 2 4 1
48 40 8 7 6 3 0 5 2 4 1
48 40 8 6 3 7 0 5 2 4 1
48 40 8 3 6 5 0 2 1 4 7
48 40 8 7 6 5 3 2 1 4 0
48 40 8 1 0 4 6 5 2 7 3
48 40 8 5 3 7 0 1 2 4 6
48 40 8 1 5 0 4 6 2 7 3
48 41 7 1 0 5 6 7 2 4 3
48 41 7 1 6 5 4 3 0 2 7
48 41 7 1 6 0 4 3 2 5 7
48 41 7 5 2 4 6 1 0 7 3
48 41 7 1 5 0 4 6 2 3 7
48 41 7 6 5 4 3 2 7 1 0
48 41 7 5 2 4 3 6 0 7 1
48 41 7 5 3 4 6 1 2 7 0
48 41 7 1 6 5 4 0 2 3 7
48 41 7 0 1 4 3 5 2 7 6
48 41 7 7 0 5 3 2 6 4 1
48 41 7 1 6 4 3 5 2 7 0
48 41 7 6 2 5 3 0 1 7 4
48 41 7 5 2 4 3 0 1 7 6
48 41 7 6 3 1 0 2 5 4 7
48 41 7 6 3 4 1 2 5 0 7
48 41 7 5 2 3 1 6 4 0 7
48 41 7 1 6 0 3 5 2 4 7
48 41 7 1 6 3 4 5 2 0 7
48 41 7 2 5 3 0 1 4 7 6
48 41 7 6 3 0 4 2 5 7 1
48 41 7 5 3 0 4 6 2 7 1
48 41 7 4 6 3 0 5 2 7 1
48 41 7 2 6 3 4 5 0 7 1
48 42 6 1 5 0 4 3 2 7 6
48 42 6 3 6 5 1 2 4 0 7
48 42 6 6 5 3 4 2 7 1 0
48 42 6 1 5 3 0 2 6 4 7
48 42 6 1 5 3 0 2 4 7 6
48 42 6 1 2 0 6 5 4 3 7
48 43 5 6 2 5 4 3 1 7 0
48 43 5 2 5 3 4 0 6 7 1
48 43 5 1 5 3 6 4 2 7 0
48 43 5 6 0 5 7 2 4 3 1
48 43 5 1 0 5 6 2 4 3 7
48 43 5 1 5 0 7 2 4 3 6
48 43 5 6 2 3 0 5 4 7 1
48 44 4 1 2 3 4 0 5 7 6
48 44 4 1 2 3 4 5 7 0 6
49 38 11 6 5 4 2 3 1 0 7
49 39 10 3 6 5 0 7 2 4 1
49 39 10 5 0 3 6 2 1 4 7
49 39 10 2 6 0 3 1 4 7 5
49 40 9 3 1 5 0 6 2 4 7
49 40 9 7 1 5 3 6 2 4 0
49 40 9 2 5 0 3 6 1 4 7
49 40 9 0 2 5 6 7 1 4 3
49 40 9 6 2 5 4 7 1 0 3
49 40 9 2 6 3 7 5 0 4 1
49 40 9 6 5 4 7 0 2 3 1
49 40 9 1 5 0 3 6 2 7 4
49 40 9 6 2 3 0 1 5 4 7
49 40 9 0 2 5 7 3 1 4 6
49 41 8 1 5 6 0 7 2 4 3
49 41 8 1 5 4 6 7 2 0 3
49 41 8 5 0 3 6 7 2 4 1
49 41 8 3 0 6 7 1 2 4 5
49 41 8 3 6 4 7 1 2 0 5
49 41 8 6 0 5 1 3 2 4 7
49 41 8 3 2 0 5 6 1 4 7
49 41 8 7 2 5 3 6 1 0 4
49 41 8 7 2 5 0 6 1 4 3
49 41 8 6 5 3 0 2 1 4 7
49 41 8 6 5 4 3 2 1 0 7
49 41 8 5 4 0 6 1 2 7 3
49 41 8 6 5 4 7 0 1 2 3
49 41 8 6 0 4 7 1 5 2 3
49 41 8 7 6 5 3 0 1 2 4
49 41 8 7 0 5 3 1 6 2 4
49 41 8 6 5 0 3 2 7 4 1
49 41 8 0 6 4 3 2 5 7 1
49 41 8 6 4 0 3 2 5 7 1
49 41 8 5 4 0 3 6 2 7 1
49 41 8 5 3 4 6 1 0 2 7
49 41 8 2 0 6 3 1 4 5 7
49 41 8 2 6 3 0 1 4 5 7
49 41 8 5 6 4 3 0 2 7 1
49 41 8 3 6 4 0 5 2 7 1
49 41 8 6 4 7 3 5 2 0 1
49 41 8 3 2 5 0 1 6 4 7
49 41 8 7 2 5 3 1 6 4 0
49 41 8 6 2 5 3 1 7 0 4
49 41 8 5 2 4 3 1 7 0 6
49 41 8 3 6 5 0 1 2 7 4
49 41 8 3 6 5 4 0 2 7 1
49 41 8 2 5 3 6 0 4 7 1
49 42 7 2 5 3 7 0 6 4 1
49 42 7 2 5 3 7 6 4 0 1
49 42 7 6 2 3 0 7 1 4 5
49 42 7 3 5 0 4 6 2 7 1
49 42 7 3 5 4 1 6 2 7 0
49 42 7 2 5 3 0 1 6 4 7
49 42 7 1 6 5 3 0 2 7 4
49 42 7 5 4 3 0 1 2 7 6
49 42 7 7 6 3 1 5 2 0 4
49 42 7 2 5 0 7 1 4 3 6
49 42 7 3 0 5 1 2 6 4 7
49 42 7 6 0 5 4 3 2 7 1
49 42 7 3 0 5 4 1 2 7 6
49 42 7 1 5 4 3 2 6 0 7
49 42 7 6 3 4 0 5 2 7 1
49 42 7 6 3 7 4 5 2 0 1
49 42 7 6 5 3 0 2 4 1 7
49 42 7 1 5 3 6 0 4 7 2
49 43 6 6 5 3 4 7 2 1 0
49 43 6 6 2 4 1 5 0 7 3
49 43 6 7 5 3 4 1 2 6 0
49 43 6 2 0 3 1 5 6 4 7
49 43 6 6 3 1 7 5 2 4 0
49 43 6 6 3 4 1 5 2 7 0
49 43 6 4 5 3 1 6 2 7 0
49 43 6 2 0 3 4 6 5 7 1
49 43 6 1 5 3 6 2 0 7 4
49 43 6 1 5 6 0 2 4 3 7
49 43 6 1 6 5 7 3 0 2 4
49 43 6 1 2 3 6 7 5 4 0
49 43 6 1 6 0 5 2 4 7 3
49 43 6 1 6 5 7 2 4 0 3
49 44 5 6 2 5 7 1 4 3 0
49 44 5 1 6 5 7 2 0 4 3
49 44 5 6 2 3 5 1 4 7 0
49 44 5 0 2 3 4 1 5 7 6
49 44 5 1 6 3 4 5 0 2 7
49 44 5 1 3 0 7 2 5 4 6
49 45 4 6 2 3 4 5 7 1 0
49 45 4 1 2 3 0 5 4 7 6
50 40 10 2 6 5 3 7 0 4 1
50 40 10 0 5 7 6 1 2 3 4
50 40 10 0 5 4 7 1 2 3 6
50 40 10 6 2 0 7 3 1 4 5
50 41 9 6 5 0 3 4 1 2 7
50 41 9 0 5 3 6 4 1 2 7
50 41 9 3 6 7 0 1 2 4 5
50 41 9 7 6 5 1 3 2 4 0
50 41 9 7 5 0 3 6 2 4 1
50 41 9 7 5 3 4 6 2 0 1
50 41 9 3 2 5 4 6 1 0 7
50 41 9 7 2 5 3 0 1 4 6
50 41 9 0 3 6 5 1 2 4 7
50 41 9 4 6 5 0 1 2 3 7
50 41 9 7 6 5 4 1 2 3 0
50 41 9 2 6 4 3 5 0 7 1
50 41 9 1 6 3 5 0 2 4 7
50 41 9 3 6 0 4 1 2 7 5
50 41 9 0 5 3 6 1 4 7 2
50 42 8 2 0 3 7 6 5 4 1
50 42 8 6 2 4 3 7 1 0 5
50 42 8 2 0 5 3 7 1 4 6
50 42 8 7 6 3 0 1 2 5 4
50 42 8 6 2 4 5 3 1 0 7
50 42 8 6 5 4 1 2 7 0 3
50 42 8 6 0 4 1 2 5 7 3
50 42 8 5 0 4 1 6 2 7 3
50 42 8 2 6 5 3 7 1 0 4
50 42 8 2 6 5 0 7 1 4 3
50 42 8 2 5 4 3 1 6 0 7
50 42 8 7 5 3 6 0 1 2 4
50 42 8 7 0 3 6 1 5 2 4
50 42 8 2 6 3 1 0 5 4 7
50 42 8 1 6 3 0 2 5 4 7
50 42 8 5 3 1 0 6 2 4 7
50 42 8 5 3 4 1 6 2 0 7
50 42 8 6 5 3 1 0 7 2 4
50 42 8 6 0 3 1 7 5 2 4
50 42 8 5 6 3 1 2 0 4 7
50 42 8 5 6 3 1 7 2 4 0
50 42 8 6 5 7 4 3 2 0 1
50 42 8 3 5 7 4 1 2 0 6
50 42 8 7 2 3 6 1 5 4 0
50 42 8 6 5 0 4 2 7 3 1
50 42 8 2 1 5 3 0 6 4 7
50 42 8 3 1 5 0 2 6 4 7
50 42 8 7 1 5 3 2 6 4 0
50 42 8 6 5 3 7 0 4 1 2
50 42 8 6 5 0 7 2 4 1 3
50 42 8 0 5 3 7 2 4 1 6
50 42 8 1 5 0 6 2 4 7 3
50 43 7 7 6 5 1 2 0 4 3
50 43 7 2 5 4 3 0 6 7 1
50 43 7 6 5 3 4 7 0 2 1
50 43 7 6 2 5 4 3 0 1 7
50 43 7 6 2 0 4 3 1 5 7
50 43 7 0 6 4 1 5 2 7 3
50 43 7 6 4 0 1 5 2 7 3
50 43 7 7 5 3 4 1 0 2 6
50 43 7 3 6 4 5 1 2 7 0
50 43 7 2 6 3 1 5 4 0 7
50 43 7 0 5 3 7 2 1 4 6
50 43 7 0 2 3 7 1 5 4 6
50 43 7 2 3 0 7 1 5 4 6
50 43 7 3 0 5 4 1 6 2 7
50 43 7 7 5 3 6 2 4 0 1
50 43 7 2 0 5 6 1 4 3 7
50 43 7 2 5 3 4 6 7 0 1
50 43 7 1 5 0 3 4 2 7 6
50 43 7 0 5 3 1 2 6 4 7
50 43 7 2 5 3 1 7 6 4 0
50 43 7 1 0 3 6 5 2 7 4
50 43 7 6 5 7 0 2 4 3 1
50 43 7 1 6 0 7 3 2 5 4
50 43 7 0 6 5 1 2 4 7 3
50 43 7 6 2 3 1 0 4 7 5
50 43 7 0 2 3 1 5 4 7 6
50 44 6 2 6 5 7 3 1 4 0
50 44 6 7 2 3 6 5 0 4 1
50 44 6 2 5 3 1 6 4 7 0
50 44 6 1 2 5 6 0 4 7 3
50 44 6 5 2 3 6 1 0 7 4
50 44 6 1 2 5 3 4 0 7 6
50 44 6 1 2 5 3 6 4 7 0
50 44 6 0 5 3 4 2 1 7 6
50 44 6 2 5 3 4 6 1 7 0
50 44 6 6 2 5 4 0 1 7 3
50 44 6 6 3 4 7 2 5 0 1
50 44 6 1 3 6 0 2 5 4 7
50 44 6 1 3 4 6 2 5 0 7
50 44 6 1 6 3 4 7 5 2 0
50 44 6 5 2 3 0 1 4 7 6
50 45 5 3 6 5 7 2 4 0 1
50 45 5 6 2 3 7 5 4 1 0
50 45 5 1 2 3 7 5 4 0 6
50 45 5 0 2 3 4 6 5 7 1
50 45 5 6 2 3 4 1 5 7 0
50 46 4 1 6 3 7 2 4 5 0
50 46 4 5 2 3 4 0 6 7 1
50 46 4 0 2 3 4 5 1 7 6
51 40 11 6 5 7 1 0 2 3 4
51 41 10 2 5 3 6 7 0 4 1
51 41 10 6 5 3 2 4 1 0 7
51 41 10 2 6 5 1 3 0 4 7
51 41 10 3 2 5 6 0 1 4 7
51 41 10 7 2 0 3 6 1 4 5
51 41 10 5 3 6 1 0 2 4 7
51 41 10 5 3 6 4 1 2 0 7
51 41 10 2 6 5 4 1 0 3 7
51 41 10 2 5 0 6 1 4 7 3
51 42 9 6 0 2 3 7 1 4 5
51 42 9 3 2 5 0 7 1 4 6
51 42 9 1 2 5 3 7 0 4 6
51 42 9 3 5 4 6 1 2 0 7
51 42 9 3 5 4 6 0 2 7 1
51 42 9 7 0 6 3 1 2 5 4
51 42 9 7 0 6 5 1 2 4 3
51 42 9 7 6 4 5 1 2 0 3
51 42 9 0 5 4 1 3 2 7 6
51 42 9 1 5 4 7 3 2 0 6
51 42 9 6 0 2 5 3 1 4 7
51 42 9 6 5 4 1 3 2 0 7
51 42 9 4 6 5 3 1 2 7 0
51 42 9 5 4 7 3 1 2 0 6
51 42 9 7 6 3 1 2 5 4 0
51 42 9 7 6 3 1 0 2 4 5
51 42 9 0 5 3 6 2 4 7 1
51 43 8 2 5 4 6 0 1 7 3
51 43 8 2 0 4 6 1 5 7 3
51 43 8 7 6 5 4 1 0 2 3
51 43 8 7 6 0 4 1 2 5 3
51 43 8 2 0 4 3 6 5 7 1
51 43 8 6 5 0 4 7 2 3 1
51 43 8 2 0 5 6 3 1 4 7
51 43 8 7 0 5 3 1 2 4 6
51 43 8 7 5 0 4 1 2 3 6
51 43 8 3 2 6 5 1 0 4 7
51 43 8 7 0 5 6 1 2 3 4
51 43 8 6 0 5 1 7 2 3 4
51 43 8 2 5 3 7 6 1 4 0
51 43 8 3 6 5 1 7 2 0 4
51 43 8 3 6 5 4 0 1 2 7
51 43 8 3 0 6 4 1 2 5 7
51 43 8 7 0 3 6 2 5 4 1
51 43 8 7 5 3 1 6 0 2 4
51 43 8 2 5 3 6 7 1 0 4
51 43 8 2 5 3 0 7 1 4 6
51 43 8 2 5 6 0 1 4 3 7
51 43 8 2 3 6 0 1 5 4 7
51 43 8 2 3 4 6 1 5 0 7
51 43 8 6 3 4 1 5 0 2 7
51 43 8 4 5 0 3 6 2 7 1
51 43 8 0 5 3 1 4 2 7 6
51 43 8 6 0 2 5 1 4 7 3
51 43 8 6 2 7 5 1 4 0 3
51 43 8 5 3 4 0 1 2 7 6
51 43 8 5 3 7 4 1 2 0 6
51 43 8 1 2 3 0 6 5 4 7
51 43 8 1 6 5 2 0 4 7 3
51 43 8 6 2 0 1 5 4 7 3
51 44 7 0 7 3 6 5 2 4 1
51 44 7 7 6 3 5 1 2 4 0
51 44 7 0 2 4 3 1 5 7 6
51 44 7 5 2 3 1 7 0 4 6
51 44 7 1 6 4 3 5 0 2 7
51 44 7 6 4 3 7 1 5 2 0
51 44 7 2 0 5 6 1 4 7 3
51 44 7 6 2 0 7 1 4 5 3
51 44 7 2 0 5 3 6 4 7 1
51 44 7 1 6 5 3 0 7 2 4
51 44 7 1 0 5 3 7 6 2 4
51 44 7 0 2 3 6 1 4 7 5
51 44 7 1 0 5 3 2 4 7 6
51 44 7 2 0 3 4 5 1 7 6
51 44 7 2 3 0 4 1 5 7 6
51 44 7 6 2 5 4 1 7 0 3
51 44 7 6 2 3 7 1 4 0 5
51 44 7 6 3 7 0 2 5 4 1
51 44 7 0 1 3 7 2 5 4 6
51 44 7 5 2 3 6 0 4 7 1
51 45 6 3 5 4 7 1 2 6 0
51 45 6 2 5 3 4 1 7 6 0
51 45 6 1 6 5 4 0 2 7 3
51 45 6 1 6 5 7 0 2 3 4
51 45 6 6 1 3 4 5 2 0 7
51 45 6 3 0 5 7 2 6 4 1
51 45 6 1 2 5 3 7 6 4 0
51 45 6 1 2 3 7 0 5 4 6
51 45 6 0 1 3 4 2 5 7 6
51 45 6 1 3 0 4 2 5 7 6
51 45 6 6 2 0 4 5 7 3 1
51 45 6 1 2 3 6 0 4 7 5
51 46 5 6 2 3 1 5 0 7 4
51 46 5 1 5 3 4 7 2 6 0
51 46 5 1 5 3 4 0 6 2 7
51 46 5 1 3 6 7 5 2 4 0
51 46 5 1 3 4 6 5 2 7 0
51 46 5 6 1 5 3 2 4 7 0
51 46 5 1 5 3 4 2 7 6 0
51 46 5 1 6 3 0 5 2 7 4
51 46 5 5 2 3 4 6 1 7 0
51 46 5 1 5 3 0 2 4 6 7
51 48 3 1 2 3 4 5 7 6 0
52 42 10 3 5 0 6 1 2 7 4
52 42 10 3 5 4 7 6 2 0 1
52 42 10 2 5 4 1 6 0 7 3
52 42 10 6 5 0 1 3 2 7 4
52 42 10 6 5 7 3 0 2 4 1
52 42 10 0 6 5 3 7 1 4 2
52 42 10 2 6 5 3 1 0 7 4
52 42 10 5 6 3 0 1 2 4 7
52 42 10 7 6 0 1 5 2 4 3
52 43 9 2 5 4 6 1 7 0 3
52 43 9 2 5 4 3 6 7 0 1
52 43 9 6 5 4 3 7 2 0 1
52 43 9 7 2 5 6 3 1 4 0
52 43 9 1 2 5 6 3 0 4 7
52 43 9 7 5 4 3 1 2 0 6
52 43 9 3 6 4 5 1 0 2 7
52 43 9 7 5 6 0 1 2 3 4
52 43 9 6 5 1 0 7 2 3 4
52 43 9 2 0 3 7 5 1 4 6
52 43 9 3 6 4 0 1 2 5 7
52 43 9 7 5 0 1 6 2 3 4
52 43 9 7 5 3 6 2 1 4 0
52 43 9 0 3 1 6 5 2 4 7
52 43 9 6 3 1 4 5 2 0 7
52 43 9 4 5 3 6 0 2 7 1
52 43 9 1 5 3 7 4 2 0 6
52 44 8 1 5 7 6 0 2 4 3
52 44 8 7 5 3 1 2 0 4 6
52 44 8 0 7 5 3 6 2 4 1
52 44 8 7 2 5 3 6 0 4 1
52 44 8 1 5 4 6 0 2 3 7
52 44 8 5 0 4 6 3 2 7 1
52 44 8 7 3 0 6 5 2 4 1
52 44 8 2 3 0 6 5 1 4 7
52 44 8 0 5 4 3 2 1 7 6
52 44 8 2 5 4 3 6 1 7 0
52 44 8 2 4 0 3 1 5 7 6
52 44 8 2 5 0 1 6 4 3 7
52 44 8 2 3 0 1 6 5 4 7
52 44 8 5 3 0 1 7 2 4 6
52 44 8 1 6 4 3 7 5 2 0
52 44 8 3 2 5 6 1 4 7 0
52 44 8 5 3 0 6 1 2 7 4
52 44 8 6 2 5 3 4 7 0 1
52 44 8 6 0 5 3 4 2 7 1
52 44 8 3 2 5 0 6 4 7 1
52 44 8 1 0 5 7 6 2 4 3
52 44 8 6 5 3 1 4 2 0 7
52 44 8 1 2 5 0 3 4 7 6
52 44 8 4 5 3 6 1 2 0 7
52 44 8 6 2 3 7 0 4 5 1
52 44 8 1 0 3 4 6 5 2 7
52 45 7 0 3 5 1 6 2 4 7
52 45 7 6 5 4 7 3 2 1 0
52 45 7 2 5 4 3 1 7 6 0
52 45 7 6 4 2 3 1 5 7 0
52 45 7 6 2 5 1 4 0 7 3
52 45 7 0 2 5 1 6 4 7 3
52 45 7 6 2 5 1 3 4 7 0
52 45 7 6 4 3 0 5 1 2 7
52 45 7 6 5 0 3 2 4 7 1
52 45 7 6 4 5 3 2 0 7 1
52 45 7 1 6 3 0 7 2 5 4
52 45 7 6 0 3 1 2 5 7 4
52 45 7 5 0 3 1 6 2 7 4
52 45 7 6 2 5 7 0 1 3 4
52 45 7 6 2 5 7 1 3 0 4
52 45 7 1 6 3 7 2 5 4 0
52 45 7 1 5 3 6 0 7 2 4
52 45 7 1 0 3 6 7 5 2 4
52 45 7 5 1 3 4 6 0 2 7
52 45 7 6 5 3 4 7 0 1 2
52 45 7 3 6 5 7 0 1 2 4
52 45 7 3 0 5 7 1 6 2 4
52 45 7 1 6 5 3 4 0 7 2
52 45 7 5 6 3 4 0 1 2 7
52 45 7 7 6 3 4 5 1 2 0
52 45 7 6 1 3 4 0 5 2 7
52 45 7 1 2 0 3 6 4 5 7
52 45 7 6 2 3 0 5 1 4 7
52 45 7 7 2 3 6 5 1 4 0
52 45 7 6 2 0 7 5 4 3 1
52 45 7 1 2 0 6 5 4 7 3
52 45 7 0 2 3 6 5 4 7 1
52 46 6 1 6 5 4 7 2 3 0
52 46 6 0 6 3 1 5 2 7 4
52 46 6 1 2 3 6 0 4 5 7
52 46 6 1 5 3 4 7 0 2 6
52 46 6 1 0 6 3 2 4 7 5
52 46 6 1 6 3 0 2 4 7 5
52 46 6 1 6 7 3 2 4 0 5
52 46 6 1 3 4 7 5 2 0 6
52 46 6 0 6 5 1 2 4 3 7
52 46 6 1 2 4 3 0 5 7 6
52 46 6 1 2 4 3 5 7 0 6
52 46 6 1 6 3 7 5 2 0 4
52 46 6 5 2 3 4 6 7 0 1
52 46 6 5 1 3 4 0 2 7 6
52 46 6 6 1 3 4 5 2 7 0
52 46 6 1 3 4 0 5 2 7 6
52 46 6 1 3 7 4 5 2 0 6
52 46 6 1 6 3 4 0 2 7 5
52 46 6 1 5 3 7 0 4 6 2
52 46 6 1 5 0 7 2 4 6 3
52 47 5 5 3 4 7 1 2 6 0
52 47 5 5 2 3 7 1 4 6 0
52 47 5 6 2 5 4 1 3 7 0
52 47 5 1 5 4 3 2 7 6 0
52 47 5 6 5 1 7 2 4 3 0
52 47 5 1 4 3 0 5 2 7 6
52 47 5 7 6 5 3 2 4 1 0
52 47 5 6 4 3 1 5 2 7 0
52 47 5 0 2 3 1 5 6 4 7
52 47 5 5 2 3 4 1 7 6 0
52 48 4 2 0 3 4 5 6 7 1
52 48 4 1 0 5 7 2 4 3 6
52 48 4 1 2 3 4 6 5 7 0
52 49 3 1 6 5 7 2 4 3 0
53 42 11 0 5 7 3 1 2 4 6
53 42 11 2 6 0 3 7 1 4 5
53 43 10 7 0 5 1 6 2 4 3
53 43 10 0 5 3 6 7 1 4 2
53 43 10 6 3 1 5 0 2 4 7
53 43 10 4 5 3 7 6 2 0 1
53 44 9 5 0 7 6 1 2 4 3
53 44 9 7 0 3 1 5 2 4 6
53 44 9 7 6 0 5 3 2 4 1
53 44 9 5 0 4 6 1 2 3 7
53 44 9 2 6 0 5 3 1 4 7
53 44 9 0 6 5 2 3 1 4 7
53 44 9 6 5 7 3 0 1 2 4
53 44 9 6 0 7 3 1 5 2 4
53 44 9 0 6 3 7 1 2 4 5
53 44 9 7 6 3 4 1 2 0 5
53 44 9 2 0 4 3 5 1 7 6
53 44 9 0 4 3 6 1 5 2 7
53 44 9 4 2 5 6 1 0 7 3
53 44 9 4 2 5 3 6 0 7 1
53 44 9 2 5 3 0 4 1 7 6
53 44 9 0 2 3 7 1 4 5 6
53 44 9 1 6 3 0 4 5 2 7
53 44 9 5 2 0 6 1 4 7 3
53 45 8 6 5 7 1 2 0 4 3
53 45 8 6 5 4 1 2 0 3 7
53 45 8 3 2 5 1 6 0 4 7
53 45 8 6 5 4 7 3 0 2 1
53 45 8 6 5 0 7 3 2 4 1
53 45 8 3 5 4 1 2 0 7 6
53 45 8 3 5 4 7 1 0 2 6
53 45 8 3 5 0 7 1 2 4 6
53 45 8 7 2 6 3 1 0 4 5
53 45 8 7 6 4 3 1 2 5 0
53 45 8 6 0 5 1 2 4 7 3
53 45 8 0 7 5 6 1 2 4 3
53 45 8 7 2 5 6 1 0 4 3
53 45 8 6 2 5 1 7 0 4 3
53 45 8 6 4 2 3 5 1 0 7
53 45 8 6 1 4 3 5 2 0 7
53 45 8 1 0 6 3 7 2 5 4
53 45 8 1 0 6 5 7 2 4 3
53 45 8 1 6 4 5 7 2 0 3
53 45 8 6 5 4 7 3 1 0 2
53 45 8 6 5 3 1 2 7 0 4
53 45 8 2 5 0 3 1 4 7 6
53 45 8 2 4 5 3 1 0 7 6
53 45 8 2 5 0 4 1 7 3 6
53 45 8 4 6 5 7 1 2 3 0
53 45 8 2 6 3 7 0 5 4 1
53 45 8 5 3 0 4 6 1 2 7
53 45 8 6 5 0 4 7 1 3 2
53 45 8 1 0 5 3 6 4 7 2
53 45 8 1 6 5 0 3 4 7 2
53 45 8 4 6 3 0 5 1 2 7
53 45 8 1 2 5 0 3 6 4 7
53 45 8 6 2 3 0 4 5 7 1
53 46 7 3 5 4 7 6 1 2 0
53 46 7 1 5 4 3 0 6 2 7
53 46 7 3 6 4 7 1 5 2 0
53 46 7 2 5 3 6 0 1 7 4
53 46 7 2 0 3 6 1 5 7 4
53 46 7 6 2 0 5 3 4 7 1
53 46 7 1 6 5 4 7 0 2 3
53 46 7 1 6 0 4 7 2 5 3
53 46 7 1 0 6 7 3 2 4 5
53 46 7 1 6 4 7 3 2 0 5
53 46 7 6 0 5 7 3 2 4 1
53 46 7 6 3 0 1 5 2 7 4
53 46 7 5 0 3 6 4 2 7 1
53 46 7 6 2 7 3 1 4 5 0
53 46 7 3 2 0 5 1 4 7 6
53 46 7 1 0 5 6 7 2 3 4
53 46 7 1 0 5 3 7 2 4 6
53 46 7 1 5 0 4 7 2 3 6
53 46 7 7 5 3 4 6 1 0 2
53 46 7 7 6 3 4 1 5 0 2
53 46 7 3 6 5 0 2 4 7 1
53 46 7 6 3 2 7 1 5 0 4
53 46 7 6 3 2 4 5 1 0 7
53 46 7 1 3 4 6 5 0 2 7
53 46 7 0 2 5 7 6 1 4 3
53 46 7 1 5 3 7 6 0 2 4
53 46 7 1 5 0 7 6 2 3 4
53 46 7 5 2 3 6 7 1 0 4
53 46 7 5 2 3 0 7 1 4 6
53 46 7 0 2 3 7 6 5 4 1
53 46 7 6 2 3 7 1 5 4 0
53 46 7 6 2 1 0 5 4 3 7
53 46 7 1 3 7 0 5 2 4 6
53 46 7 6 1 0 3 2 4 5 7
53 46 7 6 4 5 1 2 0 3 7
53 46 7 0 1 6 3 2 4 5 7
53 46 7 1 4 6 3 2 0 5 7
53 46 7 1 5 0 4 2 7 3 6
53 46 7 1 6 5 0 3 2 7 4
53 46 7 4 1 3 0 5 2 7 6
53 46 7 2 1 3 4 5 0 7 6
53 46 7 1 6 0 4 5 2 7 3
53 46 7 0 5 3 7 2 4 6 1
53 47 6 5 0 3 4 1 6 2 7
53 47 6 6 3 4 7 1 5 2 0
53 47 6 6 3 2 4 1 5 7 0
53 47 6 6 1 3 7 5 2 4 0
53 47 6 1 6 3 5 7 2 4 0
53 47 6 5 2 3 7 0 6 4 1
53 47 6 6 3 4 7 5 2 1 0
53 47 6 0 2 3 7 5 1 4 6
53 47 6 6 2 4 3 5 7 1 0
53 47 6 5 2 3 1 7 6 4 0
53 47 6 2 6 3 4 0 5 7 1
53 47 6 1 6 3 4 2 5 7 0
53 47 6 5 6 3 4 2 0 7 1
53 47 6 5 6 3 4 1 2 7 0
53 48 5 3 6 5 7 2 1 4 0
53 48 5 1 2 4 6 5 0 7 3
53 48 5 6 3 1 7 2 5 4 0
53 48 5 5 2 3 1 6 4 7 0
53 48 5 4 6 3 1 5 2 7 0
53 48 5 3 6 5 1 2 4 7 0
53 48 5 1 5 3 7 2 6 4 0
53 48 5 0 5 3 4 2 6 7 1
53 48 5 2 5 3 4 1 6 7 0
53 48 5 0 6 5 7 2 4 3 1
53 48 5 1 2 0 4 5 7 3 6
53 49 4 1 5 6 7 2 4 3 0
53 49 4 1 0 3 4 5 6 2 7
53 50 3 0 2 3 4 5 6 7 1
54 43 11 3 6 0 1 7 2 4 5
54 43 11 2 5 0 6 7 1 4 3
54 44 10 3 5 7 6 1 2 4 0
54 44 10 7 6 5 4 3 2 0 1
54 44 10 7 5 4 6 1 2 3 0
54 44 10 2 6 5 4 3 1 0 7
54 44 10 2 5 4 6 3 0 7 1
54 44 10 2 5 4 0 3 1 7 6
54 44 10 1 0 4 3 6 5 2 7
54 44 10 1 6 4 0 3 5 2 7
54 44 10 6 4 3 1 0 5 2 7
54 44 10 6 4 3 2 1 5 0 7
54 44 10 6 5 0 1 4 2 7 3
54 44 10 4 5 0 6 1 2 7 3
54 45 9 0 5 7 1 6 2 4 3
54 45 9 6 5 7 1 3 2 4 0
54 45 9 0 5 4 1 6 2 3 7
54 45 9 6 5 4 1 7 2 3 0
54 45 9 3 5 0 1 6 2 4 7
54 45 9 3 0 4 1 5 2 7 6
54 45 9 0 5 3 2 6 1 4 7
54 45 9 2 5 3 4 6 1 0 7
54 45 9 0 7 6 3 1 2 4 5
54 45 9 7 6 4 3 1 0 2 5
54 45 9 2 5 0 3 1 7 4 6
54 45 9 5 4 0 3 6 1 2 7
54 45 9 5 1 4 3 6 0 2 7
54 45 9 6 5 4 3 7 0 1 2
54 45 9 6 5 0 3 7 1 4 2
54 45 9 5 6 4 3 0 1 2 7
54 45 9 3 6 4 0 5 1 2 7
54 45 9 7 6 4 3 5 1 2 0
54 45 9 6 1 4 3 0 5 2 7
54 45 9 2 5 3 1 6 0 7 4
54 45 9 4 6 5 0 1 2 7 3
54 45 9 2 6 5 4 1 0 7 3
54 45 9 7 6 5 0 1 2 3 4
54 45 9 2 6 5 7 1 0 3 4
54 45 9 7 6 3 0 2 5 4 1
54 45 9 5 6 3 7 2 0 4 1
54 46 8 2 5 3 1 0 7 4 6
54 46 8 2 5 3 1 7 4 0 6
54 46 8 2 0 3 1 7 5 4 6
54 46 8 3 5 0 4 6 1 2 7
54 46 8 3 6 0 4 1 5 2 7
54 46 8 7 5 6 3 1 2 4 0
54 46 8 6 5 1 3 7 2 4 0
54 46 8 2 5 3 6 1 7 0 4
54 46 8 0 2 5 6 3 4 7 1
54 46 8 6 2 5 7 3 4 0 1
54 46 8 1 6 7 0 3 2 4 5
54 46 8 6 0 5 4 3 1 2 7
54 46 8 6 5 2 4 3 1 0 7
54 46 8 0 6 2 3 1 4 7 5
54 46 8 6 4 2 3 1 0 7 5
54 46 8 6 2 7 3 1 0 4 5
54 46 8 3 2 5 7 1 4 0 6
54 46 8 4 0 5 3 1 2 7 6
54 46 8 2 0 3 6 1 4 5 7
54 46 8 7 2 3 6 1 4 5 0
54 46 8 2 1 3 6 0 5 4 7
54 46 8 1 5 6 0 7 2 3 4
54 46 8 1 5 4 3 7 2 0 6
54 46 8 7 5 3 0 6 1 2 4
54 46 8 7 5 3 4 0 1 2 6
54 46 8 7 6 3 0 1 5 2 4
54 46 8 7 6 3 4 0 5 2 1
54 46 8 3 0 6 7 1 2 5 4
54 46 8 6 3 7 0 1 5 2 4
54 46 8 6 3 4 0 5 1 2 7
54 46 8 1 3 6 4 5 2 0 7
54 46 8 6 0 5 7 2 1 4 3
54 46 8 2 6 0 5 1 4 7 3
54 46 8 0 6 5 2 1 4 7 3
54 46 8 2 6 5 7 1 4 0 3
54 46 8 6 0 2 1 5 4 3 7
54 46 8 0 6 3 1 2 4 5 7
54 46 8 1 6 3 5 2 4 0 7
54 46 8 1 6 0 4 3 2 7 5
54 46 8 1 6 3 7 0 2 4 5
54 46 8 5 0 3 4 2 1 7 6
54 46 8 5 2 3 0 4 1 7 6
54 47 7 4 2 5 3 0 1 7 6
54 47 7 4 5 3 1 2 0 7 6
54 47 7 6 2 3 1 4 0 5 7
54 47 7 0 2 3 1 6 4 5 7
54 47 7 6 2 3 1 7 4 5 0
54 47 7 6 2 3 5 1 0 4 7
54 47 7 4 5 3 7 6 1 2 0
54 47 7 5 0 3 4 7 1 2 6
54 47 7 4 6 3 7 1 5 2 0
54 47 7 5 6 3 4 1 2 0 7
54 47 7 1 6 3 7 0 5 2 4
54 47 7 1 6 2 3 0 4 5 7
54 47 7 7 1 3 6 5 2 0 4
54 47 7 7 1 3 0 5 2 4 6
54 47 7 6 5 3 1 4 0 7 2
54 47 7 0 5 3 1 6 4 7 2
54 47 7 5 3 4 7 6 2 0 1
54 47 7 5 2 3 7 6 4 0 1
54 47 7 6 3 4 7 5 0 2 1
54 47 7 1 5 4 6 2 7 0 3
54 47 7 1 0 4 6 2 5 7 3
54 47 7 5 3 4 7 1 0 2 6
54 47 7 5 2 3 7 6 1 4 0
54 47 7 5 2 0 7 1 4 3 6
54 47 7 0 2 5 4 6 1 3 7
54 47 7 6 2 5 4 7 1 3 0
54 47 7 6 2 0 4 1 3 5 7
54 47 7 1 5 0 3 2 7 4 6
54 47 7 1 4 0 3 2 5 7 6
54 47 7 6 2 3 1 7 5 0 4
54 47 7 6 2 3 0 7 5 4 1
54 47 7 6 2 5 7 3 0 1 4
54 47 7 0 2 4 3 6 5 7 1
54 47 7 6 2 4 3 1 5 7 0
54 47 7 6 2 0 3 5 7 4 1
54 47 7 3 2 5 7 6 1 0 4
54 47 7 5 3 6 7 1 2 0 4
54 47 7 1 4 7 3 5 2 0 6
54 47 7 7 6 0 3 2 4 5 1
54 47 7 0 4 3 6 5 2 7 1
54 47 7 5 2 0 4 1 7 3 6
54 47 7 2 5 3 0 1 4 6 7
54 47 7 2 5 3 7 0 4 6 1
54 48 6 4 5 3 7 1 2 6 0
54 48 6 0 3 5 7 6 2 4 1
54 48 6 1 6 4 5 3 2 7 0
54 48 6 1 4 0 6 5 2 7 3
54 48 6 1 0 5 4 6 2 7 3
54 48 6 1 0 5 4 3 6 2 7
54 48 6 5 2 4 3 0 6 7 1
54 48 6 1 6 5 4 2 0 3 7
54 48 6 1 6 4 0 5 2 7 3
54 48 6 0 2 4 3 5 1 7 6
54 48 6 6 3 4 1 2 5 7 0
54 48 6 1 6 0 4 5 2 3 7
54 48 6 2 6 3 4 5 7 0 1
54 48 6 1 0 5 4 3 2 7 6
54 48 6 1 5 0 3 2 4 7 6
54 48 6 1 2 6 0 5 4 3 7
54 48 6 6 4 5 7 2 0 3 1
54 48 6 0 1 5 6 2 4 3 7
54 48 6 1 4 5 6 2 0 3 7
54 48 6 1 5 7 0 2 4 3 6
54 48 6 6 2 0 3 5 4 7 1
54 49 5 1 5 4 3 2 6 7 0
54 49 5 1 6 0 7 2 4 5 3
54 49 5 1 0 5 7 2 6 4 3
54 49 5 1 3 4 7 2 5 0 6
54 49 5 1 2 0 3 5 4 7 6
54 50 4 1 2 3 6 5 0 7 4
54 50 4 1 3 6 7 2 5 4 0
54 50 4 3 6 5 7 2 4 1 0
54 50 4 1 2 3 7 5 4 6 0
54 50 4 5 2 3 4 1 6 7 0
55 44 11 2 5 7 6 1 0 4 3
55 44 11 2 5 4 6 1 0 3 7
55 45 10 6 0 7 1 5 2 4 3
55 45 10 6 0 4 1 5 2 3 7
55 45 10 0 5 4 6 7 1 2 3
55 45 10 6 5 0 7 3 1 2 4
55 45 10 0 5 4 7 3 1 2 6
55 46 9 7 5 1 0 6 2 4 3
55 46 9 7 5 4 1 6 2 0 3
55 46 9 7 5 4 3 6 1 0 2
55 46 9 7 5 4 0 6 1 2 3
55 46 9 7 6 4 3 1 5 0 2
55 46 9 7 6 4 0 1 5 2 3
55 46 9 0 5 6 7 1 2 4 3
55 46 9 7 5 4 6 1 0 2 3
55 46 9 6 5 4 1 7 0 2 3
55 46 9 2 6 5 7 3 0 4 1
55 46 9 6 5 7 3 4 2 0 1
55 46 9 2 5 3 6 4 0 7 1
55 46 9 3 2 5 1 0 4 7 6
55 46 9 4 5 7 3 1 2 0 6
55 46 9 4 2 3 6 1 0 5 7
55 46 9 6 1 3 0 2 5 4 7
55 46 9 7 1 3 6 2 5 4 0
55 46 9 0 5 3 6 7 1 2 4
55 46 9 3 6 7 0 1 2 5 4
55 46 9 4 6 5 3 2 0 7 1
55 46 9 6 5 7 4 0 2 3 1
55 46 9 0 3 6 1 5 2 4 7
55 46 9 1 3 6 5 0 2 4 7
55 46 9 0 2 3 6 7 1 4 5
55 46 9 2 6 5 1 0 4 7 3
55 46 9 6 5 3 2 0 4 7 1
55 46 9 1 6 3 2 0 4 5 7
55 46 9 0 6 5 4 3 2 7 1
55 46 9 1 6 0 7 5 2 4 3
55 47 8 6 0 5 3 7 1 2 4
55 47 8 5 0 4 3 1 6 2 7
55 47 8 4 2 5 3 1 7 0 6
55 47 8 4 0 3 1 5 2 7 6
55 47 8 6 2 0 5 1 4 3 7
55 47 8 6 5 7 4 0 1 2 3
55 47 8 6 0 7 4 1 5 2 3
55 47 8 5 0 3 7 6 1 2 4
55 47 8 6 5 3 7 4 1 0 2
55 47 8 6 3 2 4 1 0 5 7
55 47 8 5 1 3 6 2 0 4 7
55 47 8 5 1 3 6 7 2 4 0
55 47 8 6 1 0 3 5 2 4 7
55 47 8 5 0 2 6 1 4 3 7
55 47 8 5 2 6 0 1 4 3 7
55 47 8 2 6 5 3 4 0 7 1
55 47 8 6 0 3 1 5 4 7 2
55 47 8 1 6 3 4 7 2 0 5
55 47 8 5 3 7 0 6 2 4 1
55 47 8 5 1 3 7 0 2 4 6
55 47 8 1 5 4 6 3 2 0 7
55 47 8 0 1 4 3 2 5 7 6
55 47 8 0 5 1 6 2 4 3 7
55 47 8 7 2 3 1 6 5 4 0
55 47 8 6 2 0 7 3 1 5 4
55 47 8 3 2 5 7 0 1 4 6
55 47 8 5 3 6 7 0 2 4 1
55 47 8 5 2 3 0 1 6 4 7
55 47 8 4 6 3 0 2 5 7 1
55 47 8 2 5 0 7 1 4 6 3
55 47 8 0 5 3 7 1 4 6 2
55 48 7 6 5 3 7 4 2 1 0
55 48 7 0 6 3 7 5 1 2 4
55 48 7 6 3 0 7 5 1 2 4
55 48 7 6 1 3 7 5 0 2 4
55 48 7 3 2 5 7 6 0 4 1
55 48 7 2 1 3 6 5 4 0 7
55 48 7 2 6 5 7 0 1 4 3
55 48 7 2 0 5 7 1 6 4 3
55 48 7 1 5 4 7 6 2 0 3
55 48 7 6 0 5 3 1 4 7 2
55 48 7 6 5 1 0 2 4 7 3
55 48 7 6 5 7 1 2 4 0 3
55 48 7 5 0 3 1 2 4 7 6
55 48 7 2 5 3 1 0 4 7 6
55 48 7 1 2 6 3 7 0 4 5
55 48 7 1 6 4 3 7 2 5 0
55 48 7 1 2 6 5 3 0 4 7
55 48 7 2 1 5 3 6 4 0 7
55 48 7 6 2 3 0 7 1 5 4
55 48 7 6 3 7 1 5 2 4 0
55 48 7 7 6 5 3 2 1 0 4
55 48 7 7 6 5 0 2 1 4 3
55 48 7 0 1 4 6 5 2 7 3
55 48 7 5 3 7 6 1 2 4 0
55 48 7 1 5 7 4 6 2 0 3
55 48 7 1 2 5 6 7 0 4 3
55 48 7 1 6 5 4 0 3 2 7
55 48 7 1 0 6 4 3 2 5 7
55 48 7 5 2 4 6 0 1 7 3
55 48 7 1 0 5 4 6 2 3 7
55 48 7 0 7 5 3 2 6 4 1
55 48 7 1 6 4 3 5 2 0 7
55 48 7 0 2 5 3 6 1 7 4
55 48 7 6 2 5 3 4 1 7 0
55 48 7 5 2 4 3 6 1 7 0
55 48 7 6 3 4 1 2 0 5 7
55 48 7 1 0 6 3 5 2 4 7
55 48 7 6 3 4 0 2 5 7 1
55 48 7 6 3 7 4 2 5 0 1
55 48 7 4 6 0 3 5 2 7 1
55 48 7 1 5 7 4 3 2 0 6
55 48 7 3 6 0 1 2 4 5 7
55 48 7 1 5 3 4 2 6 0 7
55 48 7 1 0 2 6 5 4 3 7
55 48 7 6 2 5 0 3 1 7 4
55 48 7 1 5 3 6 4 2 0 7
55 48 7 1 2 3 0 4 5 7 6
55 49 6 3 1 5 7 6 2 4 0
55 49 6 2 0 3 7 5 6 4 1
55 49 6 6 5 3 7 2 1 4 0
55 49 6 2 6 3 7 1 4 5 0
55 49 6 3 6 0 4 5 2 7 1
55 49 6 3 6 4 1 5 2 7 0
55 49 6 3 2 5 7 1 6 4 0
55 49 6 2 5 3 7 6 4 1 0
55 49 6 6 2 3 5 7 1 4 0
55 49 6 2 5 3 7 1 6 4 0
55 49 6 1 6 5 3 2 0 7 4
55 49 6 5 4 3 6 1 2 7 0
55 49 6 2 0 5 7 1 4 3 6
55 49 6 0 3 5 1 2 6 4 7
55 49 6 6 2 5 4 3 0 7 1
55 49 6 3 2 5 4 1 0 7 6
55 49 6 1 5 4 3 2 0 6 7
55 49 6 6 3 7 4 5 2 1 0
55 49 6 1 5 3 6 4 0 7 2
55 49 6 1 0 3 6 2 5 7 4
55 49 6 1 6 5 7 0 3 2 4
55 49 6 1 0 5 7 3 6 2 4
55 49 6 1 2 3 6 7 5 0 4
55 49 6 1 2 3 0 7 5 4 6
55 49 6 1 0 6 5 2 4 7 3
55 49 6 1 6 7 5 2 4 0 3
55 49 6 1 3 7 0 2 5 4 6
55 49 6 6 2 3 0 5 7 1 4
55 50 5 3 2 5 4 6 1 7 0
55 50 5 3 1 5 7 2 6 4 0
55 50 5 6 0 5 7 2 4 1 3
55 50 5 1 0 5 6 2 4 7 3
55 50 5 2 6 3 1 5 4 7 0
55 50 5 6 3 4 7 2 5 1 0
55 50 5 1 3 4 6 2 5 7 0
55 50 5 1 6 3 7 2 4 0 5
55 50 5 6 2 3 4 5 1 7 0
55 52 3 1 0 5 7 2 4 6 3
56 45 11 6 5 4 2 7 1 0 3
56 46 10 7 5 4 3 0 1 2 6
56 46 10 7 6 4 3 0 5 2 1
56 46 10 7 5 6 4 1 2 0 3
56 46 10 0 5 1 6 7 2 4 3
56 46 10 6 5 1 7 0 2 4 3
56 46 10 6 5 1 4 7 2 0 3
56 46 10 2 6 5 1 7 0 4 3
56 46 10 7 5 0 4 6 1 2 3
56 46 10 6 5 3 2 7 1 0 4
56 46 10 7 6 0 4 1 5 2 3
56 46 10 0 5 7 4 1 2 3 6
56 46 10 5 2 0 6 7 1 4 3
56 47 9 6 5 2 3 7 1 0 4
56 47 9 5 0 4 3 7 1 2 6
56 47 9 5 6 4 3 1 2 0 7
56 47 9 6 0 3 1 2 4 5 7
56 47 9 4 5 0 3 6 1 2 7
56 47 9 4 5 3 0 7 1 2 6
56 47 9 4 6 0 3 1 5 2 7
56 47 9 3 6 2 0 1 4 5 7
56 47 9 7 6 2 3 1 4 5 0
56 47 9 0 3 4 6 1 5 2 7
56 47 9 7 1 3 6 0 2 4 5
56 47 9 2 6 5 0 3 4 7 1
56 47 9 6 5 3 0 1 4 7 2
56 47 9 0 6 3 1 7 2 4 5
56 47 9 2 1 3 7 5 0 4 6
56 47 9 1 5 0 6 3 2 7 4
56 47 9 5 0 3 7 2 1 4 6
56 47 9 6 0 5 4 2 1 3 7
56 47 9 6 5 1 3 2 4 0 7
56 47 9 0 2 3 1 7 5 4 6
56 47 9 6 2 4 0 3 5 7 1
56 47 9 0 3 6 7 1 2 4 5
56 47 9 6 4 3 5 0 2 7 1
56 47 9 6 4 3 7 5 2 0 1
56 47 9 5 0 3 1 2 6 4 7
56 47 9 5 6 3 0 4 2 7 1
56 48 8 6 5 3 7 4 0 2 1
56 48 8 6 5 0 7 4 2 3 1
56 48 8 4 5 3 7 1 0 2 6
56 48 8 4 5 0 7 1 2 3 6
56 48 8 6 0 5 4 7 1 2 3
56 48 8 6 5 2 4 7 1 0 3
56 48 8 3 5 0 7 6 2 4 1
56 48 8 1 5 7 0 6 2 4 3
56 48 8 5 2 0 3 6 1 4 7
56 48 8 0 2 3 5 6 1 4 7
56 48 8 5 2 3 4 6 1 0 7
56 48 8 3 6 5 0 1 4 7 2
56 48 8 1 6 4 3 7 0 2 5
56 48 8 6 2 5 3 7 0 4 1
56 48 8 6 1 5 3 7 2 4 0
56 48 8 1 6 4 5 3 0 2 7
56 48 8 6 2 5 3 0 7 1 4
56 48 8 6 0 5 3 7 2 1 4
56 48 8 6 2 4 5 7 1 0 3
56 48 8 5 6 3 7 1 2 4 0
56 48 8 7 6 0 3 5 2 4 1
56 48 8 7 6 3 4 5 2 0 1
56 48 8 3 6 0 5 2 1 4 7
56 48 8 0 1 5 6 7 2 4 3
56 48 8 1 6 4 0 3 2 5 7
56 48 8 5 2 4 6 1 7 0 3
56 48 8 1 5 4 0 6 2 3 7
56 48 8 6 5 4 0 2 7 1 3
56 48 8 5 2 4 3 6 7 0 1
56 48 8 5 1 4 3 0 2 7 6
56 48 8 3 1 4 0 5 2 7 6
56 48 8 6 1 4 3 5 2 7 0
56 48 8 7 5 0 3 2 6 4 1
56 48 8 1 6 4 3 0 2 7 5
56 48 8 1 6 0 3 5 2 7 4
56 48 8 0 3 1 6 2 5 4 7
56 48 8 5 2 0 1 6 4 3 7
56 48 8 0 5 3 2 1 4 7 6
56 48 8 5 3 4 0 6 2 7 1
56 48 8 5 3 7 4 6 2 0 1
56 48 8 6 5 3 0 2 7 1 4
56 48 8 6 5 3 4 0 7 1 2
56 48 8 1 5 3 2 0 6 4 7
56 48 8 1 5 3 2 0 4 7 6
56 48 8 6 2 0 4 3 1 7 5
56 48 8 0 2 5 4 3 1 7 6
56 48 8 2 5 3 0 4 6 7 1
56 48 8 6 2 3 5 0 4 7 1
56 49 7 6 5 4 2 3 1 7 0
56 49 7 5 3 0 6 2 1 4 7
56 49 7 2 6 3 0 1 4 7 5
56 49 7 6 2 5 4 7 0 1 3
56 49 7 6 2 0 4 7 1 5 3
56 49 7 2 6 3 7 5 4 0 1
56 49 7 6 5 4 7 2 0 3 1
56 49 7 1 0 5 3 6 2 7 4
56 49 7 2 0 5 7 3 1 4 6
56 49 7 1 5 6 3 7 2 4 0
56 49 7 1 5 4 6 7 2 3 0
56 49 7 5 2 3 6 7 0 4 1
56 49 7 3 6 4 7 1 2 5 0
56 49 7 6 5 4 3 2 1 7 0
56 49 7 6 0 5 3 2 7 4 1
56 49 7 6 4 3 0 2 5 7 1
56 49 7 5 4 3 0 6 2 7 1
56 49 7 6 4 7 3 5 2 1 0
56 49 7 3 2 0 5 1 6 4 7
56 49 7 7 2 5 3 1 6 0 4
56 49 7 7 2 5 0 1 6 4 3
56 49 7 6 2 5 3 1 7 4 0
56 49 7 5 2 4 3 1 7 6 0
56 49 7 3 6 5 4 2 0 7 1
56 49 7 0 5 3 7 2 6 4 1
56 49 7 2 5 0 7 6 4 3 1
56 49 7 3 0 5 4 6 2 7 1
56 49 7 1 6 5 3 4 2 7 0
56 49 7 7 6 3 1 5 0 2 4
56 49 7 0 3 5 4 1 2 7 6
56 49 7 6 3 7 4 5 0 2 1
56 49 7 6 5 0 3 2 4 1 7
56 49 7 1 0 3 6 5 4 7 2
56 49 7 6 2 4 1 0 5 7 3
56 49 7 6 2 4 1 5 7 0 3
56 49 7 2 3 0 1 5 6 4 7
56 49 7 6 3 1 7 5 2 0 4
56 49 7 2 3 0 4 6 5 7 1
56 49 7 1 5 3 6 2 7 0 4
56 49 7 6 2 5 0 1 4 3 7
56 49 7 6 2 5 7 0 4 3 1
56 49 7 4 2 3 0 1 5 7 6
56 49 7 6 2 3 4 0 7 1 5
56 49 7 0 2 3 4 5 7 1 6
56 49 7 1 2 3 5 0 4 7 6
56 50 6 7 5 3 4 6 2 1 0
56 50 6 2 0 4 3 5 6 7 1
56 50 6 7 6 3 4 1 2 5 0
56 50 6 6 2 4 5 3 1 7 0
56 50 6 2 5 4 3 1 6 7 0
56 50 6 5 3 1 7 6 2 4 0
56 50 6 6 5 1 7 2 4 0 3
56 50 6 5 0 3 7 2 4 1 6
56 50 6 1 5 6 0 2 4 7 3
56 50 6 1 5 7 6 2 4 0 3
56 50 6 7 6 5 1 2 4 0 3
56 50 6 7 5 3 6 2 4 1 0
56 50 6 2 5 3 4 6 7 1 0
56 50 6 0 1 3 6 5 2 7 4
56 50 6 1 3 0 6 5 2 7 4
56 50 6 6 5 7 1 2 4 3 0
56 50 6 6 2 3 1 4 0 7 5
56 50 6 0 2 3 1 6 4 7 5
56 50 6 2 0 3 1 5 4 7 6
56 50 6 5 2 3 1 0 4 7 6
56 50 6 7 2 3 6 5 4 0 1
56 50 6 1 2 5 6 4 0 7 3
56 50 6 1 2 5 6 3 4 7 0
56 50 6 5 2 3 6 0 1 7 4
56 50 6 1 2 5 0 6 4 7 3
56 50 6 0 2 5 4 6 1 7 3
56 50 6 6 3 4 7 2 0 5 1
56 50 6 1 3 4 6 2 0 5 7
56 50 6 1 6 3 4 7 5 0 2
56 50 6 3 6 0 7 2 4 5 1
56 50 6 6 2 3 0 5 4 1 7
56 50 6 1 2 0 7 5 4 3 6
56 50 6 6 2 3 4 1 5 0 7
56 50 6 6 2 3 0 1 5 7 4
56 50 6 4 2 3 0 5 1 7 6
56 51 5 1 5 4 7 3 2 6 0
56 51 5 1 2 3 7 6 5 4 0
56 51 5 1 6 5 7 2 0 3 4
56 51 5 0 3 5 7 2 6 4 1
56 51 5 1 2 3 6 4 0 7 5
56 51 5 1 5 3 4 7 6 2 0
56 51 5 1 5 0 3 2 4 6 7
56 51 5 1 2 3 0 5 7 6 4
56 52 4 1 3 4 7 5 2 6 0
56 52 4 1 4 3 6 5 2 7 0
56 53 3 1 2 3 4 5 6 7 0