0 0 6 5 0 3 1 2 4 7
3 1 6 5 3 0 1 2 4 7
7 1 6 5 3 7 1 2 4 0
1 2 6 5 3 7 0 2 4 1
2 1 6 5 3 7 2 0 4 1
4 1 6 5 3 7 2 4 0 1
1 1 6 5 3 7 2 4 1 0
6 3 0 5 3 7 2 4 1 6
5 1 5 0 3 7 2 4 1 6
3 1 5 3 0 7 2 4 1 6
1 1 5 3 1 7 2 4 0 6
6 1 5 3 1 7 2 4 6 0
1 3 5 3 0 7 2 4 6 1
3 1 5 0 3 7 2 4 6 1
5 1 0 5 3 7 2 4 6 1
1 3 1 5 3 7 2 4 6 0
3 3 1 5 0 7 2 4 6 3
5 1 1 0 5 7 2 4 6 3
1 1 0 1 5 7 2 4 6 3
3 3 3 1 5 7 2 4 6 0
6 1 3 1 5 7 2 4 0 6
4 1 3 1 5 7 2 0 4 6
1 1 3 0 5 7 2 1 4 6
3 1 0 3 5 7 2 1 4 6
1 3 1 3 5 7 2 0 4 6
4 1 1 3 5 7 2 4 0 6
6 1 1 3 5 7 2 4 6 0