0 0 0 0 4 3 6 1 7 2 5
12 0 12 1 4 3 6 0 7 2 5
14 0 14 4 0 3 6 1 7 2 5
14 0 14 5 4 3 6 1 7 2 0
16 0 16 6 4 3 0 1 7 2 5
17 0 17 7 4 3 6 1 0 2 5
21 12 9 1 4 3 6 5 7 2 0
25 12 13 1 4 3 6 7 0 2 5
25 12 13 1 4 3 0 6 7 2 5
27 12 15 1 0 3 6 4 7 2 5
27 14 13 5 4 3 6 1 7 0 2
28 14 14 5 4 3 0 1 7 2 6
29 14 15 4 3 0 6 1 7 2 5
29 14 15 4 7 3 6 1 0 2 5
29 16 13 6 4 3 5 1 7 2 0
30 14 16 5 4 3 6 0 7 2 1
30 21 9 1 4 3 6 5 7 0 2
31 17 14 7 4 3 6 1 2 0 5
31 21 10 1 4 3 0 5 7 2 6
32 16 16 6 4 0 3 1 7 2 5
32 16 16 6 4 3 2 1 7 0 5
32 17 15 7 4 3 6 0 1 2 5
32 17 15 7 0 3 6 1 4 2 5
33 14 19 5 4 0 6 1 7 2 3
33 16 17 6 4 3 1 0 7 2 5
35 25 10 1 4 3 5 6 7 2 0
36 21 15 1 4 0 6 5 7 2 3
37 21 16 0 4 3 6 5 7 2 1
37 25 12 1 4 3 6 7 2 0 5
37 25 12 1 4 0 3 6 7 2 5
37 25 12 1 4 3 2 6 7 0 5
38 25 13 1 0 3 6 7 4 2 5
39 30 9 1 4 3 6 5 0 7 2
40 25 15 0 4 3 1 6 7 2 5
40 27 13 5 4 3 6 1 0 7 2
41 27 14 1 3 0 6 4 7 2 5
41 27 14 1 7 3 6 4 0 2 5
42 27 15 0 1 3 6 4 7 2 5
42 29 13 4 3 2 6 1 7 0 5
42 30 12 1 4 0 6 5 7 3 2
42 31 11 1 4 0 3 5 7 2 6
42 31 11 1 4 3 2 5 7 0 6
43 27 16 5 4 0 6 1 7 3 2
43 28 15 5 4 0 3 1 7 2 6
43 28 15 5 4 3 2 1 7 0 6
43 29 14 4 7 3 6 1 2 0 5
43 29 14 6 4 3 5 1 7 0 2
44 28 16 0 4 3 5 1 7 2 6
44 28 16 5 4 3 1 0 7 2 6
44 29 15 4 3 6 0 1 7 2 5
44 29 15 4 7 3 6 0 1 2 5
44 31 13 7 4 3 6 1 2 5 0
44 32 12 7 4 3 6 5 1 2 0
45 31 14 0 4 3 1 5 7 2 6
45 31 14 1 4 3 5 0 7 2 6
45 32 13 6 4 3 2 1 7 5 0
45 33 12 6 4 3 1 5 7 2 0
46 29 17 6 4 3 5 0 7 2 1
46 30 16 5 4 3 6 7 0 2 1
46 30 16 5 4 3 0 6 7 2 1
46 32 14 6 4 2 3 1 7 0 5
46 32 14 6 4 3 2 1 0 7 5
46 35 11 1 4 3 5 6 7 0 2
46 37 9 1 4 3 2 6 7 5 0
47 29 18 6 4 0 5 1 7 2 3
47 32 15 6 0 4 3 1 7 2 5
47 32 15 7 3 0 6 1 4 2 5
47 36 11 1 4 2 6 5 7 0 3
47 37 10 1 4 2 3 6 7 0 5
47 37 10 1 4 3 2 6 0 7 5
48 30 18 5 0 3 6 4 7 2 1
48 31 17 7 4 0 6 1 2 3 5
48 32 16 0 4 3 6 7 1 2 5
48 32 16 7 4 3 0 6 1 2 5
48 32 16 0 7 3 6 1 4 2 5
48 33 15 5 4 2 6 1 7 0 3
48 36 12 1 0 4 6 5 7 2 3
48 37 11 1 4 3 6 7 2 5 0
48 37 11 1 0 4 3 6 7 2 5
48 39 9 1 0 3 6 5 4 7 2
49 32 17 6 4 0 2 1 7 3 5
49 33 16 5 0 4 6 1 7 2 3
49 33 16 6 4 3 1 7 0 2 5
49 36 13 1 4 6 0 5 7 2 3
49 39 10 1 4 3 6 0 5 7 2
49 42 7 1 4 3 2 5 7 6 0
50 32 18 7 0 3 6 4 1 2 5
50 33 17 5 4 6 0 1 7 2 3
50 37 13 4 0 3 6 5 7 2 1
50 37 13 1 4 0 2 6 7 3 5
51 33 18 6 0 3 1 4 7 2 5
51 35 16 1 4 0 5 6 7 2 3
51 42 9 1 4 2 3 5 7 0 6
51 42 9 1 4 3 2 5 0 7 6
52 37 15 6 4 3 0 5 7 2 1
52 37 15 1 4 0 6 7 2 3 5
52 38 14 1 3 0 6 7 4 2 5
52 42 10 1 0 4 3 5 7 2 6
53 35 18 0 4 3 5 6 7 2 1
53 37 16 7 4 3 6 5 0 2 1
53 38 15 0 1 3 6 7 4 2 5
53 40 13 4 0 3 1 6 7 2 5
53 40 13 5 4 3 1 6 7 2 0
53 40 13 5 4 3 6 0 1 7 2
53 40 13 5 0 3 6 1 4 7 2
53 41 12 1 3 2 6 4 7 0 5
53 42 11 1 0 4 6 5 7 3 2
54 41 13 1 3 6 0 4 7 2 5
54 41 13 1 7 3 6 0 4 2 5
54 41 13 1 7 3 6 4 2 0 5
54 42 12 4 3 2 6 1 7 5 0
54 42 12 1 4 6 0 5 7 3 2
54 42 12 1 4 0 2 5 7 3 6
54 43 11 5 4 3 2 1 7 6 0
55 42 13 4 1 3 6 0 7 2 5
55 42 13 4 3 2 6 1 0 7 5
56 40 16 7 4 3 1 6 0 2 5
56 42 14 5 1 3 6 4 7 2 0
56 43 13 5 4 2 3 1 7 0 6
56 43 13 5 4 3 2 1 0 7 6
56 43 13 4 7 3 6 1 2 5 0
56 44 12 4 7 3 6 5 1 2 0
56 44 12 7 4 3 6 5 1 0 2
56 47 9 1 4 2 6 5 7 3 0
56 47 9 1 4 2 3 6 7 5 0
56 47 9 1 4 3 2 0 6 7 5
57 43 14 5 0 4 3 1 7 2 6
57 44 13 4 3 6 5 1 7 2 0
57 44 13 7 4 3 0 5 1 2 6
57 45 12 4 0 3 1 5 7 2 6
57 45 12 6 4 3 1 5 7 0 2
57 46 11 1 4 3 5 6 0 7 2
57 46 11 1 4 3 0 6 7 5 2
57 47 10 1 4 2 3 6 0 7 5
57 47 10 1 0 3 2 6 4 7 5
58 42 16 6 1 3 0 4 7 2 5
58 43 15 5 0 4 6 1 7 3 2
58 43 15 6 4 3 5 1 0 7 2
58 44 14 7 4 3 0 1 2 5 6
58 45 13 1 4 3 5 7 0 2 6
58 45 13 1 0 3 5 4 7 2 6
58 47 11 1 4 2 6 5 0 7 3
58 48 10 1 3 0 6 5 4 7 2
58 49 9 1 4 6 3 5 7 2 0
58 49 9 1 4 3 0 5 7 6 2
58 51 7 1 4 2 3 5 7 6 0
59 42 17 7 1 3 6 4 0 2 5
59 43 16 5 4 6 0 1 7 3 2
59 43 16 5 4 0 2 1 7 3 6
59 43 16 6 4 0 5 1 7 3 2
59 44 15 4 0 3 5 1 7 2 6
59 44 15 5 4 3 1 7 0 2 6
59 44 15 0 3 6 4 1 7 2 5
59 44 15 0 4 3 6 5 1 2 7
59 46 13 6 4 2 3 1 7 5 0
59 46 13 1 4 3 2 0 7 5 6
59 48 11 0 1 3 6 5 4 7 2
59 49 10 1 4 3 6 2 5 7 0
60 43 17 4 7 0 6 1 2 3 5
60 44 16 7 4 3 5 1 0 2 6
60 44 16 5 0 3 1 4 7 2 6
60 44 16 4 3 6 2 1 7 0 5
60 44 16 4 7 3 0 6 1 2 5
60 45 15 7 4 3 1 5 0 2 6
60 45 15 6 4 3 0 1 7 5 2
60 46 14 6 4 2 3 1 0 7 5
60 46 14 6 4 3 2 0 1 7 5
60 46 14 6 0 3 2 1 4 7 5
60 46 14 1 4 0 5 6 7 3 2
60 48 12 1 7 4 3 6 0 2 5
60 49 11 1 4 3 0 6 5 7 2
60 51 9 1 4 2 3 5 0 7 6
60 51 9 1 0 3 2 5 4 7 6
61 44 17 4 3 6 1 0 7 2 5
61 44 17 0 7 3 6 4 1 2 5
61 44 17 4 0 3 6 7 1 2 5
61 44 17 7 4 3 6 0 2 5 1
61 44 17 0 4 3 6 1 2 5 7
61 46 15 5 4 3 6 7 2 0 1
61 46 15 5 4 0 3 6 7 2 1
61 46 15 5 4 3 2 6 7 0 1
61 47 14 7 3 6 0 1 4 2 5
61 47 14 7 3 2 6 1 4 0 5
61 48 13 7 4 3 5 6 1 2 0
61 48 13 5 4 2 6 1 7 3 0
61 48 13 1 7 4 6 5 0 2 3
61 48 13 1 4 3 0 7 2 5 6
61 48 13 1 4 3 6 0 2 5 7
61 48 13 0 1 4 3 6 7 2 5
61 49 12 1 4 3 2 0 7 6 5
61 51 10 1 4 3 2 0 5 7 6
62 44 18 7 4 0 6 5 1 2 3
62 45 17 6 4 3 2 0 7 5 1
62 45 17 0 4 3 2 1 7 5 6
62 46 16 5 0 3 6 7 4 2 1
62 46 16 1 4 0 2 6 7 5 3
62 47 15 6 4 5 0 1 7 2 3
62 47 15 6 4 2 5 1 7 0 3
62 47 15 0 6 4 3 1 7 2 5
62 48 14 0 1 4 6 5 7 2 3
62 49 13 0 4 3 6 1 5 7 2
62 49 13 1 0 3 6 4 5 7 2
62 50 12 1 0 4 2 6 7 3 5
62 50 12 1 4 2 0 6 7 3 5
62 56 6 1 4 3 2 5 6 7 0
63 44 19 7 4 0 6 1 2 5 3
63 45 18 6 4 0 1 5 7 2 3
63 46 17 6 4 3 5 7 0 2 1
63 46 17 6 0 3 5 4 7 2 1
63 46 17 0 4 3 2 6 7 5 1
63 47 16 6 0 4 5 1 7 2 3
63 47 16 6 7 4 3 1 0 2 5
63 48 15 5 4 3 6 7 1 2 0
63 48 15 7 4 0 3 6 1 2 5
63 48 15 7 4 3 2 6 1 0 5
63 48 15 5 7 3 6 1 4 2 0
63 48 15 5 4 2 6 1 0 7 3
63 49 14 1 4 6 2 5 7 0 3
63 49 14 1 4 0 2 5 7 6 3
63 50 13 5 4 6 3 1 7 2 0
63 52 11 1 7 4 3 5 0 2 6
63 54 9 1 3 6 5 4 7 2 0
64 48 16 5 3 0 6 4 7 2 1
64 48 16 7 0 4 6 1 2 3 5
64 48 16 6 7 3 0 1 4 2 5
64 49 15 6 4 3 1 7 2 0 5
64 49 15 0 4 3 2 5 7 6 1
64 50 14 4 3 0 6 5 7 2 1
64 50 14 4 7 3 6 5 0 2 1
64 51 13 1 4 5 0 6 7 2 3
64 51 13 1 4 2 5 6 7 0 3
64 52 12 1 3 2 6 7 4 0 5
64 52 12 0 1 4 3 5 7 2 6
64 53 11 1 3 2 6 4 7 5 0
64 54 10 1 7 3 6 5 4 2 0
64 54 10 1 4 6 2 5 7 3 0
65 45 20 6 4 0 2 1 7 5 3
65 48 17 0 5 3 6 4 7 2 1
65 48 17 5 7 3 6 4 0 2 1
65 48 17 7 4 6 0 1 2 3 5
65 48 17 6 4 3 0 7 1 2 5
65 48 17 0 4 3 7 6 1 2 5
65 49 16 6 0 4 2 1 7 3 5
65 49 16 6 4 2 0 1 7 3 5
65 49 16 6 0 3 1 7 4 2 5
65 49 16 1 4 6 5 0 7 2 3
65 51 14 1 0 4 5 6 7 2 3
65 52 13 1 3 6 0 7 4 2 5
65 53 12 5 4 3 1 6 7 0 2
65 53 12 0 4 3 6 5 1 7 2
65 53 12 1 3 2 6 4 0 7 5
65 53 12 1 7 4 6 5 0 3 2
65 54 11 1 7 3 6 4 2 5 0
65 54 11 1 0 4 2 5 7 3 6
65 54 11 1 4 2 0 5 7 3 6
65 55 10 4 1 3 6 5 7 2 0
66 48 18 1 4 0 6 7 2 5 3
66 49 17 0 5 4 6 1 7 2 3
66 49 17 5 7 4 6 1 0 2 3
66 49 17 0 4 6 1 5 7 2 3
66 50 16 7 3 0 6 4 1 2 5
66 51 15 6 3 0 1 4 7 2 5
66 52 14 1 0 4 6 7 2 3 5
66 53 13 7 4 3 6 5 2 0 1
66 53 13 5 4 3 6 2 1 7 0
66 53 13 0 1 4 6 5 7 3 2
66 54 12 1 4 6 3 5 7 0 2
66 57 9 1 4 2 3 0 6 7 5
67 48 19 0 4 3 6 7 2 5 1
67 51 16 0 6 3 1 4 7 2 5
67 51 16 6 7 3 1 4 0 2 5
67 52 15 6 4 0 3 5 7 2 1
67 52 15 6 4 3 2 5 7 0 1
67 52 15 1 4 6 0 7 2 3 5
67 53 14 7 0 3 6 5 4 2 1
67 53 14 7 1 3 6 0 4 2 5
67 53 14 5 1 3 6 7 4 2 0
67 53 14 4 3 0 1 6 7 2 5
67 53 14 4 7 3 1 6 0 2 5
67 53 14 5 4 3 0 6 1 7 2
67 53 14 0 5 3 6 1 4 7 2
67 53 14 5 3 0 6 1 4 7 2
67 54 13 1 3 6 4 0 7 2 5
67 54 13 5 4 3 0 1 7 6 2
67 56 11 5 4 2 3 1 7 6 0
67 57 10 1 4 3 5 0 6 7 2
67 57 10 1 0 2 3 6 4 7 5
67 60 7 1 4 3 2 6 5 7 0
68 50 18 0 4 6 5 1 7 2 3
68 50 18 5 4 6 2 1 7 0 3
68 53 15 4 0 3 5 6 7 2 1
68 53 15 7 4 3 6 0 5 2 1
68 54 14 1 7 3 0 6 4 2 5
68 54 14 4 3 2 0 1 7 5 6
68 55 13 4 3 2 6 0 1 7 5
68 56 12 4 7 3 6 5 1 0 2
68 56 12 0 4 3 2 1 6 7 5
68 56 12 1 0 3 2 4 6 7 5
68 56 12 1 4 3 0 2 6 7 5
68 57 11 1 0 3 5 6 4 7 2
68 57 11 1 3 0 2 6 4 7 5
68 58 10 1 3 0 5 4 7 2 6
68 58 10 1 3 6 0 5 4 7 2
68 58 10 1 3 7 6 5 4 0 2
68 58 10 1 4 0 3 5 7 6 2
68 59 9 2 1 3 6 5 4 7 0
69 50 19 5 4 6 1 0 7 2 3
69 53 16 6 1 3 0 7 4 2 5
69 53 16 4 1 3 6 7 0 2 5
69 53 16 5 0 3 6 4 1 7 2
69 54 15 1 3 6 2 4 7 0 5
69 54 15 1 7 0 6 4 2 3 5
69 54 15 5 4 3 2 0 7 6 1
69 55 14 4 1 3 0 6 7 2 5
69 55 14 4 0 2 6 1 3 7 5
69 56 13 7 4 3 1 0 6 2 5
69 56 13 7 4 3 1 6 2 0 5
69 56 13 5 1 3 6 4 7 0 2
69 56 13 5 1 3 0 4 7 2 6
69 56 13 5 4 2 3 1 0 7 6
69 56 13 5 4 3 2 0 1 7 6
69 56 13 5 0 3 2 1 4 7 6
69 56 13 4 7 3 0 5 1 2 6
69 56 13 7 4 3 6 5 0 1 2
69 56 13 1 4 2 0 6 7 5 3
69 56 13 1 4 2 3 0 7 5 6
69 57 12 6 4 3 1 5 0 7 2
69 57 12 1 4 0 3 6 7 5 2
69 57 12 0 1 3 2 6 4 7 5
69 58 11 6 1 3 5 4 7 2 0
69 58 11 1 4 3 5 7 2 0 6
69 58 11 1 0 3 5 7 4 2 6
69 58 11 1 7 3 5 4 0 2 6
69 58 11 1 0 2 6 5 4 7 3
69 58 11 1 4 2 0 5 7 6 3
69 60 9 1 0 2 3 5 4 7 6
69 62 7 1 4 3 2 5 6 0 7
69 62 7 1 4 3 0 5 6 7 2
70 54 16 4 3 2 6 0 7 5 1
70 54 16 0 4 6 1 5 7 3 2
70 54 16 1 4 6 5 0 7 3 2
70 54 16 0 4 3 2 1 7 6 5
70 56 14 7 0 3 1 6 4 2 5
70 56 14 5 1 3 6 0 7 2 4
70 56 14 1 4 2 6 0 7 3 5
70 57 13 4 3 0 1 5 7 2 6
70 57 13 4 7 3 1 5 0 2 6
70 58 12 1 4 2 6 0 5 7 3
70 58 12 1 4 2 3 0 7 6 5
70 59 11 1 4 3 6 2 5 0 7
70 59 11 1 4 3 0 2 5 7 6
70 60 10 1 4 0 3 6 5 7 2
70 60 10 1 4 2 3 0 5 7 6
70 60 10 1 3 0 2 5 4 7 6
71 53 18 7 4 3 5 6 0 2 1
71 53 18 5 4 0 1 6 7 2 3
71 54 17 0 3 6 1 4 7 2 5
71 54 17 4 3 0 6 1 7 5 2
71 54 17 0 3 2 6 1 7 5 4
71 56 15 4 7 3 0 1 2 5 6
71 56 15 7 4 0 6 5 1 3 2
71 57 14 4 3 6 5 1 7 0 2
71 57 14 7 4 0 3 5 1 2 6
71 57 14 7 4 3 2 5 1 0 6
71 57 14 1 4 3 6 0 7 5 2
71 58 13 6 0 3 5 1 4 7 2
71 58 13 0 1 3 5 4 7 2 6
71 58 13 0 4 3 1 5 7 6 2
71 58 13 1 4 3 5 0 7 6 2
71 59 12 4 0 3 6 5 1 2 7
71 59 12 1 4 3 6 5 0 2 7
71 59 12 5 1 3 6 0 4 7 2
71 59 12 6 1 3 0 5 4 7 2
71 59 12 4 1 3 6 5 0 7 2
71 60 11 6 4 3 2 5 1 7 0
71 60 11 1 7 4 3 0 6 2 5
71 60 11 1 7 4 3 6 2 0 5
71 60 11 0 1 3 2 5 4 7 6
71 61 10 7 3 6 5 1 4 2 0
72 54 18 5 4 0 2 1 7 6 3
72 56 16 0 7 3 6 5 1 2 4
72 57 15 0 5 4 3 1 7 2 6
72 57 15 5 7 4 3 1 0 2 6
72 57 15 0 4 3 7 5 1 2 6
72 57 15 6 4 0 1 5 7 3 2
72 57 15 0 4 3 1 6 7 5 2
72 58 14 6 1 3 4 0 7 2 5
72 58 14 0 4 3 7 1 2 5 6
72 58 14 7 4 3 5 1 2 0 6
72 58 14 1 4 6 3 0 7 2 5
72 59 13 5 3 6 4 1 7 2 0
72 59 13 1 4 3 2 7 0 5 6
72 59 13 1 4 3 0 2 7 5 6
72 60 12 7 0 3 5 1 4 2 6
72 60 12 7 4 3 1 5 2 0 6
72 61 11 5 4 3 2 6 7 1 0
72 66 6 1 4 2 3 5 6 7 0
73 56 17 4 7 3 6 0 2 5 1
73 56 17 0 4 2 6 5 7 3 1
73 56 17 0 4 2 3 6 7 5 1
73 57 16 4 3 0 5 1 7 2 6
73 57 16 7 4 3 5 0 1 2 6
73 58 15 6 4 3 5 0 1 7 2
73 58 15 7 4 0 3 1 2 5 6
73 58 15 0 4 2 3 5 7 6 1
73 59 14 7 1 3 6 4 2 0 5
73 59 14 5 4 6 2 1 7 3 0
73 59 14 5 4 3 1 7 2 0 6
73 59 14 5 0 3 1 7 4 2 6
73 59 14 3 0 6 4 1 7 2 5
73 59 14 5 4 3 6 0 1 2 7
73 59 14 6 4 3 0 5 1 2 7
73 60 13 5 3 0 1 4 7 2 6
73 60 13 4 3 6 2 1 7 5 0
73 60 13 4 7 3 5 6 1 2 0
73 60 13 7 0 3 1 5 4 2 6
73 60 13 0 4 3 2 6 1 7 5
73 60 13 1 0 4 5 6 7 3 2
73 60 13 1 4 5 0 6 7 3 2
73 60 13 0 4 3 1 6 5 7 2
73 60 13 1 4 3 7 6 5 0 2
73 61 12 4 3 6 1 5 7 2 0
73 61 12 7 3 2 6 1 4 5 0
73 61 12 1 7 4 6 5 2 0 3
73 61 12 1 4 3 7 0 2 5 6
73 61 12 5 1 4 3 6 7 2 0
73 61 12 1 4 3 2 7 0 6 5
73 62 11 2 4 3 6 1 5 7 0
73 62 11 1 4 2 5 6 7 3 0
73 63 10 1 7 4 3 5 2 0 6
73 63 10 1 3 6 5 4 7 0 2
74 56 18 5 1 0 6 4 7 2 3
74 56 18 0 7 3 6 1 2 5 4
74 56 18 4 7 0 6 5 1 2 3
74 57 17 4 3 6 5 0 7 2 1
74 57 17 0 3 6 5 1 7 2 4
74 58 16 6 1 0 3 4 7 2 5
74 58 16 6 1 3 2 4 7 0 5
74 58 16 0 5 4 6 1 7 3 2
74 58 16 5 7 4 6 1 0 3 2
74 58 16 7 4 3 1 0 2 5 6
74 59 15 5 0 4 2 1 7 3 6
74 59 15 5 4 2 0 1 7 3 6
74 59 15 6 4 5 0 1 7 3 2
74 59 15 4 7 3 5 1 0 2 6
74 59 15 1 0 3 2 4 7 5 6
74 60 14 0 5 3 1 4 7 2 6
74 60 14 5 7 3 1 4 0 2 6
74 60 14 4 3 6 2 1 0 7 5
74 60 14 4 3 0 2 1 7 6 5
74 60 14 0 7 3 4 6 1 2 5
74 60 14 7 4 3 1 0 5 2 6
74 60 14 6 4 2 3 0 1 7 5
74 60 14 6 0 2 3 1 4 7 5
74 60 14 0 6 3 2 1 4 7 5
74 61 13 5 4 3 6 7 2 1 0
74 61 13 5 4 2 3 6 7 0 1
74 61 13 5 4 3 2 6 0 7 1
74 61 13 1 4 3 6 2 0 5 7
74 61 13 1 4 3 0 6 2 5 7
74 61 13 1 4 3 0 2 7 6 5
74 61 13 0 4 3 2 1 5 7 6
74 61 13 1 0 3 2 4 5 7 6
74 62 12 1 6 4 3 0 7 2 5
74 62 12 3 1 4 6 5 7 2 0
74 62 12 4 0 3 6 1 5 7 2
74 62 12 1 3 0 6 4 5 7 2
74 62 12 1 5 3 6 4 0 7 2
74 62 12 1 4 0 2 5 6 7 3
74 63 11 1 0 4 2 5 7 6 3
74 64 10 1 4 5 3 6 7 2 0
74 64 10 1 7 3 6 5 4 0 2
74 65 9 1 3 6 5 7 4 2 0
75 58 17 0 4 6 3 5 7 2 1
75 59 16 5 4 6 3 1 7 0 2
75 59 16 6 0 4 5 1 7 3 2
75 59 16 7 3 6 4 1 0 2 5
75 59 16 1 4 0 6 2 5 7 3
75 60 15 4 7 0 3 6 1 2 5
75 60 15 4 7 3 2 6 1 0 5
75 60 15 6 3 0 2 1 4 7 5
75 61 14 4 0 3 6 1 2 5 7
75 61 14 5 0 4 3 6 7 2 1
75 61 14 0 3 6 7 1 4 2 5
75 61 14 7 4 3 5 6 1 0 2
75 61 14 1 7 4 6 0 5 2 3
75 61 14 1 4 0 3 7 2 5 6
75 61 14 6 1 4 3 0 7 2 5
75 61 14 3 1 4 0 6 7 2 5
75 61 14 1 0 3 2 4 7 6 5
75 62 13 1 0 4 2 6 7 5 3
75 62 13 1 4 5 2 6 7 0 3
75 62 13 6 4 5 3 1 7 2 0
75 62 13 0 1 3 6 4 5 7 2
75 62 13 1 7 4 2 6 0 3 5
75 62 13 0 4 3 2 5 6 7 1
75 63 12 7 4 3 2 6 1 5 0
75 63 12 1 4 6 2 5 0 7 3
75 63 12 1 7 4 3 0 5 2 6
75 64 11 6 7 3 5 1 4 2 0
75 64 11 1 3 2 6 7 4 5 0
75 64 11 1 3 2 0 4 7 5 6
75 64 11 1 7 3 0 5 4 2 6
75 65 10 2 4 3 6 5 1 7 0
75 65 10 4 1 3 6 5 7 0 2
75 67 8 1 3 6 4 5 7 2 0
76 56 20 4 7 0 6 1 2 5 3
76 59 17 6 4 2 0 1 7 5 3
76 59 17 6 4 2 3 0 7 5 1
76 59 17 0 4 2 3 1 7 5 6
76 59 17 0 4 3 6 2 5 7 1
76 60 16 6 4 0 3 1 7 5 2
76 60 16 0 4 3 6 1 7 5 2
76 61 15 2 4 3 6 1 0 5 7
76 61 15 7 3 2 6 1 0 4 5
76 61 15 1 0 3 6 4 2 5 7
76 61 15 7 1 4 3 6 0 2 5
76 62 14 7 4 2 6 5 1 0 3
76 62 14 4 0 3 2 1 7 5 6
76 62 14 2 4 3 0 1 7 5 6
76 62 14 6 4 2 5 1 7 3 0
76 62 14 5 6 4 3 1 7 2 0
76 62 14 6 4 3 0 1 5 7 2
76 62 14 0 1 4 2 6 7 3 5
76 63 13 7 4 2 3 6 1 0 5
76 63 13 5 7 3 0 1 4 2 6
76 63 13 1 3 6 5 0 7 2 4
76 64 12 4 0 3 2 5 7 6 1
76 64 12 2 4 3 0 5 7 6 1
76 64 12 4 3 2 6 5 7 0 1
76 64 12 6 1 4 3 5 7 2 0
76 65 11 4 0 3 6 5 1 7 2
76 65 11 1 3 2 6 0 4 7 5
76 65 11 1 7 4 6 5 3 0 2
76 65 11 1 7 3 0 4 2 5 6
76 65 11 4 1 3 0 5 7 2 6
76 66 10 1 4 6 3 5 0 7 2
76 67 9 1 4 3 5 2 6 7 0
76 67 9 1 2 0 3 6 4 7 5
76 67 9 1 4 3 2 6 5 0 7
76 68 8 1 3 6 2 5 4 7 0
77 59 18 0 4 6 5 1 7 3 2
77 59 18 5 4 6 1 0 7 3 2
77 60 17 4 0 7 6 1 2 3 5
77 60 17 4 7 6 0 1 2 3 5
77 60 17 6 4 3 1 0 7 5 2
77 60 17 6 0 3 2 4 1 7 5
77 60 17 6 4 3 0 2 1 7 5
77 61 16 4 3 6 1 7 0 2 5
77 61 16 5 7 3 6 4 1 2 0
77 61 16 4 3 0 6 7 1 2 5
77 61 16 7 4 3 6 2 0 5 1
77 61 16 6 4 3 0 1 2 5 7
77 61 16 5 4 0 2 6 7 3 1
77 61 16 7 3 6 1 0 4 2 5
77 61 16 7 3 6 2 1 4 0 5
77 62 15 7 0 4 6 5 1 2 3
77 62 15 5 1 4 6 0 7 2 3
77 62 15 6 1 4 0 5 7 2 3
77 63 14 7 4 5 6 1 2 0 3
77 63 14 6 4 2 1 5 7 0 3
77 63 14 6 3 0 5 4 7 2 1
77 63 14 4 0 3 2 6 7 5 1
77 63 14 2 4 3 0 6 7 5 1
77 63 14 5 4 3 6 7 1 0 2
77 63 14 7 0 4 3 6 1 2 5
77 63 14 7 4 3 2 6 0 1 5
77 63 14 5 7 3 6 1 4 0 2
77 64 13 4 7 3 6 5 2 0 1
77 64 13 1 4 2 5 6 0 7 3
77 64 13 1 3 2 6 7 0 4 5
77 64 13 5 1 4 3 0 7 2 6
77 64 13 3 1 4 0 5 7 2 6
77 64 13 1 3 2 6 0 7 5 4
77 65 12 1 3 6 7 0 4 2 5
77 65 12 5 4 3 1 6 0 7 2
77 65 12 1 7 4 2 5 0 3 6
77 66 11 7 4 3 6 5 2 1 0
77 66 11 2 1 4 6 5 7 3 0
77 67 10 5 4 3 2 6 1 7 0
77 68 9 1 7 3 5 6 4 2 0
77 68 9 1 3 5 0 4 7 2 6
77 68 9 1 3 2 5 4 7 0 6
77 68 9 1 3 7 6 5 4 2 0
77 68 9 1 0 4 3 5 7 6 2
77 68 9 2 1 3 6 5 4 0 7
77 68 9 2 1 3 0 5 4 7 6
77 69 8 1 2 0 3 5 4 7 6
77 69 8 1 4 0 3 5 6 7 2
78 61 17 6 7 3 0 4 1 2 5
78 61 17 7 4 3 0 6 2 5 1
78 61 17 0 4 3 5 6 1 2 7
78 61 17 5 4 2 6 0 7 3 1
78 61 17 0 4 3 1 7 2 5 6
78 62 16 7 4 6 0 5 1 2 3
78 62 16 5 3 0 6 7 4 2 1
78 62 16 6 4 2 5 1 0 7 3
78 62 16 3 6 4 0 1 7 2 5
78 62 16 7 1 4 6 5 0 2 3
78 62 16 0 4 2 1 6 7 3 5
78 63 15 6 0 4 1 5 7 2 3
78 63 15 6 4 3 5 7 2 0 1
78 63 15 6 0 3 5 7 4 2 1
78 63 15 6 7 3 5 4 0 2 1
78 63 15 6 7 4 3 1 2 0 5
78 63 15 5 4 3 0 7 1 2 6
78 63 15 5 4 2 6 0 1 7 3
78 63 15 5 0 2 6 1 4 7 3
78 64 14 7 2 4 6 1 0 3 5
78 64 14 6 4 3 1 7 2 5 0
78 64 14 4 3 6 0 5 7 2 1
78 64 14 7 1 4 3 5 0 2 6
78 65 13 1 5 3 6 4 7 2 0
78 65 13 7 4 6 5 1 2 3 0
78 65 13 6 4 3 0 5 1 7 2
78 65 13 1 0 2 6 4 3 7 5
78 65 13 1 7 4 6 0 5 3 2
78 65 13 0 1 4 2 5 7 3 6
78 66 12 1 2 4 6 7 0 3 5
78 66 12 0 4 2 3 1 6 7 5
78 66 12 1 0 2 3 4 6 7 5
78 66 12 1 4 2 0 3 6 7 5
78 67 11 6 4 3 2 5 7 1 0
78 67 11 7 1 3 6 5 4 2 0
78 67 11 1 5 3 6 0 4 7 2
78 68 10 4 3 2 6 5 1 7 0
78 68 10 1 3 0 5 6 4 7 2
78 68 10 1 3 2 0 6 4 7 5
78 68 10 1 3 6 7 5 4 0 2
78 69 9 1 4 3 5 7 2 6 0
78 69 9 1 7 3 5 4 2 0 6
78 69 9 1 4 3 2 5 0 6 7
78 70 8 1 4 2 3 6 5 7 0
79 61 18 4 0 6 1 3 7 2 5
79 61 18 7 0 3 6 4 2 5 1
79 61 18 5 4 0 6 7 2 3 1
79 61 18 7 4 0 5 6 1 2 3
79 61 18 0 4 2 6 1 7 3 5
79 62 17 6 4 3 2 7 0 5 1
79 62 17 6 4 3 0 2 7 5 1
79 62 17 7 4 3 2 1 0 5 6
79 62 17 0 5 3 6 7 4 2 1
79 62 17 6 4 5 1 0 7 2 3
79 62 17 6 4 5 2 1 7 0 3
79 62 17 7 6 4 3 1 0 2 5
79 63 16 7 4 6 0 1 2 5 3
79 63 16 6 4 1 0 5 7 2 3
79 63 16 0 6 3 5 4 7 2 1
79 63 16 6 7 4 5 1 0 2 3
79 63 16 6 7 4 3 0 1 2 5
79 63 16 7 4 0 2 6 1 3 5
79 64 15 5 3 6 0 4 7 2 1
79 64 15 5 3 2 6 4 7 0 1
79 64 15 7 4 3 2 5 0 6 1
79 64 15 4 7 3 6 0 5 2 1
79 64 15 1 3 0 6 4 7 5 2
79 64 15 1 4 6 2 0 7 3 5
79 65 14 6 4 3 5 7 1 2 0
79 65 14 5 4 3 7 6 1 2 0
79 65 14 1 4 6 5 3 7 2 0
79 65 14 1 7 4 5 6 0 2 3
79 65 14 1 7 3 6 0 2 5 4
79 65 14 0 1 3 6 5 7 2 4
79 66 13 1 4 5 6 7 2 0 3
79 66 13 5 4 3 0 2 1 7 6
79 67 12 1 4 6 5 7 2 3 0
79 67 12 4 3 2 1 6 7 0 5
79 67 12 2 5 3 6 1 4 7 0
79 67 12 5 3 7 6 1 4 0 2
79 67 12 1 3 6 4 7 0 2 5
79 67 12 0 1 2 3 6 4 7 5
79 68 11 4 0 3 2 1 6 7 5
79 68 11 2 4 3 0 1 6 7 5
79 68 11 5 4 3 2 1 6 7 0
79 68 11 1 3 0 2 4 6 7 5
79 68 11 1 4 0 3 2 6 7 5
79 68 11 1 4 3 7 2 6 0 5
79 68 11 1 3 7 2 6 4 0 5
79 69 10 7 4 3 1 5 6 2 0
79 69 10 1 3 0 5 7 4 2 6
79 69 10 1 7 3 5 0 4 2 6
79 69 10 1 2 0 6 5 4 7 3
79 69 10 1 4 0 2 5 6 3 7
79 70 9 1 0 4 3 6 5 7 2
79 70 9 1 3 2 0 5 4 7 6
79 70 9 1 3 7 2 5 4 0 6
79 71 8 1 4 3 5 2 7 6 0
79 71 8 1 7 4 3 5 6 2 0
79 72 7 1 4 2 3 5 6 0 7
80 62 18 0 4 5 6 1 7 2 3
80 63 17 7 0 4 6 1 2 5 3
80 63 17 7 4 3 2 6 0 5 1
80 63 17 0 6 4 5 1 7 2 3
80 63 17 5 7 3 6 0 4 2 1
80 63 17 5 4 6 3 0 7 2 1
80 63 17 0 3 6 5 4 7 2 1
80 64 16 6 7 0 3 1 4 2 5
80 64 16 1 4 5 6 0 7 2 3
80 64 16 1 7 0 6 5 4 2 3
80 65 15 4 5 3 6 0 7 2 1
80 65 15 5 7 3 6 4 2 0 1
80 65 15 4 0 3 7 6 1 2 5
80 65 15 6 4 3 7 0 1 2 5
80 65 15 1 4 3 7 6 0 2 5
80 65 15 6 3 0 1 7 4 2 5
80 65 15 1 4 6 5 7 0 2 3
80 65 15 1 0 6 5 4 7 2 3
80 65 15 1 3 6 2 7 4 0 5
80 65 15 5 4 0 1 6 7 3 2
80 65 15 0 4 2 1 5 7 3 6
80 65 15 1 4 2 5 0 7 3 6
80 66 14 1 5 4 6 0 7 2 3
80 66 14 3 4 6 1 5 7 2 0
80 66 14 6 3 2 1 4 7 0 5
80 66 14 5 4 3 6 2 1 0 7
80 66 14 5 1 4 6 0 7 3 2
80 66 14 6 1 4 0 5 7 3 2
80 67 13 6 4 2 3 5 7 0 1
80 67 13 6 4 3 2 5 0 7 1
80 67 13 5 1 3 6 7 4 0 2
80 67 13 5 1 3 0 7 4 2 6
80 67 13 4 7 3 1 0 6 2 5
80 67 13 4 7 3 1 6 2 0 5
80 67 13 5 4 0 3 6 1 7 2
80 67 13 5 3 6 0 1 4 7 2
80 67 13 0 4 3 5 1 6 7 2
80 67 13 1 0 3 5 4 6 7 2
80 68 12 0 1 3 2 4 6 7 5
80 68 12 1 6 3 2 4 0 7 5
80 68 12 1 3 6 5 0 4 7 2
80 68 12 1 3 7 6 5 0 4 2
80 68 12 2 1 3 6 0 4 7 5
80 69 11 6 1 3 5 7 4 2 0
80 69 11 1 3 6 2 4 7 5 0
80 69 11 4 1 3 5 6 7 2 0
80 69 11 1 0 4 3 6 7 5 2
80 69 11 1 4 5 3 6 7 0 2
80 69 11 2 1 3 0 6 4 7 5
80 69 11 5 1 3 2 6 4 7 0
80 69 11 0 1 2 3 5 4 7 6
80 69 11 0 4 3 1 5 6 7 2
80 69 11 1 4 3 7 5 6 0 2
80 70 10 1 4 2 6 3 5 7 0
80 70 10 1 4 3 7 2 5 0 6
80 71 9 1 4 3 6 5 2 0 7
80 71 9 6 1 3 2 5 4 7 0
81 62 19 6 0 3 2 4 7 5 1
81 63 18 5 7 0 6 1 4 2 3
81 63 18 0 4 6 3 1 7 2 5
81 64 17 0 7 4 6 1 2 3 5
81 64 17 6 7 3 1 0 4 2 5
81 64 17 6 7 3 2 1 4 0 5
81 64 17 0 4 5 1 6 7 2 3
81 64 17 0 7 3 6 5 4 2 1
81 65 16 6 5 3 0 4 7 2 1
81 65 16 0 6 4 2 1 7 3 5
81 65 16 0 6 3 1 7 4 2 5
81 65 16 0 1 4 5 6 7 2 3
81 65 16 1 7 0 6 4 2 5 3
81 65 16 4 1 0 6 5 7 2 3
81 66 15 1 0 4 6 7 2 5 3
81 66 15 1 4 6 0 7 2 5 3
81 66 15 3 5 4 6 1 7 2 0
81 66 15 4 0 6 1 5 7 2 3
81 66 15 7 3 6 0 4 1 2 5
81 66 15 7 3 2 6 4 1 0 5
81 66 15 6 3 1 0 4 7 2 5
81 66 15 7 1 4 6 5 0 3 2
81 67 14 4 6 3 1 0 7 2 5
81 67 14 1 6 3 0 4 7 2 5
81 67 14 6 7 3 1 4 2 0 5
81 67 14 6 0 4 3 5 7 2 1
81 67 14 5 1 3 6 0 4 2 7
81 67 14 4 3 1 0 6 7 2 5
81 67 14 6 5 3 0 1 4 7 2
81 67 14 1 0 6 4 3 7 2 5
81 67 14 5 4 0 3 1 7 6 2
81 67 14 1 4 0 2 6 5 7 3
81 68 13 7 4 3 6 1 5 2 0
81 68 13 1 7 0 3 6 4 2 5
81 68 13 1 7 3 2 6 4 0 5
81 68 13 4 7 3 6 5 0 1 2
81 68 13 0 1 3 5 6 4 7 2
81 69 12 1 3 0 2 4 7 6 5
81 69 12 0 1 3 4 6 7 2 5
81 69 12 7 4 3 1 6 2 5 0
81 69 12 0 4 3 2 5 1 7 6
81 69 12 6 0 3 1 5 4 7 2
81 69 12 6 1 3 5 4 7 0 2
81 70 11 1 4 6 5 2 7 3 0
81 70 11 4 3 2 1 5 7 0 6
81 70 11 1 4 7 3 6 5 0 2
81 71 10 7 4 3 2 5 1 6 0
81 71 10 2 4 3 1 5 7 6 0
81 71 10 1 0 3 6 5 4 2 7
81 71 10 1 7 4 3 6 2 5 0
81 72 9 6 1 3 4 5 7 2 0
81 72 9 1 4 2 0 5 6 7 3
81 73 8 1 7 4 3 5 2 6 0
82 64 18 6 4 0 1 7 2 3 5
82 64 18 0 4 6 2 5 7 3 1
82 65 17 6 0 4 2 1 7 5 3
82 65 17 0 4 6 7 1 2 3 5
82 65 17 7 4 6 3 1 2 0 5
82 65 17 6 4 0 3 7 1 2 5
82 65 17 6 4 3 2 7 1 0 5
82 65 17 6 7 4 2 1 0 3 5
82 65 17 0 3 6 1 7 4 2 5
82 66 16 5 7 4 6 1 2 0 3
82 66 16 0 1 4 6 7 2 3 5
82 66 16 7 4 0 6 5 2 3 1
82 67 15 5 6 3 1 4 7 2 0
82 67 15 1 4 6 7 0 2 3 5
82 67 15 1 4 6 3 7 2 0 5
82 67 15 7 3 0 6 5 4 2 1
82 67 15 7 1 3 0 6 4 2 5
82 67 15 0 4 3 5 6 1 7 2
82 67 15 5 4 3 7 6 1 0 2
82 67 15 4 5 3 6 1 0 7 2
82 67 15 0 4 3 5 1 7 6 2
82 67 15 5 4 3 1 0 7 6 2
82 67 15 5 4 2 0 1 7 6 3
82 67 15 5 4 2 3 0 7 6 1
82 67 15 0 4 3 2 6 5 7 1
82 68 14 0 3 2 4 1 7 5 6
82 68 14 4 3 2 0 6 1 7 5
82 68 14 0 4 3 1 2 6 7 5
82 68 14 0 3 6 1 5 4 7 2
82 68 14 2 1 0 6 5 4 7 3
82 69 13 4 1 3 6 7 2 0 5
82 69 13 5 1 3 6 4 0 7 2
82 69 13 1 3 6 2 4 0 7 5
82 69 13 4 1 0 3 6 7 2 5
82 69 13 4 1 3 2 6 7 0 5
82 69 13 4 2 0 6 1 3 7 5
82 69 13 5 1 3 4 0 7 2 6
82 69 13 5 4 2 3 0 1 7 6
82 69 13 5 0 2 3 1 4 7 6
82 69 13 5 3 0 2 1 4 7 6
82 69 13 0 7 3 4 5 1 2 6
82 69 13 7 0 3 6 5 4 1 2
82 69 13 1 4 2 3 7 0 5 6
82 69 13 6 4 3 1 0 5 7 2
82 69 13 6 1 3 2 0 4 7 5
82 69 13 4 1 3 2 6 0 7 5
82 69 13 1 4 0 5 7 2 3 6
82 69 13 0 1 3 5 7 4 2 6
82 69 13 0 1 2 6 5 4 7 3
82 70 12 4 7 3 1 5 2 0 6
82 70 12 1 4 2 3 7 0 6 5
82 70 12 1 4 0 3 2 5 7 6
82 71 11 4 0 3 1 5 7 6 2
82 71 11 4 1 3 6 5 0 2 7
82 71 11 1 4 3 6 0 5 2 7
82 71 11 5 1 3 6 2 4 7 0
82 71 11 4 1 3 6 0 5 7 2
82 71 11 7 3 6 5 1 4 0 2
82 72 10 7 4 3 5 1 2 6 0
82 72 10 7 4 3 1 5 2 6 0
82 73 9 1 4 3 7 2 0 5 6
82 73 9 1 3 0 5 4 7 6 2
83 63 20 5 4 0 6 7 1 2 3
83 64 19 0 3 2 6 4 7 5 1
83 65 18 7 5 3 6 4 0 2 1
83 65 18 6 4 2 1 0 7 3 5
83 66 17 6 5 4 0 1 7 2 3
83 66 17 5 7 4 6 0 1 2 3
83 66 17 0 4 3 6 2 1 7 5
83 67 16 4 0 3 6 7 2 5 1
83 67 16 6 4 0 2 5 7 3 1
83 67 16 0 4 2 3 1 7 6 5
83 68 15 3 4 6 5 1 7 2 0
83 68 15 4 3 0 2 1 7 5 6
83 68 15 4 3 2 5 1 7 0 6
83 68 15 0 3 2 6 4 1 7 5
83 68 15 4 7 0 6 5 1 3 2
83 69 14 6 1 3 7 0 4 2 5
83 69 14 1 0 7 6 4 2 3 5
83 69 14 1 7 6 0 4 2 3 5
83 69 14 0 4 3 1 7 6 2 5
83 69 14 5 1 0 3 4 7 2 6
83 69 14 0 5 3 2 1 4 7 6
83 69 14 4 7 0 3 5 1 2 6
83 69 14 4 7 3 2 5 1 0 6
83 69 14 7 4 3 6 0 5 1 2
83 69 14 1 4 2 5 0 7 6 3
83 70 13 2 4 6 1 5 7 3 0
83 70 13 4 0 3 2 1 7 6 5
83 70 13 2 4 3 0 1 7 6 5
83 70 13 4 3 1 0 5 7 2 6
83 70 13 1 4 2 0 6 5 7 3
83 70 13 0 4 2 3 1 5 7 6
83 70 13 1 0 2 3 4 5 7 6
83 70 13 1 4 2 0 3 5 7 6
83 71 12 7 4 2 3 5 1 0 6
83 71 12 1 4 3 6 2 7 5 0
83 71 12 6 3 0 5 1 4 7 2
83 71 12 1 4 3 5 7 0 6 2
83 71 12 1 0 3 5 4 7 6 2
83 71 12 6 1 0 3 5 4 7 2
83 71 12 6 1 3 7 5 4 0 2
83 71 12 6 4 3 2 5 1 0 7
83 71 12 5 1 3 2 0 4 7 6
83 71 12 4 1 3 2 5 0 7 6
83 72 11 1 4 3 2 7 5 0 6
83 72 11 1 4 3 5 2 7 0 6
83 72 11 7 3 0 5 1 4 2 6
83 73 10 2 4 3 1 6 5 7 0
83 73 10 1 4 3 7 6 5 2 0
83 73 10 1 7 4 6 5 2 3 0
83 73 10 1 4 3 7 6 2 5 0
83 73 10 1 4 3 2 7 6 0 5
83 74 9 1 6 4 3 5 7 2 0
83 74 9 1 0 4 2 5 6 7 3
83 75 8 1 3 6 4 5 7 0 2
84 65 19 7 4 6 1 0 2 3 5
84 65 19 0 7 3 6 4 2 5 1
84 66 18 7 4 6 1 5 0 2 3
84 66 18 5 4 0 6 2 1 7 3
84 67 17 2 4 3 6 7 0 5 1
84 68 16 5 4 6 2 1 0 7 3
84 68 16 4 3 0 5 6 7 2 1
84 68 16 4 7 3 5 6 0 2 1
84 68 16 0 4 3 6 7 5 2 1
84 68 16 7 4 3 0 6 5 2 1
84 68 16 0 7 3 1 6 4 2 5
84 68 16 4 3 2 1 0 7 5 6
84 68 16 4 0 2 6 3 1 7 5
84 69 15 5 4 6 1 3 7 2 0
84 69 15 0 5 3 6 4 1 7 2
84 69 15 5 3 0 6 4 1 7 2
84 69 15 5 4 3 2 7 0 6 1
84 69 15 5 4 3 0 2 7 6 1
84 69 15 0 4 2 6 1 3 7 5
84 69 15 7 4 3 0 1 6 2 5
84 69 15 5 1 3 2 4 7 0 6
84 69 15 1 0 2 3 4 7 5 6
84 69 15 1 4 2 0 3 7 5 6
84 69 15 6 1 3 5 0 7 2 4
84 69 15 0 4 2 1 5 7 6 3
84 70 14 4 0 6 1 5 7 3 2
84 70 14 7 3 0 1 6 4 2 5
84 70 14 5 1 3 6 7 0 2 4
84 70 14 5 1 3 0 6 7 2 4
84 70 14 1 4 2 6 7 0 3 5
84 70 14 4 7 3 1 0 5 2 6
84 70 14 1 0 2 3 4 7 6 5
84 70 14 1 4 2 0 3 7 6 5
84 70 14 1 4 0 6 2 5 3 7
84 71 13 4 3 0 5 1 7 6 2
84 71 13 7 0 4 3 5 1 2 6
84 71 13 7 4 3 2 5 0 1 6
84 71 13 1 4 3 6 7 0 5 2
84 71 13 4 3 0 6 5 1 2 7
84 71 13 5 1 3 0 6 4 7 2
84 71 13 1 0 4 3 7 6 2 5
84 71 13 1 7 0 3 6 2 4 5
84 72 12 1 5 4 3 0 7 2 6
84 72 12 2 4 3 1 6 7 5 0
84 72 12 5 3 6 4 1 7 0 2
84 72 12 1 4 0 3 2 7 5 6
84 73 11 1 4 5 2 6 7 3 0
84 73 11 4 0 3 1 6 5 7 2
84 73 11 1 0 3 7 4 2 5 6
84 73 11 5 1 4 3 6 7 0 2
84 73 11 2 4 3 6 1 5 0 7
84 73 11 2 4 3 0 1 5 7 6
84 73 11 1 3 6 5 4 0 7 2
84 74 10 1 3 6 5 7 4 0 2
84 76 8 1 3 2 6 5 4 7 0
84 76 8 1 2 3 0 6 4 7 5
84 77 7 1 3 2 5 4 7 6 0
84 77 7 1 2 3 0 5 4 7 6
84 77 7 1 0 4 3 5 6 7 2
85 66 19 7 5 4 6 1 0 2 3
85 67 18 6 4 3 0 7 2 5 1
85 67 18 7 6 3 1 4 0 2 5
85 67 18 5 1 0 6 7 4 2 3
85 68 17 4 0 6 5 1 7 2 3
85 69 16 6 1 0 3 7 4 2 5
85 69 16 6 1 3 2 7 4 0 5
85 69 16 7 0 3 1 4 6 2 5
85 69 16 7 4 0 1 6 2 3 5
85 69 16 5 1 0 6 4 7 3 2
85 69 16 5 0 3 2 4 1 7 6
85 69 16 1 4 2 6 0 7 5 3
85 69 16 6 1 0 5 4 7 2 3
85 70 15 1 4 6 5 7 0 3 2
85 70 15 1 0 6 5 4 7 3 2
85 70 15 0 4 2 6 1 5 7 3
85 70 15 1 0 2 6 4 5 7 3
85 70 15 0 4 3 1 2 5 7 6
85 71 14 7 4 3 5 6 2 0 1
85 71 14 7 0 3 5 6 4 2 1
85 71 14 5 4 2 1 6 7 0 3
85 71 14 5 3 6 1 4 7 2 0
85 71 14 4 0 3 6 1 7 5 2
85 71 14 4 3 5 6 1 7 0 2
85 71 14 7 0 4 6 5 1 3 2
85 71 14 0 6 3 5 1 4 7 2
85 71 14 4 1 3 5 0 7 2 6
85 71 14 7 1 3 5 4 0 2 6
85 71 14 7 4 3 1 5 0 6 2
85 71 14 6 1 3 5 0 4 7 2
85 71 14 0 7 4 3 1 6 2 5
85 71 14 1 7 4 0 3 6 2 5
85 71 14 7 3 6 5 0 4 2 1
85 72 13 7 0 3 6 5 1 2 4
85 72 13 1 7 3 6 5 0 2 4
85 72 13 5 4 3 7 0 1 2 6
85 72 13 1 4 3 7 5 0 2 6
85 72 13 4 0 3 1 6 7 5 2
85 72 13 6 1 3 4 7 0 2 5
85 72 13 4 0 3 7 1 2 5 6
85 72 13 6 4 3 7 1 2 5 0
85 72 13 1 0 3 2 7 4 5 6
85 72 13 0 7 3 5 1 4 2 6
85 72 13 5 4 3 0 6 7 1 2
85 72 13 0 4 2 3 5 6 7 1
85 73 12 6 4 3 5 2 1 7 0
85 73 12 7 4 5 3 1 2 0 6
85 73 12 4 0 2 3 5 7 6 1
85 73 12 7 1 3 6 4 2 5 0
85 73 12 5 4 3 1 7 2 6 0
85 73 12 6 4 3 7 5 1 2 0
85 73 12 5 3 2 1 4 7 0 6
85 73 12 7 3 0 1 5 4 2 6
85 73 12 4 0 3 2 6 1 7 5
85 73 12 2 4 3 0 6 1 7 5
85 73 12 1 4 3 7 6 0 5 2
85 73 12 4 3 6 1 5 7 0 2
85 73 12 7 3 2 0 1 4 5 6
85 73 12 1 0 3 2 7 4 6 5
85 73 12 1 7 0 3 5 2 4 6
85 74 11 6 4 2 3 5 1 7 0
85 74 11 1 6 3 2 0 4 7 5
85 74 11 5 4 2 3 6 7 1 0
85 74 11 1 0 3 6 2 4 5 7
85 74 11 3 1 4 6 5 7 0 2
85 74 11 1 3 7 6 4 5 0 2
85 74 11 1 4 7 2 5 6 0 3
85 74 11 1 7 3 6 5 0 4 2
85 74 11 1 3 6 5 0 4 2 7
85 75 10 4 0 3 2 5 6 7 1
85 75 10 2 4 3 0 5 6 7 1
85 75 10 1 7 4 3 6 5 2 0
85 75 10 2 4 3 6 5 1 0 7
85 75 10 2 4 3 0 5 1 7 6
85 76 9 1 4 3 5 2 6 0 7
85 77 8 1 3 6 7 5 4 2 0
85 78 7 1 3 0 7 5 4 6 2
85 78 7 1 7 3 5 4 2 6 0
86 67 19 0 4 6 1 7 2 3 5
86 68 18 7 4 6 5 1 0 2 3
86 68 18 7 0 3 6 4 5 2 1
86 69 17 5 0 3 2 4 7 6 1
86 69 17 4 7 3 5 0 1 2 6
86 69 17 0 4 2 1 6 7 5 3
86 70 16 4 3 2 6 7 0 5 1
86 70 16 4 3 2 0 6 7 5 1
86 70 16 7 4 3 2 1 0 6 5
86 70 16 5 0 3 6 1 7 2 4
86 70 16 1 0 2 6 4 7 3 5
86 71 15 7 4 3 5 0 6 2 1
86 71 15 5 0 4 1 6 7 2 3
86 71 15 4 3 6 0 1 7 5 2
86 71 15 3 0 2 6 1 7 5 4
86 71 15 0 7 3 4 1 2 5 6
86 71 15 4 7 3 5 1 2 0 6
86 71 15 7 4 6 0 5 1 3 2
86 71 15 4 3 6 5 1 0 7 2
86 71 15 7 4 0 2 5 1 3 6
86 71 15 1 0 3 6 4 7 5 2
86 71 15 0 3 6 5 1 4 2 7
86 72 14 5 7 4 3 1 2 0 6
86 72 14 4 0 3 7 5 1 2 6
86 72 14 6 0 4 1 5 7 3 2
86 72 14 7 4 0 5 1 2 3 6
86 72 14 1 4 6 3 7 0 2 5
86 73 13 4 3 5 0 1 7 2 6
86 73 13 5 3 0 1 7 4 2 6
86 73 13 5 3 1 0 4 7 2 6
86 73 13 1 4 0 7 6 5 3 2
86 73 13 2 4 3 6 0 5 7 1
86 74 12 1 3 0 2 4 7 5 6
86 74 12 1 5 3 0 4 7 2 6
86 74 12 5 7 3 1 4 2 0 6
86 74 12 7 0 3 4 6 1 2 5
86 74 12 5 7 3 4 6 1 2 0
86 74 12 1 7 3 4 6 0 2 5
86 74 12 7 4 3 1 6 5 2 0
86 74 12 5 4 3 2 0 6 7 1
86 74 12 1 4 0 3 6 2 5 7
86 74 12 1 4 0 3 2 7 6 5
86 74 12 4 0 3 2 1 5 7 6
86 74 12 1 3 0 2 4 5 7 6
86 74 12 1 5 3 2 4 0 7 6
86 74 12 1 3 6 0 4 5 7 2
86 74 12 1 5 3 6 4 7 0 2
86 74 12 1 7 4 2 5 0 6 3
86 75 11 5 3 6 7 1 4 2 0
86 75 11 1 4 5 3 7 2 0 6
86 75 11 2 1 3 6 4 5 7 0
86 75 11 1 3 2 0 7 4 5 6
86 75 11 1 3 6 0 5 7 2 4
86 75 11 1 3 0 4 5 7 2 6
86 76 10 4 3 2 6 5 7 1 0
86 76 10 1 7 4 6 5 3 2 0
86 76 10 1 0 6 3 5 4 7 2
86 76 10 1 2 7 3 6 4 0 5
86 76 10 1 3 6 2 5 4 0 7
86 77 9 1 3 5 6 4 7 2 0
86 77 9 1 3 7 0 5 4 2 6
86 77 9 1 2 7 3 5 4 0 6
86 77 9 1 4 7 3 5 6 0 2
86 78 8 1 3 7 5 6 4 0 2
86 78 8 1 3 2 5 6 4 7 0
86 79 7 1 4 3 7 2 6 5 0
86 79 7 1 3 7 2 5 4 6 0
86 80 6 1 4 3 7 2 5 6 0
87 69 18 5 4 6 1 7 0 2 3
87 69 18 5 0 6 1 4 7 2 3
87 70 17 7 4 6 1 5 0 3 2
87 71 16 5 4 1 0 6 7 2 3
87 71 16 3 0 6 1 4 7 2 5
87 71 16 6 3 2 0 1 7 5 4
87 71 16 4 7 0 3 1 2 5 6
87 72 15 5 0 4 2 1 7 6 3
87 72 15 5 7 3 6 0 1 2 4
87 72 15 6 7 3 0 5 1 2 4
87 72 15 3 5 4 0 1 7 2 6
87 72 15 6 5 4 3 1 7 2 0
87 72 15 5 7 4 3 0 1 2 6
87 72 15 6 4 1 0 5 7 3 2
87 72 15 6 0 3 4 1 7 2 5
87 72 15 2 4 3 7 1 0 5 6
87 72 15 5 3 6 0 1 7 2 4
87 72 15 5 3 6 4 0 7 2 1
87 72 15 5 3 0 4 1 7 2 6
87 72 15 0 4 3 1 2 7 5 6
87 72 15 7 4 0 1 5 2 3 6
87 72 15 5 4 3 2 0 7 1 6
87 73 14 4 0 2 6 5 7 3 1
87 73 14 4 0 2 3 6 7 5 1
87 73 14 3 4 2 0 5 7 6 1
87 73 14 0 5 3 1 7 4 2 6
87 73 14 3 6 0 4 1 7 2 5
87 73 14 5 4 3 6 1 0 2 7
87 73 14 6 4 0 3 5 1 2 7
87 73 14 4 7 3 5 6 1 0 2
87 73 14 0 7 3 1 5 4 2 6
87 73 14 1 7 4 5 6 0 3 2
87 73 14 1 7 0 6 5 2 4 3
87 73 14 5 1 4 0 6 7 2 3
87 74 13 6 1 3 2 4 7 5 0
87 74 13 1 5 4 6 0 7 3 2
87 74 13 7 4 3 1 2 0 5 6
87 74 13 1 7 3 2 4 0 5 6
87 74 13 5 7 3 1 0 4 2 6
87 74 13 4 3 2 0 1 7 6 5
87 74 13 0 4 2 3 6 1 7 5
87 74 13 6 2 0 3 1 4 7 5
87 74 13 2 6 3 0 1 4 7 5
87 74 13 5 6 3 2 1 4 7 0
87 74 13 5 4 2 3 6 0 7 1
87 74 13 5 0 3 2 6 4 7 1
87 74 13 1 4 3 5 6 2 0 7
87 74 13 6 4 3 2 1 5 7 0
87 74 13 0 1 3 2 4 5 7 6
87 74 13 1 6 4 3 7 0 2 5
87 74 13 4 3 0 6 1 5 7 2
87 74 13 0 1 4 2 5 7 6 3
87 74 13 1 4 5 3 0 7 2 6
87 74 13 1 7 0 6 5 4 3 2
87 75 12 1 4 7 6 2 5 0 3
87 75 12 4 7 3 2 6 1 5 0
87 75 12 4 2 3 6 1 0 5 7
87 75 12 1 7 4 6 3 5 2 0
87 75 12 3 1 0 4 6 7 2 5
87 75 12 3 1 4 5 6 7 2 0
87 75 12 1 7 4 2 0 6 3 5
87 75 12 1 7 4 2 6 3 0 5
87 75 12 1 0 6 2 5 4 7 3
87 75 12 6 7 3 5 1 4 0 2
87 75 12 1 3 2 4 0 7 5 6
87 75 12 1 7 0 3 5 4 2 6
87 75 12 1 7 3 2 5 4 0 6
87 76 11 1 2 3 6 4 0 5 7
87 76 11 2 4 3 6 1 7 5 0
87 76 11 6 1 4 3 5 7 0 2
87 76 11 0 1 3 4 5 7 2 6
87 76 11 1 4 6 3 0 5 7 2
87 76 11 1 4 3 2 6 0 5 7
87 77 10 1 7 3 5 6 4 0 2
87 77 10 1 3 2 5 4 0 7 6
87 77 10 1 7 4 3 5 0 6 2
87 77 10 2 1 3 6 5 0 4 7
87 77 10 2 1 0 3 5 4 7 6
87 78 9 1 2 0 3 4 6 7 5
87 78 9 1 4 2 5 3 6 7 0
87 78 9 1 5 3 6 2 4 7 0
87 78 9 1 3 5 0 6 4 7 2
87 78 9 1 0 3 2 5 4 6 7
87 78 9 1 4 2 3 6 5 0 7
87 79 8 1 7 4 3 5 6 0 2
87 80 7 1 3 6 5 2 4 7 0
87 80 7 1 4 3 6 5 2 7 0
88 70 18 4 0 2 6 3 7 5 1
88 71 17 7 3 6 1 4 0 2 5
88 71 17 7 3 2 6 1 0 5 4
88 71 17 4 7 3 1 0 2 5 6
88 71 17 6 4 0 2 5 1 7 3
88 72 16 7 4 3 1 6 0 5 2
88 72 16 1 0 6 3 4 7 2 5
88 72 16 1 4 6 0 3 7 2 5
88 72 16 0 4 3 2 6 7 1 5
88 73 15 7 0 3 5 4 1 2 6
88 73 15 7 0 4 3 1 2 5 6
88 73 15 7 4 2 3 5 0 6 1
88 73 15 3 7 6 4 1 0 2 5
88 73 15 5 4 3 0 6 1 2 7
88 73 15 0 1 4 5 6 7 3 2
88 73 15 5 1 0 3 6 7 2 4
88 74 14 4 7 2 6 5 1 0 3
88 74 14 6 1 2 3 4 7 0 5
88 74 14 6 1 3 2 4 0 7 5
88 74 14 2 5 4 6 1 7 3 0
88 74 14 6 4 5 2 1 7 3 0
88 74 14 4 5 3 1 0 7 2 6
88 74 14 6 5 3 1 4 7 2 0
88 74 14 4 3 6 2 0 1 7 5
88 74 14 6 7 3 4 0 1 2 5
88 74 14 0 6 2 3 1 4 7 5
88 74 14 1 4 3 6 2 7 0 5
88 75 13 7 3 6 4 1 2 0 5
88 75 13 1 0 4 6 2 5 7 3
88 75 13 1 4 6 0 2 5 7 3
88 75 13 4 7 2 3 6 1 0 5
88 75 13 6 3 7 2 1 4 0 5
88 75 13 3 0 6 7 1 4 2 5
88 75 13 1 0 4 3 7 2 5 6
88 75 13 1 7 3 2 4 0 6 5
88 75 13 1 4 5 2 6 0 7 3
88 75 13 1 4 6 2 0 5 7 3
88 75 13 1 3 2 6 0 4 5 7
88 75 13 2 4 3 6 0 1 7 5
88 75 13 4 1 0 6 5 7 3 2
88 76 12 1 3 0 6 4 2 5 7
88 76 12 7 1 4 3 0 6 2 5
88 76 12 7 1 4 3 6 2 0 5
88 76 12 7 4 2 6 5 1 3 0
88 76 12 7 4 2 3 6 1 5 0
88 76 12 2 4 0 3 5 7 6 1
88 76 12 4 3 2 6 5 0 7 1
88 76 12 4 3 0 6 5 1 7 2
88 76 12 1 7 0 3 4 2 5 6
88 76 12 4 1 0 3 5 7 2 6
88 76 12 4 1 3 2 5 7 0 6
88 76 12 1 4 0 2 6 5 3 7
88 77 11 4 7 3 6 5 2 1 0
88 77 11 3 1 0 4 5 7 2 6
88 77 11 1 3 6 7 4 0 2 5
88 77 11 5 4 3 1 0 6 7 2
88 77 11 1 7 4 2 5 3 0 6
88 77 11 2 1 4 6 5 7 0 3
88 77 11 2 1 4 0 5 7 3 6
88 77 11 1 3 5 2 4 7 0 6
88 77 11 0 1 4 3 5 7 6 2
88 77 11 2 1 3 7 5 4 0 6
88 78 10 1 3 6 7 5 0 4 2
88 78 10 1 4 3 2 0 5 6 7
88 79 9 2 4 3 5 1 6 7 0
88 79 9 1 4 3 7 2 0 6 5
88 79 9 1 3 7 2 6 4 5 0
88 79 9 1 3 5 0 7 4 2 6
88 79 9 1 3 2 5 7 4 0 6
88 79 9 1 0 4 2 5 6 3 7
88 79 9 1 4 2 0 5 6 3 7
88 79 9 1 3 2 7 5 4 0 6
88 79 9 1 4 2 3 5 0 6 7
88 79 9 1 4 0 3 5 6 2 7
88 80 8 2 4 3 1 5 6 7 0
88 80 8 1 4 3 7 5 6 2 0
89 72 17 7 5 4 3 1 0 2 6
89 73 16 6 4 2 0 5 7 3 1
89 73 16 3 4 2 0 6 7 5 1
89 73 16 0 4 3 5 7 1 2 6
89 73 16 6 0 3 5 4 1 7 2
89 73 16 7 1 0 6 4 2 3 5
89 73 16 5 4 0 1 7 2 3 6
89 73 16 1 4 5 6 0 7 3 2
89 73 16 0 3 6 1 5 7 2 4
89 73 16 7 3 2 6 0 4 5 1
89 73 16 7 3 0 6 1 4 5 2
89 73 16 2 4 0 6 1 5 7 3
89 74 15 5 1 6 0 4 7 2 3
89 74 15 5 1 2 6 4 7 0 3
89 74 15 7 0 3 6 1 2 5 4
89 74 15 3 0 6 5 1 7 2 4
89 74 15 5 7 4 6 1 3 0 2
89 74 15 7 0 3 1 4 2 5 6
89 74 15 0 1 3 2 4 7 5 6
89 74 15 7 5 3 1 4 0 2 6
89 74 15 4 0 6 2 1 3 7 5
89 74 15 0 4 3 1 7 5 2 6
89 74 15 4 6 3 2 1 0 7 5
89 74 15 5 4 3 0 7 2 1 6
89 74 15 5 4 3 6 0 2 1 7
89 74 15 0 4 3 1 6 2 5 7
89 74 15 0 4 3 1 2 7 6 5
89 74 15 1 6 4 0 3 7 2 5
89 74 15 3 1 4 6 0 7 2 5
89 74 15 3 1 0 6 5 7 2 4
89 75 14 4 0 6 3 5 7 2 1
89 75 14 5 4 6 3 1 0 7 2
89 75 14 7 3 6 4 0 1 2 5
89 75 14 4 7 3 2 6 0 1 5
89 75 14 6 3 2 0 1 4 7 5
89 75 14 3 1 4 2 6 7 0 5
89 75 14 0 1 3 2 4 7 6 5
89 75 14 1 7 4 2 6 0 5 3
89 75 14 6 4 5 3 1 7 0 2
89 75 14 6 1 3 0 4 5 7 2
89 75 14 7 4 3 0 6 1 5 2
89 75 14 1 0 4 3 7 5 2 6
89 76 13 2 4 3 6 0 1 5 7
89 76 13 2 0 3 6 1 4 5 7
89 76 13 5 6 4 3 1 7 0 2
89 76 13 2 1 4 0 6 7 3 5
89 76 13 5 1 4 2 6 7 3 0
89 76 13 1 3 6 5 7 0 2 4
89 76 13 4 3 0 2 5 7 6 1
89 76 13 4 7 3 2 5 0 6 1
89 76 13 2 4 3 6 5 7 0 1
89 76 13 1 7 0 6 5 3 4 2
89 76 13 1 7 3 4 0 2 5 6
89 76 13 1 4 0 5 2 6 7 3
89 76 13 1 3 6 2 0 4 7 5
89 77 12 7 3 6 1 5 4 2 0
89 77 12 7 3 6 2 1 4 5 0
89 77 12 6 4 2 1 5 7 3 0
89 77 12 1 4 2 5 0 6 7 3
89 77 12 1 0 2 5 6 4 7 3
89 77 12 1 3 2 6 0 7 4 5
89 77 12 5 0 3 1 6 4 7 2
89 77 12 5 4 3 2 6 1 0 7
89 77 12 1 3 5 4 0 7 2 6
89 77 12 2 1 0 6 5 4 3 7
89 78 11 7 1 4 3 5 2 0 6
89 78 11 1 2 4 6 0 7 3 5
89 78 11 1 2 4 6 7 3 0 5
89 78 11 4 0 2 3 1 6 7 5
89 78 11 5 4 2 3 1 6 7 0
89 78 11 1 4 0 2 3 6 7 5
89 78 11 7 1 3 6 5 4 0 2
89 78 11 4 3 2 6 5 1 0 7
89 78 11 4 3 2 0 5 1 7 6
89 78 11 1 3 2 7 6 4 0 5
89 78 11 1 4 3 5 0 2 6 7
89 78 11 1 7 0 5 4 2 3 6
89 79 10 1 3 5 6 4 7 0 2
89 79 10 1 0 3 6 5 7 2 4
89 79 10 1 3 2 0 4 6 7 5
89 79 10 1 0 4 3 2 6 7 5
89 79 10 7 4 3 1 5 6 0 2
89 79 10 1 2 6 0 5 4 7 3
89 79 10 1 5 4 3 6 0 7 2
89 80 9 2 1 3 5 6 4 7 0
89 80 9 4 0 3 1 5 6 7 2
89 82 7 1 0 3 7 2 4 5 6
89 84 5 1 2 3 6 5 4 7 0
90 72 18 5 4 0 2 6 7 1 3
90 73 17 4 7 3 6 2 0 5 1
90 73 17 4 7 3 0 6 2 5 1
90 73 17 7 4 2 6 5 0 3 1
90 73 17 7 4 2 3 6 0 5 1
90 73 17 5 0 3 6 4 1 2 7
90 73 17 6 4 3 5 0 1 2 7
90 73 17 4 3 6 2 0 7 5 1
90 73 17 0 4 5 1 6 7 3 2
90 73 17 0 3 2 6 1 4 5 7
90 74 16 6 7 3 0 1 2 5 4
90 74 16 2 7 3 6 1 0 5 4
90 74 16 4 0 7 6 5 1 2 3
90 74 16 4 7 6 0 5 1 2 3
90 74 16 7 3 6 5 1 0 2 4
90 74 16 5 7 4 6 0 1 3 2
90 74 16 0 5 4 2 1 7 3 6
90 74 16 5 7 4 2 1 0 3 6
90 74 16 7 0 3 1 4 5 2 6
90 74 16 7 4 3 0 1 5 2 6
90 75 15 7 0 6 4 1 3 2 5
90 75 15 4 0 7 3 6 1 2 5
90 75 15 4 3 0 6 1 2 5 7
90 75 15 0 5 4 3 6 7 2 1
90 75 15 5 7 4 3 6 0 2 1
90 75 15 7 4 3 5 6 0 1 2
90 75 15 1 7 4 0 6 5 2 3
90 75 15 6 1 4 3 7 0 2 5
90 75 15 0 1 4 2 6 7 5 3
90 75 15 0 7 4 3 1 5 2 6
90 75 15 1 7 4 0 3 5 2 6
90 75 15 6 7 3 5 0 4 2 1
90 75 15 1 3 0 6 7 4 5 2
90 75 15 0 3 2 1 4 7 5 6
90 75 15 2 4 0 6 5 1 7 3
90 75 15 0 3 6 4 5 7 2 1
90 76 14 4 0 2 3 1 7 5 6
90 76 14 4 0 3 6 2 5 7 1
90 76 14 2 4 0 3 1 7 5 6
90 76 14 6 4 0 3 1 5 7 2
90 76 14 7 4 2 3 6 0 1 5
90 76 14 5 7 0 3 1 4 2 6
90 76 14 0 3 2 6 1 4 7 5
90 76 14 1 0 2 6 3 4 7 5
90 77 13 6 4 3 1 2 7 5 0
90 77 13 7 3 0 2 1 4 6 5
90 77 13 5 1 4 6 3 7 2 0
90 77 13 6 1 0 4 5 7 2 3
90 77 13 7 4 5 6 1 2 3 0
90 77 13 6 3 5 0 4 7 2 1
90 77 13 6 3 2 5 4 7 0 1
90 77 13 7 4 3 2 0 6 1 5
90 77 13 3 1 4 2 5 7 0 6
90 77 13 1 3 2 6 7 0 5 4
90 77 13 1 3 2 0 6 7 5 4
90 77 13 1 7 4 2 0 5 3 6
90 77 13 7 4 3 0 5 2 1 6
90 77 13 0 3 5 1 4 7 2 6
90 77 13 1 3 7 6 0 4 2 5
90 77 13 1 3 0 6 5 4 2 7
90 77 13 2 1 3 5 0 4 7 6
90 78 12 6 7 3 5 4 1 2 0
90 78 12 7 4 6 3 5 1 2 0
90 78 12 1 2 0 6 4 3 7 5
90 78 12 0 1 2 3 4 6 7 5
90 78 12 1 6 2 3 4 0 7 5
90 78 12 7 1 3 0 5 4 2 6
90 78 12 1 5 3 0 6 4 7 2
90 78 12 1 4 3 0 7 2 6 5
90 79 11 7 4 3 2 5 6 0 1
90 79 11 4 3 2 1 6 7 5 0
90 79 11 5 3 7 6 1 4 2 0
90 79 11 1 3 6 4 7 2 0 5
90 79 11 5 1 2 3 6 4 7 0
90 79 11 2 4 0 3 1 6 7 5
90 79 11 5 4 3 2 1 6 0 7
90 79 11 5 4 3 0 1 6 7 2
90 79 11 1 3 7 2 4 6 0 5
90 79 11 1 4 7 3 2 6 0 5
90 79 11 1 4 0 7 2 6 3 5
90 79 11 1 2 7 6 5 4 0 3
90 79 11 0 1 4 3 6 5 7 2
90 79 11 1 3 2 5 0 4 7 6
90 79 11 1 3 7 2 5 0 4 6
90 79 11 1 7 4 0 5 6 2 3
90 80 10 4 7 3 1 5 6 2 0
90 80 10 1 3 0 5 4 6 7 2
90 80 10 4 1 3 2 0 6 7 5
90 80 10 1 4 3 7 5 0 6 2
90 80 10 1 4 0 7 2 5 3 6
90 81 9 1 0 3 4 6 7 2 5
90 81 9 4 3 2 1 5 7 6 0
90 81 9 6 1 3 4 5 7 0 2
90 82 8 1 3 5 0 4 7 6 2
91 73 18 5 4 6 2 0 7 3 1
91 73 18 0 3 6 2 1 7 5 4
91 73 18 0 7 3 5 6 1 2 4
91 74 17 5 0 1 6 4 7 2 3
91 74 17 4 3 6 5 7 0 2 1
91 74 17 6 0 1 3 4 7 2 5
91 74 17 6 1 0 2 4 7 3 5
91 74 17 6 5 4 0 1 7 3 2
91 74 17 0 4 2 5 1 7 3 6
91 74 17 5 4 2 1 0 7 3 6
91 74 17 6 4 5 1 0 7 3 2
91 74 17 6 0 2 3 4 1 7 5
91 74 17 6 4 2 0 3 1 7 5
91 74 17 0 3 6 5 7 4 2 1
91 75 16 3 4 6 0 5 7 2 1
91 75 16 6 7 4 5 1 0 3 2
91 75 16 4 7 0 2 6 1 3 5
91 75 16 7 4 0 5 6 1 3 2
91 75 16 1 0 4 6 7 5 2 3
91 75 16 7 4 3 2 0 1 5 6
91 75 16 0 4 3 2 6 1 5 7
91 75 16 6 7 0 5 1 4 2 3
91 76 15 4 7 5 6 1 2 0 3
91 76 15 6 0 4 3 1 7 5 2
91 76 15 7 3 2 6 0 1 4 5
91 76 15 0 1 3 6 4 2 5 7
91 76 15 7 4 2 6 5 0 1 3
91 76 15 4 7 3 2 1 0 5 6
91 76 15 2 4 3 1 0 7 5 6
91 76 15 2 4 3 5 1 7 0 6
91 76 15 6 4 3 7 1 5 0 2
91 76 15 6 1 4 2 0 7 3 5
91 76 15 5 7 3 2 1 4 0 6
91 76 15 6 1 0 3 5 7 2 4
91 76 15 0 7 3 1 4 2 5 6
91 77 14 5 4 6 1 2 7 3 0
91 77 14 4 7 6 5 1 2 3 0
91 77 14 6 4 3 7 2 1 0 5
91 77 14 5 7 3 0 4 1 2 6
91 77 14 4 3 2 6 7 1 0 5
91 77 14 7 0 3 6 2 4 5 1
91 77 14 6 4 2 1 5 0 7 3
91 77 14 2 4 0 3 6 7 5 1
91 77 14 7 0 3 2 6 4 1 5
91 77 14 1 0 2 6 7 3 4 5
91 77 14 5 1 4 3 7 0 2 6
91 77 14 2 1 4 6 0 7 3 5
91 77 14 2 1 0 6 5 7 3 4
91 77 14 1 7 0 5 6 4 2 3
91 78 13 3 6 4 5 1 7 2 0
91 78 13 7 1 4 6 5 2 0 3
91 78 13 6 4 3 5 7 2 1 0
91 78 13 6 7 3 5 4 2 0 1
91 78 13 5 4 2 6 3 1 7 0
91 78 13 7 2 4 6 1 3 0 5
91 78 13 7 1 4 3 0 5 2 6
91 78 13 1 5 3 6 0 7 2 4
91 78 13 6 4 0 3 5 1 7 2
91 78 13 1 7 4 6 2 5 3 0
91 78 13 6 1 4 2 5 7 3 0
91 78 13 3 4 2 0 1 6 7 5
91 78 13 6 4 3 0 5 7 1 2
91 79 12 6 4 1 3 5 7 2 0
91 79 12 1 6 3 5 4 7 2 0
91 79 12 1 3 6 0 4 7 5 2
91 79 12 1 7 4 5 6 2 0 3
91 79 12 1 4 5 6 7 2 3 0
91 79 12 5 4 3 7 2 1 0 6
91 79 12 4 3 2 1 6 0 7 5
91 79 12 2 5 3 6 1 4 0 7
91 79 12 2 5 3 0 1 4 7 6
91 79 12 4 3 0 2 1 6 7 5
91 79 12 2 4 3 1 0 6 7 5
91 79 12 7 4 3 0 5 6 2 1
91 79 12 1 4 0 5 2 7 6 3
91 79 12 1 7 0 3 5 6 2 4
91 80 11 1 4 3 7 6 2 0 5
91 80 11 1 0 3 7 6 4 2 5
91 80 11 1 3 6 2 7 4 5 0
91 80 11 6 4 2 3 5 7 1 0
91 80 11 2 1 3 0 4 6 7 5
91 80 11 5 1 3 2 4 6 7 0
91 80 11 1 4 5 3 6 0 7 2
91 80 11 2 1 0 3 6 4 7 5
91 80 11 5 1 3 2 6 4 0 7
91 80 11 6 1 2 3 5 4 7 0
91 80 11 1 4 2 6 3 5 0 7
91 80 11 6 1 3 2 5 4 0 7
91 81 10 1 7 3 2 6 4 5 0
91 81 10 5 1 3 4 6 7 2 0
91 81 10 1 4 7 3 6 5 2 0
91 81 10 2 4 3 1 5 7 0 6
91 83 8 1 3 6 4 5 0 7 2
91 83 8 1 3 0 4 5 7 6 2
91 84 7 1 2 3 5 6 4 7 0
92 73 19 0 4 6 2 1 7 3 5
92 73 19 4 7 0 5 6 1 2 3
92 73 19 0 4 2 5 6 7 3 1
92 74 18 7 5 4 6 1 0 3 2
92 74 18 0 4 5 6 1 7 3 2
92 74 18 0 4 3 6 7 2 1 5
92 74 18 0 4 5 3 6 7 2 1
92 75 17 7 4 6 3 5 0 2 1
92 75 17 0 6 4 5 1 7 3 2
92 75 17 4 3 6 7 1 0 2 5
92 75 17 0 7 4 6 1 5 2 3
92 75 17 6 1 4 0 3 7 2 5
92 75 17 6 4 5 3 0 7 2 1
92 75 17 0 4 5 3 1 7 2 6
92 76 16 3 4 2 0 1 7 5 6
92 76 16 6 4 3 0 2 5 7 1
92 76 16 7 0 2 6 1 3 4 5
92 76 16 5 6 4 0 1 7 2 3
92 76 16 5 6 4 3 0 7 2 1
92 76 16 7 1 4 2 6 0 3 5
92 76 16 2 4 3 5 0 7 6 1
92 76 16 0 4 3 5 2 6 7 1
92 76 16 0 3 6 2 5 4 7 1
92 77 15 4 2 7 6 1 0 3 5
92 77 15 0 6 3 2 4 1 7 5
92 77 15 4 3 6 1 7 2 0 5
92 77 15 5 7 3 6 4 1 0 2
92 77 15 7 4 3 6 2 5 0 1
92 77 15 6 4 3 5 1 2 0 7
92 77 15 5 0 4 2 6 7 3 1
92 77 15 5 4 2 0 6 7 3 1
92 77 15 6 1 4 2 5 7 0 3
92 77 15 4 3 0 2 6 7 5 1
92 77 15 4 7 3 2 6 0 5 1
92 77 15 2 4 3 5 6 7 0 1
92 77 15 5 4 3 6 7 0 1 2
92 77 15 0 7 4 3 6 1 2 5
92 77 15 5 7 3 6 1 0 4 2
92 77 15 3 1 4 5 0 7 2 6
92 77 15 1 0 2 6 3 7 5 4
92 77 15 1 0 6 7 3 4 2 5
92 77 15 0 4 3 6 5 2 1 7
92 78 14 4 0 3 5 6 1 2 7
92 78 14 1 4 3 5 6 0 2 7
92 78 14 6 0 2 5 1 4 7 3
92 78 14 4 0 2 1 6 7 3 5
92 78 14 5 4 2 1 6 7 3 0
92 78 14 6 3 0 5 7 4 2 1
92 78 14 6 7 4 3 1 2 5 0
92 78 14 0 4 2 6 5 1 7 3
92 78 14 5 2 0 6 1 4 7 3
92 78 14 7 2 4 6 0 1 3 5
92 78 14 7 4 6 5 1 2 0 3
92 78 14 1 7 4 0 6 5 3 2
92 78 14 5 1 4 2 0 7 3 6
92 78 14 0 4 2 1 3 6 7 5
92 78 14 1 4 2 7 3 6 0 5
92 78 14 0 1 3 6 5 4 2 7
92 78 14 0 3 2 6 5 1 7 4
92 78 14 0 3 2 1 6 4 7 5
92 78 14 1 4 0 5 7 2 6 3
92 79 13 7 4 3 2 1 5 0 6
92 79 13 1 5 3 6 7 4 2 0
92 79 13 7 0 4 3 1 6 2 5
92 79 13 6 7 4 3 5 1 2 0
92 79 13 5 3 2 6 4 7 1 0
92 79 13 7 0 3 2 5 4 6 1
92 79 13 4 7 3 6 1 5 2 0
92 79 13 1 7 4 5 0 6 2 3
92 79 13 1 7 3 6 2 0 5 4
92 79 13 6 1 3 0 5 7 2 4
92 79 13 1 4 6 5 7 2 0 3
92 79 13 1 0 6 4 7 3 2 5
92 79 13 6 1 2 3 0 4 7 5
92 79 13 3 1 2 0 6 4 7 5
92 79 13 4 1 2 3 6 0 7 5
92 79 13 1 3 7 2 6 0 4 5
92 79 13 0 4 3 1 5 6 2 7
92 79 13 0 3 2 1 5 4 7 6
92 80 12 1 7 2 6 5 4 0 3
92 80 12 1 4 3 7 0 6 2 5
92 80 12 1 3 0 2 7 4 6 5
92 80 12 1 5 4 6 3 7 2 0
92 80 12 6 3 2 1 4 7 5 0
92 80 12 6 1 0 4 5 7 3 2
92 80 12 5 1 3 7 0 4 2 6
92 80 12 4 7 3 1 6 2 5 0
92 80 12 5 0 4 3 6 1 7 2
92 80 12 5 3 6 2 1 4 7 0
92 80 12 5 3 6 7 1 4 0 2
92 80 12 4 0 3 5 1 6 7 2
92 80 12 1 6 3 5 4 0 7 2
92 80 12 1 6 3 2 4 7 0 5
92 80 12 1 3 7 6 0 5 4 2
92 80 12 2 1 3 6 4 0 7 5
92 80 12 6 1 3 5 7 4 0 2
92 80 12 4 1 3 5 6 7 0 2
92 80 12 1 7 4 3 6 0 5 2
92 80 12 5 1 2 3 0 4 7 6
92 80 12 3 1 2 0 5 4 7 6
92 80 12 4 1 2 3 5 0 7 6
92 80 12 1 4 0 7 5 6 3 2
92 80 12 1 4 0 6 5 2 3 7
92 81 11 1 7 5 6 4 2 0 3
92 81 11 7 3 6 5 4 1 2 0
92 81 11 6 3 1 5 4 7 2 0
92 81 11 4 6 3 1 5 7 2 0
92 81 11 1 0 4 2 6 5 7 3
92 81 11 1 7 2 3 6 4 0 5
92 81 11 1 3 2 0 4 7 6 5
92 81 11 4 0 3 2 5 1 7 6
92 81 11 1 4 6 5 2 7 0 3
92 81 11 4 3 2 1 5 0 7 6
92 82 10 7 1 3 5 6 4 2 0
92 82 10 4 1 3 2 6 7 5 0
92 82 10 4 7 3 1 5 2 6 0
92 82 10 1 4 2 3 7 6 0 5
92 82 10 1 4 7 3 2 5 0 6
92 82 10 4 1 3 6 5 2 0 7
92 82 10 5 1 3 0 2 4 7 6
92 82 10 7 3 0 5 1 4 6 2
92 83 9 6 1 3 7 5 4 2 0
92 83 9 1 4 3 2 7 5 6 0
92 83 9 1 4 3 2 7 6 5 0
92 83 9 1 6 4 3 5 7 0 2
92 84 8 1 3 0 7 4 2 5 6
93 76 17 4 0 7 6 1 2 5 3
93 76 17 4 7 6 0 1 2 5 3
93 76 17 6 4 2 3 7 0 5 1
93 76 17 7 4 2 3 1 0 5 6
93 76 17 5 4 3 6 2 0 7 1
93 76 17 7 4 3 6 1 0 5 2
93 76 17 5 6 0 3 1 7 2 4
93 76 17 1 0 6 5 3 7 2 4
93 77 16 2 4 6 5 1 7 3 0
93 77 16 6 4 3 1 7 0 5 2
93 77 16 6 3 0 2 4 1 7 5
93 77 16 6 4 0 3 2 1 7 5
93 77 16 4 3 6 0 7 1 2 5
93 77 16 6 4 0 3 1 2 5 7
93 77 16 7 3 6 2 1 0 4 5
93 77 16 0 7 4 6 5 1 2 3
93 77 16 5 1 4 6 7 0 2 3
93 77 16 7 4 5 6 1 0 2 3
93 77 16 2 4 3 6 0 7 5 1
93 77 16 5 7 0 6 1 4 3 2
93 77 16 4 7 0 6 5 2 3 1
93 77 16 5 1 4 0 3 7 2 6
93 77 16 7 4 3 6 0 2 1 5
93 78 15 4 0 3 1 7 2 5 6
93 78 15 5 3 6 0 7 4 2 1
93 78 15 5 3 2 6 7 4 0 1
93 78 15 7 1 4 6 0 5 2 3
93 78 15 0 6 4 1 5 7 2 3
93 78 15 4 3 6 2 5 7 0 1
93 78 15 6 4 3 7 5 1 0 2
93 78 15 0 1 2 6 4 3 7 5
93 78 15 1 0 4 6 7 5 3 2
93 78 15 7 1 4 2 5 0 3 6
93 78 15 0 4 3 2 5 7 1 6
93 78 15 0 4 2 3 6 5 7 1
93 79 14 7 0 3 2 1 4 5 6
93 79 14 7 6 4 3 1 2 0 5
93 79 14 7 4 6 3 1 2 5 0
93 79 14 6 7 4 5 1 2 0 3
93 79 14 7 4 3 2 0 5 6 1
93 79 14 1 4 6 5 3 7 0 2
93 79 14 1 7 3 0 6 2 5 4
93 79 14 7 1 3 6 5 0 2 4
93 79 14 5 4 0 3 2 1 7 6
93 79 14 0 4 3 5 2 1 7 6
93 79 14 1 4 6 5 0 2 3 7
93 79 14 2 5 3 6 0 4 7 1
93 79 14 5 3 7 6 1 0 4 2
93 79 14 2 4 3 7 1 6 0 5
93 80 13 7 4 3 2 6 5 0 1
93 80 13 1 4 5 6 3 7 2 0
93 80 13 1 0 7 6 5 4 2 3
93 80 13 1 7 6 0 5 4 2 3
93 80 13 4 5 3 6 1 7 2 0
93 80 13 5 7 3 6 4 2 1 0
93 80 13 1 0 6 5 7 4 2 3
93 80 13 1 6 0 5 4 7 2 3
93 80 13 1 7 6 5 4 0 2 3
93 80 13 4 0 2 1 5 7 3 6
93 80 13 3 4 6 1 5 7 0 2
93 80 13 6 4 2 3 5 0 7 1
93 80 13 6 0 3 2 5 4 7 1
93 80 13 0 1 3 5 4 6 7 2
93 80 13 0 3 6 5 1 4 7 2
93 80 13 1 0 7 6 5 3 4 2
93 80 13 6 1 3 5 0 4 2 7
93 80 13 0 1 4 3 6 7 5 2
93 80 13 2 1 3 7 6 4 0 5
93 81 12 4 1 2 6 5 7 0 3
93 81 12 1 4 6 3 7 2 5 0
93 81 12 7 1 4 6 5 3 0 2
93 81 12 1 6 3 4 0 7 2 5
93 81 12 6 7 3 1 4 2 5 0
93 81 12 6 5 3 2 1 4 7 0
93 81 12 6 5 3 7 1 4 0 2
93 81 12 1 6 0 4 3 7 2 5
93 81 12 1 7 3 2 6 0 4 5
93 81 12 4 0 3 6 5 7 1 2
93 81 12 0 6 3 1 5 4 7 2
93 81 12 7 4 3 0 5 1 6 2
93 81 12 1 7 4 0 5 2 6 3
93 82 11 1 4 6 7 5 2 3 0
93 82 11 5 4 3 1 2 7 6 0
93 82 11 4 3 2 5 6 1 7 0
93 82 11 2 3 6 1 5 4 7 0
93 82 11 4 1 2 3 6 7 0 5
93 82 11 5 4 2 3 6 1 7 0
93 82 11 5 3 7 2 1 4 0 6
93 82 11 7 0 3 4 5 1 2 6
93 82 11 1 7 3 4 5 0 2 6
93 82 11 1 4 2 3 7 5 0 6
93 82 11 7 1 3 5 0 4 2 6
93 82 11 3 1 2 6 5 4 7 0
93 82 11 1 0 4 3 2 5 7 6
93 82 11 1 4 3 6 7 5 2 0
93 82 11 5 1 3 6 2 4 0 7
93 82 11 4 1 3 6 2 5 7 0
93 83 10 1 7 6 5 4 2 3 0
93 83 10 4 7 3 2 5 1 6 0
93 83 10 1 2 0 3 4 5 7 6
93 83 10 7 4 2 3 5 1 6 0
93 83 10 6 3 7 5 1 4 0 2
93 83 10 1 0 3 5 7 4 6 2
93 83 10 1 7 3 5 4 0 6 2
93 83 10 1 4 3 5 2 0 7 6
93 83 10 7 3 5 0 1 4 2 6
93 83 10 7 3 2 5 1 4 0 6
93 83 10 2 4 3 1 6 5 0 7
93 83 10 1 4 3 0 6 5 2 7
93 84 9 1 4 5 3 2 7 0 6
93 84 9 1 3 0 5 7 4 6 2
93 84 9 1 3 2 6 5 4 0 7
93 84 9 0 1 4 3 5 6 7 2
93 84 9 1 6 4 3 5 0 7 2
93 85 8 1 6 3 2 5 4 7 0
93 85 8 1 0 3 7 5 4 6 2
93 85 8 1 3 7 0 5 4 6 2
93 86 7 1 3 2 4 5 7 0 6
93 86 7 1 2 7 3 5 4 6 0
93 86 7 1 3 7 5 6 4 2 0
93 88 5 1 3 2 7 5 4 6 0
94 74 20 4 0 6 5 3 7 2 1
94 74 20 5 4 0 6 7 2 1 3
94 75 19 7 4 0 2 6 1 5 3
94 75 19 0 3 2 6 7 4 5 1
94 76 18 0 4 2 6 1 7 5 3
94 76 18 6 4 2 5 0 7 3 1
94 77 17 4 0 6 5 1 7 3 2
94 77 17 5 4 6 1 7 0 3 2
94 77 17 0 7 6 4 1 2 3 5
94 77 17 4 7 6 3 1 2 0 5
94 77 17 6 0 3 1 4 7 5 2
94 77 17 4 0 6 1 7 3 2 5
94 77 17 6 4 3 1 0 2 5 7
94 77 17 6 1 4 5 0 7 2 3
94 77 17 5 4 0 6 7 1 3 2
94 77 17 5 4 0 2 6 1 7 3
94 77 17 0 7 3 5 6 4 2 1
94 77 17 0 3 7 6 5 4 2 1
94 78 16 7 4 0 3 6 2 5 1
94 78 16 0 4 3 7 6 2 5 1
94 78 16 2 4 3 1 7 0 5 6
94 78 16 6 4 2 5 0 1 7 3
94 78 16 3 6 4 2 1 7 0 5
94 78 16 6 7 4 1 5 0 2 3
94 78 16 0 6 3 5 7 4 2 1
94 78 16 6 7 0 3 1 2 4 5
94 78 16 5 4 0 3 7 1 2 6
94 78 16 5 4 3 2 7 1 0 6
94 78 16 5 4 2 0 6 1 7 3
94 78 16 0 5 2 6 1 4 7 3
94 78 16 1 5 0 6 4 7 2 3
94 78 16 0 7 4 6 1 5 3 2
94 78 16 6 4 3 2 0 7 1 5
94 79 15 7 3 0 6 4 2 5 1
94 79 15 7 2 3 6 4 0 5 1
94 79 15 7 4 5 0 6 1 2 3
94 79 15 7 4 2 5 6 1 0 3
94 79 15 4 0 2 6 1 7 3 5
94 79 15 6 4 3 2 7 5 0 1
94 79 15 6 4 3 5 2 7 0 1
94 79 15 7 5 3 6 0 4 2 1
94 79 15 6 4 5 1 3 7 2 0
94 79 15 7 6 4 3 0 1 2 5
94 79 15 7 0 4 2 6 1 3 5
94 79 15 7 4 2 0 6 1 3 5
94 79 15 5 3 2 6 4 0 7 1
94 79 15 1 4 6 2 7 0 3 5
94 79 15 6 4 3 5 7 1 0 2
94 79 15 1 0 3 6 7 2 5 4
94 79 15 1 4 5 6 7 0 2 3
94 79 15 0 4 3 5 2 7 6 1
94 79 15 0 7 4 3 5 6 2 1
94 80 14 7 4 3 2 0 6 5 1
94 80 14 1 6 4 5 0 7 2 3
94 80 14 4 1 3 7 6 0 2 5
94 80 14 6 3 2 1 7 4 0 5
94 80 14 1 3 6 2 7 0 4 5
94 80 14 5 0 4 1 6 7 3 2
94 80 14 1 4 2 5 7 0 3 6
94 80 14 1 0 2 5 4 7 3 6
94 80 14 5 1 4 6 2 7 3 0
94 80 14 6 4 3 2 0 5 7 1
94 80 14 5 1 3 6 7 0 4 2
94 80 14 5 1 0 3 7 4 2 6
94 80 14 5 4 7 3 6 1 0 2
94 80 14 0 1 3 6 2 4 7 5
94 80 14 2 0 3 6 1 4 7 5
94 80 14 1 3 6 2 0 7 5 4
94 80 14 1 4 0 6 3 5 7 2
94 81 13 6 7 3 1 5 4 2 0
94 81 13 6 7 3 2 1 4 5 0
94 81 13 1 6 4 2 0 7 3 5
94 81 13 1 0 7 6 4 2 5 3
94 81 13 1 7 6 0 4 2 5 3
94 81 13 1 2 4 6 7 0 5 3
94 81 13 7 3 2 6 4 1 5 0
94 81 13 4 3 1 5 6 7 2 0
94 81 13 1 7 6 4 3 0 2 5
94 81 13 5 0 4 3 1 7 6 2
94 81 13 1 4 7 2 6 5 0 3
94 81 13 7 4 3 6 1 5 0 2
94 81 13 1 0 7 3 6 4 2 5
94 81 13 7 1 3 4 6 0 2 5
94 81 13 6 3 0 1 5 4 7 2
94 81 13 6 1 3 5 4 0 7 2
94 81 13 1 4 0 5 2 7 3 6
94 81 13 1 4 7 3 6 0 5 2
94 81 13 2 4 3 1 0 7 6 5
94 81 13 0 4 2 1 5 6 7 3
94 81 13 1 4 2 7 5 6 0 3
94 81 13 1 7 4 3 0 2 6 5
94 81 13 1 7 0 3 5 2 6 4
94 82 12 1 4 6 7 2 0 3 5
94 82 12 2 4 3 5 6 1 7 0
94 82 12 4 0 3 2 6 5 7 1
94 82 12 2 4 3 0 6 5 7 1
94 82 12 0 3 2 4 6 1 7 5
94 82 12 4 0 3 1 2 6 7 5
94 82 12 5 4 3 1 2 6 7 0
94 82 12 2 1 6 0 5 4 7 3
94 82 12 4 1 3 6 7 2 5 0
94 82 12 5 1 3 4 7 0 2 6
94 82 12 0 4 2 3 5 1 7 6
94 82 12 5 2 0 3 1 4 7 6
94 82 12 5 3 2 0 1 4 7 6
94 82 12 6 7 3 4 5 1 2 0
94 82 12 1 4 5 0 7 2 3 6
94 82 12 1 0 2 3 7 4 6 5
94 82 12 4 3 0 1 5 7 6 2
94 82 12 4 7 3 1 5 0 6 2
94 82 12 4 1 3 6 0 5 2 7
94 82 12 4 1 3 0 6 5 7 2
94 83 11 4 3 2 5 1 7 6 0
94 83 11 1 5 3 2 0 4 7 6
94 83 11 2 4 3 5 1 7 6 0
94 83 11 4 3 1 6 5 7 2 0
94 83 11 6 3 5 0 1 4 7 2
94 83 11 1 4 3 5 7 6 0 2
94 83 11 4 1 3 2 0 5 7 6
94 83 11 0 1 4 2 5 6 7 3
94 83 11 1 6 4 2 5 0 7 3
94 84 10 1 5 4 3 6 7 2 0
94 84 10 1 2 3 7 4 0 5 6
94 84 10 1 2 3 7 5 4 0 6
94 85 9 6 1 3 5 2 4 7 0
94 85 9 1 4 3 7 5 2 0 6
94 85 9 1 0 3 7 5 4 2 6
94 85 9 1 4 7 2 5 6 3 0
94 85 9 1 4 3 5 2 0 6 7
94 86 8 1 0 3 4 5 7 2 6
94 86 8 1 3 0 7 5 4 2 6
94 86 8 1 4 7 3 5 6 2 0
94 87 7 1 3 6 5 2 4 0 7
95 76 19 6 4 2 1 0 7 5 3
95 76 19 6 0 2 3 4 7 5 1
95 76 19 6 4 2 0 3 7 5 1
95 77 18 7 4 6 5 1 0 3 2
95 77 18 5 0 6 1 4 7 3 2
95 77 18 0 4 7 6 1 2 3 5
95 77 18 7 4 0 6 5 2 1 3
95 78 17 6 7 0 3 4 1 2 5
95 78 17 5 4 2 6 7 0 3 1
95 78 17 0 4 6 7 5 1 2 3
95 78 17 7 4 6 2 5 1 0 3
95 78 17 3 6 4 1 0 7 2 5
95 78 17 7 4 2 1 6 0 3 5
95 78 17 6 4 0 5 7 2 3 1
95 78 17 7 4 6 5 0 2 3 1
95 78 17 7 1 0 6 5 4 2 3
95 78 17 0 4 3 5 7 2 6 1
95 79 16 4 6 0 1 3 7 2 5
95 79 16 7 0 4 5 6 1 2 3
95 79 16 6 4 0 3 2 7 5 1
95 79 16 6 5 3 0 7 4 2 1
95 79 16 6 4 5 1 7 0 2 3
95 79 16 6 0 5 1 4 7 2 3
95 79 16 6 4 5 2 1 0 7 3
95 79 16 0 4 6 7 1 2 5 3
95 79 16 4 6 3 5 0 7 2 1
95 79 16 6 7 4 5 0 1 2 3
95 79 16 4 7 3 0 6 5 2 1
95 79 16 1 4 6 0 2 7 3 5
95 79 16 1 4 0 5 3 7 2 6
95 79 16 5 4 0 2 1 6 7 3
95 79 16 7 4 0 1 5 6 2 3
95 80 15 3 4 5 6 1 7 2 0
95 80 15 7 2 4 6 1 0 5 3
95 80 15 7 0 3 2 6 4 5 1
95 80 15 3 0 6 5 4 7 2 1
95 80 15 6 0 7 3 1 4 2 5
95 80 15 6 7 2 3 1 4 0 5
95 80 15 1 0 5 6 4 7 2 3
95 80 15 4 3 0 7 6 1 2 5
95 80 15 6 4 3 7 1 0 2 5
95 80 15 6 3 1 0 7 4 2 5
95 80 15 0 1 6 5 4 7 2 3
95 80 15 5 4 1 0 6 7 3 2
95 80 15 1 5 4 6 7 0 2 3
95 80 15 1 5 4 0 6 7 2 3
95 80 15 6 3 2 1 4 0 7 5
95 80 15 5 4 3 6 2 0 1 7
95 80 15 5 1 4 6 7 0 3 2
95 80 15 5 1 4 0 6 7 3 2
95 80 15 5 1 3 2 7 4 0 6
95 80 15 0 7 3 1 4 6 2 5
95 80 15 4 0 3 1 7 6 2 5
95 80 15 4 7 3 0 1 6 2 5
95 80 15 5 3 6 1 0 4 7 2
95 80 15 1 0 6 5 3 4 7 2
95 81 14 1 7 4 6 0 2 3 5
95 81 14 3 4 5 1 6 7 2 0
95 81 14 1 6 3 0 7 4 2 5
95 81 14 4 1 6 0 5 7 2 3
95 81 14 1 4 6 7 0 2 5 3
95 81 14 3 5 4 6 1 7 0 2
95 81 14 7 1 4 6 0 5 3 2
95 81 14 1 6 0 3 4 7 2 5
95 81 14 0 6 4 3 5 7 2 1
95 81 14 5 1 3 6 4 0 2 7
95 81 14 5 1 3 0 6 4 2 7
95 81 14 0 3 1 4 6 7 2 5
95 81 14 6 5 0 3 1 4 7 2
95 81 14 0 1 6 4 3 7 2 5
95 81 14 1 7 0 2 6 4 3 5
95 81 14 4 7 3 6 0 5 1 2
95 81 14 4 1 3 5 6 0 7 2
95 81 14 6 1 0 5 4 7 3 2
95 81 14 0 4 3 2 5 1 6 7
95 81 14 1 7 4 0 6 2 5 3
95 81 14 1 7 4 3 0 2 5 6
95 82 13 1 4 0 3 7 2 6 5
95 82 13 7 3 2 6 5 4 0 1
95 82 13 4 0 3 5 6 1 7 2
95 82 13 4 5 3 6 0 1 7 2
95 82 13 4 5 3 6 1 7 0 2
95 82 13 3 0 2 4 1 7 5 6
95 82 13 6 3 2 4 1 7 5 0
95 82 13 4 3 0 2 6 1 7 5
95 82 13 3 0 6 1 5 4 7 2
95 82 13 2 0 1 6 5 4 7 3
95 82 13 2 1 7 6 5 4 0 3
95 82 13 4 2 6 0 1 3 7 5
95 82 13 5 7 3 4 0 1 2 6
95 82 13 1 0 2 3 7 4 5 6
95 82 13 6 4 3 1 2 5 7 0
95 82 13 1 0 4 5 7 2 3 6
95 82 13 7 3 6 5 1 0 4 2
95 82 13 7 4 3 0 5 2 6 1
95 83 12 1 4 3 0 7 6 2 5
95 83 12 4 7 2 3 5 1 0 6
95 83 12 1 4 2 5 3 7 6 0
95 83 12 4 0 2 3 1 5 7 6
95 83 12 1 5 2 3 4 0 7 6
95 83 12 1 4 0 2 3 5 7 6
95 83 12 0 1 3 5 4 7 6 2
95 83 12 6 1 7 3 5 4 0 2
95 83 12 6 1 3 7 5 0 4 2
95 83 12 6 1 0 7 5 4 3 2
95 83 12 2 4 3 1 0 5 7 6
95 83 12 1 4 3 7 0 5 2 6
95 83 12 1 7 4 0 5 2 3 6
95 83 12 1 6 4 0 5 7 2 3
95 84 11 5 1 3 2 4 7 6 0
95 84 11 1 4 2 6 3 7 5 0
95 84 11 1 2 0 3 4 7 6 5
95 84 11 1 4 3 6 7 5 0 2
95 84 11 2 4 3 1 6 7 0 5
95 84 11 0 1 3 7 4 2 5 6
95 84 11 5 1 4 3 6 0 7 2
95 84 11 1 2 3 6 0 4 7 5
95 84 11 1 3 2 5 0 7 6 4
95 84 11 0 2 3 1 5 4 7 6
95 85 10 7 1 3 5 4 2 0 6
95 85 10 1 7 3 6 5 2 0 4
95 85 10 4 0 2 3 5 6 7 1
95 85 10 7 4 5 3 1 2 6 0
95 85 10 5 3 2 1 4 7 6 0
95 85 10 1 0 3 7 6 4 5 2
95 85 10 1 3 0 6 2 4 5 7
95 85 10 1 3 7 6 4 5 2 0
95 85 10 1 0 3 6 5 7 4 2
95 85 10 2 4 0 3 5 6 7 1
95 85 10 1 7 4 3 6 5 0 2
95 86 9 1 7 3 4 0 6 2 5
95 86 9 1 7 3 4 6 2 0 5
95 86 9 1 4 5 3 7 2 6 0
95 86 9 1 2 7 3 6 4 5 0
95 86 9 1 3 2 5 6 4 0 7
95 87 8 1 3 2 4 6 7 5 0
95 87 8 1 7 3 2 5 4 6 0
95 87 8 1 2 3 0 4 6 7 5
95 87 8 1 5 3 0 2 4 7 6
95 87 8 1 3 5 2 6 4 7 0
95 87 8 1 3 5 7 6 4 0 2
95 88 7 1 3 5 2 4 7 6 0
95 88 7 2 1 3 7 5 4 6 0
95 88 7 1 0 3 7 2 4 6 5
95 88 7 1 3 2 5 7 4 6 0
95 89 6 1 2 6 3 5 4 7 0
95 89 6 1 3 0 7 2 4 5 6
96 77 19 4 7 6 1 0 2 3 5
96 77 19 5 7 0 6 4 1 2 3
96 77 19 7 0 6 1 3 4 2 5
96 78 18 6 7 3 2 4 1 0 5
96 78 18 7 4 6 5 0 1 2 3
96 78 18 5 0 2 6 4 1 7 3
96 78 18 0 4 6 5 1 2 3 7
96 78 18 6 4 0 2 5 7 1 3
96 79 17 0 4 6 1 3 7 2 5
96 79 17 4 7 6 1 3 0 2 5
96 79 17 5 0 4 6 7 2 3 1
96 79 17 6 0 3 2 7 4 5 1
96 79 17 0 4 1 6 5 7 2 3
96 79 17 6 4 1 2 5 7 0 3
96 79 17 5 6 3 0 4 7 2 1
96 79 17 7 6 3 5 4 0 2 1
96 79 17 5 3 6 2 4 7 0 1
96 79 17 0 7 3 6 4 5 2 1
96 79 17 4 0 3 6 7 5 2 1
96 79 17 1 0 6 2 4 7 3 5
96 79 17 5 4 0 7 6 1 2 3
96 79 17 2 5 0 6 1 4 7 3
96 80 16 7 3 6 5 4 0 2 1
96 80 16 4 5 3 6 7 0 2 1
96 80 16 4 5 3 0 6 7 2 1
96 80 16 6 0 3 7 4 1 2 5
96 80 16 7 4 2 1 5 0 3 6
96 80 16 3 4 0 1 5 7 2 6
96 80 16 5 4 0 6 2 1 3 7
96 80 16 5 1 0 6 7 4 3 2
96 80 16 4 7 0 1 6 2 3 5
96 80 16 6 1 0 5 7 4 2 3
96 80 16 0 1 3 5 6 7 2 4
96 80 16 5 1 0 2 6 4 7 3
96 80 16 6 1 0 2 5 4 7 3
96 81 15 5 0 7 6 1 4 2 3
96 81 15 5 7 6 0 1 4 2 3
96 81 15 5 7 2 6 1 4 0 3
96 81 15 4 0 6 3 1 7 2 5
96 81 15 2 6 4 0 1 7 3 5
96 81 15 5 6 4 2 1 7 3 0
96 81 15 7 6 3 1 0 4 2 5
96 81 15 5 6 3 1 7 4 2 0
96 81 15 4 0 1 6 5 7 2 3
96 81 15 4 6 0 1 5 7 2 3
96 81 15 0 3 6 7 4 1 2 5
96 81 15 4 6 3 1 7 0 2 5
96 81 15 6 7 4 3 5 0 2 1
96 81 15 4 3 1 2 6 7 0 5
96 81 15 6 5 3 1 0 4 7 2
96 81 15 7 4 3 2 0 1 6 5
96 81 15 2 4 0 1 5 7 6 3
96 81 15 1 7 0 3 6 2 5 4
96 82 14 5 4 6 7 1 2 3 0
96 82 14 6 4 3 2 7 1 5 0
96 82 14 5 3 6 1 7 4 2 0
96 82 14 5 7 4 6 1 2 3 0
96 82 14 5 6 3 1 4 7 0 2
96 82 14 1 0 6 7 4 2 3 5
96 82 14 7 3 6 0 5 4 2 1
96 82 14 7 1 0 3 6 4 2 5
96 82 14 0 1 3 7 6 4 2 5
96 82 14 7 1 3 2 6 4 0 5
96 82 14 5 4 3 7 6 0 1 2
96 82 14 4 0 3 5 1 7 6 2
96 82 14 5 4 3 1 7 0 6 2
96 82 14 4 3 6 1 5 0 7 2
96 82 14 1 0 6 2 4 3 7 5
96 82 14 4 0 1 3 6 7 2 5
96 82 14 4 1 0 2 6 7 3 5
96 82 14 4 2 7 6 1 3 0 5
96 82 14 5 0 3 4 1 7 2 6
96 82 14 0 5 2 3 1 4 7 6
96 82 14 0 7 3 6 5 4 1 2
96 82 14 7 3 0 6 5 4 1 2
96 82 14 6 1 3 0 2 4 7 5
96 82 14 5 1 2 6 0 4 7 3
96 82 14 6 1 2 0 5 4 7 3
96 82 14 4 1 2 6 5 0 7 3
96 82 14 0 4 3 6 1 5 2 7
96 82 14 1 0 3 6 4 5 2 7
96 82 14 7 4 3 0 1 2 6 5
96 82 14 7 4 3 5 0 2 6 1
96 82 14 0 4 3 1 5 2 6 7
96 83 13 4 0 2 3 1 7 6 5
96 83 13 4 3 5 2 1 7 0 6
96 83 13 6 1 3 7 4 0 2 5
96 83 13 5 4 3 1 7 6 2 0
96 83 13 5 1 2 3 4 7 0 6
96 83 13 4 7 3 2 5 0 1 6
96 83 13 1 4 2 5 7 0 6 3
96 83 13 1 0 2 5 4 7 6 3
96 83 13 2 4 6 1 5 7 0 3
96 83 13 2 4 0 3 1 7 6 5
96 83 13 0 3 1 4 5 7 2 6
96 83 13 6 4 2 3 1 5 7 0
96 83 13 0 1 2 3 4 5 7 6
96 83 13 7 4 2 3 5 0 1 6
96 83 13 6 0 1 3 5 4 7 2
96 83 13 6 4 3 2 5 0 1 7
96 83 13 5 1 3 2 4 0 7 6
96 83 13 1 4 0 2 7 6 3 5
96 83 13 1 6 0 3 5 7 2 4
96 84 12 1 4 2 6 0 3 7 5
96 84 12 7 4 3 5 1 6 2 0
96 84 12 1 2 0 3 4 7 5 6
96 84 12 3 4 2 1 5 7 6 0
96 84 12 4 7 3 1 6 5 2 0
96 84 12 4 3 5 0 1 7 6 2
96 84 12 5 1 0 3 6 4 7 2
96 84 12 5 1 3 7 6 4 0 2
96 84 12 1 4 0 3 7 6 2 5
96 84 12 1 7 3 0 6 2 4 5
96 84 12 5 3 6 4 1 0 7 2
96 84 12 5 3 0 4 1 7 6 2
96 84 12 1 0 4 3 2 7 5 6
96 84 12 4 3 0 1 6 5 7 2
96 84 12 4 5 3 1 6 0 7 2
96 84 12 2 4 0 3 1 5 7 6
96 84 12 1 3 6 5 7 0 4 2
96 84 12 0 2 3 1 6 4 7 5
96 84 12 1 2 3 7 6 4 0 5
96 84 12 1 2 3 5 0 4 7 6
96 85 11 1 6 3 5 0 4 7 2
96 85 11 1 7 0 4 3 6 2 5
96 85 11 1 7 4 5 3 6 2 0
96 85 11 4 2 0 3 5 7 6 1
96 85 11 7 3 2 1 5 4 0 6
96 85 11 1 4 3 7 0 6 5 2
96 85 11 1 0 7 3 5 2 4 6
96 85 11 1 7 3 0 5 2 4 6
96 85 11 3 1 4 6 5 0 7 2
96 85 11 1 3 6 5 4 0 2 7
96 85 11 4 3 0 2 5 6 7 1
96 85 11 2 4 3 6 5 0 1 7
96 85 11 2 4 0 3 5 1 7 6
96 85 11 1 4 0 5 2 6 3 7
96 85 11 1 3 6 0 5 4 2 7
96 85 11 1 7 3 0 4 2 6 5
96 85 11 1 7 3 5 0 2 6 4
96 86 10 5 7 3 1 4 2 6 0
96 86 10 1 3 7 2 4 5 0 6
96 86 10 1 3 6 2 4 5 7 0
96 86 10 1 7 4 2 5 6 0 3
96 86 10 1 3 2 7 0 4 5 6
96 86 10 1 3 4 0 5 7 2 6
96 86 10 1 6 0 3 5 4 7 2
96 86 10 1 3 0 2 5 4 6 7
96 86 10 1 3 7 5 0 4 2 6
96 86 10 1 2 7 3 5 0 4 6
96 86 10 1 3 7 5 6 0 4 2
96 86 10 1 4 3 0 2 5 6 7
96 87 9 1 4 3 5 6 2 7 0
96 87 9 1 7 4 2 5 6 3 0
96 87 9 1 2 3 6 4 5 0 7
96 87 9 1 5 3 6 2 4 0 7
96 87 9 1 3 0 5 2 4 7 6
96 87 9 1 4 3 0 5 2 7 6
96 88 8 4 1 3 2 5 7 6 0
96 88 8 1 3 5 7 0 4 2 6
96 88 8 1 0 4 3 5 6 2 7
96 88 8 1 4 3 0 5 6 2 7
96 88 8 2 4 3 1 5 6 0 7
96 89 7 1 3 2 7 6 4 5 0
96 89 7 1 2 3 6 5 4 0 7
97 78 19 5 0 2 6 4 7 3 1
97 78 19 6 4 0 1 7 2 5 3
97 79 18 5 4 6 0 7 2 3 1
97 79 18 7 4 2 6 1 0 3 5
97 79 18 0 4 3 6 2 7 5 1
97 79 18 7 4 6 1 0 2 5 3
97 79 18 6 4 1 5 0 7 2 3
97 79 18 6 0 4 3 7 1 2 5
97 80 17 4 0 5 6 1 7 2 3
97 80 17 5 7 3 0 6 4 2 1
97 80 17 5 4 6 3 7 0 2 1
97 80 17 5 7 0 6 4 2 3 1
97 80 17 3 4 6 1 0 7 2 5
97 80 17 6 1 4 5 0 7 3 2
97 80 17 0 4 2 6 3 5 7 1
97 81 16 6 3 0 2 4 7 5 1
97 81 16 6 7 3 2 1 0 4 5
97 81 16 4 0 5 1 6 7 2 3
97 81 16 6 7 3 0 5 4 2 1
97 81 16 6 5 0 3 4 7 2 1
97 81 16 6 5 3 4 0 7 2 1
97 81 16 4 7 6 1 5 0 2 3
97 81 16 7 3 2 6 4 0 1 5
97 81 16 6 3 1 4 0 7 2 5
97 81 16 4 6 3 0 1 7 2 5
97 81 16 6 7 0 1 4 2 3 5
97 81 16 5 0 3 6 1 4 2 7
97 81 16 0 7 4 3 5 2 6 1
97 82 15 4 0 6 2 5 7 3 1
97 82 15 2 4 6 0 5 7 3 1
97 82 15 7 4 0 3 1 2 6 5
97 82 15 6 4 2 3 7 1 0 5
97 82 15 7 1 4 6 0 2 3 5
97 82 15 5 1 4 6 7 2 3 0
97 82 15 7 0 4 6 5 2 3 1
97 82 15 5 6 3 1 0 7 2 4
97 82 15 5 4 0 7 6 1 3 2
97 82 15 7 4 3 5 1 0 6 2
97 82 15 5 0 3 1 4 7 6 2
97 82 15 5 4 2 3 7 0 6 1
97 82 15 7 3 2 4 1 0 5 6
97 82 15 4 7 0 1 5 2 3 6
97 82 15 5 1 0 6 2 4 7 3
97 82 15 7 4 0 5 1 2 6 3
97 82 15 0 4 3 5 1 2 6 7
97 82 15 7 4 3 1 0 2 6 5
97 83 14 7 5 3 6 4 2 0 1
97 83 14 4 0 3 6 2 1 7 5
97 83 14 1 4 3 6 2 0 7 5
97 83 14 4 2 3 6 7 0 5 1
97 83 14 3 4 6 5 1 7 0 2
97 83 14 4 3 2 5 1 0 7 6
97 83 14 5 3 2 6 4 1 7 0
97 83 14 1 2 7 6 4 0 3 5
97 83 14 4 0 7 3 5 1 2 6
97 83 14 7 4 3 6 2 5 1 0
97 83 14 4 7 3 2 1 0 6 5
97 83 14 2 4 3 6 1 7 0 5
97 83 14 4 3 1 2 5 7 0 6
97 83 14 1 4 2 7 6 5 0 3
97 83 14 3 4 2 0 1 5 7 6
97 83 14 1 4 2 7 3 5 0 6
97 83 14 1 4 0 2 7 5 3 6
97 83 14 1 4 0 7 6 2 5 3
97 84 13 2 4 3 6 7 5 0 1
97 84 13 4 2 0 6 3 1 7 5
97 84 13 4 1 2 6 3 0 7 5
97 84 13 2 5 3 6 4 1 7 0
97 84 13 5 3 7 6 4 1 0 2
97 84 13 5 4 3 2 7 6 0 1
97 84 13 1 7 2 3 4 0 5 6
97 84 13 4 0 2 1 5 7 6 3
97 84 13 7 3 2 1 6 4 0 5
97 84 13 5 1 3 6 7 2 0 4
97 84 13 5 1 3 2 6 7 0 4
97 84 13 1 4 2 6 7 3 0 5
97 84 13 1 7 2 3 4 0 6 5
97 84 13 1 4 0 2 3 7 6 5
97 84 13 1 0 4 6 2 5 3 7
97 84 13 1 4 6 0 2 5 3 7
97 84 13 7 0 3 2 5 4 1 6
97 84 13 1 0 3 6 7 4 5 2
97 84 13 4 3 6 0 5 1 2 7
97 84 13 0 1 4 3 7 6 2 5
97 84 13 1 0 7 3 6 2 4 5
97 84 13 1 5 4 3 7 0 2 6
97 84 13 5 1 0 3 6 7 4 2
97 84 13 1 0 6 5 4 3 7 2
97 85 12 1 2 0 6 4 5 7 3
97 85 12 7 4 3 5 6 2 1 0
97 85 12 7 0 3 1 5 4 6 2
97 85 12 1 7 3 6 0 5 2 4
97 85 12 6 1 3 4 7 2 0 5
97 85 12 4 3 0 7 1 2 5 6
97 85 12 1 3 0 2 7 4 5 6
97 85 12 5 4 2 3 0 6 7 1
97 85 12 3 4 2 0 5 6 7 1
97 85 12 6 4 3 5 2 1 0 7
97 85 12 7 1 3 0 4 2 5 6
97 85 12 7 3 1 0 5 4 2 6
97 85 12 2 4 0 3 6 1 7 5
97 85 12 0 3 2 7 1 4 5 6
97 85 12 6 4 2 3 5 1 0 7
97 85 12 1 3 7 6 4 0 5 2
97 85 12 1 7 3 6 0 5 4 2
97 85 12 4 6 3 2 5 0 7 1
97 85 12 1 7 0 5 4 2 6 3
97 86 11 4 7 3 5 1 2 6 0
97 86 11 2 4 3 6 5 0 7 1
97 86 11 5 7 3 4 6 1 0 2
97 86 11 1 0 4 3 6 2 5 7
97 86 11 1 4 5 3 6 2 0 7
97 86 11 1 3 2 0 4 5 7 6
97 86 11 1 5 3 2 4 7 0 6
97 86 11 1 3 6 4 0 5 7 2
97 86 11 1 3 6 7 4 5 0 2
97 86 11 2 1 3 6 4 5 0 7
97 86 11 2 1 3 0 4 5 7 6
97 86 11 2 1 3 6 0 5 7 4
97 86 11 1 3 0 6 5 7 2 4
97 86 11 1 2 7 3 6 0 4 5
97 86 11 1 3 6 2 5 0 4 7
97 86 11 1 4 7 3 5 0 6 2
97 86 11 1 4 3 0 2 6 5 7
97 86 11 1 3 7 2 0 4 6 5
97 86 11 1 4 3 7 0 5 6 2
97 86 11 1 4 0 7 2 5 6 3
97 87 10 4 2 3 6 1 5 0 7
97 87 10 3 1 2 4 6 7 0 5
97 87 10 1 7 2 3 5 4 0 6
97 87 10 1 2 3 6 0 4 5 7
97 87 10 1 4 3 2 0 6 5 7
97 87 10 1 2 7 3 4 6 0 5
97 87 10 1 7 0 3 5 6 4 2
97 87 10 1 3 6 0 2 4 7 5
97 88 9 1 3 5 6 4 2 0 7
97 88 9 7 1 4 3 5 6 2 0
97 88 9 1 7 5 3 4 2 0 6
97 88 9 3 1 2 4 5 7 0 6
97 88 9 1 3 6 7 4 2 0 5
97 88 9 1 7 4 2 5 3 6 0
97 88 9 2 1 4 3 5 7 6 0
97 88 9 1 3 5 6 7 4 2 0
97 88 9 1 4 2 7 5 6 3 0
97 88 9 1 3 2 7 5 0 4 6
97 88 9 1 0 2 3 5 4 6 7
97 89 8 1 2 4 6 5 7 3 0
97 89 8 1 3 2 5 4 6 7 0
97 90 7 4 1 3 2 5 6 7 0
97 92 5 1 3 5 7 4 2 0 6
98 79 19 6 7 4 0 3 1 2 5
98 79 19 6 4 0 5 7 1 2 3
98 80 18 0 7 4 6 1 2 5 3
98 80 18 7 6 4 5 1 0 2 3
98 80 18 4 1 0 5 6 7 2 3
98 81 17 0 6 3 2 4 7 5 1
98 81 17 6 7 3 2 4 0 5 1
98 81 17 3 4 6 0 1 7 2 5
98 81 17 2 7 4 6 1 0 3 5
98 81 17 6 7 0 2 1 4 3 5
98 81 17 7 4 5 1 6 0 2 3
98 81 17 6 5 3 2 4 7 0 1
98 81 17 7 1 4 5 6 0 2 3
98 81 17 0 1 4 6 7 2 5 3
98 81 17 3 5 4 6 0 7 2 1
98 81 17 7 3 6 2 4 1 0 5
98 81 17 6 3 1 2 4 7 0 5
98 81 17 4 3 1 6 0 7 2 5
98 81 17 7 4 0 2 5 1 6 3
98 82 16 4 0 6 7 1 2 3 5
98 82 16 7 4 6 3 1 0 2 5
98 82 16 6 4 3 2 7 0 1 5
98 82 16 6 7 4 2 1 3 0 5
98 82 16 3 0 6 1 7 4 2 5
98 82 16 5 7 0 6 1 2 4 3
98 82 16 2 1 4 6 7 0 3 5
98 82 16 7 4 6 0 5 2 3 1
98 82 16 0 4 2 5 1 7 6 3
98 82 16 4 3 2 7 6 1 0 5
98 82 16 4 1 0 6 7 2 3 5
98 82 16 5 0 2 3 4 1 7 6
98 82 16 5 4 2 0 3 1 7 6
98 82 16 6 0 3 1 4 5 7 2
98 82 16 7 4 0 1 5 2 6 3
98 83 15 5 7 4 6 3 1 2 0
98 83 15 6 0 4 2 5 7 3 1
98 83 15 3 4 2 0 1 7 6 5
98 83 15 3 0 2 6 4 1 7 5
98 83 15 4 0 7 6 5 1 3 2
98 83 15 4 7 6 0 5 1 3 2
98 83 15 6 0 3 7 1 4 2 5
98 83 15 1 7 6 4 0 2 3 5
98 83 15 1 7 6 3 4 2 0 5
98 83 15 5 0 1 3 4 7 2 6
98 83 15 4 5 3 2 1 0 7 6
98 83 15 4 7 0 2 5 1 3 6
98 83 15 0 4 3 6 7 5 1 2
98 83 15 7 4 3 0 6 5 1 2
98 83 15 2 4 0 1 5 7 3 6
98 83 15 0 4 2 1 6 5 7 3
98 83 15 0 4 2 1 3 5 7 6
98 83 15 6 4 0 2 5 1 3 7
98 83 15 2 4 0 1 6 5 7 3
98 83 15 1 4 0 7 6 5 2 3
98 83 15 1 7 0 6 5 2 3 4
98 84 14 7 4 6 1 5 2 3 0
98 84 14 5 4 7 6 2 1 0 3
98 84 14 4 3 2 5 6 7 0 1
98 84 14 5 7 3 1 6 4 2 0
98 84 14 5 3 6 0 4 1 7 2
98 84 14 5 4 0 3 2 7 6 1
98 84 14 5 4 2 6 1 3 7 0
98 84 14 7 4 0 3 1 6 2 5
98 84 14 7 4 3 2 1 6 0 5
98 84 14 1 4 0 2 3 7 5 6
98 84 14 4 6 0 1 5 7 3 2
98 84 14 7 3 1 0 6 4 2 5
98 84 14 1 0 2 6 7 4 3 5
98 84 14 0 1 2 3 4 7 6 5
98 84 14 1 4 2 6 3 7 0 5
98 84 14 0 7 4 3 5 1 2 6
98 84 14 7 4 3 2 0 5 1 6
98 84 14 1 4 5 2 0 7 3 6
98 84 14 2 4 0 6 1 5 3 7
98 84 14 2 4 3 7 1 5 0 6
98 85 13 6 1 3 2 7 4 5 0
98 85 13 6 1 5 0 4 7 2 3
98 85 13 6 1 2 5 4 7 0 3
98 85 13 1 0 6 5 7 4 3 2
98 85 13 1 6 0 5 4 7 3 2
98 85 13 1 7 6 5 4 0 3 2
98 85 13 3 4 2 6 1 5 7 0
98 85 13 4 0 3 1 2 5 7 6
98 85 13 7 3 0 5 6 4 2 1
98 85 13 5 3 6 1 4 7 0 2
98 85 13 4 3 5 6 1 7 2 0
98 85 13 2 6 3 5 1 4 7 0
98 85 13 7 4 3 1 0 5 6 2
98 85 13 5 7 4 3 1 6 2 0
98 85 13 1 7 4 2 3 6 0 5
98 85 13 5 4 3 7 1 0 2 6
98 85 13 6 4 3 7 1 2 0 5
98 85 13 4 7 2 3 5 0 6 1
98 85 13 5 3 2 1 4 0 7 6
98 85 13 7 3 0 2 1 4 5 6
98 85 13 1 6 3 0 2 4 7 5
98 85 13 0 1 3 6 2 4 5 7
98 85 13 3 1 0 6 5 7 4 2
98 85 13 1 4 7 2 5 0 6 3
98 85 13 2 4 3 7 5 6 0 1
98 85 13 2 4 0 6 5 1 3 7
98 86 12 5 7 4 3 1 2 6 0
98 86 12 5 3 2 1 7 4 0 6
98 86 12 1 5 0 3 4 7 2 6
98 86 12 1 5 3 4 0 7 2 6
98 86 12 7 4 3 1 6 5 0 2
98 86 12 1 0 4 3 2 7 6 5
98 86 12 5 3 0 7 1 4 2 6
98 86 12 1 3 6 2 5 7 0 4
98 86 12 4 3 2 0 5 7 1 6
98 86 12 1 7 4 0 5 3 2 6
98 86 12 0 1 6 3 5 4 7 2
98 86 12 1 4 0 7 2 6 5 3
98 87 11 2 0 3 7 1 4 5 6
98 87 11 5 3 2 4 1 7 0 6
98 87 11 7 0 3 1 2 4 5 6
98 87 11 3 1 4 2 5 7 6 0
98 87 11 1 4 7 6 2 5 3 0
98 87 11 1 7 4 2 6 3 5 0
98 87 11 1 3 2 4 7 0 5 6
98 87 11 1 0 7 3 5 4 2 6
98 87 11 1 7 3 2 5 0 4 6
98 87 11 6 1 4 3 5 0 7 2
98 87 11 1 4 6 3 2 5 7 0
98 87 11 1 0 3 2 6 4 5 7
98 87 11 1 7 4 3 0 5 6 2
98 87 11 2 1 3 6 0 5 4 7
98 87 11 2 0 3 6 5 1 4 7
98 87 11 2 0 1 3 5 4 7 6
98 87 11 2 1 7 3 5 4 0 6
98 87 11 1 4 2 5 3 6 0 7
98 87 11 0 1 3 2 5 4 6 7
98 87 11 1 4 2 3 6 0 5 7
98 87 11 1 4 0 3 6 5 2 7
98 88 10 4 1 2 3 5 7 0 6
98 88 10 2 1 0 4 5 7 3 6
98 88 10 1 3 5 2 4 0 7 6
98 88 10 1 3 6 7 0 5 4 2
98 88 10 1 4 3 7 0 2 6 5
98 88 10 1 3 7 0 6 4 5 2
98 88 10 1 4 2 3 0 5 6 7
98 89 9 2 4 3 6 5 7 1 0
98 89 9 1 7 3 4 6 2 5 0
98 89 9 1 4 7 5 2 6 0 3
98 89 9 1 3 2 6 5 7 4 0
98 89 9 1 3 5 4 6 7 2 0
98 89 9 7 1 4 3 5 2 6 0
98 89 9 1 3 2 4 0 6 7 5
98 89 9 1 5 4 3 0 6 7 2
98 89 9 0 1 3 7 2 4 5 6
98 90 8 1 5 3 2 6 4 7 0
98 90 8 1 3 7 5 4 6 0 2
98 91 7 1 0 3 4 5 7 6 2
98 93 5 1 3 2 4 5 7 6 0
98 95 3 1 3 5 7 2 4 0 6
99 79 20 0 4 6 5 7 2 3 1
99 80 19 5 0 6 3 4 7 2 1
99 80 19 5 4 6 0 3 7 2 1
99 80 19 0 3 6 2 4 7 5 1
99 81 18 6 7 4 0 1 2 3 5
99 81 18 7 6 4 2 1 0 3 5
99 81 18 3 5 0 6 1 7 2 4
99 81 18 0 3 1 6 4 7 2 5
99 81 18 7 4 0 1 6 2 5 3
99 81 18 0 4 6 5 2 7 3 1
99 81 18 0 7 4 3 6 2 5 1
99 82 17 6 0 4 1 7 2 3 5
99 82 17 0 6 4 2 1 7 5 3
99 82 17 6 7 4 2 0 1 3 5
99 82 17 6 1 4 0 7 2 3 5
99 82 17 5 4 2 1 0 7 6 3
99 82 17 5 0 2 3 4 7 6 1
99 82 17 5 4 2 0 3 7 6 1
99 82 17 6 4 3 1 2 0 7 5
99 82 17 4 1 3 5 7 0 2 6
99 83 16 5 4 2 6 7 1 0 3
99 83 16 6 3 2 0 4 7 5 1
99 83 16 6 5 0 4 1 7 2 3
99 83 16 7 4 2 3 1 0 6 5
99 83 16 3 4 0 5 1 7 2 6
99 83 16 6 3 2 0 4 1 7 5
99 83 16 0 1 7 6 4 2 3 5
99 83 16 2 4 6 1 0 7 3 5
99 83 16 4 3 1 5 0 7 2 6
99 83 16 1 4 0 6 2 7 5 3
99 84 15 7 4 6 1 5 2 0 3
99 84 15 7 0 6 1 5 4 2 3
99 84 15 5 4 6 0 2 1 7 3
99 84 15 2 0 3 6 7 4 5 1
99 84 15 4 3 5 0 6 7 2 1
99 84 15 4 7 3 5 0 6 2 1
99 84 15 4 7 3 5 6 2 0 1
99 84 15 7 4 0 3 6 5 2 1
99 84 15 4 3 2 1 7 0 5 6
99 84 15 0 4 2 6 3 1 7 5
99 84 15 5 4 6 1 3 7 0 2
99 84 15 6 5 3 0 4 1 7 2
99 84 15 5 0 3 2 7 4 6 1
99 84 15 5 1 0 2 4 7 3 6
99 84 15 0 1 2 3 4 7 5 6
99 84 15 1 4 2 5 3 7 0 6
99 84 15 6 1 3 5 7 0 2 4
99 84 15 4 7 6 1 5 0 3 2
99 84 15 5 0 3 6 7 1 2 4
99 84 15 0 7 3 1 4 5 2 6
99 84 15 1 5 4 0 3 7 2 6
99 84 15 0 3 2 6 5 4 7 1
99 84 15 0 3 2 5 4 7 6 1
99 85 14 7 6 3 1 4 2 0 5
99 85 14 6 1 2 3 7 4 0 5
99 85 14 7 3 0 1 4 6 2 5
99 85 14 5 3 0 2 4 1 7 6
99 85 14 1 4 6 5 7 3 0 2
99 85 14 4 0 2 6 1 5 7 3
99 85 14 1 5 2 6 4 0 7 3
99 85 14 5 4 2 1 6 0 7 3
99 85 14 4 3 5 6 1 0 7 2
99 85 14 5 6 3 0 1 4 7 2
99 85 14 7 3 0 6 5 1 2 4
99 85 14 5 0 3 7 4 1 2 6
99 85 14 4 3 0 1 6 7 5 2
99 85 14 4 7 3 1 6 0 5 2
99 85 14 6 0 3 4 7 1 2 5
99 85 14 4 2 3 7 1 0 5 6
99 85 14 5 4 0 3 6 7 1 2
99 85 14 7 4 5 3 1 0 2 6
99 85 14 5 4 3 1 0 2 6 7
99 85 14 7 3 2 1 0 4 5 6
99 85 14 0 1 3 2 7 4 6 5
99 85 14 6 4 2 0 5 1 7 3
99 85 14 2 4 3 5 0 6 7 1
99 85 14 1 7 0 3 6 5 2 4
99 85 14 2 4 3 7 5 1 0 6
99 86 13 1 2 0 6 4 7 3 5
99 86 13 7 0 3 4 1 2 5 6
99 86 13 7 4 6 2 5 1 3 0
99 86 13 3 0 6 5 1 4 2 7
99 86 13 4 3 0 7 5 1 2 6
99 86 13 4 1 3 7 5 0 2 6
99 86 13 7 4 5 0 1 2 3 6
99 86 13 5 3 1 0 7 4 2 6
99 86 13 5 3 1 6 4 7 2 0
99 86 13 1 0 4 7 6 5 3 2
99 86 13 1 4 7 0 6 5 3 2
99 86 13 7 3 0 4 6 1 2 5
99 86 13 1 4 6 3 2 7 0 5
99 86 13 4 3 0 2 1 5 7 6
99 86 13 1 7 4 2 0 5 6 3
99 86 13 5 3 6 0 1 4 2 7
99 86 13 5 3 6 7 0 4 2 1
99 86 13 1 4 5 3 7 0 2 6
99 86 13 1 3 5 6 0 7 2 4
99 86 13 0 3 7 1 5 4 2 6
99 87 12 5 4 1 3 6 7 2 0
99 87 12 7 5 3 1 0 4 2 6
99 87 12 1 5 3 0 7 4 2 6
99 87 12 3 6 2 4 1 7 0 5
99 87 12 1 5 4 6 2 7 3 0
99 87 12 7 4 3 1 2 5 0 6
99 87 12 1 7 3 2 0 4 5 6
99 87 12 1 7 3 2 4 5 0 6
99 87 12 4 0 2 3 6 1 7 5
99 87 12 6 2 3 0 1 4 7 5
99 87 12 1 6 4 3 7 2 0 5
99 87 12 2 1 4 0 5 7 6 3
99 87 12 4 2 3 6 0 1 5 7
99 87 12 1 7 4 6 3 5 0 2
99 87 12 1 6 0 2 5 4 7 3
99 87 12 7 1 3 4 5 0 2 6
99 87 12 1 7 3 5 6 0 4 2
99 87 12 1 7 0 5 6 4 3 2
99 87 12 1 0 2 5 4 3 7 6
99 87 12 1 3 5 6 0 4 7 2
99 87 12 1 4 3 6 0 2 7 5
99 88 11 7 4 2 3 5 6 0 1
99 88 11 5 1 2 3 6 7 0 4
99 88 11 4 3 6 2 5 1 7 0
99 88 11 1 6 2 3 0 4 7 5
99 88 11 6 3 7 2 1 4 5 0
99 88 11 1 2 4 3 7 0 5 6
99 88 11 1 7 3 2 4 6 0 5
99 88 11 1 4 6 2 3 5 7 0
99 88 11 1 3 6 0 4 2 5 7
99 88 11 7 1 4 3 6 2 5 0
99 88 11 2 0 4 3 5 7 6 1
99 88 11 1 0 7 3 4 2 5 6
99 88 11 1 0 4 2 6 5 3 7
99 88 11 1 4 2 0 6 5 3 7
99 88 11 2 1 4 6 5 0 7 3
99 88 11 2 1 4 3 5 7 0 6
99 88 11 2 1 3 7 5 0 4 6
99 88 11 2 1 0 7 5 4 3 6
99 88 11 2 4 3 5 1 6 0 7
99 88 11 1 3 7 2 0 4 5 6
99 88 11 1 3 5 2 7 4 0 6
99 88 11 1 3 2 5 7 0 4 6
99 88 11 0 1 4 2 5 6 3 7
99 88 11 1 6 4 2 5 0 3 7
99 89 10 6 3 2 5 1 4 7 0
99 89 10 1 4 5 0 2 6 7 3
99 89 10 1 2 4 6 7 3 5 0
99 89 10 4 2 0 3 1 6 7 5
99 89 10 1 0 4 2 3 6 7 5
99 89 10 1 3 0 7 6 4 2 5
99 89 10 1 0 7 5 4 2 3 6
99 89 10 1 7 5 0 4 2 3 6
99 89 10 1 5 4 3 6 7 0 2
99 89 10 4 3 0 1 5 6 7 2
99 90 9 7 4 3 2 5 6 1 0
99 90 9 1 3 7 2 4 6 5 0
99 90 9 1 4 7 3 2 6 5 0
99 90 9 1 2 7 6 5 4 3 0
99 90 9 2 1 4 3 6 5 7 0
99 90 9 1 3 5 0 4 6 7 2
99 90 9 6 1 3 4 5 0 7 2
99 91 8 5 4 3 7 2 1 6 0
99 91 8 1 7 2 3 5 6 0 4
99 98 1 1 3 5 7 2 4 6 0