0 0 0 0 4 3 6 1 7 2 5
12 0 12 1 4 3 6 0 7 2 5
9 0 9 1 4 3 6 5 7 2 0
9 0 9 1 4 3 6 5 7 0 2
9 0 9 1 4 3 6 5 0 7 2
9 0 9 1 0 3 6 5 4 7 2
10 0 10 1 4 3 0 5 7 2 6
10 0 10 1 4 3 6 0 5 7 2
10 0 10 1 3 0 6 5 4 7 2
10 0 10 1 4 3 6 2 5 7 0
10 0 10 1 3 6 0 5 4 7 2
8 0 8 1 3 6 2 5 4 7 0
10 0 10 1 3 7 6 5 4 0 2
9 0 9 1 3 7 6 5 4 2 0
9 0 9 1 3 7 0 5 4 2 6
8 0 8 1 3 0 7 5 4 2 6
7 0 7 1 3 2 7 5 4 0 6
5 0 5 1 3 2 7 5 4 6 0
9 0 9 1 0 3 7 5 4 2 6
9 0 9 1 3 2 7 5 0 4 6
9 0 9 1 3 2 0 5 4 6 7
9 0 9 1 3 2 7 0 4 6 5
9 0 9 1 3 0 7 5 4 6 2
8 0 8 1 0 3 7 5 4 6 2
8 0 8 1 3 7 0 5 4 6 2
7 0 7 1 3 7 2 5 4 6 0
8 0 8 1 3 6 7 5 4 0 2
7 0 7 1 3 6 7 5 4 2 0
9 0 9 1 3 2 7 0 5 4 6
9 0 9 1 3 2 7 4 0 6 5
9 0 9 1 3 7 5 0 4 6 2
4 0 4 1 3 7 5 2 4 6 0
5 0 5 1 3 7 5 2 4 0 6
7 0 7 1 3 7 0 2 4 6 5
6 0 6 1 3 0 7 2 4 6 5
7 0 7 1 3 7 5 2 0 4 6
7 0 7 1 3 0 5 2 4 7 6
6 0 6 1 3 5 0 2 4 7 6
5 0 5 1 3 5 7 2 4 0 6
1 0 1 1 3 5 7 2 4 6 0