0 0 0 3 4 6 5 7 0 1 2
14 0 14 3 0 6 5 7 4 1 2
15 0 15 3 4 6 5 0 7 1 2
15 0 15 3 4 6 5 7 1 0 2
27 15 12 3 4 6 5 2 7 1 0
28 14 14 0 3 6 5 7 4 1 2
28 14 14 3 6 0 5 7 4 1 2
29 15 14 3 4 6 5 7 1 2 0
29 15 14 3 4 0 5 7 1 6 2
31 15 16 3 0 6 5 4 7 1 2
31 15 16 3 4 6 0 5 7 1 2
33 15 18 0 4 6 5 3 7 1 2
40 27 13 3 4 6 5 2 7 0 1
40 28 12 7 3 6 5 0 4 1 2
41 27 14 3 4 0 5 2 7 1 6
41 28 13 2 3 6 5 7 4 1 0
41 28 13 3 6 5 0 7 4 1 2
41 28 13 3 6 1 5 7 4 0 2
42 27 15 3 4 6 0 2 7 1 5
42 29 13 3 4 5 0 7 1 6 2
43 28 15 5 3 6 0 7 4 1 2
43 29 14 3 0 4 5 7 1 6 2
43 31 12 3 4 6 2 5 7 1 0
44 27 17 0 4 6 5 2 7 1 3
45 29 16 3 4 6 5 0 1 2 7
45 31 14 0 3 6 5 4 7 1 2
45 31 14 3 6 0 5 4 7 1 2
45 31 14 3 7 6 5 4 0 1 2
45 31 14 3 4 0 6 5 7 1 2
46 28 18 4 3 6 5 7 0 1 2
46 29 17 3 4 6 0 7 1 2 5
46 29 17 3 4 0 5 7 1 2 6
46 31 15 0 4 6 3 5 7 1 2
46 31 15 3 4 6 1 5 7 0 2
49 29 20 0 4 6 5 7 1 2 3
49 33 16 2 4 6 5 3 7 1 0
49 40 9 7 3 6 5 2 4 1 0
50 33 17 4 0 6 5 3 7 1 2
50 33 17 5 4 6 0 3 7 1 2
52 33 19 7 4 6 5 3 0 1 2
52 40 12 3 4 0 5 2 7 6 1
52 41 11 3 4 5 0 2 7 1 6
52 41 11 3 4 1 5 2 7 0 6
53 40 13 7 3 6 5 4 0 1 2
53 41 12 3 0 4 5 2 7 1 6
53 41 12 3 6 5 2 7 4 1 0
53 41 12 3 6 5 7 0 4 1 2
53 41 12 3 6 1 5 7 4 2 0
54 40 14 3 4 6 5 2 0 7 1
54 41 13 2 3 6 5 7 4 0 1
54 41 13 2 3 6 5 0 4 1 7
54 42 12 3 4 5 2 7 1 6 0
54 42 12 3 4 5 7 0 1 6 2
55 40 15 7 3 6 0 5 4 1 2
55 41 14 2 3 0 5 7 4 1 6
55 41 14 3 6 5 1 7 4 0 2
56 41 15 2 3 6 0 7 4 1 5
56 41 15 3 6 1 5 7 0 4 2
56 43 13 5 3 6 2 7 4 1 0
56 43 13 5 3 6 7 0 4 1 2
56 43 13 3 1 4 5 7 0 6 2
57 40 17 7 0 6 5 3 4 1 2
57 41 16 0 6 5 3 7 4 1 2
57 43 14 0 3 4 5 7 1 6 2
57 43 14 3 4 6 2 5 7 0 1
58 42 16 3 4 0 6 2 7 1 5
58 42 16 3 4 6 1 2 7 0 5
58 42 16 0 4 5 3 7 1 6 2
58 43 15 5 3 0 6 7 4 1 2
58 43 15 5 3 6 1 7 4 0 2
58 45 13 2 3 6 5 4 7 1 0
58 45 13 3 6 5 0 4 7 1 2
58 45 13 3 6 1 5 4 7 0 2
58 45 13 3 7 6 5 0 4 1 2
58 45 13 3 7 6 5 4 1 0 2
58 45 13 3 0 4 6 5 7 1 2
58 45 13 3 4 1 6 5 7 0 2
58 46 12 2 4 6 3 5 7 1 0
58 46 12 3 4 6 1 5 7 2 0
59 42 17 3 4 5 6 7 1 0 2
59 43 16 3 4 0 2 5 7 1 6
59 44 15 4 0 6 5 2 7 1 3
59 46 13 4 0 6 3 5 7 1 2
59 46 13 3 4 6 1 5 0 7 2
59 46 13 3 4 0 1 5 7 6 2
59 49 10 7 3 6 5 2 4 0 1
60 42 18 0 4 6 3 2 7 1 5
60 42 18 3 4 6 2 0 7 1 5
60 44 16 2 4 6 5 0 7 1 3
60 44 16 5 4 6 0 2 7 1 3
60 44 16 7 4 6 5 2 0 1 3
60 45 15 3 4 6 5 1 0 2 7
60 45 15 4 3 6 5 0 7 1 2
60 45 15 5 3 6 0 4 7 1 2
60 46 14 3 4 5 0 7 1 2 6
60 46 14 3 4 2 5 7 1 0 6
60 49 11 7 3 0 5 2 4 1 6
60 53 7 3 6 5 7 2 4 1 0
61 43 18 0 4 6 2 5 7 1 3
61 45 16 3 0 6 5 4 1 2 7
61 45 16 3 4 6 0 5 1 2 7
61 46 15 4 3 6 5 7 1 0 2
61 46 15 3 0 4 5 7 1 2 6
61 46 15 5 4 6 3 0 7 1 2
61 49 12 7 3 6 0 2 4 1 5
61 52 9 3 4 1 5 2 7 6 0
61 54 7 3 4 5 7 2 1 6 0
62 46 16 7 4 6 3 5 0 1 2
62 49 13 0 3 6 5 2 4 1 7
63 45 18 0 4 6 5 3 1 2 7
63 46 17 3 4 0 6 7 1 2 5
63 46 17 3 4 6 7 0 1 2 5
63 52 11 3 4 5 0 2 7 6 1
63 52 11 3 4 5 6 2 7 1 0
64 46 18 4 0 6 5 7 3 1 2
64 46 18 0 4 6 3 7 1 2 5
64 46 18 3 4 6 2 7 1 0 5
64 49 15 2 4 6 0 3 7 1 5
64 50 14 5 4 6 2 3 7 1 0
64 52 12 3 0 4 5 2 7 6 1
64 52 12 3 4 5 1 2 7 0 6
64 52 12 3 4 1 5 2 0 7 6
64 53 11 3 6 5 7 4 0 1 2
64 54 10 3 4 5 7 1 0 6 2
64 56 8 5 3 6 7 2 4 1 0
65 49 16 7 4 6 5 0 1 2 3
65 49 16 2 4 6 5 3 7 0 1
65 53 12 7 3 6 5 4 1 0 2
65 53 12 0 3 4 5 2 7 1 6
65 53 12 3 7 4 5 2 0 1 6
65 53 12 3 0 5 7 6 4 1 2
65 54 11 3 0 5 7 4 1 6 2
66 49 17 1 4 6 5 7 0 2 3
66 50 16 5 4 0 6 3 7 1 2
66 52 14 0 4 5 3 2 7 1 6
66 53 13 0 6 5 7 3 4 1 2
66 54 12 3 0 6 5 2 4 7 1
66 54 12 2 3 0 5 7 4 6 1
66 55 11 2 3 5 0 7 4 1 6
66 55 11 2 3 1 5 7 4 0 6
66 55 11 3 6 5 1 7 4 2 0
67 49 18 4 0 6 5 7 1 2 3
67 49 18 2 4 0 5 3 7 1 6
67 50 17 4 6 0 5 3 7 1 2
67 50 17 5 4 6 1 3 7 0 2
67 53 14 3 6 5 2 7 4 0 1
67 53 14 3 6 5 2 0 4 1 7
67 53 14 3 6 1 5 0 4 2 7
67 54 13 2 3 6 5 4 0 1 7
67 54 13 0 4 5 7 3 1 6 2
67 55 12 7 3 6 2 5 4 1 0
68 49 19 5 4 6 0 7 1 2 3
68 50 18 4 7 6 5 3 0 1 2
68 52 16 7 4 6 5 0 3 1 2
68 52 16 7 4 6 5 3 1 0 2
68 52 16 3 4 5 2 0 7 1 6
68 53 15 7 0 6 5 4 3 1 2
68 54 14 2 3 6 0 5 4 1 7
68 54 14 3 4 5 2 7 1 0 6
68 54 14 3 4 5 2 0 1 6 7
68 55 13 0 3 6 7 5 4 1 2
68 55 13 2 0 3 5 7 4 1 6
68 56 12 5 3 6 7 4 0 1 2
68 56 12 3 1 4 5 0 7 6 2
68 58 10 3 7 6 5 2 4 1 0
68 59 9 7 3 0 5 2 4 6 1
68 60 8 7 3 5 0 2 4 1 6
68 60 8 7 3 1 5 2 4 0 6
68 60 8 3 6 5 7 2 4 0 1
69 53 16 3 6 1 0 7 4 2 5
69 54 15 3 4 6 5 0 2 7 1
69 54 15 2 3 6 5 7 0 4 1
69 55 14 7 3 0 6 5 4 1 2
69 55 14 7 3 6 1 5 4 0 2
69 55 14 3 6 5 1 7 0 4 2
69 56 13 3 1 4 5 7 6 0 2
69 57 12 7 3 4 5 0 1 6 2
69 61 8 3 4 5 7 2 1 0 6
70 53 17 3 6 0 5 7 4 2 1
70 55 15 3 6 0 1 7 4 5 2
70 56 14 2 3 6 7 0 4 1 5
70 56 14 3 6 1 5 0 7 4 2
70 56 14 3 0 1 5 7 6 4 2
70 57 13 7 6 5 3 0 4 1 2
70 57 13 2 3 4 5 7 1 6 0
70 57 13 1 3 4 5 7 0 6 2
70 58 12 3 4 6 1 2 7 5 0
70 58 12 5 3 6 1 7 4 2 0
70 58 12 5 3 0 1 7 4 6 2
70 58 12 3 6 5 2 4 7 1 0
70 58 12 3 6 1 5 4 7 2 0
70 58 12 3 7 6 5 4 1 2 0
70 58 12 3 7 0 5 4 1 6 2
70 58 12 3 4 1 6 5 7 2 0
70 58 12 2 4 6 3 5 7 0 1
70 60 10 7 0 3 5 2 4 1 6
70 60 10 3 6 5 0 2 4 1 7
71 53 18 0 6 5 2 7 4 1 3
71 53 18 0 6 1 5 7 4 2 3
71 54 17 2 0 6 5 3 4 1 7
71 56 15 2 3 0 6 7 4 1 5
71 56 15 5 3 6 2 7 4 0 1
71 56 15 5 3 6 2 0 4 1 7
71 57 14 6 0 5 3 7 4 1 2
71 57 14 2 6 5 3 7 4 1 0
71 57 14 3 4 6 2 5 0 7 1
71 57 14 3 4 0 2 5 7 6 1
71 58 13 3 4 0 1 2 7 6 5
71 58 13 7 4 5 3 0 1 6 2
71 58 13 2 3 6 5 4 7 0 1
71 58 13 0 3 4 6 5 7 1 2
71 58 13 3 4 1 6 5 0 7 2
71 59 12 3 0 4 1 5 7 6 2
71 59 12 7 3 6 5 2 0 4 1
71 61 10 3 4 5 0 2 1 6 7
71 63 8 3 4 5 1 2 7 6 0
72 53 19 3 6 0 2 7 4 1 5
72 54 18 3 4 0 2 7 1 6 5
72 54 18 0 4 5 2 7 1 6 3
72 56 16 2 3 6 1 7 4 0 5
72 56 16 5 3 0 2 7 4 1 6
72 56 16 5 0 6 7 3 4 1 2
72 57 15 7 6 0 5 3 4 1 2
72 57 15 5 3 4 0 7 1 6 2
72 58 14 2 4 5 3 7 1 6 0
72 58 14 1 4 5 3 7 0 6 2
72 58 14 5 3 1 6 7 4 0 2
72 58 14 2 3 0 5 4 7 1 6
72 58 14 3 6 5 1 4 7 0 2
72 58 14 3 6 1 5 4 0 7 2
72 58 14 3 7 4 6 5 0 1 2
72 58 14 2 4 6 0 5 7 1 3
72 58 14 2 4 0 3 5 7 1 6
72 59 13 3 0 4 2 5 7 1 6
72 59 13 3 4 2 0 5 7 1 6
72 59 13 3 4 1 2 5 7 0 6
72 59 13 4 6 0 3 5 7 1 2
72 59 13 3 0 6 1 5 4 7 2
72 59 13 3 4 1 0 5 7 6 2
72 60 12 7 0 6 5 2 4 1 3
72 60 12 4 3 6 5 2 7 1 0
72 60 12 3 4 2 5 7 1 6 0
72 60 12 0 6 5 7 2 4 1 3
72 64 8 3 0 5 7 1 4 6 2
73 57 16 0 7 6 5 3 4 1 2
73 58 15 3 4 1 6 2 7 0 5
73 58 15 3 4 6 1 2 0 7 5
73 58 15 4 0 5 3 7 1 6 2
73 58 15 5 0 3 6 7 4 1 2
73 58 15 5 3 6 1 7 0 4 2
73 58 15 2 3 6 0 4 7 1 5
73 58 15 2 3 6 5 0 7 1 4
73 58 15 2 4 6 3 0 7 1 5
73 58 15 3 4 6 0 5 7 2 1
73 59 14 3 4 5 6 7 1 2 0
73 59 14 4 7 6 3 5 0 1 2
73 59 14 3 4 6 1 0 5 7 2
73 60 13 5 4 6 3 2 7 1 0
73 60 13 7 4 6 5 2 1 0 3
73 60 13 3 4 6 5 1 2 0 7
73 60 13 3 0 6 5 1 4 2 7
73 60 13 5 3 6 2 4 7 1 0
73 60 13 3 4 5 7 0 1 2 6
73 60 13 3 6 0 7 2 4 1 5
73 61 12 3 4 6 7 5 1 2 0
73 61 12 0 3 6 7 2 4 1 5
73 61 12 0 4 5 7 2 1 6 3
73 62 11 3 0 6 5 2 4 1 7
73 64 9 5 3 6 7 2 4 0 1
73 65 8 3 1 5 7 4 0 6 2
74 56 18 0 3 6 2 7 4 1 5
74 58 16 3 0 4 6 2 7 1 5
74 58 16 0 6 5 3 4 7 1 2
74 58 16 3 6 5 4 0 7 1 2
74 58 16 3 7 6 0 5 4 1 2
74 58 16 3 4 0 1 5 7 2 6
74 59 15 4 6 0 5 2 7 1 3
74 59 15 4 7 6 5 2 0 1 3
74 61 13 3 1 6 5 4 0 2 7
74 61 13 7 3 0 6 2 4 1 5
74 61 13 7 3 6 1 2 4 0 5
74 61 13 3 4 1 0 2 7 6 5
74 61 13 3 4 0 7 2 1 6 5
74 62 12 5 3 6 0 2 4 1 7
74 64 10 3 0 1 5 2 4 7 6
74 64 10 3 6 5 7 4 1 0 2
74 64 10 3 0 5 7 4 6 1 2
74 64 10 3 4 5 7 1 6 0 2
74 64 10 5 3 0 7 2 4 1 6
74 65 9 0 3 5 7 4 1 6 2
74 68 6 7 3 1 5 2 4 6 0
75 57 18 4 6 5 3 7 0 1 2
75 58 17 3 4 6 1 0 7 2 5
75 59 16 3 4 5 6 7 0 1 2
75 60 15 7 4 6 5 0 2 1 3
75 60 15 4 3 6 0 5 7 1 2
75 60 15 5 3 0 6 4 7 1 2
75 60 15 5 3 6 4 0 7 1 2
75 60 15 5 3 6 1 4 7 0 2
75 60 15 3 4 2 5 7 0 1 6
75 61 14 0 3 6 5 4 1 2 7
75 61 14 3 6 0 5 4 1 2 7
75 61 14 3 4 0 6 5 1 2 7
75 61 14 4 3 6 5 7 1 2 0
75 61 14 4 3 0 5 7 1 6 2
75 61 14 3 1 4 5 7 0 2 6
75 61 14 3 4 1 5 0 7 6 2
75 62 13 7 4 6 3 5 1 0 2
75 64 11 3 4 5 1 2 0 7 6
75 65 10 0 3 5 7 6 4 1 2
75 65 10 3 5 0 7 4 1 6 2
75 66 9 2 3 1 5 7 4 6 0
76 58 18 0 4 6 1 5 7 2 3
76 59 17 3 4 0 6 7 1 5 2
76 60 16 4 0 6 3 2 7 1 5
76 60 16 5 4 0 6 2 7 1 3
76 60 16 5 4 6 1 2 7 0 3
76 61 15 4 0 6 2 5 7 1 3
76 61 15 0 4 6 3 5 1 2 7
76 61 15 3 4 6 2 5 1 0 7
76 61 15 0 3 4 5 7 1 2 6
76 61 15 0 4 1 5 2 7 6 3
76 62 14 7 0 6 3 5 4 1 2
76 63 13 3 4 5 6 2 7 0 1
76 64 12 0 3 4 5 2 7 6 1
76 64 12 3 7 4 5 2 0 6 1
76 65 11 7 3 6 5 4 1 2 0
76 65 11 7 3 0 5 4 1 6 2
76 65 11 3 7 4 5 2 1 0 6
76 65 11 3 5 0 7 6 4 1 2
76 66 10 2 3 5 7 0 4 1 6
76 68 8 7 3 5 0 2 4 6 1
76 68 8 7 3 5 6 2 4 1 0
76 68 8 0 3 5 7 2 4 1 6
77 60 17 3 4 6 2 7 0 1 5
77 60 17 0 4 6 2 3 7 1 5
77 60 17 2 4 6 5 7 0 1 3
77 60 17 2 0 6 5 4 7 1 3
77 60 17 0 4 5 3 7 1 2 6
77 61 16 5 4 6 3 7 0 1 2
77 62 15 7 4 6 3 0 5 1 2
77 62 15 4 3 6 5 2 0 1 7
77 63 14 0 4 5 3 2 7 6 1
77 64 13 3 4 0 1 2 7 5 6
77 64 13 3 4 1 5 0 2 7 6
77 65 12 6 3 4 5 2 7 1 0
77 65 12 3 4 5 7 6 0 1 2
77 66 11 2 3 5 0 7 4 6 1
77 66 11 2 3 5 6 7 4 1 0
77 68 9 2 3 6 7 5 4 1 0
77 68 9 3 1 4 5 2 7 6 0
77 68 9 7 3 5 1 2 4 0 6
78 60 18 7 4 6 3 2 0 1 5
78 61 17 5 4 6 2 0 7 1 3
78 61 17 7 3 6 2 0 4 1 5
78 63 15 3 4 2 6 7 1 0 5
78 63 15 3 4 6 7 1 0 2 5
78 65 13 2 3 4 5 0 7 1 6
78 65 13 5 3 4 0 2 7 1 6
78 65 13 7 3 4 5 2 0 1 6
78 65 13 3 7 4 5 0 2 1 6
78 66 12 6 0 5 7 3 4 1 2
78 66 12 2 6 5 7 3 4 1 0
78 66 12 0 3 6 5 2 4 7 1
78 66 12 3 6 0 5 2 4 7 1
78 66 12 2 3 5 1 7 4 0 6
78 68 10 7 0 3 5 2 4 6 1
78 68 10 7 3 1 5 2 0 4 6
78 68 10 3 6 5 7 2 0 4 1
78 69 9 7 3 4 5 2 1 6 0
78 69 9 3 4 5 7 2 0 1 6
79 60 19 3 0 6 2 4 7 1 5
79 61 18 7 4 6 2 5 0 1 3
79 61 18 5 0 6 3 4 7 1 2
79 63 16 3 0 4 6 7 1 2 5
79 63 16 3 0 6 7 4 1 2 5
79 63 16 3 4 5 2 0 7 6 1
79 63 16 3 4 5 6 0 7 1 2
79 64 15 3 4 6 2 7 1 5 0
79 64 15 2 4 0 6 3 7 1 5
79 66 13 1 4 6 5 7 2 0 3
79 66 13 1 0 6 5 7 4 2 3
79 66 13 4 0 5 3 2 7 1 6
79 66 13 6 4 5 3 2 7 1 0
79 66 13 2 0 3 5 7 4 6 1
79 66 13 2 3 1 5 7 0 4 6
79 66 13 3 6 5 1 0 4 2 7
79 67 12 2 3 6 5 4 1 0 7
79 67 12 2 4 5 7 3 1 6 0
79 67 12 1 4 5 7 3 0 6 2
79 68 11 5 3 6 7 4 1 0 2
79 68 11 3 7 6 5 2 4 0 1
79 68 11 3 6 0 7 2 4 5 1
80 63 17 4 0 6 5 3 1 2 7
80 63 17 5 4 6 0 3 1 2 7
80 63 17 7 4 6 5 3 1 2 0
80 63 17 1 4 6 5 3 0 2 7
80 63 17 0 4 5 6 2 7 1 3
80 64 16 4 0 6 3 7 1 2 5
80 64 16 7 4 6 3 0 1 2 5
80 64 16 5 4 6 3 7 1 2 0
80 64 16 1 4 6 3 7 0 2 5
80 64 16 2 4 6 1 3 7 0 5
80 64 16 5 4 6 2 3 7 0 1
80 66 14 1 4 6 5 0 7 2 3
80 66 14 2 4 5 3 0 7 1 6
80 66 14 7 4 5 3 2 0 1 6
80 66 14 0 3 5 2 7 4 1 6
80 66 14 3 6 5 0 7 4 2 1
80 67 13 4 0 5 7 3 1 6 2
80 68 12 2 3 0 6 5 4 1 7
80 68 12 3 0 6 7 5 4 1 2
80 68 12 3 7 0 5 2 4 1 6
80 69 11 7 3 6 1 5 4 2 0
80 69 11 7 3 0 1 5 4 6 2
80 69 11 3 4 0 7 2 1 5 6
80 70 10 7 6 5 3 2 4 1 0
80 70 10 1 3 4 5 0 7 6 2
80 72 8 0 3 5 7 1 4 6 2
80 73 7 3 1 5 7 0 4 6 2
81 63 18 0 4 6 7 3 1 2 5
81 65 16 7 4 6 5 1 0 2 3
81 65 16 2 4 6 5 3 0 7 1
81 65 16 2 4 0 5 3 7 6 1
81 66 15 5 0 4 6 3 7 1 2
81 66 15 5 4 1 6 3 7 0 2
81 66 15 7 6 5 0 3 4 1 2
81 67 14 5 4 6 1 3 7 2 0
81 67 14 3 6 5 2 4 0 1 7
81 67 14 3 6 1 5 4 0 2 7
81 67 14 7 3 6 2 5 4 0 1
81 68 13 7 4 6 5 2 3 1 0
81 68 13 2 3 6 1 5 4 0 7
81 68 13 3 4 5 2 1 0 6 7
81 68 13 3 1 4 0 5 7 6 2
81 68 13 3 7 6 0 2 4 1 5
81 68 13 7 3 5 2 0 4 1 6
81 69 12 3 1 4 5 7 6 2 0
81 69 12 7 3 4 5 1 0 6 2
81 70 11 3 6 1 5 2 7 4 0
81 70 11 1 3 4 5 7 6 0 2
81 70 11 3 0 7 5 4 1 6 2
81 70 11 3 7 5 0 4 1 6 2
81 70 11 0 7 3 5 2 4 1 6
81 70 11 3 6 0 5 2 4 1 7
81 70 11 3 6 5 1 2 4 0 7
81 71 10 7 4 5 3 2 1 6 0
81 72 9 6 0 5 7 2 4 1 3
81 72 9 3 5 0 7 1 4 6 2
81 73 8 5 3 0 7 2 4 6 1
81 73 8 3 1 5 7 4 6 0 2
81 74 7 5 3 1 7 2 4 0 6
81 76 5 7 3 5 1 2 4 6 0
82 64 18 0 4 6 5 7 3 1 2
82 64 18 4 6 0 5 7 3 1 2
82 64 18 5 4 0 2 3 7 1 6
82 65 17 7 0 6 5 4 1 2 3
82 67 15 2 0 4 5 3 7 1 6
82 67 15 2 4 5 0 3 7 1 6
82 67 15 2 4 1 5 3 7 0 6
82 67 15 5 4 6 1 3 0 7 2
82 67 15 5 4 0 1 3 7 6 2
82 67 15 3 0 5 2 6 4 1 7
82 67 15 3 0 1 5 6 4 2 7
82 67 15 2 0 6 5 4 3 1 7
82 67 15 7 4 5 0 3 1 6 2
82 67 15 7 3 0 2 5 4 1 6
82 68 14 3 4 5 2 6 7 1 0
82 68 14 3 0 5 2 4 1 6 7
82 68 14 0 2 3 5 7 4 1 6
82 68 14 5 0 6 7 4 3 1 2
82 69 13 3 4 6 5 1 2 7 0
82 69 13 7 0 3 6 5 4 1 2
82 69 13 7 3 1 6 5 4 0 2
82 69 13 3 6 5 1 0 7 4 2
82 69 13 3 0 5 1 7 6 4 2
82 69 13 3 1 0 5 7 6 4 2
82 70 12 5 3 1 0 7 4 6 2
82 70 12 2 4 6 3 5 0 7 1
82 70 12 2 4 0 3 5 7 6 1
82 70 12 7 4 3 5 2 0 1 6
82 71 11 2 3 4 6 5 7 1 0
82 71 11 3 4 0 5 2 1 6 7
82 72 10 1 0 5 3 7 4 6 2
82 73 9 1 4 5 7 2 0 6 3
82 74 8 2 3 5 7 4 1 6 0
82 74 8 1 3 5 7 4 0 6 2
83 65 18 7 4 6 0 5 1 2 3
83 66 17 4 6 5 7 3 0 1 2
83 66 17 0 6 5 1 7 4 2 3
83 67 16 4 6 5 0 3 7 1 2
83 67 16 4 6 1 5 3 7 0 2
83 67 16 3 6 5 2 7 0 4 1
83 67 16 0 6 5 2 3 4 1 7
83 67 16 0 6 1 5 3 4 2 7
83 67 16 3 6 1 0 5 4 2 7
83 67 16 0 3 6 2 5 4 1 7
83 68 15 7 4 0 5 3 1 6 2
83 68 15 3 4 5 2 7 0 1 6
83 68 15 3 0 5 2 4 7 1 6
83 68 15 7 6 0 5 4 3 1 2
83 68 15 2 4 3 5 7 0 1 6
83 68 15 0 1 4 5 3 7 6 2
83 68 15 3 0 4 5 1 7 6 2
83 68 15 0 7 6 5 2 4 1 3
83 69 14 2 3 6 5 0 7 4 1
83 69 14 7 3 6 1 5 0 4 2
83 69 14 7 3 4 0 5 1 6 2
83 70 13 2 3 6 7 4 0 1 5
83 70 13 2 3 4 5 7 1 0 6
83 70 13 2 3 4 0 7 1 6 5
83 70 13 2 3 4 5 0 1 6 7
83 70 13 1 0 4 5 7 3 6 2
83 70 13 5 0 3 1 7 4 6 2
83 70 13 0 6 5 3 2 4 1 7
83 71 12 2 3 0 5 4 7 6 1
83 71 12 0 3 4 1 5 7 6 2
83 72 11 1 4 5 3 0 7 6 2
83 72 11 1 4 5 3 7 6 0 2
83 72 11 2 3 5 0 4 7 1 6
83 72 11 2 3 1 5 4 7 0 6
83 72 11 3 6 5 1 4 7 2 0
83 72 11 2 0 4 3 5 7 1 6
83 72 11 2 4 3 0 5 7 1 6
83 72 11 2 4 1 3 5 7 0 6
83 72 11 3 4 2 6 5 7 1 0
83 72 11 3 4 1 2 5 7 6 0
83 72 11 2 6 5 7 0 4 1 3
83 73 10 3 6 1 7 2 4 0 5
83 73 10 4 0 5 7 2 1 6 3
83 74 9 7 3 6 1 2 4 5 0
83 74 9 3 1 0 5 2 4 7 6
83 74 9 3 6 5 7 4 1 2 0
83 74 9 3 4 5 7 1 6 2 0
83 74 9 5 0 3 7 2 4 1 6
83 74 9 5 3 7 0 2 4 1 6
83 76 7 3 0 5 7 2 4 1 6
83 76 7 6 3 5 7 2 4 1 0
84 66 18 3 6 0 1 7 4 2 5
84 67 17 4 1 6 5 7 0 2 3
84 67 17 3 6 0 2 7 4 5 1
84 68 16 0 7 6 5 4 3 1 2
84 68 16 0 4 5 2 3 1 6 7
84 68 16 4 3 6 7 5 0 1 2
84 69 15 3 6 1 7 0 4 2 5
84 70 14 3 6 2 5 7 4 0 1
84 70 14 0 3 1 5 7 6 4 2
84 70 14 7 6 5 3 4 0 1 2
84 70 14 5 3 6 1 0 4 2 7
84 70 14 3 6 5 2 4 7 0 1
84 70 14 3 4 1 0 5 7 2 6
84 71 13 3 0 4 2 5 7 6 1
84 71 13 3 4 2 0 5 7 6 1
84 71 13 3 0 4 1 2 7 6 5
84 71 13 7 4 5 3 1 0 6 2
84 71 13 3 0 1 6 5 4 7 2
84 71 13 3 7 4 1 5 0 6 2
84 71 13 7 3 6 5 0 2 4 1
84 71 13 0 4 5 3 2 1 6 7
84 71 13 3 4 5 1 0 7 6 2
84 72 12 2 3 6 1 7 4 5 0
84 72 12 5 3 4 2 7 1 6 0
84 72 12 4 6 3 0 5 7 1 2
84 72 12 4 6 1 3 5 7 0 2
84 72 12 7 6 0 5 2 4 1 3
84 72 12 7 6 5 0 2 4 1 3
84 73 11 3 4 5 7 1 0 2 6
84 73 11 3 4 5 7 6 1 2 0
84 73 11 3 0 6 7 2 4 1 5
84 73 11 2 4 5 7 0 1 6 3
84 73 11 5 3 6 7 2 0 4 1
84 74 10 7 3 0 1 2 4 6 5
84 74 10 0 3 1 5 2 4 7 6
84 74 10 0 3 5 7 4 6 1 2
84 74 10 4 3 5 7 0 1 6 2
84 74 10 7 3 1 0 2 4 6 5
84 75 9 3 0 5 1 2 4 7 6
84 75 9 6 3 5 7 0 4 1 2
84 75 9 2 3 5 7 6 4 1 0
84 76 8 1 3 4 5 2 7 6 0
84 76 8 0 3 5 7 2 4 6 1
84 80 4 3 1 5 7 2 4 6 0
85 67 18 4 6 0 5 7 1 2 3
85 68 17 5 4 6 7 0 1 2 3
85 68 17 4 7 6 5 0 3 1 2
85 68 17 4 7 6 5 3 1 0 2
85 68 17 7 4 6 0 5 3 1 2
85 68 17 0 4 5 2 3 7 1 6
85 68 17 3 4 0 2 7 1 5 6
85 69 16 3 0 6 5 4 2 7 1
85 69 16 3 4 6 0 5 2 7 1
85 70 15 3 0 6 5 7 4 2 1
85 70 15 3 0 6 1 7 4 5 2
85 70 15 3 6 1 0 7 4 5 2
85 70 15 7 0 5 3 6 4 1 2
85 70 15 2 3 0 5 7 1 6 4
85 70 15 3 4 6 0 2 7 5 1
85 70 15 5 3 6 0 7 4 2 1
85 70 15 5 3 0 1 7 4 2 6
85 70 15 3 7 0 5 4 1 2 6
85 71 14 7 6 5 2 0 4 1 3
85 71 14 7 6 1 5 0 4 2 3
85 71 14 2 0 3 6 7 4 1 5
85 71 14 2 3 1 6 7 4 0 5
85 71 14 5 3 0 2 7 4 6 1
85 71 14 2 6 5 3 7 4 0 1
85 71 14 2 6 5 0 7 4 1 3
85 71 14 2 6 5 3 0 4 1 7
85 71 14 3 0 6 2 5 4 7 1
85 71 14 7 0 5 3 4 1 6 2
85 71 14 2 3 6 5 4 0 7 1
85 71 14 5 3 4 6 0 7 1 2
85 71 14 6 3 4 0 5 7 1 2
85 71 14 3 4 1 6 0 5 7 2
85 71 14 7 0 6 5 2 3 4 1
85 71 14 3 4 5 6 2 1 0 7
85 71 14 0 4 5 1 2 7 6 3
85 72 13 2 3 0 1 7 4 6 5
85 72 13 5 3 2 0 7 4 1 6
85 72 13 5 3 1 2 7 4 0 6
85 72 13 5 3 0 4 7 1 6 2
85 72 13 5 3 4 7 0 1 6 2
85 72 13 5 3 1 6 7 4 2 0
85 72 13 2 0 3 5 4 7 1 6
85 72 13 3 6 5 1 4 0 7 2
85 72 13 3 6 1 5 0 4 7 2
85 72 13 3 0 1 5 4 6 7 2
85 72 13 3 7 4 6 5 1 0 2
85 72 13 0 3 4 2 5 7 1 6
85 72 13 3 4 1 2 5 0 7 6
85 72 13 0 3 6 1 5 4 7 2
85 72 13 3 6 0 1 5 4 7 2
85 72 13 4 3 6 5 2 7 0 1
85 73 12 7 4 6 5 2 1 3 0
85 73 12 7 4 0 5 2 1 6 3
85 73 12 3 4 0 5 1 2 6 7
85 73 12 3 0 5 7 4 1 2 6
85 73 12 3 6 7 0 2 4 1 5
85 73 12 7 4 5 0 2 1 6 3
85 74 11 3 6 5 4 2 7 1 0
85 74 11 3 1 6 5 4 2 0 7
85 74 11 3 0 4 7 2 1 6 5
85 74 11 3 5 0 7 4 6 1 2
85 74 11 7 3 5 0 4 1 6 2
85 74 11 7 3 1 5 0 4 6 2
85 74 11 0 3 1 5 2 4 6 7
85 76 9 3 7 4 5 2 1 6 0
85 76 9 2 3 5 7 4 0 1 6
85 77 8 2 3 5 1 7 4 6 0
85 80 5 1 3 5 7 0 4 6 2
86 68 18 5 4 0 6 7 1 2 3
86 69 17 2 0 6 5 7 3 4 1
86 69 17 7 0 4 5 3 1 6 2
86 70 16 3 0 1 5 6 7 4 2
86 70 16 3 6 1 0 5 7 4 2
86 70 16 3 6 5 2 0 7 1 4
86 70 16 3 6 1 0 4 7 2 5
86 70 16 3 6 1 5 0 7 2 4
86 70 16 3 7 6 0 4 1 2 5
86 70 16 3 7 6 5 0 1 2 4
86 71 15 6 0 5 2 7 4 1 3
86 71 15 6 0 1 5 7 4 2 3
86 71 15 2 6 0 5 3 4 1 7
86 71 15 5 3 6 2 4 0 1 7
86 71 15 6 5 0 3 7 4 1 2
86 71 15 3 4 6 2 0 5 7 1
86 71 15 7 3 4 6 5 0 1 2
86 72 14 7 4 5 2 0 1 6 3
86 72 14 0 5 6 7 3 4 1 2
86 72 14 5 6 0 7 3 4 1 2
86 72 14 7 6 1 5 3 4 0 2
86 72 14 2 4 5 3 7 1 0 6
86 72 14 2 4 5 0 7 1 6 3
86 72 14 2 4 5 3 0 1 6 7
86 72 14 2 4 0 6 5 7 1 3
86 72 14 3 7 4 2 5 0 1 6
86 72 14 0 4 2 3 5 7 1 6
86 72 14 3 4 2 1 5 7 0 6
86 72 14 0 4 1 3 5 7 6 2
86 72 14 4 3 0 5 2 7 1 6
86 72 14 3 4 2 5 0 1 6 7
86 72 14 4 6 5 7 2 0 1 3
86 73 13 3 4 1 6 2 7 5 0
86 73 13 3 0 6 1 2 4 7 5
86 73 13 0 3 6 5 2 7 1 4
86 73 13 4 7 6 3 5 1 0 2
86 73 13 3 4 6 1 2 5 7 0
86 73 13 0 3 6 5 1 4 2 7
86 73 13 3 6 0 5 1 4 2 7
86 73 13 3 4 6 7 5 1 0 2
86 73 13 3 4 6 5 2 0 1 7
86 74 12 3 1 6 5 0 4 2 7
86 74 12 7 3 1 6 2 4 0 5
86 74 12 3 4 7 0 2 1 6 5
86 74 12 3 4 6 7 2 1 0 5
86 74 12 5 3 0 6 2 4 1 7
86 74 12 5 3 6 1 2 4 0 7
86 75 11 4 3 6 2 5 7 1 0
86 75 11 3 5 7 0 4 1 6 2
86 75 11 3 5 6 7 4 1 0 2
86 75 11 2 3 1 5 0 4 6 7
86 76 10 3 5 1 7 6 4 0 2
86 76 10 7 3 5 6 2 4 0 1
86 77 9 1 4 5 3 2 7 6 0
86 77 9 7 3 5 1 2 0 4 6
86 78 8 1 3 6 5 2 4 7 0
86 81 5 5 3 1 7 2 4 6 0
87 68 19 5 4 6 2 7 1 0 3
87 69 18 0 6 1 3 7 4 2 5
87 69 18 3 6 1 2 7 4 0 5
87 69 18 0 4 6 5 3 2 7 1
87 70 17 2 0 6 7 3 4 1 5
87 70 17 0 6 1 5 3 7 4 2
87 70 17 3 4 6 1 0 7 5 2
87 70 17 3 6 0 5 4 7 2 1
87 70 17 3 4 1 6 0 7 2 5
87 70 17 3 4 0 6 5 7 2 1
87 71 16 0 2 6 5 3 4 1 7
87 71 16 2 4 6 5 3 0 1 7
87 71 16 6 4 5 3 7 0 1 2
87 72 15 3 0 4 2 7 1 6 5
87 72 15 3 4 2 0 7 1 6 5
87 72 15 1 4 5 2 7 0 6 3
87 72 15 2 3 6 1 7 0 4 5
87 72 15 5 0 3 2 7 4 1 6
87 72 15 3 6 0 1 4 7 5 2
87 72 15 3 7 4 6 0 5 1 2
87 72 15 2 4 6 1 5 7 0 3
87 72 15 4 3 6 0 2 7 1 5
87 73 14 4 1 5 3 7 0 6 2
87 73 14 5 3 6 1 0 7 4 2
87 73 14 2 3 6 4 0 7 1 5
87 73 14 2 3 6 0 5 7 1 4
87 73 14 0 4 5 7 3 1 2 6
87 74 13 3 7 6 2 5 4 1 0
87 74 13 3 0 4 1 5 7 2 6
87 74 13 7 3 6 1 2 0 4 5
87 74 13 3 6 0 7 4 1 5 2
87 74 13 3 4 0 7 1 6 5 2
87 75 12 0 3 6 4 5 7 1 2
87 75 12 5 3 6 4 2 7 1 0
87 75 12 5 3 6 1 4 7 2 0
87 75 12 5 3 0 1 4 7 6 2
87 75 12 3 4 2 6 5 1 0 7
87 75 12 3 1 4 5 7 2 0 6
87 75 12 7 4 6 3 5 1 2 0
87 75 12 3 4 5 1 0 2 7 6
87 75 12 7 3 5 0 6 4 1 2
87 76 11 3 4 6 2 5 1 7 0
87 76 11 3 7 0 5 2 1 4 6
87 76 11 4 3 5 7 2 0 1 6
87 77 10 2 3 5 7 0 4 6 1
87 77 10 3 1 4 5 2 7 0 6
87 77 10 7 3 0 1 2 4 5 6
87 78 9 3 0 5 7 2 6 4 1
87 79 8 1 0 5 7 3 4 6 2
87 80 7 2 3 5 7 1 4 6 0
87 82 5 1 0 5 7 2 4 6 3
87 84 3 1 3 5 7 2 4 6 0