0 0 0 3 4 6 5 7 0 1 2
8 0 8 3 0 6 5 7 4 1 2
9 0 9 3 4 6 5 0 7 1 2
9 0 9 3 4 6 5 7 1 0 2
15 8 7 0 3 6 5 7 4 1 2
16 8 8 3 6 0 5 7 4 1 2
17 9 8 3 4 6 5 2 7 1 0
17 9 8 3 4 6 5 7 1 2 0
17 9 8 3 4 0 5 7 1 6 2
18 9 9 0 4 6 5 3 7 1 2
19 9 10 3 4 6 0 5 7 1 2
20 9 11 3 0 6 5 4 7 1 2
22 15 7 7 3 6 5 0 4 1 2
23 15 8 5 3 6 0 7 4 1 2
23 15 8 2 3 6 5 7 4 1 0
23 16 7 3 6 5 0 7 4 1 2
24 16 8 3 6 1 5 7 4 0 2
24 17 7 3 4 5 0 7 1 6 2
25 15 10 4 3 6 5 7 0 1 2
25 17 8 3 4 6 5 2 7 0 1
25 17 8 3 4 6 0 2 7 1 5
25 17 8 3 0 4 5 7 1 6 2
26 17 9 3 4 6 0 7 1 2 5
26 19 7 3 4 6 2 5 7 1 0
27 17 10 3 4 0 5 2 7 1 6
27 17 10 0 4 6 5 2 7 1 3
27 17 10 3 4 6 5 0 1 2 7
27 18 9 4 0 6 5 3 7 1 2
27 19 8 3 4 0 6 5 7 1 2
28 17 11 3 4 0 5 7 1 2 6
28 17 11 0 4 6 5 7 1 2 3
28 18 10 5 4 6 0 3 7 1 2
28 18 10 2 4 6 5 3 7 1 0
28 19 9 0 4 6 3 5 7 1 2
28 20 8 0 3 6 5 4 7 1 2
28 22 6 7 3 6 5 2 4 1 0
29 18 11 7 4 6 5 3 0 1 2
29 19 10 3 4 6 1 5 7 0 2
29 20 9 3 6 0 5 4 7 1 2
29 20 9 3 7 6 5 4 0 1 2
29 23 6 5 3 6 2 7 4 1 0
29 23 6 3 6 5 2 7 4 1 0
30 22 8 7 3 6 5 4 0 1 2
30 23 7 5 3 0 6 7 4 1 2
30 23 7 2 3 6 5 7 4 0 1
30 23 7 2 3 6 0 7 4 1 5
30 24 6 3 4 5 2 7 1 6 0
31 22 9 7 3 6 0 5 4 1 2
31 23 8 5 3 6 7 0 4 1 2
31 23 8 2 3 6 5 0 4 1 7
31 23 8 0 6 5 3 7 4 1 2
31 23 8 3 6 5 7 0 4 1 2
31 24 7 3 6 1 5 7 4 2 0
32 22 10 7 0 6 5 3 4 1 2
32 23 9 5 3 6 1 7 4 0 2
32 23 9 2 3 0 5 7 4 1 6
32 23 9 3 6 5 1 7 4 0 2
32 24 8 0 4 5 3 7 1 6 2
32 24 8 3 4 5 7 0 1 6 2
32 25 7 3 4 0 5 2 7 6 1
32 25 7 0 3 4 5 7 1 6 2
33 24 9 3 6 1 5 7 0 4 2
33 25 8 4 3 6 5 0 7 1 2
33 25 8 4 3 6 5 7 1 0 2
33 25 8 3 4 6 5 2 0 7 1
33 25 8 3 4 0 6 2 7 1 5
33 25 8 3 1 4 5 7 0 6 2
34 24 10 3 4 5 6 7 1 0 2
34 25 9 4 0 6 5 7 3 1 2
34 25 9 0 4 6 3 2 7 1 5
34 26 8 3 4 6 2 5 7 0 1
34 27 7 3 4 5 0 2 7 1 6
34 28 6 7 3 6 5 2 4 0 1
34 28 6 7 3 6 0 2 4 1 5
35 25 10 3 4 6 1 2 7 0 5
35 26 9 3 4 0 6 7 1 2 5
35 27 8 3 0 4 5 2 7 1 6
35 27 8 3 4 1 5 2 7 0 6
35 27 8 4 0 6 5 2 7 1 3
35 27 8 3 0 4 6 5 7 1 2
35 27 8 3 4 1 6 5 7 0 2
36 25 11 3 4 6 2 0 7 1 5
36 26 10 0 4 6 3 7 1 2 5
36 26 10 3 4 6 7 0 1 2 5
36 26 10 3 4 0 2 5 7 1 6
36 26 10 0 4 6 2 5 7 1 3
36 27 9 2 4 6 5 0 7 1 3
36 27 9 5 4 6 0 2 7 1 3
36 27 9 3 4 6 5 1 0 2 7
36 27 9 0 4 6 5 3 1 2 7
36 27 9 4 6 0 5 3 7 1 2
36 27 9 4 7 6 5 3 0 1 2
36 28 8 3 4 5 0 7 1 2 6
36 28 8 5 4 6 2 3 7 1 0
36 28 8 4 0 6 3 5 7 1 2
36 28 8 7 3 0 5 2 4 1 6
36 28 8 0 3 6 5 2 4 1 7
36 29 7 3 4 6 1 5 0 7 2
36 29 7 3 4 6 1 5 7 2 0
36 29 7 5 3 6 2 7 4 0 1
36 29 7 3 6 5 2 7 4 0 1
36 30 6 2 3 0 5 7 4 6 1
36 31 5 5 3 6 7 2 4 1 0
36 31 5 3 6 5 7 2 4 1 0
37 26 11 3 4 6 2 7 1 0 5
37 27 10 7 4 6 5 2 0 1 3
37 27 10 3 4 6 0 5 1 2 7
37 28 9 3 0 4 5 7 1 2 6
37 28 9 3 4 2 5 7 1 0 6
37 28 9 4 0 6 5 7 1 2 3
37 28 9 7 4 6 5 0 1 2 3
37 28 9 5 4 0 6 3 7 1 2
37 28 9 2 4 6 5 3 7 0 1
37 28 9 2 4 6 0 3 7 1 5
37 28 9 5 4 6 3 0 7 1 2
37 28 9 2 4 6 3 5 7 1 0
37 28 9 5 3 6 0 4 7 1 2
37 28 9 2 3 6 5 4 7 1 0
37 29 8 3 4 0 1 5 7 6 2
37 29 8 3 6 5 0 4 7 1 2
37 29 8 3 7 6 5 0 4 1 2
37 29 8 5 3 6 2 0 4 1 7
37 29 8 3 6 5 2 0 4 1 7
37 30 7 5 3 1 6 7 4 0 2
37 30 7 2 3 0 6 7 4 1 5
37 31 6 7 3 6 2 5 4 1 0
37 31 6 0 3 6 7 5 4 1 2
37 31 6 0 6 5 7 3 4 1 2
37 32 5 3 4 5 7 2 1 6 0
38 27 11 3 0 6 5 4 1 2 7
38 28 10 5 4 6 0 7 1 2 3
38 28 10 1 4 6 5 7 0 2 3
38 28 10 7 4 6 3 5 0 1 2
38 29 9 7 4 6 5 0 3 1 2
38 29 9 7 4 6 5 3 1 0 2
38 29 9 3 6 1 5 4 7 0 2
38 29 9 3 7 6 5 4 1 0 2
38 29 9 5 3 0 2 7 4 1 6
38 29 9 0 3 6 2 7 4 1 5
38 29 9 0 6 5 2 7 4 1 3
38 30 8 7 3 6 5 4 1 0 2
38 30 8 5 0 3 6 7 4 1 2
38 30 8 2 3 6 5 7 0 4 1
38 30 8 2 3 6 7 0 4 1 5
38 30 8 3 4 5 2 7 1 0 6
38 30 8 3 4 5 2 0 1 6 7
38 31 7 7 3 0 6 5 4 1 2
38 31 7 5 3 6 7 4 0 1 2
38 31 7 6 0 5 3 7 4 1 2
38 31 7 7 6 5 3 0 4 1 2
38 31 7 3 6 5 7 4 0 1 2
38 32 6 5 3 6 1 7 4 2 0
38 32 6 5 3 0 1 7 4 6 2
38 32 6 2 3 5 0 7 4 1 6
38 32 6 3 6 5 1 7 4 2 0
38 32 6 3 4 5 7 1 0 6 2
38 32 6 0 4 5 7 3 1 6 2
38 32 6 3 4 5 0 2 7 6 1
39 28 11 5 4 6 1 3 7 0 2
39 28 11 2 4 0 5 3 7 1 6
39 29 10 3 6 0 2 7 4 1 5
39 30 9 7 0 6 5 4 3 1 2
39 30 9 2 3 6 1 7 4 0 5
39 30 9 0 4 5 2 7 1 6 3
39 31 8 2 3 6 5 4 0 1 7
39 31 8 2 6 5 3 7 4 1 0
39 31 8 3 0 5 7 6 4 1 2
39 31 8 3 6 1 0 7 4 2 5
39 32 7 2 3 1 5 7 4 0 6
39 32 7 4 0 5 3 7 1 6 2
39 32 7 7 4 5 3 0 1 6 2
39 32 7 3 0 4 5 2 7 6 1
39 32 7 7 3 4 5 0 1 6 2
39 34 5 7 3 0 5 2 4 6 1
40 30 10 3 4 0 2 7 1 6 5
40 31 9 7 3 6 1 5 4 0 2
40 31 9 5 0 6 7 3 4 1 2
40 31 9 2 3 6 0 5 4 1 7
40 31 9 3 6 1 5 0 4 2 7
40 32 8 0 7 6 5 3 4 1 2
40 32 8 7 6 0 5 3 4 1 2
40 32 8 5 3 6 1 7 0 4 2
40 32 8 2 0 3 5 7 4 1 6
40 32 8 3 6 5 1 7 0 4 2
40 32 8 3 6 0 1 7 4 5 2
40 32 8 2 4 5 3 7 1 6 0
40 32 8 1 4 5 3 7 0 6 2
40 32 8 3 0 5 7 4 1 6 2
40 32 8 5 3 4 0 7 1 6 2
40 32 8 2 3 4 5 7 1 6 0
40 32 8 1 3 4 5 7 0 6 2
40 33 7 4 3 6 5 2 7 1 0
40 33 7 4 3 6 5 7 1 2 0
40 33 7 4 3 0 5 7 1 6 2
40 33 7 3 0 6 5 2 4 7 1
40 34 6 3 4 5 6 2 7 1 0
40 34 6 7 3 0 6 2 4 1 5
40 34 6 0 3 6 7 2 4 1 5
41 31 10 2 0 6 5 3 4 1 7
41 31 10 4 6 5 3 7 0 1 2
41 31 10 3 6 0 5 7 4 2 1
41 31 10 0 6 1 5 7 4 2 3
41 33 8 3 0 1 5 7 6 4 2
41 33 8 3 4 6 5 0 2 7 1
41 33 8 3 0 4 6 2 7 1 5
41 33 8 3 4 1 6 2 7 0 5
41 33 8 3 1 4 5 0 7 6 2
41 33 8 3 1 4 5 7 6 0 2
41 34 7 3 4 5 6 7 1 2 0
41 34 7 3 4 6 2 5 0 7 1
41 34 7 7 3 6 5 2 0 4 1
41 35 6 3 4 1 5 2 7 6 0
41 36 5 7 3 5 0 2 4 1 6
41 36 5 2 3 5 0 7 4 6 1
41 36 5 5 3 6 7 2 4 0 1
41 36 5 3 6 5 7 2 4 0 1
42 33 9 3 6 1 5 0 7 4 2
42 34 8 3 4 5 6 7 0 1 2
42 34 8 4 0 6 3 2 7 1 5
42 34 8 3 4 0 2 5 7 6 1
42 34 8 0 4 5 3 2 7 1 6
42 34 8 7 3 6 1 2 4 0 5
42 35 7 3 4 6 1 2 7 5 0
42 35 7 3 4 0 1 2 7 6 5
42 35 7 0 3 4 5 2 7 1 6
42 35 7 3 4 1 6 5 0 7 2
42 35 7 3 4 1 6 5 7 2 0
42 36 6 7 3 1 5 2 4 0 6
42 36 6 5 3 0 2 7 4 6 1
42 36 6 5 3 6 0 2 4 1 7
42 36 6 3 6 5 0 2 4 1 7
43 33 10 4 3 6 0 5 7 1 2
43 34 9 3 4 0 6 7 1 5 2
43 34 9 0 4 6 5 7 3 1 2
43 34 9 4 6 0 5 7 3 1 2
43 34 9 2 4 6 3 0 7 1 5
43 34 9 5 4 6 3 2 7 1 0
43 34 9 3 4 5 1 2 7 0 6
43 34 9 7 3 6 2 0 4 1 5
43 35 8 3 4 6 1 2 0 7 5
43 35 8 3 7 4 5 2 0 1 6
43 35 8 3 4 1 5 2 0 7 6
43 35 8 4 6 0 5 2 7 1 3
43 35 8 4 7 6 5 2 0 1 3
43 35 8 0 3 4 6 5 7 1 2
43 35 8 3 7 4 6 5 0 1 2
43 36 7 7 0 3 5 2 4 1 6
43 36 7 3 0 6 5 2 4 1 7
43 36 7 3 0 6 1 5 4 7 2
43 36 7 2 0 3 5 7 4 6 1
43 36 7 5 3 0 7 2 4 1 6
43 36 7 0 6 5 7 2 4 1 3
43 37 6 5 3 1 6 7 4 2 0
43 37 6 6 0 5 7 3 4 1 2
43 37 6 3 4 5 7 2 1 0 6
43 37 6 3 4 5 0 2 1 6 7
43 38 5 2 3 5 6 7 4 1 0
43 38 5 3 0 5 7 1 4 6 2
43 38 5 3 4 5 1 2 7 6 0
43 39 4 7 3 5 0 2 4 6 1
44 34 10 7 4 6 3 2 0 1 5
44 34 10 3 4 5 2 0 7 1 6
44 35 9 3 0 4 6 7 1 2 5
44 35 9 3 4 2 6 7 1 0 5
44 36 8 3 4 6 7 1 0 2 5
44 36 8 0 4 6 7 3 1 2 5
44 36 8 3 4 6 7 5 1 2 0
44 36 8 3 0 4 2 5 7 1 6
44 36 8 3 4 2 0 5 7 1 6
44 36 8 3 4 1 2 5 7 0 6
44 36 8 4 0 6 2 5 7 1 3
44 36 8 5 4 0 6 2 7 1 3
44 36 8 3 0 6 5 1 4 2 7
44 36 8 4 6 5 0 3 7 1 2
44 36 8 4 6 0 3 5 7 1 2
44 36 8 4 7 6 3 5 0 1 2
44 36 8 3 4 6 1 0 5 7 2
44 36 8 3 4 6 0 5 7 2 1
44 36 8 5 3 6 2 7 0 4 1
44 36 8 3 6 5 2 7 0 4 1
44 36 8 3 6 0 2 7 4 5 1
44 36 8 3 6 0 7 2 4 1 5
44 37 7 7 0 6 5 2 4 1 3
44 37 7 3 4 2 5 7 1 6 0
44 37 7 5 3 6 2 4 7 1 0
44 37 7 3 6 5 2 4 7 1 0
44 37 7 3 7 6 5 2 4 1 0
44 37 7 0 3 6 2 5 4 1 7
44 37 7 0 6 5 2 3 4 1 7
44 37 7 2 3 1 6 7 4 0 5
44 37 7 7 3 6 2 5 4 0 1
44 37 7 3 0 6 7 5 4 1 2
44 37 7 2 3 6 7 5 4 1 0
44 37 7 2 6 5 7 3 4 1 0
44 37 7 0 4 5 7 2 1 6 3
44 38 6 7 6 5 3 2 4 1 0
44 38 6 5 3 1 0 7 4 6 2
44 38 6 4 0 5 7 3 1 6 2
44 39 5 0 3 5 7 6 4 1 2
44 39 5 2 3 1 5 7 4 6 0
45 36 9 3 4 6 2 7 0 1 5
45 36 9 0 4 6 2 3 7 1 5
45 36 9 4 0 6 3 7 1 2 5
45 36 9 7 4 6 3 0 1 2 5
45 36 9 5 4 6 2 0 7 1 3
45 36 9 2 4 6 0 5 7 1 3
45 36 9 2 4 6 5 7 0 1 3
45 36 9 3 4 6 5 1 2 0 7
45 36 9 4 0 6 5 3 1 2 7
45 36 9 4 6 1 5 3 7 0 2
45 36 9 4 7 6 5 0 3 1 2
45 36 9 4 7 6 5 3 1 0 2
45 36 9 0 4 5 3 7 1 2 6
45 36 9 3 4 5 7 0 1 2 6
45 36 9 5 4 6 2 3 7 0 1
45 36 9 4 3 6 5 2 0 1 7
45 37 8 3 4 6 2 7 1 5 0
45 37 8 7 4 6 5 2 1 0 3
45 37 8 3 4 0 6 5 1 2 7
45 37 8 0 3 4 5 7 1 2 6
45 37 8 2 4 6 5 3 0 7 1
45 37 8 2 4 0 5 3 7 6 1
45 37 8 2 4 6 3 5 7 0 1
45 37 8 5 3 0 6 4 7 1 2
45 37 8 2 3 6 5 4 7 0 1
45 37 8 2 3 6 0 4 7 1 5
45 37 8 3 0 4 1 5 7 6 2
45 37 8 3 4 1 0 5 7 6 2
45 37 8 5 3 6 2 4 0 1 7
45 37 8 3 6 5 2 4 0 1 7
45 37 8 5 3 1 6 7 0 4 2
45 37 8 2 0 3 6 7 4 1 5
45 37 8 7 6 5 0 3 4 1 2
45 37 8 3 4 0 7 2 1 6 5
45 38 7 1 0 6 5 7 4 2 3
45 38 7 5 3 2 0 7 4 1 6
45 38 7 5 3 1 2 7 4 0 6
45 38 7 6 0 5 2 7 4 1 3
45 38 7 7 6 5 2 0 4 1 3
45 38 7 7 3 6 5 4 1 2 0
45 38 7 7 3 0 5 4 1 6 2
45 38 7 2 3 6 7 4 0 1 5
45 38 7 3 4 5 2 1 0 6 7
45 38 7 0 4 5 2 3 1 6 7
45 38 7 7 0 3 6 5 4 1 2
45 38 7 7 3 1 6 5 4 0 2
45 38 7 5 3 6 7 4 1 0 2
45 38 7 3 6 5 7 4 1 0 2
45 38 7 3 0 5 7 4 6 1 2
45 38 7 5 3 6 0 7 4 2 1
45 38 7 5 0 3 1 7 4 6 2
45 38 7 0 3 5 2 7 4 1 6
45 38 7 2 3 5 7 0 4 1 6
45 38 7 3 6 5 0 7 4 2 1
45 38 7 3 4 5 7 1 6 0 2
45 38 7 2 4 5 7 3 1 6 0
45 38 7 1 4 5 7 3 0 6 2
45 38 7 0 4 5 3 2 7 6 1
45 39 6 2 3 6 1 7 4 5 0
45 39 6 2 3 0 1 7 4 6 5
45 39 6 7 4 5 3 2 1 6 0
45 39 6 0 3 4 5 2 7 6 1
45 39 6 7 3 4 5 2 1 6 0
45 39 6 7 0 3 5 2 4 6 1
45 40 5 1 0 5 3 7 4 6 2
45 40 5 0 3 5 7 4 1 6 2
45 41 4 7 3 5 6 2 4 1 0
45 41 4 2 3 5 1 7 4 6 0
45 41 4 5 3 0 7 2 4 6 1
46 36 10 5 4 6 3 7 1 2 0
46 36 10 1 4 6 3 7 0 2 5
46 36 10 3 0 6 7 4 1 2 5
46 36 10 7 4 6 2 5 0 1 3
46 36 10 5 4 6 1 2 7 0 3
46 36 10 5 4 6 0 3 1 2 7
46 36 10 7 4 6 5 3 1 2 0
46 36 10 1 4 6 5 3 0 2 7
46 36 10 3 4 6 1 0 7 2 5
46 36 10 3 4 0 1 5 7 2 6
46 36 10 0 4 6 1 5 7 2 3
46 37 9 7 4 6 5 0 2 1 3
46 37 9 0 4 6 3 5 1 2 7
46 37 9 3 1 4 5 7 0 2 6
46 37 9 3 4 2 5 7 0 1 6
46 37 9 4 6 0 5 7 1 2 3
46 37 9 4 1 6 5 7 0 2 3
46 37 9 7 4 6 5 1 0 2 3
46 37 9 5 0 4 6 3 7 1 2
46 37 9 5 4 1 6 3 7 0 2
46 37 9 2 4 0 6 3 7 1 5
46 37 9 5 4 6 3 7 0 1 2
46 37 9 2 3 6 5 0 7 1 4
46 37 9 0 6 5 3 4 7 1 2
46 37 9 3 0 5 2 6 4 1 7
46 37 9 7 3 0 2 5 4 1 6
46 37 9 4 3 6 7 5 0 1 2
46 37 9 4 6 5 7 3 0 1 2
46 38 8 0 3 6 5 4 1 2 7
46 38 8 1 4 6 5 0 7 2 3
46 38 8 1 4 6 5 7 2 0 3
46 38 8 7 4 6 3 5 1 0 2
46 38 8 7 0 6 3 5 4 1 2
46 38 8 7 4 6 5 2 3 1 0
46 38 8 7 4 0 5 3 1 6 2
46 38 8 3 6 1 5 4 0 7 2
46 38 8 3 6 1 5 4 7 2 0
46 38 8 3 7 6 5 4 1 2 0
46 38 8 3 7 0 5 4 1 6 2
46 38 8 5 0 3 2 7 4 1 6
46 38 8 3 0 6 2 7 4 1 5
46 38 8 2 6 5 0 7 4 1 3
46 38 8 0 5 3 6 7 4 1 2
46 38 8 5 4 3 6 7 0 1 2
46 38 8 2 3 6 5 0 7 4 1
46 38 8 3 4 5 2 7 0 1 6
46 38 8 5 0 6 7 4 3 1 2
46 38 8 6 5 0 3 7 4 1 2
46 38 8 6 4 5 3 7 0 1 2
46 38 8 7 6 5 3 4 0 1 2
46 38 8 5 3 6 1 0 4 2 7
46 38 8 2 3 5 1 7 4 0 6
46 38 8 3 6 5 1 0 4 2 7
46 38 8 7 4 5 0 3 1 6 2
46 39 7 4 0 5 2 7 1 6 3
46 39 7 7 4 5 2 0 1 6 3
46 39 7 2 6 5 3 7 4 0 1
46 39 7 3 5 0 7 6 4 1 2
46 39 7 3 4 5 7 6 0 1 2
46 39 7 4 1 5 3 7 0 6 2
46 39 7 7 4 5 3 1 0 6 2
46 39 7 3 7 4 5 2 0 6 1
46 39 7 7 3 4 5 1 0 6 2
46 40 6 7 3 6 1 5 4 2 0
46 40 6 7 3 0 1 5 4 6 2
46 40 6 1 4 5 3 0 7 6 2
46 40 6 3 1 5 7 4 0 6 2
46 40 6 5 3 4 2 7 1 6 0
46 40 6 1 3 4 5 0 7 6 2
46 40 6 4 3 5 0 7 1 6 2
46 40 6 0 3 6 5 2 4 7 1
46 40 6 7 3 1 6 2 4 0 5
46 40 6 3 0 6 7 2 4 1 5
46 41 5 0 3 5 7 2 4 1 6
46 42 4 7 3 1 5 2 4 6 0
46 43 3 7 3 5 1 2 4 6 0
47 36 11 3 0 6 2 4 7 1 5
47 36 11 2 0 6 5 4 7 1 3
47 36 11 5 4 0 2 3 7 1 6
47 37 10 3 4 6 2 5 1 0 7
47 37 10 7 4 6 0 5 1 2 3
47 37 10 2 4 0 3 5 7 1 6
47 37 10 5 3 6 4 0 7 1 2
47 37 10 5 3 6 1 4 7 0 2
47 37 10 2 3 0 5 4 7 1 6
47 37 10 3 6 5 4 0 7 1 2
47 37 10 3 6 5 1 4 7 0 2
47 37 10 3 7 6 0 5 4 1 2
47 37 10 5 0 6 2 3 4 1 7
47 38 9 3 6 0 5 4 1 2 7
47 38 9 3 1 6 5 4 0 2 7
47 38 9 5 4 0 6 7 1 2 3
47 38 9 7 4 6 3 0 5 1 2
47 38 9 2 0 6 5 7 3 4 1
47 38 9 2 0 6 7 3 4 1 5
47 38 9 3 4 0 2 7 1 5 6
47 38 9 3 0 5 2 4 1 6 7
47 38 9 7 0 5 3 6 4 1 2
47 38 9 5 3 0 1 7 4 2 6
47 38 9 0 3 6 1 7 4 2 5
47 38 9 0 6 5 1 7 4 2 3
47 38 9 3 4 5 2 0 7 6 1
47 38 9 3 4 5 6 2 7 0 1
47 39 8 5 4 6 1 3 0 7 2
47 39 8 5 4 6 1 3 7 2 0
47 39 8 5 4 0 1 3 7 6 2
47 39 8 2 4 5 0 3 7 1 6
47 39 8 3 6 2 0 7 4 1 5
47 39 8 3 6 1 2 7 4 0 5
47 39 8 2 3 6 1 7 0 4 5
47 39 8 2 4 5 0 7 1 6 3
47 39 8 1 4 5 2 7 0 6 3
47 39 8 2 3 6 5 4 1 0 7
47 39 8 2 6 5 3 0 4 1 7
47 39 8 3 6 0 1 7 4 2 5
47 39 8 2 3 1 5 7 0 4 6
47 39 8 4 5 0 3 7 1 6 2
47 40 7 0 5 6 7 3 4 1 2
47 40 7 5 6 0 7 3 4 1 2
47 40 7 2 3 0 6 5 4 1 7
47 40 7 0 2 3 5 7 4 1 6
47 40 7 1 4 5 3 7 6 0 2
47 40 7 3 5 0 7 4 1 6 2
47 40 7 5 3 0 4 7 1 6 2
47 40 7 2 3 4 0 7 1 6 5
47 40 7 1 3 4 5 7 6 0 2
47 40 7 1 0 4 5 7 3 6 2
47 40 7 4 3 6 5 2 7 0 1
47 40 7 4 3 6 0 2 7 1 5
47 40 7 3 6 0 5 2 4 7 1
47 40 7 7 0 3 6 2 4 1 5
47 41 6 0 3 5 2 7 4 6 1
47 41 6 2 3 5 7 0 4 6 1
47 41 6 5 3 6 7 2 0 4 1
47 41 6 3 6 5 7 2 0 4 1
47 41 6 3 6 0 7 2 4 5 1
47 42 5 7 3 6 1 2 4 5 0
47 42 5 7 3 0 1 2 4 6 5
47 43 4 0 3 5 7 1 4 6 2
47 43 4 0 3 5 7 2 4 6 1
48 37 11 7 0 6 5 4 1 2 3
48 37 11 2 4 6 1 3 7 0 5
48 37 11 5 0 6 3 4 7 1 2
48 38 10 5 4 6 7 0 1 2 3
48 38 10 7 4 6 0 5 3 1 2
48 38 10 4 3 6 2 7 0 1 5
48 38 10 4 6 5 2 7 0 1 3
48 39 9 2 0 4 5 3 7 1 6
48 39 9 2 4 1 5 3 7 0 6
48 39 9 0 7 6 5 4 3 1 2
48 39 9 7 6 0 5 4 3 1 2
48 39 9 2 0 6 5 4 3 1 7
48 39 9 0 6 1 3 7 4 2 5
48 39 9 3 6 1 7 0 4 2 5
48 39 9 7 0 5 3 4 1 6 2
48 39 9 7 3 4 0 5 1 6 2
48 40 8 3 0 4 2 7 1 6 5
48 40 8 3 4 2 0 7 1 6 5
48 40 8 7 3 6 1 5 0 4 2
48 40 8 5 4 6 7 3 0 1 2
48 40 8 0 6 1 5 3 4 2 7
48 40 8 7 6 1 5 3 4 0 2
48 40 8 5 3 6 1 0 7 4 2
48 40 8 2 4 3 5 7 0 1 6
48 40 8 3 6 5 1 0 7 4 2
48 40 8 3 0 5 1 7 6 4 2
48 40 8 3 0 6 1 7 4 5 2
48 40 8 3 6 1 0 7 4 5 2
48 40 8 2 4 5 3 7 1 0 6
48 40 8 2 4 5 3 0 1 6 7
48 40 8 5 3 4 7 0 1 6 2
48 40 8 2 3 4 5 7 1 0 6
48 40 8 2 3 4 5 0 1 6 7
48 40 8 4 3 6 0 7 1 2 5
48 40 8 4 0 3 5 7 1 6 2
48 40 8 4 3 6 7 2 0 1 5
48 41 7 0 3 4 6 2 7 1 5
48 41 7 3 4 1 6 2 7 5 0
48 41 7 3 1 4 5 2 7 6 0
48 41 7 3 1 4 5 7 6 2 0
48 41 7 3 0 6 2 5 4 7 1
48 41 7 3 4 1 0 2 7 6 5
48 41 7 7 3 5 1 2 4 0 6
48 42 6 5 3 2 0 7 4 6 1
48 42 6 5 3 0 6 2 4 1 7
48 43 5 5 3 1 7 2 4 0 6
48 43 5 6 0 5 7 2 4 1 3
49 38 11 5 4 6 2 7 1 0 3
49 39 10 2 6 0 3 7 4 1 5
49 39 10 7 0 4 5 3 1 6 2
49 40 9 2 3 6 1 5 4 0 7
49 40 9 3 6 1 5 4 0 2 7
49 40 9 5 7 6 0 3 4 1 2
49 40 9 2 7 6 5 3 4 1 0
49 40 9 5 0 6 1 7 3 4 2
49 40 9 2 3 0 5 7 1 6 4
49 40 9 4 3 0 5 2 7 1 6
49 40 9 0 3 6 5 2 7 1 4
49 40 9 4 3 6 5 0 1 2 7
49 40 9 3 4 5 6 0 7 1 2
49 40 9 0 4 5 6 2 7 1 3
49 41 8 0 2 6 5 3 4 1 7
49 41 8 2 6 0 5 3 4 1 7
49 41 8 4 6 5 3 0 7 1 2
49 41 8 4 6 5 3 7 1 0 2
49 41 8 4 0 5 3 7 6 1 2
49 41 8 3 0 6 5 7 4 2 1
49 41 8 3 6 2 5 7 4 0 1
49 41 8 6 0 1 5 7 4 2 3
49 41 8 7 6 1 5 0 4 2 3
49 41 8 0 3 1 5 7 6 4 2
49 41 8 3 1 0 5 7 6 4 2
49 41 8 0 4 6 5 3 2 7 1
49 41 8 3 4 6 5 1 2 7 0
49 41 8 3 7 4 6 2 0 1 5
49 41 8 3 4 1 6 2 0 7 5
49 41 8 0 1 4 5 3 7 6 2
49 41 8 3 4 6 2 0 5 7 1
49 41 8 7 3 6 5 0 2 4 1
49 41 8 7 0 6 5 2 3 4 1
49 41 8 7 3 5 2 0 4 1 6
49 41 8 2 3 5 6 7 4 0 1
49 42 7 3 0 5 6 7 4 1 2
49 42 7 4 0 5 3 2 7 1 6
49 42 7 7 3 6 1 2 0 4 5
49 42 7 3 0 4 1 2 7 6 5
49 42 7 3 0 1 6 5 4 7 2
49 42 7 7 3 1 5 2 0 4 6
49 42 7 5 0 3 2 7 4 6 1
49 42 7 3 6 0 5 2 4 1 7
49 42 7 0 6 5 3 2 4 1 7
49 43 6 5 0 3 7 2 4 1 6
49 43 6 5 3 7 0 2 4 1 6
49 43 6 2 6 5 7 0 4 1 3
49 43 6 3 4 5 7 2 0 1 6
49 43 6 3 5 0 7 1 4 6 2
49 44 5 4 0 5 7 2 1 6 3
49 44 5 5 3 1 2 7 4 6 0
49 44 5 6 3 5 7 0 4 1 2
49 45 4 1 0 5 7 3 4 6 2
50 40 10 3 0 1 5 6 4 2 7
50 40 10 3 6 1 0 5 4 2 7
50 40 10 2 4 0 3 7 1 6 5
50 40 10 5 3 4 6 7 1 0 2
50 40 10 4 3 0 5 7 1 2 6
50 40 10 0 3 6 5 7 1 2 4
50 41 9 2 4 6 5 3 0 1 7
50 41 9 5 6 1 0 7 4 2 3
50 41 9 3 4 6 0 5 2 7 1
50 41 9 3 4 5 6 0 1 2 7
50 41 9 3 4 1 5 0 7 6 2
50 41 9 0 4 1 5 2 7 6 3
50 42 8 3 6 1 5 2 7 4 0
50 42 8 4 6 0 3 2 7 1 5
50 42 8 4 7 6 3 2 0 1 5
50 42 8 3 0 4 2 5 7 6 1
50 42 8 3 4 2 0 5 7 6 1
50 42 8 2 4 5 3 0 7 1 6
50 42 8 6 4 5 3 2 7 1 0
50 42 8 3 4 6 0 2 7 5 1
50 42 8 2 3 4 5 0 7 1 6
50 42 8 5 3 4 0 2 7 1 6
50 42 8 6 3 4 5 2 7 1 0
50 42 8 3 4 1 6 0 5 7 2
50 42 8 3 4 1 0 5 7 2 6
50 42 8 5 3 6 1 2 4 0 7
50 42 8 3 6 5 1 2 4 0 7
50 43 7 4 3 6 2 5 7 1 0
50 43 7 3 4 5 1 2 0 7 6
50 43 7 3 0 6 1 2 4 7 5
50 43 7 3 0 1 5 2 4 7 6
50 43 7 4 6 5 0 2 7 1 3
50 43 7 0 7 3 5 2 4 1 6
50 43 7 0 3 6 1 5 4 7 2
50 43 7 3 6 0 1 5 4 7 2
50 43 7 0 2 3 5 7 4 6 1
50 43 7 7 6 5 0 2 4 1 3
50 43 7 5 3 1 0 7 4 2 6
50 43 7 6 5 0 7 3 4 1 2
50 43 7 6 4 5 7 3 0 1 2
50 43 7 3 4 0 7 2 1 5 6
50 43 7 3 4 0 5 2 1 6 7
50 43 7 0 4 5 3 2 1 6 7
50 43 7 2 3 5 6 0 4 1 7
50 43 7 7 3 5 2 0 4 6 1
50 43 7 7 3 5 6 2 4 0 1
50 44 6 3 6 1 7 2 4 0 5
50 44 6 2 3 1 6 7 4 5 0
50 44 6 7 3 0 2 5 4 6 1
50 44 6 2 3 6 7 5 4 0 1
50 44 6 2 6 5 7 3 4 0 1
50 44 6 2 4 5 7 0 1 6 3
50 44 6 1 4 5 7 2 0 6 3
50 44 6 7 6 5 3 2 4 0 1
50 44 6 4 1 5 7 3 0 6 2
50 44 6 2 3 5 7 6 4 1 0
50 44 6 2 3 1 0 7 4 6 5
50 45 5 1 4 5 7 0 3 6 2
50 45 5 4 3 5 7 0 1 6 2
50 45 5 5 0 3 7 2 4 6 1
50 45 5 5 3 7 0 2 4 6 1
50 47 3 1 3 5 7 0 4 6 2
50 47 3 1 3 5 7 2 4 6 0