0 0 0 7 0 2 3 4 6 1 5
7 0 7 7 2 0 3 4 6 1 5
8 0 8 0 7 2 3 4 6 1 5
9 0 9 7 6 2 3 4 0 1 5
13 7 6 7 2 3 0 4 6 1 5
14 7 7 7 2 1 3 4 6 0 5
16 8 8 4 7 2 3 0 6 1 5
17 8 9 3 7 2 0 4 6 1 5
17 8 9 5 7 2 3 4 6 1 0
17 9 8 7 6 2 3 0 4 1 5
18 9 9 7 6 2 3 4 1 0 5
18 13 5 7 2 3 5 4 6 1 0
19 8 11 6 7 2 3 4 0 1 5
20 13 7 0 2 3 7 4 6 1 5
20 13 7 7 2 3 4 0 6 1 5
20 14 6 7 2 1 3 4 6 5 0
21 13 8 7 2 3 1 4 6 0 5
22 14 8 7 2 1 3 4 0 6 5
23 16 7 4 7 2 3 5 6 1 0
24 17 7 3 7 2 5 4 6 1 0
24 18 6 7 2 3 5 4 6 0 1
24 20 4 7 2 3 4 5 6 1 0
25 16 9 4 7 2 3 6 0 1 5
25 17 8 3 7 0 2 4 6 1 5
25 17 8 5 7 2 3 4 6 0 1
25 17 8 5 7 2 0 4 6 1 3
25 17 8 0 6 2 3 7 4 1 5
25 17 8 7 6 2 3 5 4 1 0
25 18 7 7 2 3 5 0 6 1 4
25 20 5 0 2 3 4 7 6 1 5
26 16 10 4 0 2 3 7 6 1 5
26 16 10 4 7 2 0 3 6 1 5
26 17 9 3 7 2 4 0 6 1 5
26 17 9 5 7 2 3 0 6 1 4
26 18 8 7 6 2 3 4 1 5 0
26 18 8 0 2 3 5 4 6 1 7
26 20 6 4 2 3 7 0 6 1 5
26 20 6 7 2 3 4 6 0 1 5
26 21 5 7 2 3 1 4 6 5 0
27 17 10 3 7 2 1 4 6 0 5
27 17 10 5 7 0 3 4 6 1 2
27 17 10 7 0 2 3 6 4 1 5
27 17 10 7 6 2 0 3 4 1 5
27 18 9 7 6 0 3 4 1 2 5
27 18 9 7 2 0 5 4 6 1 3
27 19 8 6 7 2 3 0 4 1 5
27 20 7 2 0 3 7 4 6 1 5
27 20 7 5 2 3 7 4 6 1 0
27 20 7 7 2 1 0 4 6 5 3
28 19 9 6 7 2 3 4 1 0 5
28 19 9 6 0 2 3 4 7 1 5
28 20 8 7 0 3 4 2 6 1 5
28 20 8 7 2 1 3 0 6 5 4
28 21 7 7 2 3 1 4 0 6 5
28 21 7 7 2 0 1 4 6 3 5
28 24 4 7 2 3 4 5 6 0 1
29 20 9 6 2 3 7 4 0 1 5
29 20 9 7 2 0 3 4 6 5 1
29 20 9 0 2 1 3 4 6 5 7
29 22 7 7 2 1 3 0 4 6 5
29 24 5 7 2 3 0 5 6 1 4
30 22 8 7 0 1 3 4 2 6 5
30 23 7 4 7 2 3 5 6 0 1
30 23 7 4 7 2 0 5 6 1 3
30 24 6 0 2 3 4 5 6 1 7
31 24 7 7 2 3 5 4 0 6 1
31 24 7 7 2 0 5 4 6 3 1
31 24 7 7 2 0 4 5 6 1 3
31 25 6 0 2 3 5 7 6 1 4
31 25 6 2 0 3 4 7 6 1 5
31 25 6 5 2 3 4 7 6 1 0
31 26 5 4 2 3 7 5 6 1 0
32 23 9 4 7 0 3 5 6 1 2
32 23 9 0 7 2 3 5 6 1 4
32 24 8 3 7 2 5 4 6 0 1
32 25 7 7 2 3 5 6 0 1 4
32 25 7 4 2 3 0 7 6 1 5
32 26 6 3 7 2 4 5 6 1 0
32 26 6 4 2 3 5 0 6 1 7
32 26 6 7 2 3 4 6 1 0 5
32 26 6 7 2 3 0 4 6 5 1
33 24 9 3 7 2 5 0 6 1 4
33 25 8 3 0 7 2 4 6 1 5
33 25 8 3 7 1 2 4 6 0 5
33 25 8 5 7 2 3 4 0 6 1
33 25 8 5 7 0 3 4 6 2 1
33 25 8 5 7 0 2 4 6 1 3
33 25 8 6 0 2 3 7 4 1 5
33 25 8 7 6 2 3 5 4 0 1
33 25 8 7 6 2 0 5 4 1 3
33 25 8 6 2 3 4 7 0 1 5
33 26 7 4 2 0 3 7 6 1 5
33 26 7 4 7 2 5 3 6 1 0
33 26 7 0 7 2 4 3 6 1 5
33 26 7 2 0 3 5 4 6 1 7
33 26 7 5 2 3 0 4 6 1 7
33 26 7 4 2 3 7 6 0 1 5
33 26 7 7 0 3 4 6 2 1 5
33 26 7 7 2 3 1 0 6 5 4
33 27 6 5 2 3 7 4 6 0 1
33 28 5 7 2 3 4 5 0 6 1
33 28 5 7 2 0 4 5 6 3 1
34 24 10 3 7 0 5 4 6 1 2
34 24 10 0 7 2 5 4 6 1 3
34 25 9 4 7 2 3 6 1 0 5
34 25 9 4 0 2 3 6 7 1 5
34 25 9 5 7 2 4 0 6 1 3
34 25 9 3 6 2 0 7 4 1 5
34 25 9 5 6 2 3 7 4 1 0
34 25 9 7 0 3 5 2 6 1 4
34 26 8 0 4 2 3 7 6 1 5
34 26 8 4 7 0 2 3 6 1 5
34 26 8 3 7 2 4 6 0 1 5
34 26 8 0 2 3 1 4 6 5 7
34 27 7 3 7 2 1 4 6 5 0
34 27 7 5 7 3 0 4 6 1 2
34 27 7 7 6 2 5 3 4 1 0
34 27 7 7 2 5 0 4 6 1 3
34 27 7 7 2 1 5 4 6 0 3
34 27 7 2 3 0 7 4 6 1 5
34 27 7 5 2 3 7 0 6 1 4
34 27 7 7 2 0 1 4 6 5 3
34 28 6 0 7 3 4 2 6 1 5
35 25 10 5 7 2 1 4 6 0 3
35 25 10 7 6 0 3 5 4 1 2
35 25 10 0 6 2 3 5 4 1 7
35 26 9 4 6 2 3 7 0 1 5
35 26 9 3 0 2 4 7 6 1 5
35 26 9 5 7 2 3 6 0 1 4
35 26 9 7 6 2 0 4 1 5 3
35 26 9 6 2 3 5 4 0 1 7
35 26 9 4 0 3 7 2 6 1 5
35 27 8 3 7 2 1 4 0 6 5
35 27 8 3 7 0 1 4 6 2 5
35 27 8 5 0 7 3 4 6 1 2
35 27 8 5 7 1 3 4 6 0 2
35 27 8 0 7 2 3 6 4 1 5
35 27 8 7 2 0 3 6 4 1 5
35 27 8 7 6 0 2 3 4 1 5
35 27 8 0 6 2 7 3 4 1 5
35 27 8 7 6 3 0 4 1 2 5
35 27 8 7 0 2 5 4 6 1 3
35 27 8 6 7 2 3 5 4 1 0
35 27 8 2 6 3 7 4 0 1 5
35 27 8 0 2 1 7 4 6 5 3
35 27 8 7 2 1 4 0 6 5 3
35 28 7 7 3 0 4 2 6 1 5
35 28 7 7 6 3 4 2 0 1 5
35 28 7 0 2 1 3 7 6 5 4
35 28 7 7 2 3 1 0 4 6 5
35 28 7 7 2 1 0 4 6 3 5
35 29 6 7 2 0 3 5 6 1 4
35 29 6 0 2 3 7 5 6 1 4
35 30 5 2 0 3 4 5 6 1 7
35 30 5 5 2 3 4 0 6 1 7
36 26 10 4 7 2 1 3 6 0 5
36 26 10 5 0 2 3 7 6 1 4
36 26 10 5 7 2 0 3 6 1 4
36 26 10 7 6 2 3 0 1 5 4
36 27 9 7 4 2 3 6 0 1 5
36 27 9 7 0 6 3 4 1 2 5
36 27 9 5 2 0 7 4 6 1 3
36 28 8 6 7 2 3 4 1 5 0
36 28 8 6 2 0 3 4 7 1 5
36 28 8 7 2 1 3 6 0 5 4
36 28 8 7 0 3 1 4 2 6 5
36 28 8 7 0 2 1 4 6 3 5
36 29 7 6 2 3 7 0 4 1 5
36 29 7 6 2 3 7 4 1 0 5
36 29 7 7 2 5 3 4 6 0 1
36 29 7 4 2 1 3 0 6 5 7
36 29 7 0 2 1 3 7 4 6 5
36 29 7 7 2 1 3 5 4 6 0
36 29 7 7 2 3 1 5 6 0 4
36 30 6 4 2 3 0 5 6 1 7
36 31 5 7 2 1 4 5 6 0 3
36 31 5 5 2 3 4 7 6 0 1
36 31 5 4 2 3 7 5 6 0 1
37 26 11 7 6 0 3 4 1 5 2
37 26 11 0 6 2 3 4 1 5 7
37 27 10 7 6 2 1 3 4 0 5
37 27 10 6 7 2 0 3 4 1 5
37 28 9 6 7 0 3 4 1 2 5
37 28 9 0 6 2 3 4 7 1 5
37 28 9 7 2 1 0 3 6 5 4
37 29 8 6 0 3 7 4 2 1 5
37 29 8 7 0 2 3 4 6 5 1
37 29 8 2 0 1 3 4 6 5 7
37 29 8 3 2 1 0 4 6 5 7
37 29 8 7 0 1 3 2 4 6 5
37 30 7 4 7 0 3 5 6 2 1
37 30 7 4 7 0 2 5 6 1 3
37 30 7 0 7 2 4 5 6 1 3
37 30 7 6 2 3 4 5 0 1 7
37 31 6 7 0 2 4 5 6 1 3
37 31 6 7 2 4 0 5 6 1 3
37 31 6 5 2 3 0 7 6 1 4
37 32 5 4 2 3 5 7 6 1 0
37 32 5 7 2 3 4 6 1 5 0
38 28 10 7 0 1 3 2 6 5 4
38 29 9 7 2 1 0 3 4 6 5
38 30 8 0 7 1 3 4 2 6 5
38 30 8 7 1 0 3 4 2 6 5
38 30 8 4 7 2 3 5 0 6 1
38 31 7 7 2 3 5 0 4 6 1
38 31 7 7 2 5 0 4 6 3 1
38 31 7 2 0 3 5 7 6 1 4
38 31 7 2 3 0 4 7 6 1 5
38 31 7 2 6 3 4 7 0 1 5
38 32 6 4 7 3 0 5 6 1 2
38 32 6 3 7 2 4 5 6 0 1
39 29 10 6 2 1 3 4 0 5 7
39 30 9 4 7 2 1 5 6 0 3
39 31 8 7 0 3 5 4 2 6 1
39 31 8 7 0 2 5 4 6 3 1
39 31 8 5 2 0 4 7 6 1 3
39 31 8 4 2 0 7 5 6 1 3
39 32 7 4 0 7 3 5 6 1 2
39 32 7 4 7 1 3 5 6 0 2
39 32 7 7 0 2 3 5 6 1 4
39 32 7 7 2 3 5 6 1 0 4
39 32 7 3 7 2 0 5 6 1 4
39 32 7 4 2 3 5 6 0 1 7
39 32 7 7 2 0 4 6 1 3 5
39 32 7 0 2 3 7 4 6 5 1
39 32 7 7 2 3 4 0 6 5 1
39 33 6 6 2 3 4 0 7 1 5
39 33 6 6 2 3 4 7 1 0 5
39 33 6 0 2 3 1 7 6 5 4
39 33 6 7 2 3 4 0 5 6 1
39 33 6 7 0 3 4 5 2 6 1
39 33 6 7 0 2 4 5 6 3 1
39 33 6 7 2 4 0 5 6 3 1
40 30 10 4 7 2 5 0 6 1 3
40 31 9 6 2 3 5 7 0 1 4
40 32 8 3 7 2 5 4 0 6 1
40 32 8 3 7 0 5 4 6 2 1
40 32 8 7 0 3 5 6 2 1 4
40 32 8 4 2 3 1 7 6 0 5
40 32 8 3 7 0 4 5 6 1 2
40 33 7 3 7 1 2 4 6 5 0
40 33 7 5 7 2 3 0 4 6 1
40 33 7 5 7 3 0 4 6 2 1
40 33 7 6 0 3 4 7 2 1 5
40 33 7 4 2 1 3 7 6 0 5
40 33 7 7 0 2 4 3 6 1 5
40 33 7 5 2 0 3 4 6 1 7
40 33 7 4 2 3 7 6 1 0 5
40 33 7 0 7 3 4 6 2 1 5
40 33 7 7 2 3 1 6 0 5 4
40 33 7 5 2 3 7 4 0 6 1
40 33 7 5 2 0 7 4 6 3 1
40 34 6 4 2 3 1 0 6 5 7
40 34 6 1 2 3 0 4 6 5 7
40 34 6 5 7 3 2 4 6 1 0
40 34 6 7 2 5 3 4 6 1 0
40 34 6 7 2 1 5 4 6 3 0
40 34 6 2 7 3 4 0 6 1 5
40 36 4 7 2 3 1 5 6 4 0
40 36 4 7 2 1 4 5 6 3 0
41 32 9 4 0 3 5 2 6 1 7
41 33 8 0 7 2 5 3 6 1 4
41 33 8 0 3 7 2 4 6 1 5
41 33 8 3 7 1 2 4 0 6 5
41 33 8 5 0 2 3 4 7 6 1
41 33 8 5 0 7 3 4 6 2 1
41 33 8 5 0 7 2 4 6 1 3
41 33 8 5 7 1 2 4 6 0 3
41 33 8 6 2 0 3 7 4 1 5
41 33 8 7 6 2 3 5 0 4 1
41 33 8 7 6 0 3 5 4 2 1
41 33 8 7 6 0 2 5 4 1 3
41 33 8 0 6 2 7 5 4 1 3
41 33 8 4 7 2 5 3 6 0 1
41 33 8 5 7 2 4 3 6 1 0
41 33 8 2 3 0 5 4 6 1 7
41 33 8 2 6 3 5 4 0 1 7
41 33 8 5 2 3 1 4 6 0 7
41 33 8 4 0 3 7 6 2 1 5
41 33 8 7 3 0 4 6 2 1 5
41 33 8 7 2 3 0 1 6 5 4
41 34 7 3 6 2 5 7 4 1 0
41 34 7 0 7 3 5 2 6 1 4
41 34 7 7 3 0 5 2 6 1 4
41 34 7 2 0 3 1 4 6 5 7
41 34 7 2 3 1 7 4 6 0 5
41 34 7 5 2 3 7 6 0 1 4
41 34 7 7 2 5 1 4 6 0 3
41 34 7 5 7 3 4 2 6 1 0
41 35 6 3 2 0 4 7 6 1 5
41 35 6 4 3 0 7 2 6 1 5
41 35 6 0 2 1 4 7 6 5 3
41 35 6 7 2 1 4 3 6 5 0
41 35 6 7 2 3 1 5 4 6 0
41 35 6 7 2 1 3 5 6 0 4
41 35 6 2 0 3 7 5 6 1 4
41 35 6 2 3 0 4 5 6 1 7
41 35 6 2 6 3 4 5 0 1 7
41 35 6 5 2 3 4 6 0 1 7
42 32 10 6 7 2 3 5 0 1 4
42 33 9 3 7 2 5 6 0 1 4
42 33 9 3 6 7 2 4 0 1 5
42 33 9 6 4 2 3 7 0 1 5
42 33 9 7 0 3 1 2 6 5 4
42 34 8 3 0 7 5 4 6 1 2
42 34 8 3 7 5 0 4 6 1 2
42 34 8 3 7 1 5 4 6 0 2
42 34 8 4 7 2 3 6 1 5 0
42 34 8 4 2 0 3 6 7 1 5
42 34 8 5 7 2 4 6 0 1 3
42 34 8 3 6 0 2 7 4 1 5
42 34 8 5 6 2 3 7 4 0 1
42 34 8 5 6 2 0 7 4 1 3
42 34 8 7 6 3 5 2 0 1 4
42 34 8 7 4 2 3 0 6 1 5
42 34 8 4 0 7 2 3 6 1 5
42 34 8 4 7 1 2 3 6 0 5
42 34 8 3 7 2 4 6 1 0 5
42 34 8 3 0 2 4 6 7 1 5
42 34 8 3 7 2 0 4 6 5 1
42 34 8 0 7 3 5 4 6 1 2
42 34 8 5 7 3 4 0 6 1 2
42 34 8 7 6 2 5 3 4 0 1
42 34 8 0 2 5 7 4 6 1 3
42 34 8 7 2 5 4 0 6 1 3
42 34 8 7 2 1 5 4 0 6 3
42 34 8 2 3 7 0 4 6 1 5
42 34 8 7 0 2 1 4 6 5 3
42 34 8 4 7 3 0 2 6 1 5
42 35 7 5 7 2 1 4 6 3 0
42 35 7 7 6 3 0 5 4 1 2
42 35 7 0 3 2 4 7 6 1 5
42 35 7 6 2 3 5 0 4 1 7
42 35 7 6 2 3 5 4 1 0 7
42 35 7 0 4 3 7 2 6 1 5
42 35 7 4 6 3 7 2 0 1 5
42 35 7 3 7 2 1 0 4 6 5
42 35 7 5 7 1 3 4 6 2 0
42 35 7 7 2 3 0 6 4 1 5
42 35 7 6 0 2 7 3 4 1 5
42 35 7 3 6 2 7 0 4 1 5
42 35 7 7 6 3 5 4 1 2 0
42 35 7 2 6 3 7 0 4 1 5
42 35 7 4 2 1 7 0 6 5 3
42 35 7 7 2 1 4 6 0 5 3
42 35 7 7 3 4 0 2 6 1 5
42 35 7 7 3 1 4 2 6 0 5
42 35 7 7 6 3 4 0 2 1 5
42 35 7 7 6 3 4 2 1 0 5
42 35 7 0 2 3 1 7 4 6 5
42 36 6 6 2 3 7 5 4 1 0
42 36 6 6 2 3 7 4 1 5 0
42 36 6 7 2 3 1 5 0 6 4
42 36 6 7 2 0 1 5 6 3 4
42 36 6 4 2 0 3 5 6 1 7
42 36 6 7 2 1 4 5 0 6 3
42 36 6 5 2 3 4 7 0 6 1
42 36 6 5 2 0 4 7 6 3 1
42 36 6 4 2 3 7 5 0 6 1
42 36 6 4 2 0 7 5 6 3 1
42 37 5 6 2 3 4 5 1 0 7
42 37 5 7 2 4 3 5 6 1 0
43 33 10 3 0 2 5 7 6 1 4
43 33 10 7 6 2 5 0 4 1 3
43 33 10 7 6 2 1 5 4 0 3
43 33 10 4 7 0 5 3 6 1 2
43 33 10 6 7 2 4 3 0 1 5
43 34 9 4 7 0 3 6 1 2 5
43 34 9 0 4 2 3 6 7 1 5
43 34 9 5 0 2 4 7 6 1 3
43 34 9 5 6 2 3 0 4 1 7
43 34 9 3 4 2 0 7 6 1 5
43 34 9 5 4 2 3 7 6 1 0
43 34 9 6 2 3 1 4 0 5 7
43 34 9 3 7 2 1 0 6 5 4
43 34 9 5 7 3 1 4 6 0 2
43 34 9 5 0 3 7 2 6 1 4
43 34 9 6 7 3 4 2 0 1 5
43 35 8 5 7 2 1 4 0 6 3
43 35 8 5 7 0 1 4 6 2 3
43 35 8 7 0 6 3 5 4 1 2
43 35 8 7 6 1 3 5 4 0 2
43 35 8 6 0 2 3 5 4 1 7
43 35 8 3 6 2 4 7 0 1 5
43 35 8 6 0 3 5 4 2 1 7
43 35 8 3 0 2 1 4 7 6 5
43 35 8 3 0 7 1 4 6 2 5
43 35 8 3 7 1 0 4 6 2 5
43 35 8 0 5 7 3 4 6 1 2
43 35 8 5 7 1 3 4 0 6 2
43 35 8 7 2 1 3 6 4 0 5
43 35 8 7 0 6 2 3 4 1 5
43 35 8 7 6 1 2 3 4 0 5
43 35 8 5 6 2 7 3 4 1 0
43 35 8 6 7 2 3 5 4 0 1
43 35 8 6 7 2 0 5 4 1 3
43 35 8 2 6 3 7 4 1 0 5
43 35 8 2 0 1 7 4 6 5 3
43 35 8 3 2 1 7 4 6 5 0
43 35 8 2 0 1 3 7 6 5 4
43 35 8 3 2 1 0 7 6 5 4
43 35 8 4 2 1 3 7 6 5 0
43 35 8 7 0 3 1 2 4 6 5
43 35 8 0 2 1 7 4 6 3 5
43 35 8 7 2 1 4 0 6 3 5
43 35 8 6 2 3 7 5 0 1 4
43 35 8 5 0 3 4 2 6 1 7
43 36 7 4 7 2 1 3 6 5 0
43 36 7 5 2 0 3 7 6 1 4
43 36 7 5 2 7 0 4 6 1 3
43 36 7 5 2 1 7 4 6 0 3
43 36 7 6 2 3 0 4 7 1 5
43 36 7 7 3 0 1 4 2 6 5
43 36 7 0 2 3 7 6 4 1 5
43 36 7 7 2 5 3 4 0 6 1
43 36 7 2 0 1 3 7 4 6 5
43 36 7 7 2 1 3 5 4 0 6
43 36 7 7 2 1 0 5 4 6 3
43 36 7 4 2 3 1 5 6 0 7
43 37 6 0 7 1 3 2 4 6 5
43 37 6 7 1 0 3 2 4 6 5
43 37 6 4 7 3 0 5 6 2 1
43 37 6 6 2 3 4 0 5 1 7
43 37 6 6 0 3 4 5 2 1 7
43 37 6 4 2 3 5 7 6 0 1
43 38 5 4 7 3 2 5 6 1 0
44 34 10 3 6 2 1 7 4 0 5
44 34 10 5 6 0 3 7 4 1 2
44 34 10 3 7 0 1 4 6 5 2
44 34 10 0 7 2 1 4 6 5 3
44 34 10 7 6 0 5 3 4 1 2
44 34 10 0 6 2 5 3 4 1 7
44 35 9 3 6 2 0 5 4 1 7
44 35 9 4 6 2 3 0 7 1 5
44 35 9 4 6 2 3 7 1 0 5
44 35 9 5 7 2 3 6 1 0 4
44 35 9 5 0 2 3 6 7 1 4
44 35 9 7 6 0 2 4 1 5 3
44 35 9 0 6 2 7 4 1 5 3
44 35 9 5 6 7 3 4 0 1 2
44 35 9 3 7 2 0 6 4 1 5
44 35 9 5 7 2 3 6 4 1 0
44 35 9 0 6 3 7 4 1 2 5
44 35 9 7 6 3 4 0 1 2 5
44 35 9 7 6 2 5 4 0 1 3
44 35 9 7 0 1 4 2 6 5 3
44 35 9 7 2 3 0 1 4 6 5
44 36 8 4 7 2 1 3 0 6 5
44 36 8 4 7 0 1 3 6 2 5
44 36 8 0 5 2 3 7 6 1 4
44 36 8 5 7 0 2 3 6 1 4
44 36 8 5 0 2 7 4 6 1 3
44 36 8 6 2 1 3 4 7 0 5
44 36 8 7 2 1 3 6 5 0 4
44 36 8 0 7 3 1 4 2 6 5
44 36 8 0 7 2 1 4 6 3 5
44 36 8 6 0 3 7 2 4 1 5
44 36 8 6 2 0 7 4 1 3 5
44 36 8 4 2 1 3 6 0 5 7
44 36 8 3 2 1 0 7 4 6 5
44 36 8 5 2 1 3 7 4 6 0
44 37 7 7 6 2 1 3 4 5 0
44 37 7 6 7 2 5 3 4 1 0
44 37 7 7 2 0 1 3 6 5 4
44 37 7 6 3 0 7 4 2 1 5
44 37 7 3 2 0 1 4 6 5 7
44 37 7 7 4 1 3 2 0 6 5
44 37 7 4 0 7 3 5 6 2 1
44 37 7 4 0 7 2 5 6 1 3
44 37 7 4 7 1 2 5 6 0 3
44 37 7 7 6 2 4 5 0 1 3
44 37 7 0 2 4 7 5 6 1 3
44 37 7 7 2 3 0 6 1 5 4
44 37 7 7 2 3 4 0 1 5 6
44 38 6 7 2 1 5 3 4 6 0
44 38 6 7 2 5 1 4 6 3 0
44 38 6 0 7 3 4 5 6 1 2
44 38 6 3 7 0 4 5 6 2 1
44 39 5 0 2 3 4 7 6 5 1
44 39 5 7 2 3 4 1 6 5 0
44 39 5 6 2 3 4 5 7 1 0
44 39 5 6 2 3 4 7 1 5 0
44 39 5 7 2 4 1 5 6 3 0
44 40 4 1 2 3 7 4 6 5 0
45 34 11 6 7 2 5 4 0 1 3
45 35 10 4 6 2 3 5 0 1 7
45 35 10 7 6 2 4 0 1 5 3
45 35 10 4 6 2 7 3 0 1 5
45 35 10 7 6 3 2 4 1 0 5
45 35 10 6 7 0 3 5 4 1 2
45 35 10 0 7 2 3 5 4 1 6
45 35 10 6 2 1 7 4 0 5 3
45 35 10 6 2 1 3 7 0 5 4
45 36 9 5 6 2 3 7 0 1 4
45 36 9 7 6 2 3 1 0 5 4
45 36 9 0 6 2 3 7 1 5 4
45 36 9 7 4 2 3 6 1 0 5
45 36 9 0 7 6 3 4 1 2 5
45 36 9 7 1 6 3 4 0 2 5
45 36 9 6 7 2 0 4 1 5 3
45 36 9 7 0 1 3 6 2 5 4
45 36 9 7 6 2 1 4 0 3 5
45 36 9 6 2 3 0 7 4 1 5
45 36 9 4 2 1 0 3 6 5 7
45 36 9 7 2 0 3 5 4 6 1
45 36 9 0 2 1 3 5 4 6 7
45 37 8 7 6 3 0 4 1 5 2
45 37 8 7 6 5 3 4 1 0 2
45 37 8 7 6 0 1 3 4 2 5
45 37 8 6 7 0 2 3 4 1 5
45 37 8 6 7 3 0 4 1 2 5
45 37 8 0 2 1 7 3 6 5 4
45 37 8 0 6 3 7 4 2 1 5
45 37 8 0 7 2 3 4 6 5 1
45 37 8 2 1 0 3 4 6 5 7
45 37 8 3 2 1 4 0 6 5 7
45 37 8 7 2 4 1 5 6 0 3
45 37 8 5 2 3 1 7 6 0 4
45 37 8 0 2 3 4 6 1 5 7
45 38 7 7 2 0 1 3 4 6 5
45 38 7 0 2 1 7 3 4 6 5
45 38 7 0 2 3 5 7 4 6 1
45 38 7 7 2 3 5 1 4 6 0
45 38 7 2 3 1 4 7 6 0 5
45 38 7 2 6 3 4 0 7 1 5
45 38 7 2 6 3 4 7 1 0 5
45 38 7 3 7 2 4 5 0 6 1
45 39 6 4 7 2 1 5 6 3 0
45 39 6 5 2 1 4 7 6 0 3
45 39 6 4 2 7 0 5 6 1 3
45 39 6 4 2 1 7 5 6 0 3
45 39 6 4 7 1 3 5 6 2 0
45 39 6 7 2 3 5 6 1 4 0
45 39 6 4 2 3 7 0 6 5 1
45 39 6 7 2 3 4 6 0 5 1
45 39 6 0 2 3 4 6 7 1 5
45 39 6 1 2 3 0 7 6 5 4
45 39 6 0 2 3 4 7 5 6 1
45 39 6 7 2 3 4 1 5 6 0
45 39 6 0 7 3 4 5 2 6 1
45 39 6 0 7 2 4 5 6 3 1
45 40 5 4 2 3 1 7 6 5 0
45 40 5 2 7 3 4 5 6 1 0
45 40 5 7 2 3 0 5 6 4 1
45 41 4 5 2 3 1 4 6 7 0
45 42 3 6 2 3 4 5 1 7 0
46 35 11 7 6 2 5 4 1 0 3
46 36 10 5 7 2 1 3 6 0 4
46 36 10 6 7 2 3 0 1 5 4
46 36 10 4 0 1 3 2 6 5 7
46 36 10 4 2 1 3 7 0 6 5
46 37 9 7 0 6 3 4 1 5 2
46 37 9 6 0 2 3 4 1 5 7
46 37 9 4 6 2 3 0 1 5 7
46 37 9 7 6 2 1 3 0 4 5
46 37 9 0 7 2 6 3 4 1 5
46 37 9 6 0 7 3 4 1 2 5
46 37 9 7 2 1 5 3 6 0 4
46 37 9 7 6 2 3 4 0 5 1
46 37 9 2 6 1 3 4 0 5 7
46 37 9 3 2 1 5 4 6 0 7
46 37 9 6 7 2 4 5 0 1 3
46 37 9 7 2 4 5 0 6 1 3
46 37 9 4 2 0 5 7 6 1 3
46 37 9 7 2 0 4 6 1 5 3
46 38 8 0 7 1 3 2 6 5 4
46 38 8 7 1 0 3 2 6 5 4
46 38 8 7 6 1 3 2 0 5 4
46 38 8 4 7 1 3 0 2 6 5
46 38 8 7 1 3 0 4 2 6 5
46 38 8 4 7 2 3 0 5 6 1
46 38 8 4 0 2 3 5 7 6 1
46 38 8 7 0 3 5 2 4 6 1
46 38 8 7 2 3 0 5 4 6 1
46 38 8 0 2 5 7 4 6 3 1
46 38 8 7 2 5 4 0 6 3 1
46 38 8 2 3 0 5 7 6 1 4
46 38 8 2 6 3 5 7 0 1 4
46 38 8 2 3 4 0 7 6 1 5
46 38 8 4 7 3 1 5 6 0 2
46 39 7 4 7 0 1 5 6 2 3
46 39 7 7 3 0 5 4 2 6 1
46 39 7 5 2 4 0 7 6 1 3
46 39 7 4 0 2 7 5 6 1 3
46 39 7 0 4 7 3 5 6 1 2
46 39 7 3 7 0 2 5 6 1 4
46 39 7 4 2 3 5 6 1 0 7
46 39 7 2 0 3 7 4 6 5 1
46 39 7 6 2 0 4 7 1 3 5
46 39 7 2 0 3 1 7 6 5 4
46 39 7 7 3 0 4 5 2 6 1
46 39 7 7 6 2 4 5 0 3 1
46 39 7 0 2 4 7 5 6 3 1
46 40 6 3 0 7 4 5 6 1 2
46 40 6 3 7 1 4 5 6 0 2
46 40 6 5 7 3 1 4 6 2 0
46 40 6 7 2 0 4 3 6 1 5
46 40 6 4 2 3 7 6 1 5 0
46 40 6 5 2 3 7 0 4 6 1
46 40 6 1 2 0 3 4 6 5 7
46 40 6 1 2 3 4 0 6 5 7
46 40 6 7 2 1 0 5 6 3 4
46 41 5 7 2 1 3 5 6 4 0
46 43 3 4 2 3 1 5 6 7 0
47 36 11 7 0 2 3 6 1 5 4
47 36 11 7 6 2 0 3 1 5 4
47 36 11 6 7 0 3 4 1 5 2
47 36 11 0 7 2 3 4 1 5 6
47 37 10 3 6 2 0 4 1 5 7
47 37 10 1 6 2 3 4 0 5 7
47 37 10 6 7 2 1 3 4 0 5
47 37 10 3 6 2 0 4 7 1 5
47 37 10 5 6 2 3 4 7 1 0
47 38 9 3 7 1 0 4 2 6 5
47 38 9 5 7 1 3 4 2 6 0
47 38 9 7 1 6 3 4 2 0 5
47 38 9 4 7 3 5 0 6 1 2
47 39 8 6 2 1 3 0 4 5 7
47 39 8 6 2 1 3 4 5 0 7
47 39 8 4 7 2 1 5 0 6 3
47 39 8 0 7 3 5 4 2 6 1
47 39 8 0 7 2 5 4 6 3 1
47 39 8 4 6 7 3 5 0 1 2
47 39 8 4 7 1 3 5 0 6 2
47 39 8 7 6 2 3 5 0 1 4
47 39 8 7 2 0 5 6 1 3 4
47 39 8 4 0 3 5 6 2 1 7
47 39 8 7 0 2 4 6 1 3 5
47 39 8 7 2 4 0 6 1 3 5
47 39 8 7 0 3 4 2 6 5 1
47 39 8 7 2 4 3 5 6 0 1
47 40 7 6 2 3 5 0 7 1 4
47 40 7 6 2 3 5 7 1 0 4
47 40 7 3 7 2 5 0 4 6 1
47 40 7 4 2 3 1 7 0 6 5
47 40 7 4 2 0 1 7 6 3 5
47 40 7 3 7 4 0 5 6 1 2
47 40 7 0 7 2 3 5 4 6 1
47 40 7 5 7 2 3 1 4 6 0
47 40 7 0 6 3 4 7 2 1 5
47 40 7 5 2 1 3 4 6 0 7
47 40 7 6 7 3 4 0 2 1 5
47 40 7 7 2 3 1 6 5 0 4
47 40 7 5 0 3 7 4 2 6 1
47 40 7 5 2 7 0 4 6 3 1
47 40 7 4 2 3 1 6 0 5 7
47 40 7 1 2 3 5 4 6 0 7
47 40 7 5 7 3 2 4 6 0 1
47 40 7 2 7 3 4 6 0 1 5
47 40 7 7 2 3 1 0 6 4 5
47 40 7 0 2 3 1 5 6 4 7
47 40 7 0 2 1 4 5 6 3 7
47 41 6 7 3 5 0 2 6 1 4
47 41 6 2 3 1 7 4 0 6 5
47 41 6 2 3 1 7 4 6 5 0
47 41 6 5 7 3 4 2 6 0 1
47 41 6 3 2 1 4 7 6 0 5
47 41 6 4 3 1 7 2 6 0 5
47 41 6 7 2 1 4 3 6 0 5
47 41 6 7 2 3 1 5 4 0 6
47 41 6 2 3 1 4 5 6 0 7
47 41 6 2 6 3 4 5 1 0 7
47 41 6 5 2 3 4 6 1 0 7
47 42 5 6 2 3 5 4 1 7 0
48 38 10 7 2 1 6 3 4 0 5
48 38 10 2 7 1 3 4 0 6 5
48 39 9 6 0 1 3 4 2 5 7
48 39 9 7 6 2 5 4 0 3 1
48 39 9 3 7 2 1 5 6 0 4
48 39 9 6 2 3 7 4 0 5 1
48 39 9 6 0 3 4 2 7 1 5
48 39 9 6 2 3 1 7 0 5 4
48 39 9 7 0 3 4 2 5 6 1
48 39 9 7 2 3 0 4 5 6 1
48 39 9 7 2 4 5 0 6 3 1
48 40 8 6 0 3 5 7 2 1 4
48 40 8 3 0 2 5 4 7 6 1
48 40 8 3 0 7 5 4 6 2 1
48 40 8 3 7 5 0 4 6 2 1
48 40 8 0 7 3 5 6 2 1 4
48 40 8 7 3 0 5 6 2 1 4
48 40 8 3 7 1 0 4 6 5 2
48 40 8 0 7 3 5 4 6 2 1
48 40 8 5 7 3 4 0 6 2 1
48 40 8 6 3 0 4 7 2 1 5
48 40 8 7 6 2 4 3 0 1 5
48 40 8 5 0 2 3 4 6 1 7
48 40 8 4 2 0 7 6 1 3 5
48 40 8 5 7 3 4 6 2 1 0
48 40 8 7 0 3 1 6 2 5 4
48 40 8 5 0 2 7 4 6 3 1
48 40 8 4 2 3 0 1 6 5 7
48 40 8 5 7 3 2 0 6 1 4
48 40 8 7 2 5 3 0 6 1 4
48 40 8 7 2 1 5 0 6 3 4
48 40 8 7 2 0 1 5 6 4 3
48 41 7 0 4 3 5 2 6 1 7
48 41 7 4 3 0 5 2 6 1 7
48 41 7 3 7 1 2 0 4 6 5
48 41 7 5 7 1 2 4 6 3 0
48 41 7 7 0 2 3 5 6 4 1
48 41 7 7 6 3 0 5 4 2 1
48 41 7 6 0 2 7 5 4 1 3
48 41 7 5 6 2 7 0 4 1 3
48 41 7 5 7 2 4 3 6 0 1
48 41 7 2 3 5 0 4 6 1 7
48 41 7 5 2 3 1 4 0 6 7
48 41 7 5 2 0 1 4 6 3 7
48 41 7 4 3 0 7 6 2 1 5
48 41 7 7 2 0 3 1 6 5 4
48 41 7 0 2 3 7 1 6 5 4
48 41 7 2 7 3 5 0 6 1 4
48 41 7 7 3 1 5 2 6 0 4
48 41 7 5 2 3 7 6 1 0 4
48 41 7 7 2 5 1 4 0 6 3
48 41 7 5 7 3 0 2 6 1 4
48 41 7 3 2 4 0 7 6 1 5
48 41 7 4 3 7 0 2 6 1 5
48 41 7 2 0 1 4 7 6 5 3
48 41 7 3 2 1 4 7 6 5 0
48 41 7 7 2 1 3 5 0 6 4
48 41 7 2 3 0 7 5 6 1 4
48 41 7 2 6 3 7 5 0 1 4
48 41 7 2 3 4 0 5 6 1 7
48 41 7 2 6 3 4 0 5 1 7
48 41 7 5 0 3 4 6 2 1 7
48 42 6 0 2 5 4 7 6 1 3
48 42 6 7 2 5 4 3 6 1 0
48 42 6 4 7 3 5 2 6 1 0
48 42 6 7 6 3 2 5 4 1 0
48 42 6 7 2 3 5 6 4 1 0
48 42 6 0 6 3 7 2 4 1 5
48 42 6 7 3 4 5 2 6 1 0
48 42 6 7 3 1 4 2 0 6 5
48 42 6 7 3 1 4 2 6 5 0
48 42 6 7 6 3 4 5 2 1 0
48 42 6 7 6 3 4 2 1 5 0
48 42 6 6 2 3 7 5 4 0 1
48 42 6 6 2 3 0 5 4 1 7
48 42 6 4 2 1 3 5 6 0 7
48 42 6 5 2 3 4 0 7 6 1
48 42 6 4 2 7 0 5 6 3 1
48 42 6 6 2 0 4 5 1 3 7
48 43 5 7 3 0 1 2 4 6 5
48 43 5 4 7 3 1 5 6 2 0
48 45 3 1 2 3 4 7 6 5 0
49 40 9 4 7 2 5 6 0 1 3
49 40 9 3 7 1 2 0 6 5 4
49 40 9 5 0 2 3 7 4 6 1
49 40 9 5 7 2 0 3 4 6 1
49 40 9 4 7 3 0 6 2 1 5
49 40 9 4 0 3 1 2 6 5 7
49 40 9 0 7 3 2 4 6 1 5
49 40 9 0 2 5 3 4 6 1 7
49 40 9 0 2 1 5 4 6 3 7
49 40 9 2 7 3 0 4 6 1 5
49 41 8 4 6 3 5 2 0 1 7
49 41 8 7 0 2 5 3 6 1 4
49 41 8 4 3 7 2 0 6 1 5
49 41 8 3 0 1 2 4 7 6 5
49 41 8 0 5 2 3 4 7 6 1
49 41 8 5 2 0 3 4 7 6 1
49 41 8 0 5 7 3 4 6 2 1
49 41 8 0 5 7 2 4 6 1 3
49 41 8 5 7 1 2 4 0 6 3
49 41 8 6 2 1 3 7 4 0 5
49 41 8 7 0 6 3 5 4 2 1
49 41 8 7 0 6 2 5 4 1 3
49 41 8 7 6 1 2 5 4 0 3
49 41 8 3 6 2 7 5 4 1 0
49 41 8 4 7 2 5 3 0 6 1
49 41 8 4 7 0 5 3 6 2 1
49 41 8 2 3 1 5 4 6 0 7
49 41 8 2 6 3 5 0 4 1 7
49 41 8 2 6 3 5 4 1 0 7
49 41 8 0 4 3 7 6 2 1 5
49 41 8 7 3 4 0 6 2 1 5
49 41 8 7 3 1 4 6 2 0 5
49 41 8 7 2 3 5 1 6 0 4
49 41 8 3 6 2 5 7 4 0 1
49 41 8 2 3 0 1 4 6 5 7
49 41 8 2 6 3 1 4 0 5 7
49 41 8 5 0 3 7 6 2 1 4
49 41 8 4 2 1 0 7 6 5 3
49 41 8 7 2 0 4 3 6 5 1
49 41 8 0 2 1 4 3 6 5 7
49 41 8 0 2 3 1 5 4 6 7
49 42 7 0 7 3 1 2 6 5 4
49 42 7 7 3 0 1 2 6 5 4
49 42 7 3 7 5 2 4 6 1 0
49 42 7 3 7 1 5 4 6 2 0
49 42 7 4 2 3 0 6 7 1 5
49 42 7 7 4 2 3 5 6 1 0
49 42 7 4 7 1 2 3 6 5 0
49 42 7 3 7 2 4 6 1 5 0
49 42 7 3 2 0 4 6 7 1 5
49 42 7 7 0 3 5 4 6 1 2
49 42 7 5 7 3 4 6 0 1 2
49 42 7 2 0 5 7 4 6 1 3
49 42 7 4 2 5 7 0 6 1 3
49 42 7 7 2 5 4 6 0 1 3
49 42 7 7 2 1 5 0 4 6 3
49 42 7 2 3 7 5 4 6 1 0
49 42 7 7 3 2 4 0 6 1 5
49 42 7 0 2 3 5 6 4 1 7
49 42 7 6 2 3 5 7 4 1 0
49 42 7 2 4 3 7 0 6 1 5
49 42 7 4 6 3 7 2 1 0 5
49 42 7 0 7 2 1 3 4 6 5
49 42 7 3 7 2 1 5 4 6 0
49 42 7 6 2 0 7 3 4 1 5
49 42 7 2 6 3 7 5 4 1 0
49 42 7 4 2 1 7 3 6 5 0
49 42 7 7 2 1 4 6 5 0 3
49 42 7 0 3 4 7 2 6 1 5
49 42 7 2 0 3 1 7 4 6 5
49 42 7 1 2 3 0 7 4 6 5
49 42 7 6 2 3 0 4 1 5 7
49 42 7 7 2 3 1 0 5 6 4
49 42 7 7 0 3 1 5 2 6 4
49 42 7 7 0 2 1 5 6 3 4
49 42 7 4 0 2 3 5 6 1 7
49 42 7 7 2 1 4 0 5 6 3
49 42 7 7 0 1 4 5 2 6 3
49 42 7 5 0 3 4 7 2 6 1
49 42 7 5 0 2 4 7 6 3 1
49 42 7 5 2 4 0 7 6 3 1
49 42 7 4 2 3 7 0 5 6 1
49 42 7 4 0 3 7 5 2 6 1
49 42 7 4 0 2 7 5 6 3 1
49 43 6 5 3 0 7 2 6 1 4
49 43 6 0 7 3 1 2 4 6 5
49 43 6 0 2 1 4 7 6 3 5
49 43 6 6 2 3 7 5 1 0 4
49 43 6 0 5 3 4 2 6 1 7
49 43 6 5 2 7 3 4 6 1 0
49 43 6 5 2 1 7 4 6 3 0
49 43 6 6 2 3 5 4 7 1 0
49 43 6 7 2 5 3 0 4 6 1
49 43 6 4 2 3 1 5 0 6 7
49 43 6 4 2 0 1 5 6 3 7
49 43 6 7 1 3 0 2 4 6 5
49 43 6 0 7 3 4 5 6 2 1
49 43 6 0 2 3 4 6 5 1 7
49 43 6 6 2 3 4 7 5 1 0
49 43 6 0 6 3 4 5 2 1 7
49 43 6 4 7 3 2 5 6 0 1
49 44 5 6 3 0 7 2 4 1 5
49 44 5 7 0 3 4 5 6 1 2
49 44 5 7 2 3 4 1 6 0 5
49 44 5 6 2 3 4 5 7 0 1
49 44 5 1 2 3 7 4 6 0 5
50 40 10 4 0 2 5 7 6 1 3
50 40 10 3 7 0 2 4 6 5 1
50 40 10 0 7 1 2 4 6 5 3
50 41 9 5 3 7 2 4 6 1 0
50 41 9 5 6 7 3 4 0 2 1
50 41 9 5 6 7 2 4 0 1 3
50 41 9 7 6 2 3 0 5 4 1
50 41 9 5 7 0 4 3 6 1 2
50 41 9 3 6 2 5 0 4 1 7
50 41 9 5 7 0 4 2 6 1 3
50 41 9 6 2 1 4 7 0 5 3
50 41 9 7 2 0 1 5 4 6 3
50 42 8 6 7 2 3 5 1 0 4
50 42 8 6 0 2 3 5 7 1 4
50 42 8 3 6 7 2 0 4 1 5
50 42 8 7 6 3 1 2 0 5 4
50 42 8 0 3 7 5 4 6 1 2
50 42 8 3 7 1 5 4 0 6 2
50 42 8 4 2 1 3 6 7 0 5
50 42 8 5 7 2 4 6 1 0 3
50 42 8 5 0 2 4 6 7 1 3
50 42 8 3 0 6 2 7 4 1 5
50 42 8 3 6 1 2 7 4 0 5
50 42 8 5 6 0 3 7 4 2 1
50 42 8 5 6 0 2 7 4 1 3
50 42 8 7 6 3 5 0 2 1 4
50 42 8 7 6 3 5 2 1 0 4
50 42 8 0 4 7 2 3 6 1 5
50 42 8 4 7 1 2 3 0 6 5
50 42 8 3 7 0 4 6 1 2 5
50 42 8 0 3 2 4 6 7 1 5
50 42 8 2 7 3 5 4 6 1 0
50 42 8 5 0 3 4 7 6 1 2
50 42 8 7 6 0 5 3 4 2 1
50 42 8 3 2 5 7 4 6 1 0
50 42 8 7 0 1 5 4 2 6 3
50 42 8 4 7 0 3 2 6 1 5
50 42 8 5 7 2 0 4 6 3 1
50 42 8 0 6 3 7 5 4 1 2
50 42 8 5 3 2 4 7 6 1 0
50 42 8 6 2 0 5 4 1 3 7
50 42 8 7 4 3 0 2 6 1 5
50 42 8 5 4 3 7 2 6 1 0
50 42 8 4 6 3 7 0 2 1 5
50 42 8 5 7 1 0 4 6 2 3
50 42 8 6 4 2 7 3 0 1 5
50 42 8 3 6 2 7 4 0 1 5
50 42 8 7 6 3 5 4 1 0 2
50 42 8 4 2 1 7 6 0 5 3
50 42 8 7 0 1 4 6 2 5 3
50 42 8 7 6 0 4 2 1 3 5
50 42 8 5 2 3 1 7 4 6 0
50 42 8 0 2 3 7 5 4 1 6
50 42 8 6 2 3 7 0 1 5 4
50 42 8 7 2 4 3 0 6 1 5
50 42 8 0 2 4 3 5 6 1 7
50 43 7 3 2 0 5 7 6 1 4
50 43 7 7 6 2 1 5 4 3 0
50 43 7 0 5 2 4 7 6 1 3
50 43 7 3 4 2 5 7 6 1 0
50 43 7 6 2 3 1 0 4 5 7
50 43 7 6 2 3 1 4 5 0 7
50 43 7 0 5 3 7 2 6 1 4
50 43 7 5 6 3 7 2 0 1 4
50 43 7 6 7 3 4 2 1 0 5
50 43 7 5 7 2 1 0 4 6 3
50 43 7 7 6 1 3 5 4 2 0
50 43 7 6 2 0 3 5 4 1 7
50 43 7 0 3 2 1 4 7 6 5
50 43 7 5 7 1 3 0 4 6 2
50 43 7 7 2 1 3 6 4 5 0
50 43 7 7 6 1 2 3 4 5 0
50 43 7 5 6 2 7 3 4 0 1
50 43 7 2 6 3 7 4 1 5 0
50 43 7 3 2 1 7 4 6 0 5
50 43 7 3 2 0 1 7 6 5 4
50 43 7 7 4 3 1 2 0 6 5
50 43 7 4 2 1 7 0 6 3 5
50 43 7 7 2 1 4 6 0 3 5
50 43 7 6 2 3 7 0 5 1 4
50 43 7 6 0 3 7 5 2 1 4
50 43 7 5 3 0 4 2 6 1 7
50 43 7 5 6 3 4 2 0 1 7
50 43 7 5 2 1 3 7 6 0 4
50 43 7 5 2 1 7 4 0 6 3
50 43 7 7 3 1 0 4 2 6 5
50 43 7 2 0 3 7 6 4 1 5
50 43 7 7 0 5 3 4 2 6 1
50 43 7 2 1 0 3 7 4 6 5
50 43 7 7 2 1 3 5 0 4 6
50 43 7 7 2 0 3 5 4 1 6
50 43 7 0 2 1 7 5 4 6 3
50 43 7 2 7 1 3 0 4 6 5
50 43 7 3 7 1 0 2 4 6 5
50 43 7 5 7 1 3 2 4 6 0
50 43 7 7 1 6 3 2 4 0 5
50 43 7 6 3 0 4 5 2 1 7
50 43 7 4 2 3 5 7 0 6 1
50 43 7 4 2 0 5 7 6 3 1
50 44 6 7 6 3 4 5 1 2 0
50 44 6 3 2 1 5 7 4 6 0
50 44 6 4 7 1 2 5 6 3 0
50 44 6 7 2 3 4 1 0 5 6
50 44 6 0 2 3 4 7 1 5 6
50 44 6 3 0 7 4 5 6 2 1
50 44 6 2 0 3 4 7 6 5 1
50 44 6 6 2 3 0 5 7 1 4
50 44 6 1 2 3 7 0 6 5 4
50 45 5 5 2 3 1 7 6 4 0
50 45 5 5 2 1 4 7 6 3 0
50 45 5 4 2 7 3 5 6 1 0
50 45 5 4 2 1 7 5 6 3 0
50 45 5 2 7 3 4 5 6 0 1
50 45 5 5 2 3 0 4 6 7 1
50 45 5 6 2 3 0 5 1 7 4
50 46 4 4 2 3 0 5 6 7 1
50 47 3 1 2 3 5 4 6 7 0
51 41 10 6 3 7 2 4 0 1 5
51 41 10 4 6 2 7 5 0 1 3
51 41 10 3 6 0 5 7 4 1 2
51 41 10 0 6 2 5 7 4 1 3
51 41 10 6 7 3 5 2 0 1 4
51 42 9 6 7 2 3 0 5 1 4
51 42 9 3 7 2 5 6 1 0 4
51 42 9 3 0 2 5 6 7 1 4
51 42 9 3 6 7 2 4 1 0 5
51 42 9 6 4 2 3 0 7 1 5
51 42 9 6 4 2 3 7 1 0 5
51 42 9 3 6 7 5 4 0 1 2
51 42 9 0 7 5 3 4 6 1 2
51 42 9 3 7 5 4 0 6 1 2
51 42 9 4 7 2 0 6 1 5 3
51 42 9 5 6 2 3 7 0 4 1
51 42 9 4 6 7 2 3 0 1 5
51 42 9 3 7 2 4 0 6 5 1
51 42 9 7 6 2 5 3 0 4 1
51 42 9 6 2 5 7 4 0 1 3
51 42 9 7 0 5 4 2 6 1 3
51 42 9 2 3 7 4 0 6 1 5
51 42 9 7 6 2 1 4 0 5 3
51 42 9 4 7 3 2 0 6 1 5
51 42 9 4 7 3 1 2 6 0 5
51 42 9 5 7 2 1 0 6 3 4
51 42 9 7 6 3 1 5 4 0 2
51 42 9 4 3 2 0 7 6 1 5
51 42 9 6 0 3 5 2 4 1 7
51 42 9 6 4 3 7 2 0 1 5
51 42 9 3 0 2 1 7 4 6 5
51 42 9 3 7 2 0 1 4 6 5
51 42 9 5 7 1 3 0 6 2 4
51 42 9 7 2 3 6 0 4 1 5
51 42 9 7 2 3 1 6 4 0 5
51 42 9 3 0 2 7 6 4 1 5
51 42 9 7 6 3 5 0 1 2 4
51 42 9 4 0 1 7 2 6 5 3
51 42 9 7 3 4 1 2 6 0 5
51 42 9 6 2 0 7 5 4 1 3
51 42 9 0 2 3 7 4 1 5 6
51 43 8 0 3 2 5 7 6 1 4
51 43 8 7 6 2 1 5 0 4 3
51 43 8 7 6 0 1 5 4 2 3
51 43 8 4 0 7 5 3 6 1 2
51 43 8 4 7 5 0 3 6 1 2
51 43 8 4 7 1 5 3 6 0 2
51 43 8 6 7 2 4 0 3 1 5
51 43 8 6 7 2 4 3 1 0 5
51 43 8 6 0 2 4 3 7 1 5
51 43 8 4 7 3 0 6 1 2 5
51 43 8 5 6 2 4 7 0 1 3
51 43 8 3 4 0 2 7 6 1 5
51 43 8 5 4 2 3 7 6 0 1
51 43 8 5 4 2 0 7 6 1 3
51 43 8 6 0 3 1 4 2 5 7
51 43 8 0 7 2 1 3 6 5 4
51 43 8 5 7 3 1 4 0 6 2
51 43 8 5 7 0 1 4 6 3 2
51 43 8 5 0 2 1 4 7 6 3
51 43 8 5 0 7 1 4 6 2 3
51 43 8 0 7 6 3 5 4 1 2
51 43 8 7 4 6 3 5 0 1 2
51 43 8 7 6 1 3 5 0 4 2
51 43 8 6 4 2 3 5 0 1 7
51 43 8 3 6 2 4 0 7 1 5
51 43 8 3 6 2 4 7 1 0 5
51 43 8 0 6 3 5 4 2 1 7
51 43 8 6 3 0 5 4 2 1 7
51 43 8 3 2 0 1 4 7 6 5
51 43 8 0 3 7 1 4 6 2 5
51 43 8 4 5 7 3 0 6 1 2
51 43 8 5 0 1 3 4 7 6 2
51 43 8 7 2 1 3 6 0 4 5
51 43 8 0 7 6 2 3 4 1 5
51 43 8 5 6 2 0 3 4 1 7
51 43 8 6 7 2 3 5 0 4 1
51 43 8 6 7 0 3 5 4 2 1
51 43 8 6 7 0 2 5 4 1 3
51 43 8 2 6 0 7 4 1 3 5
51 43 8 2 1 0 7 4 6 5 3
51 43 8 2 6 1 7 4 0 5 3
51 43 8 3 2 1 7 0 6 5 4
51 43 8 2 1 0 3 7 6 5 4
51 43 8 2 0 1 7 4 6 3 5
51 43 8 4 7 2 0 3 6 5 1
51 43 8 0 2 7 5 4 6 1 3
51 43 8 5 2 7 4 0 6 1 3
51 43 8 0 2 3 6 4 7 1 5
51 43 8 7 3 6 1 4 2 0 5
51 43 8 5 2 3 7 6 4 1 0
51 43 8 2 4 1 3 7 0 6 5
51 43 8 0 7 3 2 5 6 1 4
51 44 7 3 6 2 1 7 4 5 0
51 44 7 7 6 5 0 3 4 1 2
51 44 7 3 7 2 5 6 4 1 0
51 44 7 7 6 3 4 1 0 2 5
51 44 7 0 6 3 4 7 1 2 5
51 44 7 0 7 1 4 2 6 5 3
51 44 7 7 1 0 4 2 6 5 3
51 44 7 7 2 0 3 1 4 6 5
51 44 7 0 2 3 7 1 4 6 5
51 44 7 6 2 1 3 4 0 7 5
51 44 7 6 2 1 3 4 7 5 0
51 44 7 7 2 1 3 6 5 4 0
51 44 7 3 2 0 1 7 4 6 5
51 44 7 5 2 1 0 7 4 6 3
51 44 7 7 2 5 1 3 6 0 4
51 44 7 6 3 1 7 4 2 0 5
51 44 7 3 2 5 1 4 6 0 7
51 44 7 0 4 7 3 5 6 2 1
51 44 7 0 4 7 2 5 6 1 3
51 44 7 7 6 2 4 5 1 0 3
51 44 7 2 0 4 7 5 6 1 3
51 44 7 5 2 4 7 0 6 1 3
51 44 7 3 2 4 7 5 6 1 0
51 44 7 3 7 4 0 5 6 2 1
51 44 7 4 2 3 0 7 6 5 1
51 44 7 0 2 3 4 1 6 5 7
51 44 7 0 2 3 4 5 7 1 6
51 44 7 6 2 3 0 7 1 5 4
51 44 7 6 2 3 4 0 1 5 7
51 45 6 2 0 1 7 3 4 6 5
51 45 6 3 2 1 7 0 4 6 5
51 45 6 2 3 1 4 7 6 5 0
51 45 6 2 6 3 4 5 7 1 0
51 45 6 2 6 3 4 7 1 5 0
51 45 6 0 2 7 4 5 6 1 3
51 45 6 4 2 3 7 1 6 5 0
51 45 6 7 2 3 4 6 5 0 1
51 45 6 1 2 0 3 7 6 5 4
51 45 6 1 2 3 4 7 5 6 0
51 45 6 7 2 3 4 1 5 0 6
51 45 6 1 7 3 4 5 2 6 0
51 45 6 1 7 2 4 5 6 3 0
51 45 6 2 7 3 0 5 6 1 4
51 45 6 7 2 0 3 5 6 4 1
51 45 6 0 2 3 7 5 6 4 1
51 45 6 5 2 3 1 0 6 7 4
51 45 6 6 2 3 4 0 1 7 5
51 45 6 0 2 3 4 5 1 7 6
51 46 5 3 2 1 5 4 6 7 0
51 46 5 7 3 0 5 2 4 6 1
51 46 5 4 2 3 5 6 1 7 0
51 46 5 3 7 1 4 5 6 2 0
51 46 5 1 2 3 4 6 0 5 7
51 47 4 2 3 1 4 5 6 7 0
51 47 4 2 6 3 4 5 1 7 0
51 47 4 5 2 3 4 6 1 7 0
52 41 11 6 7 2 5 3 0 1 4
52 42 10 3 7 5 1 4 6 0 2
52 42 10 4 7 2 3 0 1 5 6
52 42 10 5 6 2 1 7 4 0 3
52 42 10 7 4 2 0 3 6 1 5
52 42 10 6 7 3 5 4 0 1 2
52 42 10 2 3 7 1 4 6 0 5
52 42 10 7 6 3 5 0 4 1 2
52 42 10 6 3 2 4 7 0 1 5
52 42 10 0 7 1 3 4 6 2 5
52 42 10 0 6 3 5 4 1 2 7
52 42 10 2 6 3 0 7 4 1 5
52 42 10 7 3 4 2 0 6 1 5
52 42 10 7 6 3 0 4 2 1 5
52 42 10 6 2 0 7 4 1 5 3
52 43 9 3 6 2 5 7 0 1 4
52 43 9 4 0 7 3 6 1 2 5
52 43 9 5 6 2 3 4 0 1 7
52 43 9 5 4 2 3 0 6 1 7
52 43 9 3 7 2 1 6 0 5 4
52 43 9 3 6 7 1 4 0 2 5
52 43 9 3 7 1 4 0 6 2 5
52 43 9 3 5 7 0 4 6 1 2
52 43 9 2 5 7 3 4 6 1 0
52 43 9 7 4 6 2 3 0 1 5
52 43 9 7 6 1 2 3 0 4 5
52 43 9 5 6 0 7 3 4 1 2
52 43 9 0 7 2 6 5 4 1 3
52 43 9 3 2 0 7 4 6 5 1
52 43 9 2 6 1 3 7 0 5 4
52 43 9 3 2 1 5 7 6 0 4
52 43 9 4 2 0 3 7 6 5 1
52 43 9 7 0 1 4 2 6 3 5
52 43 9 4 7 2 1 0 6 5 3
52 43 9 5 2 7 1 4 6 0 3
52 43 9 6 2 3 1 4 7 0 5
52 43 9 7 2 1 6 5 4 0 3
52 43 9 4 7 1 3 2 0 6 5
52 43 9 4 7 3 5 0 6 2 1
52 43 9 6 0 3 4 2 5 1 7
52 43 9 6 2 3 0 4 5 1 7
52 44 8 3 6 0 1 7 4 2 5
52 44 8 5 0 6 3 7 4 1 2
52 44 8 5 6 3 0 7 4 1 2
52 44 8 5 6 1 3 7 4 0 2
52 44 8 3 0 7 1 4 6 5 2
52 44 8 1 7 2 0 4 6 5 3
52 44 8 7 0 6 5 3 4 1 2
52 44 8 7 6 1 5 3 4 0 2
52 44 8 6 0 2 5 3 4 1 7
52 44 8 3 6 0 2 5 4 1 7
52 44 8 4 6 2 3 5 7 1 0
52 44 8 4 6 2 3 7 1 5 0
52 44 8 5 7 2 3 6 1 4 0
52 44 8 5 2 0 3 6 7 1 4
52 44 8 7 6 5 2 4 1 0 3
52 44 8 6 0 2 7 4 1 5 3
52 44 8 4 6 2 7 0 1 5 3
52 44 8 5 6 7 3 0 4 1 2
52 44 8 3 7 0 2 6 4 1 5
52 44 8 5 7 2 3 6 4 0 1
52 44 8 5 7 2 0 6 4 1 3
52 44 8 6 0 3 7 4 1 2 5
52 44 8 4 6 3 7 0 1 2 5
52 44 8 7 6 1 4 2 0 5 3
52 44 8 4 7 2 1 0 3 6 5
52 44 8 4 0 2 1 3 7 6 5
52 44 8 4 0 7 1 3 6 2 5
52 44 8 4 7 1 0 3 6 2 5
52 44 8 7 5 2 3 0 6 1 4
52 44 8 5 0 7 2 3 6 1 4
52 44 8 5 7 1 2 3 6 0 4
52 44 8 0 5 2 7 4 6 1 3
52 44 8 5 6 2 7 4 0 1 3
52 44 8 7 2 0 3 6 5 1 4
52 44 8 4 7 3 1 0 2 6 5
52 44 8 1 7 3 0 4 2 6 5
52 44 8 4 7 2 1 0 6 3 5
52 44 8 1 7 2 0 4 6 3 5
52 44 8 6 0 2 7 4 1 3 5
52 44 8 6 2 7 0 4 1 3 5
52 44 8 4 2 1 3 6 5 0 7
52 44 8 5 2 1 3 7 4 0 6
52 44 8 5 2 1 3 0 4 6 7
52 44 8 7 6 2 0 3 4 5 1
52 44 8 6 7 2 5 3 4 0 1
52 44 8 7 0 2 1 3 6 5 4
52 44 8 6 3 7 0 4 2 1 5
52 44 8 3 0 2 1 4 6 5 7
52 44 8 7 4 1 3 0 2 6 5
52 44 8 7 4 1 3 2 6 0 5
52 44 8 4 6 7 3 5 0 2 1
52 44 8 4 6 7 2 5 0 1 3
52 44 8 4 7 1 2 5 0 6 3
52 44 8 7 6 2 4 0 5 1 3
52 44 8 7 2 0 3 6 1 5 4
52 44 8 0 2 3 7 6 1 5 4
52 44 8 7 2 1 5 3 4 0 6
52 44 8 7 2 5 1 0 6 3 4
52 44 8 6 7 3 4 5 0 1 2
52 44 8 6 2 3 4 7 0 5 1
52 44 8 7 2 0 4 1 6 5 3
52 44 8 6 2 0 4 5 7 1 3
52 44 8 7 2 4 1 0 6 3 5
52 44 8 0 2 4 1 5 6 3 7
52 44 8 1 2 0 7 4 6 5 3
52 45 7 7 6 3 2 4 1 5 0
52 45 7 6 7 3 0 5 4 1 2
52 45 7 6 2 1 7 0 4 5 3
52 45 7 4 2 0 1 3 6 5 7
52 45 7 7 0 2 3 5 4 6 1
52 45 7 7 2 6 3 5 4 0 1
52 45 7 2 0 1 3 5 4 6 7
52 45 7 7 6 5 3 4 1 2 0
52 45 7 6 7 3 5 4 1 2 0
52 45 7 2 1 3 0 4 6 5 7
52 45 7 3 2 1 4 6 0 5 7
52 45 7 7 2 4 1 5 0 6 3
52 45 7 5 2 3 1 7 0 6 4
52 45 7 5 2 0 1 7 6 3 4
52 45 7 2 0 3 4 6 1 5 7
52 45 7 7 0 2 1 3 4 6 5
52 45 7 5 2 1 7 3 4 6 0
52 45 7 2 0 3 5 7 4 6 1
52 45 7 1 2 3 5 7 4 6 0
52 45 7 7 2 3 5 1 4 0 6
52 45 7 2 3 1 4 7 0 6 5
52 45 7 0 6 3 4 2 7 1 5
52 45 7 3 0 2 4 5 7 6 1
52 45 7 4 7 2 0 5 6 3 1
52 45 7 5 2 1 4 7 0 6 3
52 45 7 4 2 1 7 5 0 6 3
52 45 7 4 7 1 0 5 6 2 3
52 45 7 7 2 3 0 6 1 4 5
52 45 7 4 2 3 7 6 0 5 1
52 45 7 7 0 3 4 6 2 5 1
52 45 7 2 0 3 4 6 7 1 5
52 45 7 5 2 3 4 6 7 1 0
52 45 7 1 2 3 5 7 6 0 4
52 45 7 2 0 3 4 7 5 6 1
52 45 7 7 2 3 0 1 5 6 4
52 45 7 5 7 3 4 0 2 6 1
52 45 7 5 7 2 4 0 6 3 1
52 45 7 0 2 3 1 4 6 7 5
52 45 7 6 2 0 4 5 1 7 3
52 46 6 7 2 1 5 3 6 4 0
52 46 6 0 7 3 5 2 4 6 1
52 46 6 0 2 5 4 7 6 3 1
52 46 6 7 2 5 4 1 6 3 0
52 46 6 7 3 5 0 4 2 6 1
52 46 6 5 2 4 3 7 6 1 0
52 46 6 1 2 4 7 5 6 3 0
52 46 6 0 3 7 4 5 6 1 2
52 46 6 0 2 3 7 5 4 6 1
52 46 6 5 2 3 7 1 4 6 0
52 46 6 1 2 5 3 4 6 0 7
52 46 6 7 2 1 0 5 6 4 3
52 46 6 4 2 3 1 0 6 7 5
52 46 6 0 2 3 1 5 6 7 4
52 47 5 5 2 1 3 4 6 7 0
52 47 5 1 2 3 0 5 6 4 7
52 47 5 7 3 5 4 2 6 1 0
52 47 5 2 3 1 7 0 4 6 5
52 47 5 4 3 1 7 2 0 6 5
52 47 5 4 3 1 7 2 6 5 0
52 48 4 4 2 1 3 5 6 7 0
52 48 4 1 2 3 4 7 6 0 5
53 42 11 4 7 0 3 6 1 5 2
53 42 11 0 7 2 3 6 1 5 4
53 42 11 7 6 0 5 4 1 2 3
53 43 10 7 0 2 5 6 4 1 3
53 43 10 3 4 2 0 6 7 1 5
53 43 10 5 4 2 3 6 7 1 0
53 43 10 5 0 2 3 6 4 1 7
53 43 10 3 4 2 7 0 6 1 5
53 43 10 3 4 2 1 7 6 0 5
53 43 10 5 4 0 3 7 6 1 2
53 43 10 3 0 2 1 7 6 5 4
53 43 10 3 7 2 0 1 6 5 4
53 43 10 6 7 2 5 0 4 1 3
53 43 10 6 7 2 1 5 4 0 3
53 43 10 6 2 1 7 4 0 3 5
53 43 10 4 7 0 1 3 6 5 2
53 44 9 3 6 2 1 7 0 4 5
53 44 9 4 6 0 3 7 1 2 5
53 44 9 5 7 0 3 6 1 2 4
53 44 9 0 5 2 3 6 7 1 4
53 44 9 7 0 6 2 4 1 5 3
53 44 9 3 6 2 7 4 1 5 0
53 44 9 1 6 2 7 4 0 5 3
53 44 9 5 6 7 3 4 1 0 2
53 44 9 5 7 2 3 0 4 1 6
53 44 9 5 6 3 7 4 1 2 0
53 44 9 1 6 3 7 4 0 2 5
53 44 9 7 0 3 4 6 1 2 5
53 44 9 7 2 3 6 1 4 0 5
53 44 9 3 5 2 0 7 6 1 4
53 44 9 4 5 2 3 7 6 1 0
53 44 9 5 7 3 1 4 2 6 0
53 44 9 4 0 1 3 6 2 5 7
53 44 9 5 2 0 3 7 4 6 1
53 44 9 7 6 2 1 0 4 5 3
53 44 9 6 2 4 7 5 0 1 3
53 44 9 7 2 3 6 0 1 5 4
53 44 9 7 0 3 4 2 1 5 6
53 44 9 7 2 3 0 4 1 5 6
53 44 9 7 2 0 5 3 4 6 1
53 44 9 0 2 1 5 3 4 6 7
53 44 9 0 2 5 1 4 6 3 7
53 44 9 6 2 0 4 7 1 5 3
53 45 8 4 6 2 3 5 1 0 7
53 45 8 7 6 2 4 1 0 5 3
53 45 8 0 6 2 4 7 1 5 3
53 45 8 7 6 2 4 3 1 5 0
53 45 8 4 6 2 7 0 3 1 5
53 45 8 4 6 2 7 3 1 0 5
53 45 8 4 0 2 7 3 6 1 5
53 45 8 7 6 3 2 4 0 1 5
53 45 8 6 0 7 3 5 4 1 2
53 45 8 6 7 1 3 5 4 0 2
53 45 8 7 0 2 3 5 4 1 6
53 45 8 6 2 1 7 4 5 0 3
53 45 8 6 0 1 7 4 2 5 3
53 45 8 6 2 1 3 0 7 5 4
53 45 8 6 2 1 3 7 5 0 4
53 45 8 7 0 2 3 1 6 5 4
53 45 8 7 4 2 3 6 1 5 0
53 45 8 7 1 6 3 0 4 2 5
53 45 8 7 6 2 1 0 4 3 5
53 45 8 0 2 3 6 7 4 1 5
53 45 8 3 2 1 0 5 4 6 7
53 45 8 7 6 5 3 4 0 1 2
53 45 8 7 0 6 1 3 4 2 5
53 45 8 7 6 1 0 3 4 2 5
53 45 8 6 0 7 2 3 4 1 5
53 45 8 6 7 1 2 3 4 0 5
53 45 8 2 0 1 7 3 6 5 4
53 45 8 4 7 2 3 0 6 5 1
53 45 8 1 7 2 3 4 6 5 0
53 45 8 2 1 5 3 4 6 0 7
53 45 8 4 2 3 0 6 1 5 7
53 45 8 7 2 6 1 3 4 0 5
53 45 8 5 2 3 0 7 4 6 1
53 45 8 2 6 0 4 7 1 3 5
53 45 8 3 7 2 4 0 5 6 1
53 45 8 4 2 7 1 5 6 0 3
53 45 8 7 2 3 5 0 1 4 6
53 45 8 4 2 3 0 7 5 6 1
53 45 8 0 2 3 4 1 5 6 7
53 45 8 4 7 3 0 5 2 6 1
53 45 8 2 7 3 4 5 0 6 1
53 45 8 2 7 0 4 5 6 1 3
53 45 8 7 2 3 5 0 6 4 1
53 45 8 5 2 0 1 4 6 7 3
53 46 7 5 7 2 1 3 6 4 0
53 46 7 7 2 0 5 3 6 1 4
53 46 7 3 2 0 5 4 6 1 7
53 46 7 6 7 2 4 5 1 0 3
53 46 7 6 0 2 4 5 7 1 3
53 46 7 0 2 4 5 7 6 1 3
53 46 7 7 2 4 5 3 6 1 0
53 46 7 4 2 5 0 7 6 1 3
53 46 7 4 2 1 5 7 6 0 3
53 46 7 7 2 5 4 6 1 0 3
53 46 7 7 1 3 0 2 6 5 4
53 46 7 7 1 5 3 2 6 0 4
53 46 7 7 1 3 5 4 2 6 0
53 46 7 4 2 0 3 5 7 6 1
53 46 7 7 4 3 5 2 0 6 1
53 46 7 2 0 5 7 4 6 3 1
53 46 7 4 2 5 7 0 6 3 1
53 46 7 1 2 5 7 4 6 3 0
53 46 7 7 2 5 4 6 0 3 1
53 46 7 2 3 5 0 7 6 1 4
53 46 7 2 3 4 5 7 6 1 0
53 46 7 4 7 3 1 5 0 6 2
53 46 7 4 7 0 1 5 6 3 2
53 46 7 4 0 7 1 5 6 2 3
53 46 7 0 4 2 7 5 6 1 3
53 46 7 3 0 7 2 5 6 1 4
53 46 7 3 7 1 2 5 6 0 4
53 46 7 2 3 0 7 4 6 5 1
53 46 7 7 3 4 0 5 2 6 1
53 46 7 7 3 6 4 5 2 0 1
53 46 7 7 6 2 4 5 3 0 1
53 46 7 2 0 4 7 5 6 3 1
53 46 7 5 2 4 7 0 6 3 1
53 46 7 3 6 7 4 5 0 1 2
53 46 7 3 7 1 4 5 0 6 2
53 46 7 7 2 4 0 3 6 1 5
53 46 7 5 0 3 7 2 4 6 1
53 46 7 1 0 2 3 4 6 5 7
53 46 7 1 0 3 4 2 6 5 7
53 46 7 0 2 1 7 5 6 3 4
53 46 7 4 2 0 1 5 6 7 3
53 47 6 6 2 1 3 4 5 7 0
53 47 6 0 7 3 4 2 6 5 1
53 47 6 6 2 3 5 7 1 4 0
53 47 6 3 7 4 2 5 6 1 0
53 47 6 6 7 3 4 5 2 1 0
53 47 6 7 2 3 1 6 5 4 0
53 47 6 5 3 0 7 4 2 6 1
53 47 6 5 2 7 1 4 6 3 0
53 47 6 1 2 3 5 4 0 6 7
53 47 6 1 2 0 5 4 6 3 7
53 47 6 0 2 3 1 7 6 4 5
53 47 6 2 0 3 1 5 6 4 7
53 47 6 5 2 3 1 0 6 4 7
53 47 6 2 0 1 4 5 6 3 7
53 47 6 5 2 1 4 0 6 3 7
53 47 6 0 3 5 7 2 6 1 4
53 47 6 7 2 3 1 5 0 4 6
53 47 6 6 2 3 0 4 1 7 5
53 48 5 2 3 5 7 4 6 1 0
53 48 5 0 2 3 4 5 7 6 1
53 48 5 4 2 7 1 5 6 3 0
53 48 5 7 3 1 0 2 4 6 5
53 49 4 6 2 3 4 5 0 7 1
54 43 11 6 5 7 3 4 0 1 2
54 44 10 3 6 2 1 5 4 0 7
54 44 10 3 7 2 6 0 4 1 5
54 44 10 3 7 2 1 6 4 0 5
54 44 10 5 7 0 3 6 4 1 2
54 44 10 2 7 3 1 4 0 6 5
54 44 10 3 2 1 6 7 4 0 5
54 44 10 7 6 0 1 3 4 5 2
54 44 10 0 6 2 1 3 4 5 7
54 44 10 6 7 0 5 3 4 1 2
54 44 10 0 7 2 5 3 4 1 6
54 45 9 6 7 2 5 4 1 0 3
54 45 9 6 0 2 5 4 7 1 3
54 45 9 4 6 2 3 0 5 1 7
54 45 9 7 6 0 2 4 1 3 5
54 45 9 3 7 2 0 5 4 1 6
54 45 9 6 0 1 3 7 2 5 4
54 45 9 5 6 2 3 0 7 1 4
54 45 9 5 6 2 3 7 1 0 4
54 45 9 7 6 2 3 1 5 0 4
54 45 9 6 0 2 3 7 1 5 4
54 45 9 7 4 0 3 6 1 2 5
54 45 9 4 7 6 3 0 1 2 5
54 45 9 6 7 0 2 4 1 5 3
54 45 9 0 7 1 3 6 2 5 4
54 45 9 7 1 0 3 6 2 5 4
54 45 9 7 6 2 1 4 3 0 5
54 45 9 6 2 3 1 7 4 0 5
54 45 9 4 2 1 5 3 6 0 7
54 45 9 4 2 1 3 5 0 6 7
54 45 9 0 6 3 7 4 1 5 2
54 45 9 7 6 3 4 0 1 5 2
54 45 9 0 7 3 6 4 1 2 5
54 45 9 6 7 3 4 0 1 2 5
54 45 9 5 6 3 7 4 2 1 0
54 45 9 3 0 1 4 2 6 5 7
54 45 9 4 2 1 7 3 0 6 5
54 45 9 7 2 0 5 1 4 6 3
54 45 9 0 2 3 5 1 4 6 7
54 45 9 0 7 2 1 5 6 3 4
54 45 9 4 2 7 5 0 6 1 3
54 45 9 4 7 1 3 0 6 2 5
54 45 9 0 7 1 3 5 6 2 4
54 45 9 0 2 3 5 6 1 4 7
54 45 9 4 0 3 7 2 6 5 1
54 45 9 7 2 0 4 1 5 6 3
54 45 9 6 7 2 4 5 0 3 1
54 45 9 4 2 0 1 7 6 5 3
54 46 8 7 6 2 5 4 1 3 0
54 46 8 5 7 2 1 3 0 6 4
54 46 8 5 7 0 1 3 6 2 4
54 46 8 0 4 1 3 2 6 5 7
54 46 8 4 1 0 3 2 6 5 7
54 46 8 4 6 1 3 2 0 5 7
54 46 8 4 2 1 3 0 7 6 5
54 46 8 4 0 1 3 7 2 6 5
54 46 8 6 2 0 3 4 1 5 7
54 46 8 7 0 2 1 3 6 4 5
54 46 8 7 0 2 6 3 4 1 5
54 46 8 7 2 1 5 3 0 6 4
54 46 8 7 6 2 3 0 4 5 1
54 46 8 2 6 1 3 0 4 5 7
54 46 8 3 2 1 5 4 0 6 7
54 46 8 6 7 2 4 0 5 1 3
54 46 8 7 2 4 5 6 0 1 3
54 46 8 7 0 2 4 6 1 5 3
54 46 8 7 2 4 0 6 1 5 3
54 46 8 2 7 1 3 0 6 5 4
54 46 8 7 6 1 3 2 5 0 4
54 46 8 4 7 1 3 5 2 6 0
54 46 8 0 1 3 7 4 2 6 5
54 46 8 0 7 2 3 4 5 6 1
54 46 8 4 7 2 3 1 5 6 0
54 46 8 0 4 2 3 5 7 6 1
54 46 8 7 2 3 6 5 4 0 1
54 46 8 2 3 1 5 7 6 0 4
54 46 8 2 6 3 5 0 7 1 4
54 46 8 2 6 3 5 7 1 0 4
54 46 8 7 3 6 5 4 2 0 1
54 46 8 5 4 7 3 0 6 1 2
54 46 8 3 4 7 0 5 6 1 2
54 46 8 2 4 7 3 5 6 1 0
54 46 8 4 2 0 5 6 1 3 7
54 46 8 2 6 3 7 4 0 5 1
54 46 8 6 0 2 4 7 1 3 5
54 46 8 6 2 4 0 7 1 3 5
54 46 8 2 3 0 1 7 6 5 4
54 46 8 2 6 3 1 7 0 5 4
54 46 8 7 6 2 4 0 5 3 1
54 46 8 5 7 3 1 0 6 2 4
54 46 8 4 2 3 7 0 1 5 6
54 46 8 7 2 1 3 0 6 4 5
54 46 8 0 2 1 3 5 6 4 7
54 47 7 1 6 2 3 0 4 5 7
54 47 7 6 7 2 1 3 4 5 0
54 47 7 3 7 1 5 4 2 6 0
54 47 7 7 2 4 5 6 1 3 0
54 47 7 7 3 0 4 2 6 5 1
54 47 7 7 6 3 4 2 0 5 1
54 47 7 7 2 4 3 5 0 6 1
54 47 7 0 2 3 5 6 7 1 4
54 47 7 0 7 2 5 3 4 6 1
54 47 7 3 7 2 5 1 4 6 0
54 47 7 4 2 3 1 0 7 6 5
54 47 7 4 2 1 0 7 6 3 5
54 47 7 1 7 2 3 5 4 6 0
54 47 7 5 7 2 0 1 4 6 3
54 47 7 0 5 3 7 4 2 6 1
54 47 7 4 2 3 1 6 5 0 7
54 47 7 2 7 3 4 6 1 0 5
54 47 7 7 2 3 1 6 0 4 5
54 47 7 4 2 1 0 5 6 3 7
54 47 7 2 0 1 7 4 3 6 5
54 47 7 5 7 3 4 2 0 6 1
54 47 7 5 7 0 4 2 6 3 1
54 47 7 3 2 1 4 7 0 6 5
54 47 7 7 2 1 4 3 0 6 5
54 47 7 7 2 0 1 5 4 3 6
54 47 7 2 3 1 4 5 0 6 7
54 47 7 2 6 0 4 5 1 3 7
54 47 7 5 2 0 4 6 1 3 7
54 47 7 6 2 3 5 0 1 7 4
54 48 6 3 7 2 1 5 6 4 0
54 48 6 7 3 0 4 2 5 6 1
54 48 6 7 2 3 1 4 5 6 0
54 48 6 5 7 3 4 1 6 2 0
54 48 6 4 3 5 0 2 6 1 7
54 48 6 7 6 3 1 5 4 2 0
54 48 6 7 3 1 5 2 0 6 4
54 48 6 7 3 1 5 2 6 4 0
54 48 6 5 2 3 7 6 1 4 0
54 48 6 7 2 5 1 0 4 6 3
54 48 6 3 2 4 5 7 6 1 0
54 48 6 4 3 7 5 2 6 1 0
54 48 6 2 3 4 7 5 6 1 0
54 48 6 7 2 5 4 3 6 0 1
54 48 6 7 6 3 4 5 2 0 1
54 48 6 6 2 3 7 5 0 4 1
54 48 6 5 2 3 4 1 7 6 0
54 48 6 0 2 7 4 5 6 3 1
54 48 6 7 3 6 1 2 4 0 5
54 49 5 7 2 3 5 1 6 4 0
54 49 5 6 2 3 7 5 1 4 0
54 49 5 7 1 3 5 2 4 6 0
54 49 5 7 0 3 4 5 6 2 1
54 49 5 1 7 3 4 5 6 2 0
54 49 5 6 3 1 7 2 4 0 5
54 50 4 0 2 3 4 5 6 7 1
54 50 4 1 2 3 0 4 6 7 5
55 44 11 6 7 2 1 4 0 5 3
55 44 11 4 6 2 5 3 0 1 7
55 44 11 4 6 2 0 3 7 1 5
55 44 11 6 5 2 3 7 0 1 4
55 44 11 6 7 2 1 4 0 3 5
55 45 10 4 7 2 3 5 0 1 6
55 45 10 3 6 2 0 7 1 5 4
55 45 10 1 6 2 3 7 0 5 4
55 45 10 3 7 6 0 4 1 2 5
55 45 10 5 7 6 3 4 1 2 0
55 45 10 1 7 6 3 4 0 2 5
55 45 10 0 7 2 6 4 1 5 3
55 45 10 6 7 2 4 0 1 5 3
55 45 10 6 7 3 2 4 1 0 5
55 45 10 6 2 1 7 3 0 5 4
55 45 10 2 6 3 0 4 7 1 5
55 45 10 7 2 0 5 6 1 4 3
55 46 9 6 7 2 3 1 0 5 4
55 46 9 0 7 6 3 4 1 5 2
55 46 9 7 1 6 3 4 0 5 2
55 46 9 6 1 2 3 4 0 5 7
55 46 9 4 6 2 3 1 0 5 7
55 46 9 7 6 2 1 0 3 4 5
55 46 9 5 7 2 6 3 4 1 0
55 46 9 0 6 7 3 4 1 2 5
55 46 9 6 1 7 3 4 0 2 5
55 46 9 7 6 2 3 4 5 0 1
55 46 9 2 6 1 3 4 5 0 7
55 46 9 3 7 1 0 2 6 5 4
55 46 9 4 7 1 3 2 6 5 0
55 46 9 7 6 1 3 0 2 5 4
55 46 9 7 1 3 4 0 2 6 5
55 46 9 6 2 5 7 4 0 3 1
55 46 9 7 0 5 4 2 6 3 1
55 46 9 0 3 4 2 7 6 1 5
55 46 9 2 3 4 7 0 6 1 5
55 46 9 5 2 4 1 7 6 0 3
55 46 9 6 2 4 7 5 0 3 1
55 46 9 0 7 3 1 4 6 2 5
55 47 8 6 7 3 0 4 1 5 2
55 47 8 6 7 5 3 4 1 0 2
55 47 8 1 6 2 3 4 5 0 7
55 47 8 6 7 0 1 3 4 2 5
55 47 8 3 6 2 5 4 7 1 0
55 47 8 3 7 0 1 4 2 6 5
55 47 8 5 7 1 0 4 2 6 3
55 47 8 7 1 6 3 4 2 5 0
55 47 8 4 7 3 5 6 0 1 2
55 47 8 0 2 1 3 6 4 5 7
55 47 8 6 2 1 3 7 4 5 0
55 47 8 6 2 0 3 4 5 1 7
55 47 8 4 7 2 1 0 5 6 3
55 47 8 4 0 2 1 5 7 6 3
55 47 8 4 7 3 5 0 2 6 1
55 47 8 1 7 3 5 4 2 6 0
55 47 8 4 7 2 5 0 6 3 1
55 47 8 1 7 2 5 4 6 3 0
55 47 8 4 6 7 3 5 1 0 2
55 47 8 4 7 1 3 0 5 6 2
55 47 8 4 0 1 3 5 7 6 2
55 47 8 7 6 2 3 5 1 0 4
55 47 8 7 2 5 0 6 1 3 4
55 47 8 0 4 3 5 6 2 1 7
55 47 8 4 3 0 5 6 2 1 7
55 47 8 0 7 2 4 6 1 3 5
55 47 8 7 1 2 4 6 0 3 5
55 47 8 6 2 0 5 7 1 3 4
55 47 8 4 0 3 1 7 2 6 5
55 47 8 4 0 2 1 7 6 3 5
55 47 8 0 7 4 3 5 6 1 2
55 47 8 3 7 2 0 5 4 6 1
55 47 8 5 7 2 3 1 4 0 6
55 47 8 5 6 3 4 7 2 1 0
55 47 8 5 2 1 3 4 0 6 7
55 47 8 7 2 0 1 6 5 3 4
55 47 8 0 2 7 5 4 6 3 1
55 47 8 5 2 7 4 0 6 3 1
55 47 8 4 0 3 1 6 2 5 7
55 47 8 5 7 3 2 4 0 6 1
55 47 8 5 7 0 2 4 6 3 1
55 47 8 7 2 3 0 1 6 4 5
55 47 8 6 2 3 1 5 0 4 7
55 47 8 6 2 1 4 5 0 3 7
55 47 8 7 3 5 1 2 6 0 4
55 47 8 2 3 1 0 4 6 5 7
55 47 8 2 3 1 7 0 6 5 4
55 47 8 0 2 3 5 4 1 7 6
55 48 7 7 2 1 6 3 4 5 0
55 48 7 3 7 0 1 5 6 2 4
55 48 7 6 2 3 7 0 4 5 1
55 48 7 6 2 3 7 4 5 0 1
55 48 7 6 3 0 4 2 7 1 5
55 48 7 6 2 3 1 0 7 5 4
55 48 7 6 2 3 1 7 5 0 4
55 48 7 0 7 3 4 2 5 6 1
55 48 7 7 5 3 4 2 0 6 1
55 48 7 0 2 4 5 7 6 3 1
55 48 7 7 2 4 5 1 6 3 0
55 48 7 0 3 2 5 4 7 6 1
55 48 7 3 7 5 1 4 6 2 0
55 48 7 7 3 5 0 6 2 1 4
55 48 7 7 0 3 5 4 6 2 1
55 48 7 1 7 3 5 4 6 2 0
55 48 7 5 7 3 4 6 0 2 1
55 48 7 5 7 3 4 6 2 0 1
55 48 7 4 2 0 3 1 6 5 7
55 48 7 0 2 5 3 7 6 1 4
55 48 7 0 2 1 5 7 6 3 4
55 48 7 7 0 2 1 5 6 4 3
55 48 7 2 4 3 5 0 6 1 7
55 48 7 4 3 1 5 2 6 0 7
55 48 7 0 7 1 2 3 4 6 5
55 48 7 3 7 1 2 5 4 6 0
55 48 7 0 7 2 3 5 6 4 1
55 48 7 5 7 0 4 3 6 2 1
55 48 7 5 2 3 1 0 4 6 7
55 48 7 5 2 1 0 4 6 3 7
55 48 7 4 3 1 7 6 2 0 5
55 48 7 7 2 5 3 1 6 0 4
55 48 7 2 0 3 7 1 6 5 4
55 48 7 7 0 5 1 4 2 6 3
55 48 7 2 1 0 4 7 6 5 3
55 48 7 2 3 7 0 5 6 1 4
55 48 7 2 3 1 7 5 6 0 4
55 48 7 2 6 3 7 5 1 0 4
55 48 7 0 6 3 4 2 5 1 7
55 48 7 2 6 3 4 7 5 1 0
55 48 7 0 5 3 4 6 2 1 7
55 48 7 2 0 5 4 7 6 1 3
55 48 7 3 2 5 4 7 6 1 0
55 48 7 7 2 5 0 3 6 1 4
55 48 7 4 7 3 5 2 6 0 1
55 48 7 7 6 3 2 5 4 0 1
55 48 7 7 2 3 5 6 4 0 1
55 48 7 5 6 3 7 2 4 1 0
55 48 7 7 3 4 5 2 6 0 1
55 48 7 7 3 1 4 0 2 6 5
55 48 7 7 0 1 4 2 3 6 5
55 48 7 7 3 1 0 2 6 5 4
55 48 7 7 6 3 0 5 2 1 4
55 48 7 6 2 0 7 5 4 3 1
55 48 7 0 2 3 6 5 4 1 7
55 48 7 6 0 2 4 5 1 3 7
55 48 7 6 2 4 0 5 1 3 7
55 48 7 1 2 0 4 7 6 5 3
55 49 6 5 7 2 1 3 4 6 0
55 49 6 2 3 1 5 4 6 7 0
55 49 6 2 6 3 5 4 1 7 0
55 49 6 1 2 3 0 5 4 6 7
55 49 6 4 2 3 5 6 7 1 0
55 49 6 7 3 2 4 5 6 1 0
55 49 6 2 4 3 7 5 6 1 0
55 49 6 4 6 3 7 2 1 5 0
55 49 6 7 2 1 4 6 5 3 0
55 49 6 2 3 0 1 7 4 6 5
55 49 6 1 2 0 3 7 4 6 5
55 49 6 5 2 4 1 7 6 3 0
55 49 6 4 3 0 7 5 2 6 1
55 49 6 5 3 1 7 2 6 0 4
55 49 6 1 7 3 0 2 4 6 5
55 49 6 2 5 3 4 0 6 1 7
55 49 6 0 2 5 3 7 4 6 1
55 49 6 7 2 5 3 1 4 6 0
55 49 6 0 1 3 7 2 4 6 5
55 49 6 6 2 3 4 7 5 0 1
55 49 6 6 3 7 0 2 4 1 5
55 49 6 7 3 0 4 5 6 1 2
55 49 6 7 6 3 4 5 0 1 2
55 49 6 7 2 3 4 1 0 6 5
55 49 6 7 2 0 4 1 6 3 5
55 49 6 6 2 0 4 5 7 3 1
55 49 6 1 2 3 7 4 0 6 5
55 49 6 1 2 0 7 4 6 3 5
55 50 5 6 2 3 1 4 5 7 0
55 50 5 3 7 1 5 2 4 6 0
55 50 5 4 2 0 3 5 6 7 1
55 50 5 1 2 3 5 0 6 7 4
55 51 4 7 3 5 0 2 4 6 1
55 52 3 1 2 3 7 5 6 4 0
56 45 11 6 7 2 3 4 0 5 1
56 46 10 7 0 4 5 2 6 1 3
56 46 10 6 7 1 3 2 0 5 4
56 46 10 4 7 1 0 3 2 6 5
56 46 10 7 1 3 6 4 2 0 5
56 46 10 4 0 2 3 7 5 6 1
56 46 10 4 7 2 0 3 5 6 1
56 46 10 2 3 4 1 7 6 0 5
56 46 10 6 4 7 3 5 0 1 2
56 46 10 4 2 0 7 6 1 5 3
56 47 9 7 1 2 3 6 0 5 4
56 47 9 7 6 0 2 3 1 5 4
56 47 9 0 6 2 7 3 1 5 4
56 47 9 6 0 7 3 4 1 5 2
56 47 9 7 0 2 3 4 1 5 6
56 47 9 3 6 0 2 4 1 5 7
56 47 9 6 7 2 1 3 0 4 5
56 47 9 3 6 0 2 4 7 1 5
56 47 9 5 6 2 3 4 7 0 1
56 47 9 5 6 2 0 4 7 1 3
56 47 9 5 7 1 3 4 2 0 6
56 47 9 5 7 1 3 0 2 6 4
56 47 9 4 0 3 5 7 6 1 2
56 47 9 6 0 1 3 2 4 5 7
56 47 9 5 7 3 0 4 2 6 1
56 47 9 4 6 7 3 0 5 1 2
56 47 9 7 6 2 3 0 5 1 4
56 47 9 7 0 2 5 6 1 3 4
56 47 9 0 2 4 7 6 1 3 5
56 47 9 3 0 2 5 7 4 6 1
56 47 9 3 7 4 1 5 6 0 2
56 47 9 5 7 0 3 1 4 6 2
56 47 9 0 7 2 3 1 4 6 5
56 47 9 4 6 3 0 7 2 1 5
56 47 9 5 2 7 3 4 6 0 1
56 47 9 7 0 3 1 2 6 4 5
56 47 9 7 3 5 2 0 6 1 4
56 47 9 0 3 1 7 4 6 5 2
56 47 9 6 2 0 5 4 1 7 3
56 48 8 7 2 1 6 3 0 4 5
56 48 8 7 2 0 6 3 4 1 5
56 48 8 2 7 1 3 4 6 0 5
56 48 8 2 0 1 3 4 7 6 5
56 48 8 7 6 2 5 0 4 3 1
56 48 8 3 7 2 1 5 0 6 4
56 48 8 6 0 3 7 4 2 5 1
56 48 8 6 0 3 1 7 2 5 4
56 48 8 7 2 0 3 4 5 6 1
56 48 8 0 2 3 7 4 5 6 1
56 48 8 7 2 4 5 6 0 3 1
56 48 8 0 6 3 5 7 2 1 4
56 48 8 6 3 0 5 7 2 1 4
56 48 8 3 2 0 5 4 7 6 1
56 48 8 0 3 7 5 4 6 2 1
56 48 8 6 7 3 5 0 2 1 4
56 48 8 7 3 1 5 6 2 0 4
56 48 8 5 0 3 4 7 6 2 1
56 48 8 6 3 4 0 7 2 1 5
56 48 8 6 3 1 4 7 2 0 5
56 48 8 7 6 2 4 0 3 1 5
56 48 8 7 6 2 4 3 1 0 5
56 48 8 0 5 2 3 4 6 1 7
56 48 8 4 0 2 7 6 1 3 5
56 48 8 4 2 7 0 6 1 3 5
56 48 8 5 7 3 0 6 2 1 4
56 48 8 5 7 3 4 0 2 1 6
56 48 8 0 7 3 1 6 2 5 4
56 48 8 7 3 0 1 6 2 5 4
56 48 8 0 5 2 7 4 6 3 1
56 48 8 5 6 2 7 4 0 3 1
56 48 8 4 2 3 5 1 6 0 7
56 48 8 5 7 3 2 6 0 1 4
56 48 8 7 2 5 3 6 0 1 4
56 48 8 7 2 1 5 6 0 3 4
56 48 8 5 4 3 0 2 6 1 7
56 48 8 7 4 3 5 2 6 1 0
56 48 8 5 7 1 0 4 6 3 2
56 48 8 0 6 3 7 5 4 2 1
56 48 8 6 4 2 7 5 0 1 3
56 48 8 5 7 2 4 3 0 6 1
56 48 8 0 3 5 2 4 6 1 7
56 48 8 5 0 3 1 4 2 6 7
56 48 8 5 0 2 1 4 6 3 7
56 48 8 4 3 7 0 6 2 1 5
56 48 8 2 7 3 5 6 0 1 4
56 48 8 5 2 0 7 6 1 3 4
56 48 8 5 7 0 3 2 6 1 4
56 48 8 0 2 4 3 7 6 1 5
56 48 8 0 3 7 4 2 6 1 5
56 48 8 2 6 1 4 7 0 5 3
56 48 8 3 2 0 4 7 6 5 1
56 48 8 7 2 1 3 0 5 6 4
56 48 8 7 0 1 3 5 2 6 4
56 48 8 2 6 3 7 0 5 1 4
56 48 8 0 3 4 2 5 6 1 7
56 48 8 5 3 0 4 6 2 1 7
56 48 8 0 2 5 4 3 6 1 7
56 48 8 7 2 3 5 0 4 1 6
56 48 8 7 6 3 0 2 4 1 5
56 48 8 7 3 1 4 0 6 5 2
56 48 8 7 6 3 0 2 1 5 4
56 48 8 6 2 3 1 5 4 0 7
56 48 8 4 2 7 3 5 6 0 1
56 48 8 4 7 3 1 0 6 2 5
56 48 8 0 7 3 1 5 6 2 4
56 49 7 0 5 2 3 7 4 6 1
56 49 7 5 7 0 2 3 4 6 1
56 49 7 4 7 3 5 6 2 1 0
56 49 7 0 4 3 1 2 6 5 7
56 49 7 4 3 0 1 2 6 5 7
56 49 7 7 0 3 2 4 6 1 5
56 49 7 4 2 5 3 0 6 1 7
56 49 7 4 2 1 5 0 6 3 7
56 49 7 4 3 7 2 5 6 1 0
56 49 7 0 3 1 2 4 7 6 5
56 49 7 5 2 3 0 4 7 6 1
56 49 7 5 7 1 2 0 4 6 3
56 49 7 7 6 1 2 5 4 3 0
56 49 7 3 6 2 7 5 4 0 1
56 49 7 2 3 1 5 4 0 6 7
56 49 7 0 6 3 5 2 4 1 7
56 49 7 7 3 4 5 6 2 1 0
56 49 7 7 3 1 4 6 2 5 0
56 49 7 7 2 3 5 1 0 6 4
56 49 7 7 2 0 5 1 6 3 4
56 49 7 2 3 5 1 4 6 0 7
56 49 7 5 3 0 7 6 2 1 4
56 49 7 7 0 2 4 3 6 5 1
56 49 7 7 2 4 0 3 6 5 1
56 49 7 2 0 1 4 3 6 5 7
56 49 7 2 0 3 1 5 4 6 7
56 49 7 2 7 3 1 0 6 5 4
56 49 7 1 7 3 0 2 6 5 4
56 49 7 7 4 2 3 5 6 0 1
56 49 7 7 4 2 0 5 6 1 3
56 49 7 3 2 1 4 6 7 0 5
56 49 7 5 7 3 4 6 1 0 2
56 49 7 5 0 3 4 6 7 1 2
56 49 7 2 6 5 7 4 0 1 3
56 49 7 4 2 5 7 6 0 1 3
56 49 7 4 2 5 7 3 6 1 0
56 49 7 0 2 1 5 7 4 6 3
56 49 7 6 2 3 5 7 4 0 1
56 49 7 4 6 0 7 2 1 3 5
56 49 7 1 7 2 0 3 4 6 5
56 49 7 6 2 1 7 3 4 0 5
56 49 7 2 6 3 7 5 4 0 1
56 49 7 2 6 3 0 5 4 1 7
56 49 7 4 2 1 7 3 6 0 5
56 49 7 7 2 0 4 6 5 1 3
56 49 7 3 0 4 7 2 6 1 5
56 49 7 5 3 4 7 2 6 1 0
56 49 7 1 2 3 7 0 4 6 5
56 49 7 0 2 3 1 7 5 6 4
56 49 7 0 7 3 1 5 2 6 4
56 49 7 7 3 0 1 5 2 6 4
56 49 7 0 4 2 3 5 6 1 7
56 49 7 0 2 1 4 7 5 6 3
56 49 7 7 2 1 4 3 5 6 0
56 49 7 0 7 1 4 5 2 6 3
56 49 7 7 1 0 4 5 2 6 3
56 49 7 0 5 3 4 7 2 6 1
56 49 7 5 3 0 4 7 2 6 1
56 49 7 0 5 2 4 7 6 3 1
56 49 7 4 2 3 7 1 5 6 0
56 49 7 0 4 3 7 5 2 6 1
56 49 7 0 4 2 7 5 6 3 1
56 49 7 5 3 7 0 2 6 1 4
56 49 7 2 7 3 1 0 4 6 5
56 49 7 5 7 3 1 2 4 6 0
56 49 7 2 0 1 4 7 6 3 5
56 49 7 6 2 0 7 5 1 3 4
56 49 7 7 5 3 4 2 6 1 0
56 49 7 6 2 3 5 4 7 0 1
56 49 7 7 0 5 3 2 4 6 1
56 49 7 4 2 3 1 0 5 6 7
56 49 7 4 0 3 1 5 2 6 7
56 49 7 4 0 2 1 5 6 3 7
56 49 7 2 0 3 4 6 5 1 7
56 49 7 7 2 3 4 6 5 1 0
56 49 7 6 2 3 0 7 5 1 4
56 49 7 5 6 3 4 0 2 1 7
56 49 7 4 7 3 2 5 0 6 1
56 49 7 4 7 0 2 5 6 3 1
56 50 6 0 5 3 4 7 6 1 2
56 50 6 6 7 3 4 2 1 5 0
56 50 6 5 2 1 3 7 6 4 0
56 50 6 5 2 1 7 0 4 6 3
56 50 6 7 3 1 5 4 2 6 0
56 50 6 2 3 0 7 6 4 1 5
56 50 6 7 2 3 0 5 4 1 6
56 50 6 2 0 1 7 5 4 6 3
56 50 6 3 7 0 1 2 4 6 5
56 50 6 5 7 1 0 2 4 6 3
56 50 6 7 1 6 3 2 4 5 0
56 50 6 7 6 3 4 5 1 0 2
56 50 6 0 3 7 4 5 6 2 1
56 50 6 1 2 3 7 6 0 5 4
56 50 6 5 2 3 0 7 6 4 1
56 50 6 2 7 0 4 5 6 3 1
56 50 6 5 2 0 3 4 6 7 1
56 50 6 0 2 3 5 4 6 7 1
56 50 6 5 2 3 4 0 6 7 1
56 50 6 6 2 0 3 5 1 7 4
56 50 6 0 2 3 6 5 1 7 4
56 51 5 3 2 5 1 4 6 7 0
56 51 5 1 2 3 4 7 5 0 6
56 51 5 1 7 3 4 5 2 0 6
56 51 5 1 7 2 4 5 6 0 3
56 51 5 6 2 3 4 1 0 7 5
56 51 5 0 2 3 4 6 1 7 5
56 51 5 2 0 3 4 5 1 7 6
56 51 5 5 2 3 4 0 1 7 6
56 51 5 1 2 3 4 5 0 7 6
56 51 5 1 2 3 4 6 5 0 7
56 52 4 1 2 3 5 7 6 4 0
56 52 4 1 2 5 3 4 6 7 0
56 52 4 1 2 3 0 5 6 7 4
56 52 4 0 3 1 7 2 4 6 5
57 46 11 6 7 2 0 3 1 5 4
57 46 11 4 0 2 3 6 1 5 7
57 46 11 4 6 2 0 3 1 5 7
57 46 11 4 7 2 6 3 0 1 5
57 47 10 3 7 2 0 4 1 5 6
57 47 10 1 7 2 3 4 0 5 6
57 47 10 3 6 2 4 0 1 5 7
57 47 10 3 7 1 4 0 2 6 5
57 47 10 5 7 0 3 4 2 6 1
57 47 10 6 2 1 0 3 4 5 7
57 47 10 2 7 3 5 4 0 6 1
57 47 10 7 2 4 6 0 1 3 5
57 47 10 7 2 4 3 6 1 0 5
57 47 10 6 0 3 5 2 7 1 4
57 47 10 3 7 4 5 0 6 1 2
57 47 10 6 7 3 0 4 2 1 5
57 48 9 0 6 1 3 4 2 5 7
57 48 9 6 1 0 3 4 2 5 7
57 48 9 7 6 2 5 4 3 0 1
57 48 9 7 2 3 6 4 5 0 1
57 48 9 3 6 7 5 4 0 2 1
57 48 9 0 7 5 3 4 6 2 1
57 48 9 3 7 5 4 0 6 2 1
57 48 9 0 7 1 3 4 6 5 2
57 48 9 3 7 1 4 0 6 5 2
57 48 9 5 0 3 2 7 6 1 4
57 48 9 7 0 5 3 2 6 1 4
57 48 9 3 0 1 2 7 4 6 5
57 48 9 5 7 1 2 0 6 3 4
57 48 9 5 0 2 7 6 4 1 3
57 48 9 2 3 5 4 0 6 1 7
57 48 9 6 2 3 7 1 0 5 4
57 48 9 5 7 3 1 2 6 0 4
57 48 9 3 2 4 7 0 6 1 5
57 48 9 3 2 4 1 7 6 0 5
57 48 9 4 3 7 1 2 6 0 5
57 48 9 2 3 4 1 5 6 0 7
57 48 9 6 2 5 4 7 0 1 3
57 48 9 7 6 3 2 0 4 1 5
57 48 9 0 6 3 2 5 4 1 7
57 48 9 7 3 4 5 0 6 1 2
57 48 9 0 3 4 5 2 6 1 7
57 48 9 0 3 1 4 2 6 5 7
57 48 9 7 6 0 4 5 2 1 3
57 48 9 0 6 3 4 2 1 5 7
57 48 9 5 0 3 4 2 7 6 1
57 48 9 4 2 7 5 0 6 3 1
57 49 8 0 7 1 2 3 6 5 4
57 49 8 5 4 2 3 7 0 6 1
57 49 8 4 6 3 1 2 0 5 7
57 49 8 2 0 5 3 4 6 1 7
57 49 8 3 2 5 0 4 6 1 7
57 49 8 2 0 1 5 4 6 3 7
57 49 8 2 7 0 3 4 6 1 5
57 49 8 4 6 3 5 0 2 1 7
57 49 8 4 6 3 5 2 1 0 7
57 49 8 4 3 7 2 6 0 1 5
57 49 8 3 1 0 2 4 7 6 5
57 49 8 4 5 2 3 0 7 6 1
57 49 8 1 5 2 3 4 7 6 0
57 49 8 5 2 6 3 4 7 0 1
57 49 8 4 5 7 3 0 6 2 1
57 49 8 1 5 7 3 4 6 2 0
57 49 8 4 5 7 2 0 6 1 3
57 49 8 5 0 1 2 4 7 6 3
57 49 8 6 2 1 3 7 0 4 5
57 49 8 0 7 6 3 5 4 2 1
57 49 8 7 4 6 3 5 0 2 1
57 49 8 0 7 6 2 5 4 1 3
57 49 8 7 4 6 2 5 0 1 3
57 49 8 7 6 1 2 5 0 4 3
57 49 8 4 7 2 5 0 3 6 1
57 49 8 4 0 2 5 3 7 6 1
57 49 8 4 0 7 5 3 6 2 1
57 49 8 4 7 5 0 3 6 2 1
57 49 8 2 6 3 5 7 4 1 0
57 49 8 6 4 3 7 0 2 1 5
57 49 8 0 3 4 7 6 2 1 5
57 49 8 7 3 1 4 6 0 2 5
57 49 8 3 6 0 5 7 4 2 1
57 49 8 2 6 3 1 0 4 5 7
57 49 8 2 6 3 1 4 5 0 7
57 49 8 0 5 3 7 6 2 1 4
57 49 8 4 7 3 1 2 6 5 0
57 49 8 3 7 5 2 4 6 0 1
57 49 8 4 7 1 0 3 6 5 2
57 49 8 3 2 4 0 6 7 1 5
57 49 8 7 3 0 5 4 6 1 2
57 49 8 7 6 3 5 4 0 1 2
57 49 8 2 5 0 7 4 6 1 3
57 49 8 4 0 5 7 2 6 1 3
57 49 8 7 0 5 4 6 2 1 3
57 49 8 7 0 1 5 2 4 6 3
57 49 8 2 3 7 5 4 6 0 1
57 49 8 7 3 2 4 6 0 1 5
57 49 8 2 0 3 5 6 4 1 7
57 49 8 5 2 3 0 6 4 1 7
57 49 8 2 4 3 7 6 0 1 5
57 49 8 3 7 2 1 5 4 0 6
57 49 8 6 2 7 0 3 4 1 5
57 49 8 6 3 4 7 2 0 1 5
57 49 8 2 4 3 1 7 0 6 5
57 49 8 1 2 3 6 7 4 0 5
57 49 8 0 2 3 6 4 1 5 7
57 49 8 7 6 2 1 5 0 3 4
57 49 8 5 6 2 4 7 0 3 1
57 49 8 4 0 3 7 2 5 6 1
57 49 8 4 6 2 7 5 0 3 1
57 49 8 4 5 3 0 2 6 1 7
57 49 8 5 2 7 3 0 6 1 4
57 49 8 5 2 1 7 0 6 3 4
57 49 8 7 2 5 0 3 4 6 1
57 49 8 6 7 3 4 5 0 2 1
57 49 8 4 2 3 0 6 5 1 7
57 49 8 0 2 3 4 7 5 1 6
57 49 8 4 6 3 0 5 2 1 7
57 50 7 5 0 7 4 3 6 1 2
57 50 7 5 7 1 4 3 6 0 2
57 50 7 5 0 7 4 2 6 1 3
57 50 7 5 7 1 4 2 6 0 3
57 50 7 6 2 1 4 0 7 5 3
57 50 7 6 2 1 4 7 5 0 3
57 50 7 7 0 2 1 5 4 6 3
57 50 7 7 2 6 1 5 4 0 3
57 50 7 6 7 2 3 5 1 4 0
57 50 7 6 2 0 3 5 7 1 4
57 50 7 3 7 1 5 0 4 6 2
57 50 7 4 2 1 3 6 0 7 5
57 50 7 4 2 1 3 6 7 5 0
57 50 7 5 7 2 4 6 1 3 0
57 50 7 5 2 0 4 6 7 1 3
57 50 7 0 3 6 2 7 4 1 5
57 50 7 3 6 1 2 7 4 5 0
57 50 7 7 6 3 5 2 1 4 0
57 50 7 2 7 3 5 4 6 0 1
57 50 7 5 3 0 4 7 6 1 2
57 50 7 5 6 3 4 7 0 1 2
57 50 7 7 6 5 0 3 4 2 1
57 50 7 3 2 5 7 4 6 0 1
57 50 7 6 0 3 7 5 4 1 2
57 50 7 5 6 3 7 0 4 1 2
57 50 7 5 3 2 4 7 6 0 1
57 50 7 5 4 3 7 2 6 0 1
57 50 7 4 6 3 7 5 2 1 0
57 50 7 5 2 3 1 7 4 0 6
57 50 7 2 0 3 7 5 4 1 6
57 50 7 5 2 3 7 0 4 1 6
57 50 7 2 0 4 3 5 6 1 7
57 50 7 5 2 4 3 0 6 1 7
57 50 7 3 2 4 0 5 6 1 7
57 50 7 3 2 5 0 7 6 1 4
57 50 7 7 5 2 4 0 6 1 3
57 50 7 0 2 3 1 6 4 5 7
57 50 7 6 2 3 1 7 4 5 0
57 50 7 2 5 3 7 0 6 1 4
57 50 7 5 6 3 7 2 1 0 4
57 50 7 0 7 2 1 5 4 6 3
57 50 7 6 2 1 3 5 4 0 7
57 50 7 4 3 2 1 0 7 6 5
57 50 7 1 3 2 0 4 7 6 5
57 50 7 0 7 1 3 5 4 6 2
57 50 7 5 6 0 7 3 4 2 1
57 50 7 3 2 1 7 4 0 6 5
57 50 7 3 2 0 7 4 6 1 5
57 50 7 3 2 5 1 7 6 0 4
57 50 7 7 4 3 1 2 6 0 5
57 50 7 7 2 1 4 6 3 0 5
57 50 7 0 2 3 7 6 5 1 4
57 50 7 6 2 3 7 4 5 1 0
57 50 7 0 6 3 7 5 2 1 4
57 50 7 6 3 0 7 5 2 1 4
57 50 7 5 3 4 0 2 6 1 7
57 50 7 5 3 1 4 2 6 0 7
57 50 7 5 6 3 4 2 1 0 7
57 50 7 5 0 1 7 4 2 6 3
57 50 7 0 3 1 7 4 2 6 5
57 50 7 0 7 5 3 4 2 6 1
57 50 7 2 1 3 0 7 4 6 5
57 50 7 3 2 1 7 5 4 6 0
57 50 7 2 7 1 3 5 4 6 0
57 50 7 5 7 1 3 2 4 0 6
57 50 7 6 3 1 4 5 2 0 7
57 50 7 4 2 3 5 0 7 6 1
57 50 7 4 2 5 0 7 6 3 1
57 50 7 7 6 3 0 5 1 2 4
57 50 7 4 7 1 0 5 6 3 2
57 50 7 7 0 3 4 1 2 5 6
57 50 7 2 0 3 4 7 1 5 6
57 50 7 1 2 3 4 7 0 5 6
57 50 7 3 6 7 4 5 0 2 1
57 50 7 2 3 0 4 7 6 5 1
57 50 7 2 6 3 4 7 0 5 1
57 50 7 0 2 3 6 5 7 1 4
57 50 7 5 2 1 0 7 6 3 4
57 50 7 4 2 3 5 0 6 7 1
57 50 7 1 2 0 5 4 6 7 3
57 51 6 6 2 5 7 0 4 1 3
57 51 6 2 3 7 4 5 6 1 0
57 51 6 6 3 0 5 2 4 1 7
57 51 6 0 3 2 1 7 4 6 5
57 51 6 7 2 3 6 5 4 1 0
57 51 6 7 2 3 1 6 4 5 0
57 51 6 0 3 2 7 6 4 1 5
57 51 6 7 3 4 1 2 0 6 5
57 51 6 7 3 4 1 2 6 5 0
57 51 6 5 2 7 4 3 6 1 0
57 51 6 7 0 3 2 5 6 1 4
57 51 6 7 6 5 2 3 4 1 0
57 51 6 7 0 3 4 1 6 2 5
57 51 6 2 0 3 7 1 4 6 5
57 51 6 7 2 5 1 3 6 4 0
57 51 6 6 3 1 7 4 2 5 0
57 51 6 7 6 2 4 5 1 3 0
57 51 6 3 2 4 7 5 6 0 1
57 51 6 3 7 4 1 5 6 2 0
57 51 6 2 0 3 4 1 6 5 7
57 51 6 2 0 3 4 5 7 1 6
57 51 6 5 2 3 4 0 7 1 6
57 51 6 6 2 3 4 1 0 5 7
57 51 6 2 1 0 7 3 4 6 5
57 51 6 2 6 3 4 5 7 0 1
57 51 6 2 0 7 4 5 6 1 3
57 51 6 3 2 7 4 5 6 1 0
57 51 6 4 2 3 7 1 6 0 5
57 51 6 1 2 5 3 7 6 0 4
57 51 6 1 2 3 0 7 5 6 4
57 51 6 1 2 3 4 0 5 6 7
57 51 6 1 7 3 0 5 2 6 4
57 51 6 1 7 2 0 5 6 3 4
57 51 6 2 0 3 7 5 6 4 1
57 51 6 5 2 3 7 0 6 4 1
57 51 6 5 2 3 1 6 0 7 4
57 51 6 4 2 3 0 5 1 7 6
57 51 6 3 2 1 0 4 6 7 5
57 51 6 7 3 6 5 2 4 0 1
57 51 6 4 2 3 0 6 1 7 5
57 51 6 1 0 3 4 6 2 5 7
57 51 6 2 3 1 0 5 6 7 4
57 51 6 2 6 3 0 5 1 7 4
57 51 6 5 2 3 0 6 1 7 4
57 52 5 7 3 5 1 4 2 6 0
57 52 5 1 2 4 7 5 6 0 3
57 52 5 1 2 4 0 5 6 3 7
57 52 5 2 0 3 1 5 6 7 4
57 52 5 1 2 0 3 5 6 4 7
57 52 5 1 2 3 4 5 6 0 7
57 52 5 2 3 1 7 5 4 6 0
57 52 5 4 2 1 0 5 6 7 3
57 52 5 1 2 3 4 7 0 6 5
57 52 5 1 2 0 4 7 6 3 5
57 53 4 5 3 0 7 2 4 6 1
57 53 4 7 3 1 5 2 4 6 0
57 54 3 1 2 3 4 5 6 7 0