0 0 0 7 0 2 3 4 6 1 5
13 0 13 7 2 0 3 4 6 1 5
15 0 15 0 7 2 3 4 6 1 5
16 0 16 7 6 2 3 4 0 1 5
25 13 12 7 2 3 0 4 6 1 5
25 13 12 7 2 1 3 4 6 0 5
28 15 13 4 7 2 3 0 6 1 5
29 15 14 5 7 2 3 4 6 1 0
31 15 16 3 7 2 0 4 6 1 5
31 16 15 7 6 2 3 0 4 1 5
31 16 15 7 6 2 3 4 1 0 5
34 15 19 6 7 2 3 4 0 1 5
36 25 11 7 2 3 5 4 6 1 0
36 25 11 7 2 3 4 0 6 1 5
36 25 11 7 2 1 3 4 6 5 0
38 25 13 7 2 3 1 4 6 0 5
38 28 10 4 7 2 3 5 6 1 0
39 25 14 7 2 1 3 4 0 6 5
40 25 15 0 2 3 7 4 6 1 5
42 28 14 4 7 2 3 6 0 1 5
42 31 11 3 7 2 5 4 6 1 0
42 36 6 7 2 3 4 5 6 1 0
43 28 15 4 0 2 3 7 6 1 5
43 29 14 5 7 2 3 4 6 0 1
43 29 14 5 7 2 3 0 6 1 4
43 31 12 7 6 2 3 5 4 1 0
44 28 16 4 7 2 0 3 6 1 5
44 29 15 5 7 2 0 4 6 1 3
45 31 14 3 7 2 4 0 6 1 5
45 31 14 7 6 2 3 4 1 5 0
46 29 17 5 7 0 3 4 6 1 2
46 36 10 7 2 3 4 6 0 1 5
46 36 10 0 2 3 4 7 6 1 5
47 31 16 3 7 0 2 4 6 1 5
47 31 16 3 7 2 1 4 6 0 5
47 31 16 0 6 2 3 7 4 1 5
47 31 16 7 0 2 3 6 4 1 5
48 31 17 7 6 0 3 4 1 2 5
48 38 10 7 2 3 1 4 6 5 0
49 31 18 7 6 2 0 3 4 1 5
49 36 13 7 2 3 5 4 6 0 1
49 36 13 7 2 3 5 0 6 1 4
49 36 13 7 2 1 3 0 6 5 4
49 38 11 4 7 2 3 5 6 0 1
49 42 7 7 2 3 4 5 6 0 1
50 34 16 6 7 2 3 0 4 1 5
50 34 16 6 7 2 3 4 1 0 5
50 34 16 6 0 2 3 4 7 1 5
50 36 14 7 0 3 4 2 6 1 5
51 36 15 0 2 3 5 4 6 1 7
51 36 15 7 2 1 0 4 6 5 3
51 36 15 0 2 1 3 4 6 5 7
51 38 13 7 2 3 1 4 0 6 5
51 38 13 4 7 2 0 5 6 1 3
51 42 9 7 2 3 0 5 6 1 4
51 42 9 0 2 3 4 5 6 1 7
52 36 16 7 2 0 5 4 6 1 3
52 36 16 7 2 0 3 4 6 5 1
52 38 14 7 2 0 1 4 6 3 5
52 38 14 4 7 0 3 5 6 1 2
52 38 14 0 7 2 3 5 6 1 4
52 39 13 7 2 1 3 0 4 6 5
52 40 12 4 2 3 7 0 6 1 5
52 40 12 5 2 3 7 4 6 1 0
53 39 14 7 0 1 3 4 2 6 5
53 40 13 2 0 3 7 4 6 1 5
54 42 12 7 2 0 4 5 6 1 3
54 45 9 3 7 2 4 5 6 1 0
55 42 13 4 7 2 3 6 1 0 5
55 42 13 4 0 2 3 6 7 1 5
55 42 13 3 7 2 5 4 6 0 1
55 43 12 4 2 0 3 7 6 1 5
55 46 9 7 2 3 4 6 1 0 5
55 46 9 5 2 3 4 7 6 1 0
56 40 16 6 2 3 7 4 0 1 5
56 43 13 7 6 2 3 5 4 0 1
56 46 10 2 0 3 4 7 6 1 5
57 42 15 3 7 2 5 0 6 1 4
57 42 15 3 7 0 5 4 6 1 2
57 43 14 0 4 2 3 7 6 1 5
57 43 14 5 7 2 3 6 0 1 4
57 44 13 4 7 2 5 3 6 1 0
58 43 15 4 6 2 3 7 0 1 5
58 43 15 5 7 2 3 4 0 6 1
58 43 15 5 0 2 3 7 6 1 4
58 43 15 7 6 2 0 5 4 1 3
58 43 15 0 6 2 3 5 4 1 7
58 44 14 0 7 2 4 3 6 1 5
58 45 13 3 7 2 4 6 0 1 5
58 46 12 7 0 3 4 6 2 1 5
58 46 12 4 2 3 0 7 6 1 5
58 49 9 7 2 3 4 5 0 6 1
58 51 7 2 0 3 4 5 6 1 7
59 42 17 0 7 2 5 4 6 1 3
59 43 16 5 7 0 3 4 6 2 1
59 43 16 5 7 2 0 3 6 1 4
59 43 16 7 6 0 3 5 4 1 2
59 44 15 4 7 0 2 3 6 1 5
59 44 15 4 7 2 1 3 6 0 5
59 44 15 5 7 2 4 0 6 1 3
59 45 14 3 0 2 4 7 6 1 5
59 47 12 3 7 2 1 4 6 5 0
59 49 10 7 2 0 4 5 6 3 1
59 51 8 5 2 3 4 0 6 1 7
60 44 16 5 7 0 2 4 6 1 3
60 44 16 5 7 2 1 4 6 0 3
60 46 14 5 0 7 3 4 6 1 2
60 46 14 5 7 3 0 4 6 1 2
60 46 14 5 7 1 3 4 6 0 2
60 46 14 6 2 3 4 7 0 1 5
60 47 13 7 2 0 3 6 4 1 5
60 48 12 7 2 3 1 0 6 5 4
60 51 9 4 2 3 0 5 6 1 7
61 45 16 7 6 2 0 4 1 5 3
61 45 16 7 6 2 3 0 1 5 4
61 47 14 3 7 2 1 4 0 6 5
61 47 14 7 4 2 3 6 0 1 5
61 48 13 7 2 3 0 4 6 5 1
61 51 10 7 2 0 3 5 6 1 4
61 51 10 7 2 3 1 5 6 0 4
61 52 9 4 2 3 7 5 6 1 0
62 47 15 3 0 7 2 4 6 1 5
62 47 15 3 7 1 2 4 6 0 5
62 47 15 3 7 0 1 4 6 2 5
62 47 15 5 6 2 3 7 4 1 0
62 47 15 0 7 2 3 6 4 1 5
62 48 14 0 2 3 1 4 6 5 7
62 49 13 7 6 2 5 3 4 1 0
62 49 13 7 2 3 5 4 0 6 1
62 49 13 7 2 3 5 6 0 1 4
62 49 13 0 2 3 5 7 6 1 4
62 49 13 7 2 1 3 6 0 5 4
62 49 13 0 2 1 3 7 6 5 4
62 49 13 4 7 2 3 5 0 6 1
62 49 13 4 7 0 3 5 6 2 1
62 51 11 4 2 3 5 0 6 1 7
62 51 11 4 2 1 3 0 6 5 7
62 51 11 6 2 3 4 5 0 1 7
62 52 10 7 2 1 3 5 4 6 0
63 45 18 7 6 0 3 4 1 5 2
63 45 18 0 6 2 3 4 1 5 7
63 47 16 6 0 2 3 7 4 1 5
63 49 14 7 0 3 5 2 6 1 4
63 50 13 6 7 2 3 5 4 1 0
63 50 13 0 7 3 4 2 6 1 5
63 50 13 7 3 0 4 2 6 1 5
63 51 12 5 2 3 0 4 6 1 7
63 51 12 7 2 3 1 0 4 6 5
63 51 12 0 2 3 7 5 6 1 4
63 52 11 4 7 3 0 5 6 1 2
63 52 11 4 7 1 3 5 6 0 2
63 52 11 7 0 2 3 5 6 1 4
63 54 9 7 2 1 4 5 6 0 3
63 55 8 7 2 3 4 6 1 5 0
64 47 17 3 6 2 0 7 4 1 5
64 48 16 7 6 3 0 4 1 2 5
64 49 15 7 2 0 5 4 6 3 1
64 49 15 7 2 1 0 3 6 5 4
64 50 14 6 7 2 3 4 1 5 0
64 50 14 7 6 3 4 2 0 1 5
64 51 13 2 0 3 5 4 6 1 7
64 51 13 2 0 1 3 4 6 5 7
64 51 13 7 0 3 1 4 2 6 5
64 51 13 0 7 2 4 5 6 1 3
64 52 12 4 0 7 3 5 6 1 2
64 52 12 5 2 3 7 4 6 0 1
64 54 10 3 7 2 4 5 6 0 1
64 55 9 5 2 3 4 7 6 0 1
65 48 17 7 0 6 3 4 1 2 5
65 48 17 7 2 0 1 4 6 5 3
65 49 16 7 0 1 3 2 6 5 4
65 50 15 6 2 0 3 4 7 1 5
65 51 14 7 2 1 4 0 6 5 3
65 51 14 3 2 1 0 4 6 5 7
65 51 14 4 7 0 2 5 6 1 3
65 51 14 4 7 2 1 5 6 0 3
65 52 13 7 2 5 0 4 6 1 3
65 52 13 7 2 1 5 4 6 0 3
65 52 13 7 2 5 3 4 6 0 1
65 52 13 3 7 2 0 5 6 1 4
65 52 13 4 2 3 7 6 0 1 5
65 52 13 5 2 3 7 0 6 1 4
65 53 12 2 3 0 7 4 6 1 5
65 54 11 7 0 2 4 5 6 1 3
65 54 11 7 2 4 0 5 6 1 3
66 49 17 7 6 0 2 3 4 1 5
66 49 17 0 6 2 7 3 4 1 5
66 49 17 7 6 2 1 3 4 0 5
66 50 16 0 6 2 3 4 7 1 5
66 51 15 0 2 1 7 4 6 5 3
66 52 14 7 0 2 5 4 6 1 3
66 52 14 7 2 1 0 4 6 3 5
66 52 14 0 2 1 3 7 4 6 5
66 52 14 7 0 1 3 2 4 6 5
66 53 13 7 1 0 3 4 2 6 5
66 55 11 4 2 1 3 7 6 0 5
66 55 11 5 2 3 0 7 6 1 4
66 58 8 2 3 0 4 5 6 1 7
67 50 17 6 7 0 3 4 1 2 5
67 51 16 6 2 3 5 4 0 1 7
67 52 15 7 0 2 3 4 6 5 1
67 52 15 7 0 2 1 4 6 3 5
67 52 15 4 0 3 7 2 6 1 5
67 52 15 5 2 0 7 4 6 1 3
67 53 14 2 6 3 7 4 0 1 5
67 54 13 3 7 0 4 5 6 1 2
67 55 12 4 7 2 3 6 1 5 0
67 55 12 4 2 0 3 6 7 1 5
67 55 12 7 2 0 4 6 1 3 5
67 56 11 2 3 0 4 7 6 1 5
67 58 9 2 6 3 4 5 0 1 7
68 51 17 6 2 1 3 4 0 5 7
68 52 16 6 7 2 3 5 0 1 4
68 52 16 7 2 1 0 3 4 6 5
68 53 15 0 7 1 3 4 2 6 5
68 55 13 3 7 2 5 4 0 6 1
68 56 12 2 6 3 4 7 0 1 5
68 58 10 4 2 3 5 7 6 1 0
68 58 10 7 2 3 4 0 5 6 1
68 59 9 5 2 3 4 6 0 1 7
68 61 7 7 2 3 1 5 6 4 0
69 50 19 6 7 2 0 3 4 1 5
69 51 18 4 7 2 5 0 6 1 3
69 55 14 0 4 2 3 6 7 1 5
69 55 14 3 7 0 5 4 6 2 1
69 55 14 5 2 0 4 7 6 1 3
69 56 13 6 2 3 7 0 4 1 5
69 56 13 6 2 3 7 4 1 0 5
69 56 13 6 0 3 7 4 2 1 5
69 57 12 3 0 7 5 4 6 1 2
69 57 12 3 7 5 0 4 6 1 2
69 57 12 3 7 1 5 4 6 0 2
69 58 11 7 0 3 4 5 2 6 1
69 59 10 5 7 2 4 3 6 1 0
69 60 9 4 2 0 3 5 6 1 7
69 60 9 4 2 3 1 5 6 0 7
70 55 15 4 7 0 3 6 1 2 5
70 56 14 7 6 2 3 5 0 4 1
70 57 13 7 4 2 3 0 6 1 5
70 57 13 5 4 2 3 7 6 1 0
70 57 13 5 7 2 3 6 1 0 4
70 57 13 5 0 2 3 6 7 1 4
70 58 12 5 2 0 3 7 6 1 4
70 58 12 7 0 2 4 3 6 1 5
70 58 12 3 7 2 4 6 1 0 5
70 58 12 3 0 2 4 6 7 1 5
70 58 12 4 2 3 1 7 6 0 5
70 59 11 3 2 0 4 7 6 1 5
70 59 11 7 0 2 4 5 6 3 1
70 59 11 7 2 4 0 5 6 3 1
70 61 9 7 2 1 3 5 6 0 4
70 62 8 6 2 3 4 5 1 0 7
70 63 7 7 2 1 4 5 6 3 0
71 56 15 7 6 0 3 5 4 2 1
71 58 13 6 0 2 3 5 4 1 7
71 58 13 0 7 3 4 6 2 1 5
71 58 13 7 3 0 4 6 2 1 5
71 59 12 4 7 2 1 3 6 5 0
71 59 12 0 3 2 4 7 6 1 5
71 60 11 6 2 3 4 0 7 1 5
71 60 11 6 2 3 4 7 1 0 5
71 61 10 7 2 3 1 5 0 6 4
71 61 10 4 2 3 7 5 6 0 1
72 57 15 3 7 2 5 6 0 1 4
72 57 15 3 4 2 0 7 6 1 5
72 57 15 4 7 2 5 3 6 0 1
72 58 14 4 6 2 3 0 7 1 5
72 58 14 4 6 2 3 7 1 0 5
72 58 14 5 7 2 3 0 4 6 1
72 58 14 0 5 2 3 7 6 1 4
72 58 14 5 6 2 3 0 4 1 7
72 58 14 3 6 2 0 5 4 1 7
72 58 14 4 6 2 3 5 0 1 7
72 59 13 7 6 3 0 5 4 1 2
72 59 13 7 6 1 3 5 4 0 2
72 59 13 5 0 3 4 2 6 1 7
72 60 12 5 7 3 2 4 6 1 0
72 60 12 7 2 3 0 6 4 1 5
72 60 12 7 2 1 3 6 4 0 5
72 60 12 7 2 3 1 6 0 5 4
72 60 12 0 2 3 1 7 6 5 4
72 61 11 7 2 0 1 5 6 3 4
72 62 10 4 2 3 1 0 6 5 7
72 62 10 1 2 3 0 4 6 5 7
72 62 10 6 2 3 4 0 5 1 7
72 63 9 7 2 3 1 5 4 6 0
72 63 9 4 7 3 2 5 6 1 0
72 65 7 7 2 4 3 5 6 1 0
73 57 16 0 7 2 5 3 6 1 4
73 58 15 5 0 2 3 4 7 6 1
73 58 15 5 6 2 3 7 0 1 4
73 58 15 0 6 2 7 5 4 1 3
73 59 14 7 0 6 3 5 4 1 2
73 59 14 4 7 1 2 3 6 0 5
73 59 14 5 7 2 4 6 0 1 3
73 59 14 3 6 2 4 7 0 1 5
73 60 13 5 7 2 1 4 6 3 0
73 60 13 5 7 3 4 0 6 1 2
73 60 13 5 7 1 3 4 6 2 0
73 60 13 7 2 3 0 1 6 5 4
73 61 12 7 2 3 4 0 6 5 1
73 62 11 7 2 1 3 6 5 0 4
73 62 11 4 2 1 3 7 6 5 0
73 62 11 6 0 3 4 5 2 1 7
73 62 11 7 2 1 3 5 4 0 6
73 63 10 2 7 3 4 0 6 1 5
73 63 10 4 7 1 3 5 6 2 0
73 64 9 7 2 1 4 3 6 5 0
73 66 7 2 3 1 4 5 6 0 7
74 57 17 3 0 2 5 7 6 1 4
74 58 16 7 6 0 2 5 4 1 3
74 58 16 7 6 2 5 0 4 1 3
74 58 16 7 6 2 1 5 4 0 3
74 59 15 5 0 7 3 4 6 2 1
74 59 15 5 7 3 0 4 6 2 1
74 59 15 5 7 0 2 3 6 1 4
74 59 15 5 7 2 1 3 6 0 4
74 59 15 4 0 7 2 3 6 1 5
74 59 15 4 7 2 1 3 0 6 5
74 59 15 4 7 0 1 3 6 2 5
74 59 15 5 0 2 4 7 6 1 3
74 59 15 3 7 2 0 4 6 5 1
74 59 15 3 7 2 1 0 6 5 4
74 60 14 5 7 2 1 4 0 6 3
74 60 14 0 5 7 3 4 6 1 2
74 60 14 5 7 1 3 4 0 6 2
74 60 14 6 0 3 4 7 2 1 5
74 61 13 3 7 2 1 0 4 6 5
74 61 13 7 4 2 3 6 1 0 5
74 62 12 2 0 3 1 4 6 5 7
74 62 12 7 2 3 5 0 4 6 1
74 62 12 7 0 3 5 4 2 6 1
74 62 12 7 2 3 5 6 1 0 4
74 62 12 4 0 2 3 5 7 6 1
74 62 12 4 7 3 0 5 6 2 1
74 62 12 4 2 3 5 6 0 1 7
74 62 12 4 2 1 3 6 0 5 7
74 63 11 7 3 0 5 2 6 1 4
74 63 11 2 0 3 7 5 6 1 4
74 63 11 0 7 3 4 5 6 1 2
74 63 11 7 2 1 4 5 0 6 3
74 69 5 4 2 3 1 5 6 7 0
75 57 18 6 4 2 3 7 0 1 5
75 57 18 4 7 0 5 3 6 1 2
75 58 17 6 7 2 4 3 0 1 5
75 59 16 3 7 0 1 4 6 5 2
75 60 15 5 0 7 2 4 6 1 3
75 60 15 5 7 1 2 4 6 0 3
75 60 15 5 7 0 1 4 6 2 3
75 60 15 5 6 7 3 4 0 1 2
75 60 15 0 7 3 5 4 6 1 2
75 60 15 5 7 3 1 4 6 0 2
75 60 15 7 0 3 1 2 6 5 4
75 61 14 3 0 2 1 4 7 6 5
75 62 13 3 7 1 2 4 6 5 0
75 62 13 2 0 3 5 7 6 1 4
75 62 13 2 0 1 3 7 6 5 4
75 62 13 4 0 7 3 5 6 2 1
75 62 13 7 2 1 0 5 4 6 3
75 62 13 0 2 1 3 5 4 6 7
75 63 12 5 7 3 4 2 6 1 0
75 63 12 7 3 1 4 2 6 0 5
75 63 12 5 2 0 3 4 6 1 7
75 63 12 5 2 3 1 4 6 0 7
75 63 12 4 7 3 1 5 6 0 2
75 63 12 7 2 3 0 6 1 5 4
75 63 12 7 2 3 4 0 1 5 6
75 63 12 0 2 3 4 6 1 5 7
75 64 11 5 2 3 4 7 0 6 1
75 65 10 3 2 1 7 4 6 5 0
75 65 10 4 7 2 1 5 6 3 0
75 66 9 2 3 4 0 5 6 1 7
75 67 8 2 6 3 4 5 1 0 7
76 59 17 6 7 2 5 4 0 1 3
76 61 15 7 6 2 3 1 0 5 4
76 61 15 0 2 3 7 4 6 5 1
76 61 15 4 2 0 7 5 6 1 3
76 62 14 3 0 7 1 4 6 2 5
76 62 14 5 7 2 3 6 4 1 0
76 62 14 7 0 3 5 6 2 1 4
76 62 14 3 2 1 0 7 6 5 4
76 62 14 4 7 2 3 0 5 6 1
76 62 14 4 2 1 0 3 6 5 7
76 62 14 7 2 0 3 5 4 6 1
76 63 13 7 6 5 3 4 1 0 2
76 63 13 0 7 3 5 2 6 1 4
76 63 13 7 6 3 5 2 0 1 4
76 63 13 7 3 4 0 2 6 1 5
76 63 13 0 2 3 1 7 4 6 5
76 63 13 7 0 3 1 2 4 6 5
76 63 13 4 7 1 3 5 0 6 2
76 63 13 7 6 2 3 5 0 1 4
76 64 12 3 6 2 5 7 4 1 0
76 64 12 7 6 3 5 4 1 2 0
76 64 12 2 3 0 5 4 6 1 7
76 64 12 2 1 0 3 4 6 5 7
76 64 12 7 3 0 1 4 2 6 5
76 64 12 5 2 3 7 4 0 6 1
76 64 12 3 7 2 4 5 0 6 1
76 64 12 3 7 0 4 5 6 2 1
76 64 12 5 2 0 4 7 6 3 1
76 65 11 7 2 5 3 4 6 1 0
76 65 11 2 3 1 7 4 6 0 5
76 68 8 7 2 3 4 1 5 6 0
76 68 8 5 2 3 4 6 1 0 7
76 70 6 6 2 3 4 5 1 7 0
77 59 18 0 7 2 1 4 6 5 3
77 61 16 0 6 2 7 4 1 5 3
77 61 16 7 6 2 5 4 1 0 3
77 61 16 0 6 2 3 7 1 5 4
77 61 16 7 0 2 3 6 1 5 4
77 62 15 0 3 7 2 4 6 1 5
77 62 15 3 7 1 2 4 0 6 5
77 62 15 3 7 1 0 4 6 2 5
77 62 15 5 6 2 3 7 4 0 1
77 62 15 7 6 2 5 3 4 0 1
77 62 15 7 0 1 3 6 2 5 4
77 62 15 4 0 3 5 2 6 1 7
77 63 14 4 6 2 3 0 1 5 7
77 63 14 6 7 2 3 5 4 0 1
77 63 14 7 2 3 0 1 4 6 5
77 64 13 7 2 0 1 3 6 5 4
77 64 13 7 6 3 4 0 2 1 5
77 64 13 7 6 3 4 2 1 0 5
77 64 13 0 4 7 3 5 6 1 2
77 65 12 7 2 5 1 4 6 0 3
77 65 12 3 2 1 4 0 6 5 7
77 65 12 7 2 1 5 4 6 3 0
77 65 12 4 2 3 7 6 1 0 5
77 65 12 7 2 4 1 5 6 0 3
77 66 11 7 1 0 3 2 4 6 5
77 67 10 3 7 1 4 5 6 0 2
77 67 10 2 3 1 4 7 6 0 5
77 67 10 2 6 3 4 0 5 1 7
77 69 8 4 2 1 3 5 6 0 7
78 61 17 7 6 0 2 4 1 5 3
78 61 17 7 6 2 4 0 1 5 3
78 62 16 3 6 7 2 4 0 1 5
78 62 16 5 6 2 0 7 4 1 3
78 62 16 3 7 2 0 6 4 1 5
78 62 16 6 2 3 1 4 0 5 7
78 62 16 4 0 1 3 2 6 5 7
78 63 15 7 6 3 0 4 1 5 2
78 63 15 1 6 2 3 4 0 5 7
78 63 15 6 2 0 3 7 4 1 5
78 63 15 6 7 2 0 5 4 1 3
78 63 15 4 7 3 0 2 6 1 5
78 63 15 6 2 3 7 5 0 1 4
78 63 15 7 2 0 4 6 1 5 3
78 64 14 7 2 5 0 4 6 3 1
78 64 14 2 6 3 5 4 0 1 7
78 64 14 0 7 3 1 4 2 6 5
78 64 14 4 6 7 3 5 0 1 2
78 64 14 5 2 0 7 4 6 3 1
78 65 13 7 1 0 3 2 6 5 4
78 65 13 7 2 1 4 6 0 5 3
78 65 13 0 2 1 4 7 6 5 3
78 65 13 3 2 0 1 4 6 5 7
78 65 13 4 7 1 2 5 6 0 3
78 65 13 0 2 5 7 4 6 1 3
78 65 13 7 2 1 5 4 0 6 3
78 65 13 7 2 5 3 4 0 6 1
78 65 13 3 7 0 2 5 6 1 4
78 65 13 3 7 2 1 5 6 0 4
78 65 13 5 2 3 7 6 0 1 4
78 65 13 5 0 3 7 2 6 1 4
78 65 13 2 3 7 0 4 6 1 5
78 65 13 7 6 2 4 5 0 1 3
78 66 12 7 1 3 0 4 2 6 5
78 66 12 5 2 3 1 7 6 0 4
78 67 11 3 0 7 4 5 6 1 2
78 67 11 4 2 3 0 6 7 1 5
78 67 11 4 2 1 3 6 7 0 5
78 68 10 7 2 3 0 5 6 4 1
78 69 9 4 2 3 1 5 0 6 7
78 70 8 7 2 4 1 5 6 3 0
78 70 8 7 2 1 3 5 6 4 0
78 73 5 2 3 1 4 5 6 7 0
79 61 18 7 6 2 0 3 1 5 4
79 62 17 7 6 0 5 3 4 1 2
79 62 17 6 2 3 5 7 0 1 4
79 62 17 6 2 1 3 7 0 5 4
79 63 16 7 0 6 3 4 1 5 2
79 63 16 6 0 2 3 4 1 5 7
79 63 16 3 6 2 0 4 1 5 7
79 63 16 0 7 2 3 5 4 1 6
79 63 16 4 7 3 5 0 6 1 2
79 64 15 3 6 2 7 0 4 1 5
79 64 15 7 6 3 4 0 1 2 5
79 64 15 7 0 2 5 4 6 3 1
79 64 15 7 2 1 5 3 6 0 4
79 64 15 2 6 1 3 4 0 5 7
79 65 14 6 2 3 0 4 7 1 5
79 65 14 6 2 1 3 4 7 0 5
79 65 14 3 2 1 5 4 6 0 7
79 65 14 4 0 7 2 5 6 1 3
79 65 14 4 7 2 1 5 0 6 3
79 65 14 4 7 0 1 5 6 2 3
79 65 14 7 2 5 4 0 6 1 3
79 65 14 0 2 4 7 5 6 1 3
79 66 13 2 0 1 7 4 6 5 3
79 66 13 7 2 1 4 0 6 3 5
79 66 13 5 2 1 3 7 4 6 0
79 66 13 0 7 1 3 2 4 6 5
79 66 13 4 2 1 3 7 0 6 5
79 67 12 4 3 0 7 2 6 1 5
79 67 12 5 2 1 7 4 6 0 3
79 67 12 3 7 4 0 5 6 1 2
79 67 12 2 3 4 0 7 6 1 5
79 68 11 7 2 1 5 3 4 6 0
79 68 11 2 6 3 4 0 7 1 5
79 68 11 2 6 3 4 7 1 0 5
79 68 11 0 2 3 4 7 5 6 1
79 68 11 5 0 3 4 6 2 1 7
79 68 11 0 2 3 1 5 6 4 7
79 69 10 4 0 2 3 5 6 1 7
79 69 10 4 2 0 1 5 6 3 7
79 70 9 4 2 3 1 7 6 5 0
79 71 8 6 2 3 4 5 7 1 0
80 62 18 5 6 0 3 7 4 1 2
80 62 18 0 6 2 5 3 4 1 7
80 63 17 6 7 0 3 5 4 1 2
80 63 17 6 7 3 4 2 0 1 5
80 64 16 0 6 3 7 4 1 2 5
80 64 16 0 2 1 7 3 6 5 4
80 64 16 6 7 2 0 4 1 5 3
80 64 16 6 7 2 4 5 0 1 3
80 65 15 7 0 2 1 4 6 5 3
80 65 15 0 7 1 3 2 6 5 4
80 65 15 7 6 1 3 2 0 5 4
80 65 15 4 0 3 7 6 2 1 5
80 66 14 5 6 2 7 3 4 1 0
80 66 14 7 6 2 1 3 4 5 0
80 66 14 2 0 1 3 7 4 6 5
80 66 14 7 4 1 3 2 0 6 5
80 66 14 7 1 6 3 4 2 0 5
80 67 13 6 2 3 5 0 4 1 7
80 67 13 6 2 3 5 4 1 0 7
80 67 13 6 0 3 5 4 2 1 7
80 67 13 0 4 3 7 2 6 1 5
80 67 13 5 0 2 7 4 6 1 3
80 67 13 2 6 3 7 0 4 1 5
80 67 13 2 6 3 7 4 1 0 5
80 67 13 7 0 2 4 6 1 3 5
80 67 13 7 2 4 0 6 1 3 5
80 68 12 3 7 2 5 0 4 6 1
80 68 12 4 2 3 5 7 6 0 1
80 68 12 7 2 3 1 0 6 4 5
80 69 11 5 2 1 4 7 6 0 3
80 69 11 6 2 3 7 5 4 1 0
80 69 11 6 2 3 7 4 1 5 0
80 69 11 3 7 5 2 4 6 1 0
80 69 11 3 7 1 5 4 6 2 0
80 70 10 7 4 2 3 5 6 1 0
80 70 10 3 2 1 4 7 6 0 5
80 72 8 1 2 3 7 4 6 5 0
80 72 8 1 2 3 4 0 6 5 7
80 73 7 7 2 3 4 1 6 5 0
80 73 7 2 7 3 4 5 6 1 0
81 64 17 3 6 0 2 7 4 1 5
81 64 17 3 6 2 1 7 4 0 5
81 64 17 7 6 3 2 4 1 0 5
81 64 17 6 7 2 3 0 1 5 4
81 65 16 7 1 6 3 4 0 2 5
81 65 16 7 0 1 4 2 6 5 3
81 65 16 7 2 4 5 0 6 1 3
81 66 15 6 0 2 7 3 4 1 5
81 66 15 5 6 2 3 4 7 1 0
81 66 15 4 2 1 7 0 6 5 3
81 66 15 7 6 2 5 4 0 1 3
81 66 15 3 2 1 0 7 4 6 5
81 67 14 4 6 3 7 2 0 1 5
81 67 14 5 2 7 0 4 6 1 3
81 68 13 6 2 1 3 4 5 0 7
81 68 13 6 7 2 3 5 1 0 4
81 68 13 6 0 2 3 5 7 1 4
81 68 13 5 7 1 3 4 2 6 0
81 68 13 3 0 2 5 4 7 6 1
81 69 12 6 3 0 7 4 2 1 5
81 69 12 0 3 7 5 4 6 1 2
81 69 12 3 7 1 5 4 0 6 2
81 69 12 0 7 3 4 5 2 6 1
81 69 12 7 3 0 4 5 2 6 1
81 69 12 5 7 2 4 3 6 0 1
81 70 11 5 2 1 3 7 6 0 4
81 70 11 7 2 0 4 3 6 1 5
81 70 11 3 7 2 4 6 1 5 0
81 70 11 3 2 0 4 6 7 1 5
81 70 11 7 2 4 3 5 6 0 1
81 70 11 7 2 1 3 5 0 6 4
81 70 11 6 2 0 4 5 1 3 7
81 70 11 7 2 1 0 5 6 3 4
81 70 11 0 2 1 4 5 6 3 7
81 71 10 0 2 3 4 6 7 1 5
81 71 10 6 2 3 4 7 1 5 0
81 72 9 0 2 3 4 6 5 1 7
81 75 6 2 6 3 4 5 1 7 0
82 64 18 6 7 0 3 4 1 5 2
82 64 18 0 7 2 3 4 1 5 6
82 66 16 7 6 1 2 3 4 0 5
82 66 16 7 6 2 1 3 0 4 5
82 66 16 6 2 1 7 4 0 5 3
82 66 16 0 2 1 7 4 6 3 5
82 68 14 6 2 1 3 0 4 5 7
82 68 14 7 2 0 1 3 4 6 5
82 68 14 3 7 1 0 4 2 6 5
82 68 14 7 2 0 1 5 6 4 3
82 69 13 6 7 2 5 3 4 1 0
82 69 13 5 4 2 3 6 7 1 0
82 69 13 3 0 7 5 4 6 2 1
82 69 13 3 7 5 0 4 6 2 1
82 69 13 5 2 4 0 7 6 1 3
82 69 13 6 0 3 7 2 4 1 5
82 69 13 3 6 7 5 4 0 1 2
82 69 13 3 7 5 1 4 6 0 2
82 70 12 7 0 2 3 5 6 4 1
82 70 12 5 7 2 3 6 1 4 0
82 70 12 5 2 0 3 6 7 1 4
82 70 12 0 3 2 4 6 7 1 5
82 70 12 4 2 3 1 7 0 6 5
82 70 12 3 2 4 0 7 6 1 5
82 70 12 0 7 2 4 5 6 3 1
82 71 11 7 3 2 4 0 6 1 5
82 71 11 5 3 2 4 7 6 1 0
82 71 11 7 2 3 1 0 5 6 4
82 72 10 3 6 2 7 5 4 1 0
82 72 10 7 2 3 1 6 5 0 4
82 72 10 1 2 3 0 7 6 5 4
82 72 10 1 2 0 3 4 6 5 7
82 72 10 6 2 3 4 7 5 1 0
82 72 10 7 2 3 1 5 4 0 6
82 73 9 2 3 1 4 5 0 6 7
82 74 8 4 2 3 0 5 6 7 1
82 76 6 5 2 3 4 6 1 7 0
83 65 18 0 7 6 3 4 1 2 5
83 66 17 7 0 6 2 3 4 1 5
83 66 17 7 6 0 1 3 4 2 5
83 66 17 3 6 2 0 4 7 1 5
83 67 16 6 0 7 3 4 1 2 5
83 67 16 6 7 3 0 4 1 2 5
83 67 16 0 7 2 3 4 6 5 1
83 67 16 0 7 2 1 4 6 3 5
83 67 16 4 7 2 0 6 1 5 3
83 67 16 4 7 2 3 0 1 5 6
83 68 15 6 0 1 3 4 2 5 7
83 68 15 6 7 2 3 0 5 1 4
83 68 15 0 2 1 7 3 4 6 5
83 68 15 4 7 1 3 0 2 6 5
83 68 15 7 0 3 4 2 5 6 1
83 68 15 7 2 3 0 4 5 6 1
83 69 14 0 2 3 7 6 4 1 5
83 69 14 0 6 3 7 4 2 1 5
83 70 13 5 4 2 3 7 6 0 1
83 70 13 5 4 2 3 0 6 1 7
83 70 13 4 2 0 1 7 6 3 5
83 70 13 7 6 2 4 5 0 3 1
83 71 12 6 2 0 3 5 4 1 7
83 71 12 5 7 3 4 6 2 1 0
83 71 12 7 3 1 4 6 2 0 5
83 71 12 7 0 3 1 5 2 6 4
83 71 12 4 2 3 7 5 0 6 1
83 72 11 4 6 2 3 5 7 1 0
83 72 11 4 6 2 3 5 1 0 7
83 72 11 7 6 3 2 5 4 1 0
83 72 11 7 2 3 5 6 4 1 0
83 72 11 7 2 1 3 6 4 5 0
83 72 11 4 2 3 1 6 0 5 7
83 72 11 1 2 3 5 4 6 0 7
83 72 11 7 2 3 0 5 4 6 1
83 72 11 4 7 3 2 5 6 0 1
83 72 11 0 2 4 3 5 6 1 7
83 73 10 7 2 1 3 6 5 4 0
83 73 10 7 2 1 4 3 6 0 5
83 74 9 4 7 3 1 5 6 2 0
83 74 9 7 0 3 4 5 6 1 2
83 75 8 5 2 3 1 4 6 7 0
83 77 6 4 2 1 3 5 6 7 0
84 67 17 7 6 2 3 4 0 5 1
84 67 17 7 6 2 1 4 0 3 5
84 67 17 4 7 0 3 6 1 5 2
84 67 17 0 7 2 3 6 1 5 4
84 68 16 7 2 1 6 3 4 0 5
84 69 15 6 4 2 3 0 7 1 5
84 69 15 3 4 2 0 6 7 1 5
84 69 15 6 2 0 7 4 1 3 5
84 69 15 0 7 5 3 4 6 1 2
84 69 15 3 7 5 4 0 6 1 2
84 69 15 5 7 0 4 3 6 1 2
84 70 14 4 7 3 0 6 1 2 5
84 70 14 0 5 2 3 6 7 1 4
84 70 14 7 6 2 4 3 0 1 5
84 70 14 3 7 0 4 6 1 2 5
84 70 14 0 2 4 7 5 6 3 1
84 71 13 6 4 2 3 5 0 1 7
84 71 13 2 7 3 4 6 0 1 5
84 71 13 4 2 0 7 5 6 3 1
84 72 12 5 7 2 3 1 4 6 0
84 72 12 7 6 1 3 5 4 2 0
84 72 12 0 5 3 4 2 6 1 7
84 72 12 5 3 0 4 2 6 1 7
84 72 12 2 0 3 1 7 6 5 4
84 72 12 7 0 2 1 5 6 3 4
84 72 12 4 2 3 0 1 6 5 7
84 72 12 0 2 3 1 5 4 6 7
84 72 12 7 2 4 3 0 6 1 5
84 73 11 7 2 3 4 6 0 5 1
84 73 11 0 2 3 4 7 6 5 1
84 73 11 0 6 3 4 5 2 1 7
84 74 10 7 2 3 5 1 4 6 0
84 74 10 4 2 1 3 6 5 0 7
84 74 10 7 3 5 0 2 6 1 4
84 74 10 7 3 1 5 2 6 0 4
84 74 10 4 2 3 1 0 6 7 5
84 74 10 0 2 3 1 5 6 7 4
84 75 9 1 2 3 4 6 0 5 7
84 75 9 2 3 4 7 5 6 1 0
85 66 19 4 6 2 7 3 0 1 5
85 68 17 2 7 1 3 4 0 6 5
85 68 17 4 2 0 5 7 6 1 3
85 69 16 6 2 3 0 7 4 1 5
85 70 15 4 0 7 3 6 1 2 5
85 70 15 7 6 2 3 0 5 4 1
85 70 15 5 4 2 0 7 6 1 3
85 70 15 5 7 0 3 6 1 2 4
85 71 14 7 6 3 0 5 4 2 1
85 71 14 6 7 3 4 0 2 1 5
85 71 14 7 3 4 0 6 2 1 5
85 71 14 4 3 2 0 7 6 1 5
85 71 14 6 2 0 4 7 1 3 5
85 72 13 3 4 2 5 7 6 1 0
85 72 13 4 6 2 3 7 1 5 0
85 72 13 7 5 2 3 0 6 1 4
85 72 13 4 5 2 3 7 6 1 0
85 72 13 4 6 2 3 0 5 1 7
85 72 13 5 6 3 4 2 0 1 7
85 72 13 7 2 3 1 6 4 0 5
85 72 13 7 2 1 3 6 0 4 5
85 73 12 5 7 3 4 6 0 1 2
85 73 12 7 2 0 3 1 6 5 4
85 73 12 7 2 0 3 6 5 1 4
85 73 12 6 3 0 4 5 2 1 7
85 73 12 7 2 1 3 5 0 4 6
85 73 12 7 2 0 3 5 4 1 6
85 74 11 3 7 2 1 5 4 6 0
85 74 11 7 3 0 5 4 2 6 1
85 74 11 7 2 3 5 6 1 4 0
85 74 11 4 2 0 3 5 7 6 1
85 74 11 4 2 3 5 6 1 0 7
85 75 10 7 3 1 4 2 6 5 0
85 75 10 2 0 3 4 6 1 5 7
85 75 10 5 2 3 4 0 7 6 1
85 75 10 2 3 4 1 5 6 0 7
85 76 9 3 2 1 4 7 6 5 0
85 76 9 7 3 4 5 2 6 1 0
85 76 9 2 3 1 7 4 6 5 0
85 76 9 7 2 3 4 1 5 0 6
86 69 17 4 7 2 5 6 0 1 3
86 70 16 7 4 2 0 3 6 1 5
86 70 16 5 4 0 3 7 6 1 2
86 70 16 7 2 4 5 0 6 3 1
86 71 15 7 0 6 3 5 4 2 1
86 71 15 4 7 3 0 6 2 1 5
86 71 15 4 7 2 0 3 6 5 1
86 72 14 3 7 2 5 6 1 0 4
86 72 14 0 7 2 3 5 4 6 1
86 72 14 3 6 0 2 5 4 1 7
86 72 14 3 6 2 1 5 4 0 7
86 72 14 0 6 3 7 5 4 1 2
86 72 14 7 6 3 1 5 4 0 2
86 72 14 7 6 1 3 5 0 4 2
86 72 14 5 7 3 2 4 6 0 1
86 72 14 5 7 3 2 0 6 1 4
86 72 14 7 0 3 1 6 2 5 4
86 72 14 4 7 3 2 0 6 1 5
86 72 14 0 7 3 2 5 6 1 4
86 73 13 6 0 2 7 5 4 1 3
86 73 13 5 6 2 7 0 4 1 3
86 73 13 4 7 1 2 3 6 5 0
86 73 13 5 7 2 4 6 1 0 3
86 73 13 5 0 2 4 6 7 1 3
86 73 13 3 6 2 4 0 7 1 5
86 73 13 3 6 2 4 7 1 0 5
86 73 13 5 0 3 4 7 6 1 2
86 73 13 7 2 3 5 1 6 0 4
86 73 13 0 2 1 4 3 6 5 7
86 74 12 7 6 2 1 5 4 3 0
86 74 12 5 7 3 1 4 6 2 0
86 74 12 5 7 2 1 3 6 4 0
86 74 12 7 4 2 3 6 1 5 0
86 74 12 7 0 3 5 2 4 6 1
86 74 12 0 7 3 4 5 6 2 1
86 74 12 2 3 0 7 5 6 1 4
86 74 12 7 2 1 4 0 5 6 3
86 74 12 4 2 0 1 5 6 7 3
86 75 11 2 0 1 3 5 4 6 7
86 75 11 5 2 1 3 4 6 0 7
86 75 11 7 2 3 4 1 0 5 6
86 75 11 6 2 3 4 0 1 5 7
86 75 11 2 6 0 4 5 1 3 7
86 76 10 7 3 0 1 2 4 6 5
86 76 10 6 2 3 0 5 1 7 4
86 76 10 0 2 3 4 5 1 7 6
86 77 9 3 7 1 4 5 6 2 0
86 77 9 2 3 1 4 7 6 5 0
86 78 8 7 1 3 5 4 2 6 0
86 79 7 1 2 3 4 7 5 6 0
86 79 7 1 2 3 0 5 6 4 7
86 80 6 1 2 3 4 7 6 5 0
87 69 18 6 7 0 2 3 4 1 5
87 69 18 0 7 2 6 3 4 1 5
87 69 18 6 7 2 1 3 4 0 5
87 69 18 4 0 2 5 7 6 1 3
87 71 16 4 7 2 1 0 6 5 3
87 71 16 6 3 2 4 7 0 1 5
87 71 16 6 0 3 4 2 7 1 5
87 72 15 3 0 2 5 6 7 1 4
87 72 15 3 4 0 2 7 6 1 5
87 72 15 3 4 2 1 7 6 0 5
87 72 15 3 5 2 0 7 6 1 4
87 72 15 5 6 2 3 4 0 1 7
87 72 15 5 0 2 3 6 4 1 7
87 72 15 3 6 2 5 0 4 1 7
87 72 15 7 6 3 5 0 4 1 2
87 72 15 7 2 3 6 0 4 1 5
87 72 15 4 0 3 1 2 6 5 7
87 72 15 6 0 3 4 2 5 1 7
87 72 15 6 2 3 0 4 5 1 7
87 72 15 7 2 0 1 5 4 6 3
87 73 14 5 2 0 3 4 7 6 1
87 73 14 5 6 2 3 0 7 1 4
87 73 14 5 6 2 3 7 1 0 4
87 73 14 7 4 6 3 5 0 1 2
87 73 14 0 2 3 7 1 6 5 4
87 73 14 4 2 1 0 7 6 5 3
87 73 14 4 7 1 0 5 6 2 3
87 73 14 7 2 0 4 3 6 5 1
87 74 13 5 7 2 1 0 4 6 3
87 74 13 3 5 7 0 4 6 1 2
87 74 13 2 5 7 3 4 6 1 0
87 74 13 5 7 1 3 0 4 6 2
87 74 13 2 3 0 1 4 6 5 7
87 74 13 0 7 3 5 4 2 6 1
87 74 13 0 4 2 3 5 7 6 1
87 74 13 2 6 3 7 5 0 1 4
87 74 13 7 0 1 4 5 2 6 3
87 75 12 7 3 0 1 2 6 5 4
87 75 12 2 1 0 3 7 6 5 4
87 75 12 5 2 1 3 0 4 6 7
87 75 12 3 2 1 0 5 4 6 7
87 75 12 4 2 1 3 5 0 6 7
87 75 12 5 7 3 4 2 6 0 1
87 75 12 7 3 1 4 2 0 6 5
87 75 12 5 2 3 1 4 0 6 7
87 75 12 4 7 3 1 5 0 6 2
87 75 12 0 2 3 4 7 1 5 6
87 75 12 4 2 3 0 6 1 5 7
87 75 12 3 2 1 7 4 6 0 5
87 75 12 0 3 4 2 5 6 1 7
87 76 11 1 2 3 0 7 4 6 5
87 76 11 2 3 5 0 4 6 1 7
87 76 11 2 3 1 5 4 6 0 7
87 76 11 2 1 3 0 4 6 5 7
87 76 11 2 1 5 3 4 6 0 7
87 76 11 5 2 3 7 0 4 6 1
87 76 11 5 0 3 7 4 2 6 1
87 76 11 3 0 2 4 5 7 6 1
87 76 11 2 3 1 7 4 0 6 5
87 76 11 7 2 3 0 1 5 6 4
87 76 11 0 2 3 4 1 5 6 7
87 76 11 5 2 0 4 6 1 3 7
87 76 11 6 2 3 4 0 1 7 5
87 77 10 7 6 3 4 5 2 1 0
87 77 10 7 1 3 0 2 4 6 5
87 77 10 2 6 3 4 7 5 1 0
87 78 9 2 3 7 5 4 6 1 0
87 78 9 5 2 3 1 7 6 4 0
87 78 9 2 3 1 0 5 6 7 4
87 79 8 2 6 3 4 5 7 1 0
88 71 17 4 7 0 1 3 6 5 2
88 71 17 0 7 2 1 3 6 5 4
88 72 16 3 4 2 7 0 6 1 5
88 72 16 4 6 0 3 7 1 2 5
88 72 16 6 2 3 1 7 0 5 4
88 73 15 7 0 2 5 3 6 1 4
88 73 15 0 5 2 3 4 7 6 1
88 73 15 0 7 6 3 5 4 1 2
88 73 15 5 7 2 1 0 6 3 4
88 73 15 5 7 1 0 4 6 2 3
88 73 15 5 7 1 3 0 6 2 4
88 73 15 7 0 3 4 2 6 5 1
88 73 15 4 2 0 3 7 6 5 1
88 73 15 2 7 3 0 4 6 1 5
88 73 15 4 7 1 3 0 6 2 5
88 73 15 0 7 1 3 5 6 2 4
88 74 14 3 2 0 5 7 6 1 4
88 74 14 5 7 3 4 0 6 2 1
88 74 14 5 7 1 2 3 6 0 4
88 74 14 4 0 2 1 3 7 6 5
88 74 14 0 5 2 4 7 6 1 3
88 74 14 5 0 2 1 4 7 6 3
88 74 14 4 5 7 3 0 6 1 2
88 74 14 5 0 1 3 4 7 6 2
88 74 14 0 6 3 4 7 2 1 5
88 74 14 2 6 3 1 4 0 5 7
88 74 14 0 2 3 5 7 4 6 1
88 74 14 4 0 3 5 6 2 1 7
88 74 14 4 0 1 3 6 2 5 7
88 74 14 6 7 3 4 5 0 1 2
88 75 13 3 0 7 1 4 6 5 2
88 75 13 7 0 3 5 4 6 1 2
88 75 13 2 7 3 5 4 6 1 0
88 75 13 5 7 3 1 4 0 6 2
88 75 13 0 2 1 7 5 4 6 3
88 75 13 5 7 3 0 2 6 1 4
88 75 13 5 0 2 3 4 6 1 7
88 75 13 5 2 0 1 4 6 3 7
88 75 13 4 7 0 1 5 6 3 2
88 75 13 7 2 0 3 6 1 5 4
88 75 13 5 0 3 4 7 2 6 1
88 75 13 4 7 2 0 5 6 3 1
88 76 12 4 2 7 0 5 6 1 3
88 76 12 4 2 1 7 5 6 0 3
88 76 12 4 7 2 3 1 5 6 0
88 76 12 4 2 0 1 3 6 5 7
88 76 12 4 2 1 7 3 6 5 0
88 76 12 7 2 6 3 5 4 0 1
88 76 12 7 6 5 3 4 1 2 0
88 76 12 7 6 3 5 2 1 0 4
88 76 12 5 2 3 1 7 4 6 0
88 76 12 0 7 3 1 2 4 6 5
88 76 12 4 0 1 3 5 7 6 2
88 76 12 7 6 2 3 5 1 0 4
88 76 12 7 3 1 0 4 2 6 5
88 76 12 3 0 7 4 5 6 2 1
88 77 11 2 4 7 3 5 6 1 0
88 77 11 7 2 5 1 4 6 3 0
88 77 11 3 2 1 4 6 0 5 7
88 77 11 4 2 3 7 6 1 5 0
88 77 11 2 0 3 4 6 5 1 7
88 78 10 7 1 5 3 2 6 0 4
88 78 10 3 2 5 7 4 6 1 0
88 78 10 3 7 2 1 5 6 4 0
88 78 10 5 3 0 7 2 6 1 4
88 78 10 4 2 3 5 6 7 1 0
88 78 10 4 2 1 3 6 7 5 0
88 78 10 4 2 3 1 0 5 6 7
88 78 10 2 3 1 4 0 6 7 5
88 78 10 2 3 0 4 5 6 7 1
88 79 9 2 0 3 1 5 6 4 7
88 79 9 6 2 3 4 5 7 0 1
88 80 8 7 2 3 4 1 6 0 5
88 80 8 2 7 3 4 5 6 0 1
89 72 17 4 7 2 5 3 0 6 1
89 72 17 4 7 0 5 3 6 2 1
89 72 17 4 6 2 0 3 7 1 5
89 72 17 5 0 2 3 7 4 6 1
89 72 17 5 7 2 0 3 4 6 1
89 72 17 5 6 2 0 3 4 1 7
89 72 17 0 7 3 2 4 6 1 5
89 73 16 4 7 1 2 3 0 6 5
89 73 16 5 7 2 0 4 6 3 1
89 74 15 0 3 2 5 7 6 1 4
89 74 15 7 6 1 2 5 4 0 3
89 74 15 7 6 2 1 5 0 4 3
89 74 15 7 6 0 1 5 4 2 3
89 74 15 0 5 7 3 4 6 2 1
89 74 15 5 0 7 2 3 6 1 4
89 74 15 5 7 2 1 3 0 6 4
89 74 15 5 7 0 1 3 6 2 4
89 74 15 4 7 2 1 0 3 6 5
89 74 15 4 0 7 1 3 6 2 5
89 74 15 4 7 1 0 3 6 2 5
89 74 15 5 6 2 4 7 0 1 3
89 74 15 3 7 2 4 0 6 5 1
89 74 15 3 7 2 1 6 0 5 4
89 74 15 6 3 0 4 7 2 1 5
89 74 15 3 7 2 0 1 4 6 5
89 74 15 7 4 0 3 6 1 2 5
89 74 15 7 2 0 5 6 1 3 4
89 75 14 6 7 2 4 3 1 0 5
89 75 14 6 0 2 4 3 7 1 5
89 75 14 3 7 1 0 4 6 5 2
89 75 14 5 7 1 2 4 6 3 0
89 75 14 5 0 7 1 4 6 2 3
89 75 14 5 6 7 3 0 4 1 2
89 75 14 5 6 7 3 4 1 0 2
89 75 14 0 7 3 1 2 6 5 4
89 75 14 7 6 3 1 2 0 5 4
89 75 14 0 3 2 1 4 7 6 5
89 75 14 3 2 0 1 4 7 6 5
89 75 14 2 3 0 5 7 6 1 4
89 75 14 0 4 7 3 5 6 2 1
89 75 14 7 2 1 5 0 4 6 3
89 75 14 3 2 1 7 0 6 5 4
89 75 14 2 3 4 5 0 6 1 7
89 76 13 7 6 2 3 1 5 0 4
89 76 13 7 0 2 3 1 6 5 4
89 76 13 2 0 3 7 4 6 5 1
89 76 13 4 2 3 7 0 6 5 1
89 76 13 7 3 0 5 6 2 1 4
89 76 13 3 2 0 1 7 6 5 4
89 76 13 7 0 2 3 5 4 6 1
89 76 13 2 7 3 5 0 6 1 4
89 76 13 4 7 3 5 2 6 1 0
89 76 13 0 3 4 7 2 6 1 5
89 76 13 2 0 3 1 7 4 6 5
89 76 13 7 4 3 1 2 0 6 5
89 76 13 7 6 3 5 4 1 0 2
89 76 13 7 3 6 1 4 2 0 5
89 76 13 3 7 2 4 0 5 6 1
89 76 13 3 7 4 0 5 6 2 1
89 76 13 5 0 2 4 7 6 3 1
89 76 13 5 2 4 0 7 6 3 1
89 76 13 7 2 5 3 0 6 1 4
89 76 13 6 2 0 4 5 1 7 3
89 77 12 4 3 0 5 2 6 1 7
89 77 12 7 2 5 1 3 6 0 4
89 77 12 7 6 3 4 2 1 5 0
89 77 12 7 2 5 1 4 0 6 3
89 77 12 7 2 4 1 5 0 6 3
89 77 12 7 1 6 3 2 4 0 5
89 77 12 3 7 1 4 5 0 6 2
89 77 12 2 3 1 4 7 0 6 5
89 78 11 3 7 2 5 6 4 1 0
89 78 11 1 6 2 3 4 5 0 7
89 78 11 1 0 2 3 4 6 5 7
89 78 11 7 2 1 4 6 5 0 3
89 78 11 3 2 5 1 4 6 0 7
89 78 11 4 7 1 2 5 6 3 0
89 78 11 2 0 5 7 4 6 1 3
89 78 11 0 5 3 7 2 6 1 4
89 78 11 0 3 7 4 5 6 1 2
89 78 11 4 2 1 3 6 0 7 5
89 78 11 7 2 0 3 5 6 4 1
89 78 11 4 0 3 1 5 2 6 7
89 78 11 0 3 1 4 5 6 7 2
89 79 10 7 6 3 4 5 1 2 0
89 79 10 7 2 5 4 3 6 1 0
89 79 10 3 7 4 2 5 6 1 0
89 79 10 2 6 3 4 7 1 5 0
89 79 10 5 2 3 1 0 6 4 7
89 79 10 4 2 1 0 5 6 3 7
89 80 9 5 2 1 4 7 6 3 0
89 80 9 0 2 3 4 1 6 5 7
89 81 8 1 7 3 4 5 2 6 0
89 84 5 1 2 3 4 6 5 0 7
90 72 18 6 5 2 3 7 0 1 4
90 73 17 5 7 0 1 4 6 3 2
90 74 16 3 6 2 5 7 0 1 4
90 74 16 7 0 6 2 5 4 1 3
90 74 16 0 6 2 5 7 4 1 3
90 74 16 7 0 2 5 6 4 1 3
90 74 16 5 6 7 3 4 0 2 1
90 74 16 0 7 3 5 4 6 2 1
90 74 16 0 4 7 2 3 6 1 5
90 74 16 3 7 0 2 4 6 5 1
90 74 16 3 0 2 1 7 6 5 4
90 74 16 3 7 2 0 1 6 5 4
90 74 16 6 5 7 3 4 0 1 2
90 74 16 0 7 2 1 3 4 6 5
90 74 16 3 0 2 1 7 4 6 5
90 75 15 6 4 2 3 7 1 0 5
90 75 15 4 7 5 0 3 6 1 2
90 75 15 4 7 1 5 3 6 0 2
90 75 15 6 7 2 4 0 3 1 5
90 75 15 0 5 7 2 4 6 1 3
90 75 15 5 7 1 2 4 0 6 3
90 75 15 2 6 3 5 7 0 1 4
90 75 15 2 6 1 3 7 0 5 4
90 75 15 4 6 7 3 5 0 2 1
90 75 15 7 2 1 6 5 4 0 3
90 75 15 0 2 3 7 6 1 5 4
90 75 15 7 2 3 6 0 1 5 4
90 75 15 7 0 3 4 2 1 5 6
90 75 15 3 2 0 7 4 6 5 1
90 75 15 4 7 2 1 0 6 3 5
90 75 15 0 7 2 1 5 6 3 4
90 76 14 6 7 2 5 0 4 1 3
90 76 14 6 7 2 5 4 1 0 3
90 76 14 4 0 2 7 5 6 1 3
90 76 14 0 3 7 1 4 6 2 5
90 76 14 5 7 2 3 6 4 0 1
90 76 14 4 2 1 5 3 6 0 7
90 76 14 7 6 5 3 4 0 1 2
90 76 14 7 6 3 5 0 2 1 4
90 76 14 7 3 4 1 2 6 0 5
90 76 14 4 7 1 3 0 5 6 2
90 76 14 7 6 2 3 0 5 1 4
90 76 14 3 6 2 5 7 4 0 1
90 76 14 7 2 0 4 1 5 6 3
90 77 13 3 6 2 7 4 1 5 0
90 77 13 7 6 2 5 4 1 3 0
90 77 13 7 1 2 3 6 0 5 4
90 77 13 5 3 7 2 4 6 1 0
90 77 13 0 4 3 5 2 6 1 7
90 77 13 7 2 0 3 1 4 6 5
90 77 13 0 2 3 7 1 4 6 5
90 77 13 0 6 3 4 2 5 1 7
90 78 12 6 2 3 1 4 5 0 7
90 78 12 1 6 2 3 0 4 5 7
90 78 12 6 2 3 7 5 1 0 4
90 78 12 7 2 5 4 6 1 0 3
90 78 12 1 7 3 0 4 2 6 5
90 78 12 5 7 3 1 4 2 6 0
90 78 12 7 1 3 0 2 6 5 4
90 78 12 7 0 1 5 4 2 6 3
90 78 12 7 2 5 3 0 4 6 1
90 78 12 7 0 5 3 4 2 6 1
90 78 12 3 7 1 2 5 6 0 4
90 78 12 5 2 3 7 6 1 0 4
90 78 12 5 6 3 7 2 0 1 4
90 78 12 7 6 2 4 5 1 0 3
90 78 12 0 1 3 7 4 2 6 5
90 78 12 5 2 3 1 7 0 6 4
90 78 12 4 2 3 1 6 7 0 5
90 78 12 0 2 4 1 5 6 3 7
90 78 12 7 2 1 0 5 6 4 3
90 78 12 0 2 1 3 5 6 4 7
90 79 11 3 2 1 5 4 6 7 0
90 79 11 3 2 4 7 5 6 1 0
90 79 11 5 7 1 3 2 4 6 0
90 79 11 4 3 1 7 2 6 0 5
90 79 11 5 2 1 7 4 6 3 0
90 79 11 2 3 4 5 7 6 1 0
90 79 11 2 0 3 4 7 5 6 1
90 79 11 0 4 2 3 5 6 1 7
90 79 11 4 0 2 1 5 6 3 7
90 79 11 6 2 3 0 5 7 1 4
90 79 11 0 2 3 4 5 7 1 6
90 80 10 3 7 2 5 1 4 6 0
90 80 10 1 2 3 7 4 6 0 5
90 80 10 2 7 3 0 5 6 1 4
90 81 9 2 0 1 4 5 6 3 7
90 81 9 5 2 3 4 6 7 1 0
90 81 9 7 2 3 4 6 5 1 0
90 82 8 1 7 2 4 5 6 3 0
90 82 8 7 3 2 4 5 6 1 0
90 82 8 0 2 3 4 5 6 7 1
90 83 7 1 2 3 5 4 6 7 0
90 84 6 1 2 3 0 5 6 7 4
91 73 18 4 6 2 7 5 0 1 3
91 73 18 0 7 1 3 4 6 2 5
91 74 17 4 6 7 2 3 0 1 5
91 74 17 4 7 3 5 0 6 2 1
91 75 16 4 0 7 5 3 6 1 2
91 75 16 5 6 7 2 4 0 1 3
91 75 16 6 7 3 5 4 0 1 2
91 75 16 3 7 1 2 0 6 5 4
91 75 16 5 7 0 4 2 6 1 3
91 75 16 7 2 3 0 4 1 5 6
91 76 15 6 0 2 5 4 7 1 3
91 76 15 3 6 7 1 4 0 2 5
91 76 15 5 7 2 0 6 4 1 3
91 76 15 5 7 2 3 0 4 1 6
91 76 15 0 7 3 5 6 2 1 4
91 76 15 3 2 1 5 7 6 0 4
91 76 15 6 7 3 5 2 0 1 4
91 76 15 7 3 4 2 0 6 1 5
91 76 15 0 2 5 3 4 6 1 7
91 77 14 1 7 2 0 4 6 5 3
91 77 14 6 0 2 7 4 1 5 3
91 77 14 1 6 2 7 4 0 5 3
91 77 14 4 3 7 2 0 6 1 5
91 77 14 3 7 1 2 0 4 6 5
91 77 14 7 1 0 3 6 2 5 4
91 77 14 4 6 3 5 2 0 1 7
91 77 14 4 6 2 3 1 0 5 7
91 77 14 7 2 3 6 1 4 0 5
91 77 14 7 0 2 1 3 6 5 4
91 77 14 5 4 7 3 0 6 1 2
91 77 14 3 4 7 0 5 6 1 2
91 78 13 7 6 2 4 3 1 5 0
91 78 13 6 2 3 1 0 4 5 7
91 78 13 4 1 0 3 2 6 5 7
91 78 13 6 0 3 7 5 2 1 4
91 78 13 2 6 3 5 0 4 1 7
91 78 13 2 6 3 5 4 1 0 7
91 78 13 4 6 7 3 5 1 0 2
91 78 13 2 0 1 4 7 6 5 3
91 78 13 4 2 5 7 0 6 1 3
91 78 13 3 0 7 2 5 6 1 4
91 78 13 3 7 2 1 5 0 6 4
91 78 13 3 7 0 1 5 6 2 4
91 78 13 5 0 3 7 6 2 1 4
91 78 13 2 3 7 4 0 6 1 5
91 78 13 7 1 3 4 0 2 6 5
91 78 13 5 2 0 1 7 6 3 4
91 78 13 3 6 7 4 5 0 1 2
91 78 13 0 2 3 7 5 6 4 1
91 78 13 7 2 4 1 0 6 3 5
91 78 13 7 2 1 3 0 6 4 5
91 79 12 7 2 1 5 3 6 4 0
91 79 12 6 2 3 5 4 7 1 0
91 79 12 3 2 1 5 4 0 6 7
91 79 12 2 1 0 7 4 6 5 3
91 79 12 7 2 1 4 6 0 3 5
91 79 12 0 2 1 4 7 6 3 5
91 79 12 3 7 1 0 2 4 6 5
91 79 12 4 2 1 3 0 7 6 5
91 79 12 5 2 1 7 4 0 6 3
91 79 12 2 0 3 4 6 7 1 5
91 79 12 0 5 3 4 6 2 1 7
91 79 12 5 3 0 4 6 2 1 7
91 79 12 4 2 3 0 7 6 5 1
91 80 11 5 4 3 7 2 6 1 0
91 80 11 2 6 3 7 5 4 1 0
91 80 11 2 6 3 7 4 1 5 0
91 80 11 6 2 3 0 5 4 1 7
91 80 11 7 4 2 3 5 6 0 1
91 80 11 1 2 3 7 0 6 5 4
91 80 11 1 0 3 4 2 6 5 7
91 81 10 3 2 1 5 7 4 6 0
91 81 10 5 2 1 3 7 6 4 0
91 81 10 3 2 1 4 6 7 0 5
91 81 10 5 2 1 4 0 6 3 7
91 81 10 2 6 3 0 5 1 7 4
91 82 9 3 7 1 5 4 2 6 0
91 82 9 5 2 4 3 7 6 1 0
91 82 9 7 2 3 1 6 5 4 0
91 82 9 1 2 5 3 4 6 0 7
91 82 9 4 2 0 3 5 6 7 1
91 85 6 2 3 4 1 5 6 7 0
91 86 5 1 2 3 4 5 6 0 7
91 90 1 1 2 3 4 5 6 7 0