0 0 0 7 0 2 3 4 6 1 5
13 0 13 7 2 0 3 4 6 1 5
12 0 12 7 2 3 0 4 6 1 5
11 0 11 7 2 3 5 4 6 1 0
11 0 11 7 2 3 4 0 6 1 5
6 0 6 7 2 3 4 5 6 1 0
7 0 7 7 2 3 4 5 6 0 1
9 0 9 7 2 3 0 5 6 1 4
9 0 9 0 2 3 4 5 6 1 7
7 0 7 2 0 3 4 5 6 1 7
8 0 8 5 2 3 4 0 6 1 7
8 0 8 2 3 0 4 5 6 1 7
7 0 7 2 3 1 4 5 6 0 7
5 0 5 2 3 1 4 5 6 7 0
8 0 8 5 2 3 4 7 6 1 0
9 0 9 7 2 3 4 5 0 6 1
9 0 9 4 2 3 0 5 6 1 7
8 0 8 4 2 3 7 5 6 1 0
9 0 9 2 6 3 4 5 0 1 7
8 0 8 2 6 3 4 5 1 0 7
6 0 6 2 6 3 4 5 1 7 0
9 0 9 5 2 3 4 6 0 1 7
8 0 8 5 2 3 4 6 1 0 7
6 0 6 5 2 3 4 6 1 7 0
9 0 9 2 3 4 0 5 6 1 7
9 0 9 2 3 1 4 5 0 6 7
9 0 9 2 3 1 0 5 6 7 4
9 0 9 5 2 3 4 7 6 0 1
9 0 9 4 2 0 3 5 6 1 7
8 0 8 4 2 1 3 5 6 0 7
6 0 6 4 2 1 3 5 6 7 0
9 0 9 4 2 3 1 5 6 0 7
5 0 5 4 2 3 1 5 6 7 0
8 0 8 4 2 3 0 5 6 7 1
8 0 8 0 2 3 4 5 6 7 1
3 0 3 1 2 3 4 5 6 7 0