0 0 0 2 1 7 3 0 4 6 5
10 0 10 2 1 7 3 5 4 6 0
11 0 11 0 1 7 3 2 4 6 5
13 0 13 2 1 7 3 4 0 6 5
15 0 15 2 0 7 3 1 4 6 5
15 0 15 2 1 7 0 3 4 6 5
20 11 9 1 0 7 3 2 4 6 5
20 11 9 5 1 7 3 2 4 6 0
21 10 11 2 1 7 3 5 4 0 6
21 10 11 2 1 7 0 5 4 6 3
21 11 10 3 1 7 0 2 4 6 5
22 10 12 2 1 0 3 5 4 6 7
24 10 14 0 1 7 3 5 4 6 2
24 15 9 2 1 7 5 3 4 6 0
25 13 12 2 1 7 3 4 6 0 5
26 11 15 4 1 7 3 2 0 6 5
26 21 5 3 1 7 5 2 4 6 0
27 13 14 2 0 7 3 4 1 6 5
27 15 12 2 1 0 7 3 4 6 5
29 15 14 0 2 7 3 1 4 6 5
29 15 14 2 7 0 3 1 4 6 5
29 15 14 2 4 7 3 1 0 6 5
29 20 9 5 1 7 3 2 4 0 6
29 20 9 5 1 7 0 2 4 6 3
29 21 8 3 1 0 7 2 4 6 5
30 20 10 1 7 0 3 2 4 6 5
31 15 16 0 1 7 2 3 4 6 5
31 15 16 2 1 7 6 3 4 0 5
31 20 11 1 4 7 3 2 0 6 5
31 21 10 2 1 0 3 5 4 7 6
31 21 10 2 1 0 7 5 4 6 3
31 22 9 2 1 3 0 5 4 6 7
32 20 12 5 1 7 3 0 4 6 2
32 20 12 5 1 0 3 2 4 6 7
32 22 10 2 1 6 3 5 4 0 7
33 21 12 2 1 7 3 5 0 4 6
33 21 12 2 1 7 5 0 4 6 3
33 22 11 2 0 1 3 5 4 6 7
33 26 7 3 1 7 5 2 4 0 6
34 21 13 3 1 7 6 2 4 0 5
34 24 10 1 0 7 3 5 4 6 2
35 21 14 0 1 7 2 5 4 6 3
35 21 14 3 1 7 2 0 4 6 5
35 24 11 3 1 7 0 5 4 6 2
35 24 11 2 1 7 5 3 4 0 6
36 21 15 2 1 7 6 5 4 0 3
36 25 11 2 1 7 3 4 6 5 0
36 25 11 2 1 0 3 4 6 7 5
36 26 10 3 1 7 5 0 4 6 2
36 26 10 3 1 0 5 2 4 6 7
37 26 11 0 1 7 5 2 4 6 3
37 29 8 5 1 0 7 2 4 6 3
38 24 14 4 1 7 3 5 0 6 2
38 24 14 2 1 0 5 3 4 6 7
38 24 14 0 1 7 5 3 4 6 2
38 29 9 3 0 1 7 2 4 6 5
38 29 9 3 1 6 7 2 4 0 5
38 31 7 2 1 3 7 5 4 6 0
39 26 13 4 1 7 3 2 6 0 5
39 30 9 1 7 3 0 2 4 6 5
40 26 14 4 1 7 3 0 2 6 5
40 26 14 4 0 7 3 2 1 6 5
40 27 13 2 0 1 7 3 4 6 5
40 27 13 2 1 6 7 3 4 0 5
40 29 11 1 2 7 3 0 4 6 5
40 29 11 5 1 7 3 2 0 4 6
40 29 11 5 1 0 3 2 4 7 6
40 31 9 2 1 3 0 5 4 7 6
40 32 8 2 1 6 3 5 4 7 0
41 29 12 5 2 7 3 1 4 6 0
41 29 12 2 4 7 3 1 6 0 5
41 30 11 1 7 6 3 2 4 0 5
41 32 9 5 1 3 0 2 4 6 7
42 27 15 0 2 7 3 4 1 6 5
42 27 15 2 7 0 3 4 1 6 5
42 29 13 3 2 7 0 1 4 6 5
42 29 13 2 7 3 0 1 4 6 5
42 29 13 5 1 7 6 2 4 0 3
42 31 11 1 4 7 3 2 6 0 5
42 31 11 2 0 1 3 5 4 7 6
42 31 11 2 0 1 7 5 4 6 3
42 31 11 2 1 6 7 5 4 0 3
42 31 11 2 1 3 6 5 4 0 7
42 33 9 3 1 7 5 2 0 4 6
42 33 9 3 1 0 5 2 4 7 6
43 29 14 2 7 6 3 1 4 0 5
43 29 14 2 4 7 3 0 1 6 5
43 29 14 5 1 7 2 0 4 6 3
43 31 12 1 4 7 3 0 2 6 5
43 31 12 0 1 3 2 5 4 6 7
43 31 12 2 1 3 5 0 4 6 7
43 32 11 5 0 1 3 2 4 6 7
43 32 11 5 1 6 3 2 4 0 7
43 32 11 2 1 6 3 5 0 4 7
43 34 9 3 1 7 6 2 4 5 0
43 36 7 3 1 5 0 2 4 6 7
44 29 15 4 2 7 3 1 0 6 5
44 31 13 1 0 7 2 3 4 6 5
44 31 13 5 1 7 2 3 4 6 0
44 31 13 2 1 7 6 3 4 5 0
44 31 13 2 1 0 6 3 4 7 5
44 32 12 5 1 7 3 4 0 6 2
44 33 11 2 1 7 5 4 0 6 3
44 33 11 0 2 1 3 5 4 6 7
44 33 11 2 4 1 3 5 0 6 7
44 35 9 3 1 0 7 5 4 6 2
44 35 9 3 1 7 2 5 4 6 0
44 37 7 1 0 7 5 2 4 6 3
44 39 5 1 7 3 5 2 4 6 0
45 34 11 1 7 0 3 5 4 6 2
45 34 11 1 4 7 3 5 0 6 2
45 36 9 3 0 1 5 2 4 6 7
45 36 9 3 1 6 5 2 4 0 7
45 38 7 3 1 6 7 2 4 5 0
46 31 15 2 1 7 6 3 0 4 5
46 32 14 5 0 7 3 1 4 6 2
46 32 14 5 1 7 0 3 4 6 2
46 33 13 2 1 7 3 0 5 4 6
46 33 13 2 0 7 3 5 1 4 6
46 33 13 2 0 7 5 1 4 6 3
46 35 11 1 0 7 2 5 4 6 3
46 36 10 2 1 3 0 4 6 7 5
46 36 10 3 1 7 5 4 0 6 2
46 37 9 5 0 1 7 2 4 6 3
46 37 9 5 1 6 7 2 4 0 3
46 41 5 5 1 3 7 2 4 6 0
46 43 3 3 1 5 7 2 4 6 0
47 34 13 3 1 7 6 2 0 4 5
47 34 13 3 1 0 6 2 4 7 5
47 36 11 2 1 7 6 5 4 3 0
47 38 9 0 3 1 7 2 4 6 5
47 38 9 2 1 3 7 5 4 0 6
47 40 7 2 1 3 6 5 4 7 0
48 31 17 4 1 7 2 3 0 6 5
48 35 13 3 1 7 2 4 0 6 5
48 35 13 2 1 7 5 3 0 4 6
48 35 13 2 1 0 5 3 4 7 6
48 36 12 2 1 0 6 5 4 7 3
48 36 12 2 0 1 3 4 6 7 5
48 36 12 3 0 7 5 1 4 6 2
48 38 10 4 1 7 3 5 6 0 2
48 38 10 1 0 7 5 3 4 6 2
48 40 8 1 2 7 3 5 4 6 0
49 35 14 3 1 7 6 5 4 0 2
49 36 13 2 1 7 0 4 6 5 3
49 36 13 2 1 7 3 0 6 5 4
49 38 11 2 1 5 0 3 4 6 7
49 38 11 3 4 1 7 2 0 6 5
49 38 11 3 1 6 7 2 0 4 5
49 38 11 2 1 3 7 0 4 6 5
50 35 15 3 0 7 2 1 4 6 5
50 36 14 2 1 7 6 5 0 4 3
50 36 14 2 1 0 3 4 6 5 7
50 37 13 4 1 7 5 2 0 6 3
50 38 12 0 1 3 7 5 4 6 2
50 39 11 4 1 7 3 2 6 5 0
50 40 10 5 1 3 0 2 4 7 6
50 41 9 1 7 6 3 2 4 5 0
50 42 8 3 2 7 5 1 4 6 0
50 42 8 3 1 5 0 2 4 7 6
51 35 16 4 1 7 2 5 0 6 3
51 38 13 4 1 7 3 0 5 6 2
51 38 13 4 0 7 3 5 1 6 2
51 38 13 2 0 1 5 3 4 6 7
51 38 13 2 1 6 5 3 4 0 7
51 39 12 4 1 0 3 2 6 7 5
51 40 11 4 1 7 3 5 2 6 0
51 40 11 2 1 6 7 3 4 5 0
51 41 10 0 1 3 5 2 4 6 7
51 42 9 2 7 3 5 1 4 6 0
51 42 9 1 4 7 3 2 6 5 0
51 44 7 1 7 3 5 2 4 0 6
51 46 5 3 1 5 7 2 4 0 6
52 36 16 0 1 7 3 4 6 5 2
52 39 13 0 7 3 1 2 4 6 5
52 39 13 1 7 3 6 2 4 0 5
52 40 12 1 2 7 3 4 0 6 5
52 40 12 5 1 7 3 0 2 4 6
52 40 12 5 0 7 3 2 1 4 6
52 40 12 5 0 1 3 2 4 7 6
52 40 12 0 1 3 2 5 4 7 6
52 40 12 2 1 6 0 5 4 7 3
52 41 11 2 4 7 3 1 6 5 0
52 41 11 2 4 0 3 1 6 7 5
52 42 10 5 1 7 6 2 4 3 0
52 42 10 2 1 6 7 5 4 3 0
52 42 10 2 1 3 6 5 0 4 7
52 42 10 3 1 7 5 0 2 4 6
52 42 10 3 0 7 5 2 1 4 6
52 42 10 3 0 1 5 2 4 7 6
52 43 9 1 0 3 2 5 4 6 7
52 43 9 3 1 7 0 2 4 5 6
52 44 8 1 7 0 5 2 4 6 3
53 39 14 1 7 3 2 0 4 6 5
53 40 13 0 1 7 3 4 2 6 5
53 40 13 2 1 3 5 0 4 7 6
53 40 13 2 1 6 3 0 4 7 5
53 41 12 5 2 7 3 1 4 0 6
53 41 12 5 2 7 0 1 4 6 3
53 42 11 3 2 0 7 1 4 6 5
53 42 11 1 4 0 3 2 6 7 5
53 42 11 0 2 1 3 5 4 7 6
53 42 11 2 4 1 3 5 0 7 6
53 43 10 1 4 7 3 5 2 6 0
53 43 10 2 1 3 5 7 4 6 0
53 43 10 5 1 6 3 2 4 7 0
53 43 10 0 1 5 3 2 4 6 7
53 44 9 2 4 1 3 5 6 0 7
53 44 9 1 4 7 5 2 0 6 3
53 45 8 3 1 6 5 2 4 7 0
53 46 7 5 1 3 7 2 4 0 6
54 38 16 4 1 7 5 3 0 6 2
54 40 14 0 4 7 3 2 1 6 5
54 40 14 0 2 1 7 3 4 6 5
54 40 14 1 2 7 0 3 4 6 5
54 40 14 0 1 6 3 5 4 7 2
54 41 13 1 7 6 3 2 0 4 5
54 41 13 5 1 3 6 2 4 0 7
54 42 12 0 2 1 7 5 4 6 3
54 42 12 2 1 0 6 5 4 3 7
54 43 11 2 4 7 3 5 1 6 0
54 43 11 7 1 3 2 5 4 6 0
54 43 11 2 1 3 5 4 0 6 7
54 43 11 0 5 1 3 2 4 6 7
54 43 11 3 1 5 6 2 4 0 7
54 44 10 3 0 1 7 5 4 6 2
54 44 10 3 1 6 7 5 4 0 2
54 44 10 1 7 3 5 0 4 6 2
54 45 9 1 4 7 3 5 6 0 2
54 45 9 0 3 1 5 2 4 6 7
54 46 8 5 1 6 7 2 4 3 0
54 46 8 3 1 5 7 0 4 6 2
54 47 7 5 3 1 7 2 4 6 0
55 40 15 4 7 0 3 2 1 6 5
55 40 15 2 4 1 7 3 0 6 5
55 40 15 2 1 6 7 3 0 4 5
55 41 14 5 2 7 3 0 4 6 1
55 41 14 5 2 0 3 1 4 6 7
55 41 14 5 1 3 2 0 4 6 7
55 42 13 4 2 7 3 0 1 6 5
55 42 13 5 2 7 3 4 1 6 0
55 42 13 5 1 7 6 2 0 4 3
55 42 13 5 1 0 6 2 4 7 3
55 42 13 2 4 1 7 5 0 6 3
55 42 13 2 1 6 7 5 0 4 3
55 43 12 4 1 3 2 5 0 6 7
55 43 12 2 1 6 3 0 5 4 7
55 43 12 2 0 6 3 5 1 4 7
55 43 12 3 1 5 2 0 4 6 7
55 44 11 4 2 7 3 1 6 0 5
55 44 11 2 1 7 5 4 6 0 3
55 44 11 7 2 1 3 5 4 6 0
55 44 11 3 1 7 2 5 4 0 6
55 45 10 1 7 3 0 5 4 6 2
55 45 10 3 1 0 7 2 4 5 6
55 46 9 2 1 3 5 4 6 7 0
55 46 9 2 1 3 4 0 6 7 5
55 46 9 0 5 1 7 2 4 6 3
55 46 9 0 1 5 7 2 4 6 3
56 42 14 3 2 7 0 4 1 6 5
56 42 14 2 7 3 0 4 1 6 5
56 42 14 3 2 7 1 0 4 6 5
56 43 13 2 7 6 3 1 4 5 0
56 43 13 5 1 7 2 4 0 6 3
56 43 13 1 0 7 3 4 2 6 5
56 43 13 2 0 3 5 1 4 6 7
56 43 13 5 4 1 3 2 0 6 7
56 43 13 5 1 6 3 2 0 4 7
56 44 12 5 1 7 3 4 6 0 2
56 44 12 2 0 7 5 4 1 6 3
56 44 12 5 2 1 3 0 4 6 7
56 44 12 3 2 1 0 5 4 6 7
56 44 12 4 2 1 3 5 0 6 7
56 44 12 2 4 1 3 0 5 6 7
56 45 11 1 7 6 3 5 4 0 2
56 45 11 3 4 1 5 2 0 6 7
56 45 11 3 1 6 5 2 0 4 7
56 45 11 3 1 6 0 2 4 5 7
56 46 10 3 1 7 5 4 6 0 2
56 46 10 5 1 3 7 0 4 6 2
56 49 7 2 1 5 7 3 4 6 0
57 40 17 4 0 7 3 1 2 6 5
57 40 17 4 1 7 0 3 2 6 5
57 42 15 2 7 6 3 4 1 0 5
57 42 15 2 7 3 1 0 4 6 5
57 42 15 2 7 3 6 1 4 0 5
57 43 14 3 1 7 6 0 4 5 2
57 43 14 3 1 0 6 2 4 5 7
57 44 13 5 1 7 2 3 4 0 6
57 44 13 2 1 7 0 3 4 5 6
57 44 13 2 1 6 0 3 4 7 5
57 44 13 5 0 7 3 4 1 6 2
57 44 13 0 7 3 5 2 4 6 1
57 45 12 1 4 7 3 0 5 6 2
57 45 12 3 1 6 7 0 4 5 2
57 46 11 5 1 0 7 3 4 6 2
57 46 11 2 1 7 3 6 5 4 0
57 46 11 3 0 7 5 4 1 6 2
57 46 11 5 4 1 7 2 0 6 3
57 46 11 5 1 6 7 2 0 4 3
57 46 11 0 1 3 7 2 4 6 5
57 47 10 2 3 1 7 0 4 6 5
57 48 9 4 1 7 3 5 6 2 0
57 48 9 4 1 0 3 5 6 7 2
57 48 9 1 2 7 3 5 4 0 6
58 42 16 3 2 7 6 1 4 0 5
58 42 16 0 7 3 2 1 4 6 5
58 43 15 2 7 6 3 1 0 4 5
58 43 15 5 0 7 2 1 4 6 3
58 43 15 0 4 7 3 1 2 6 5
58 43 15 1 4 7 0 3 2 6 5
58 43 15 0 1 7 6 2 4 5 3
58 44 14 1 7 0 2 3 4 6 5
58 44 14 1 4 7 2 3 0 6 5
58 44 14 2 0 1 6 3 4 7 5
58 44 14 3 1 0 2 5 4 6 7
58 45 13 0 1 6 7 2 4 5 3
58 46 12 0 5 7 3 1 4 6 2
58 46 12 0 1 7 3 2 5 4 6
58 46 12 0 2 7 5 1 4 6 3
58 46 12 2 7 0 5 1 4 6 3
58 46 12 1 7 0 2 5 4 6 3
58 47 11 7 3 1 0 2 4 6 5
58 47 11 2 1 3 7 5 0 4 6
58 47 11 2 1 0 7 5 4 3 6
58 48 10 0 3 7 5 1 4 6 2
58 48 10 1 2 7 0 5 4 6 3
58 48 10 1 2 0 3 5 4 6 7
58 50 8 1 0 3 7 5 4 6 2
58 50 8 3 1 5 6 2 4 7 0
58 51 7 1 0 3 5 2 4 6 7
58 51 7 3 1 5 7 2 0 4 6
59 44 15 2 1 7 6 0 4 5 3
59 46 13 5 7 0 3 1 4 6 2
59 46 13 0 2 7 3 5 1 4 6
59 46 13 2 7 0 3 5 1 4 6
59 46 13 2 4 7 5 1 0 6 3
59 46 13 1 4 7 2 5 0 6 3
59 46 13 0 1 3 2 4 6 7 5
59 46 13 2 1 3 7 4 6 0 5
59 47 12 3 1 6 0 2 4 7 5
59 47 12 2 1 7 0 5 4 3 6
59 47 12 2 1 3 6 0 4 7 5
59 48 11 3 7 0 5 1 4 6 2
59 48 11 1 7 0 5 3 4 6 2
59 51 8 7 1 3 5 2 4 6 0
59 52 7 1 7 5 0 2 4 6 3
59 55 4 2 1 3 4 5 6 7 0
60 43 17 2 4 7 0 3 1 6 5
60 44 16 5 1 0 2 3 4 6 7
60 44 16 2 1 0 6 3 4 5 7
60 46 14 5 4 7 3 1 0 6 2
60 47 13 4 3 1 7 2 0 6 5
60 47 13 0 1 3 6 5 4 7 2
60 48 12 2 1 7 5 0 3 4 6
60 48 12 2 1 5 0 3 4 7 6
60 48 12 0 2 1 3 4 6 7 5
60 48 12 3 4 7 5 1 0 6 2
60 48 12 1 4 7 5 3 0 6 2
60 49 11 3 1 7 6 5 4 2 0
60 49 11 3 4 1 7 2 6 0 5
60 49 11 2 1 3 7 4 0 6 5
60 50 10 5 1 3 6 2 4 7 0
60 50 10 3 2 7 5 1 4 0 6
60 51 9 1 7 3 5 2 0 4 6
60 51 9 1 7 0 5 2 4 3 6
60 53 7 1 0 5 3 2 4 6 7
60 53 7 2 4 1 3 5 6 7 0
60 55 5 1 0 5 7 2 4 6 3
61 46 15 2 1 7 6 0 3 4 5
61 47 14 3 1 7 6 0 2 4 5
61 47 14 3 0 7 6 2 1 4 5
61 47 14 3 0 1 6 2 4 7 5
61 48 13 4 1 7 2 3 6 0 5
61 48 13 3 1 7 2 4 6 0 5
61 48 13 2 0 1 6 5 4 7 3
61 49 12 3 1 0 6 5 4 7 2
61 49 12 2 1 0 7 4 6 5 3
61 49 12 2 1 5 3 0 4 6 7
61 49 12 3 4 1 7 0 2 6 5
61 49 12 3 1 6 7 0 2 4 5
61 49 12 3 0 6 7 2 1 4 5
61 50 11 2 1 3 0 4 6 5 7
61 50 11 2 1 5 3 4 6 0 7
61 50 11 4 1 7 5 2 6 0 3
61 50 11 0 1 3 5 2 4 7 6
61 50 11 1 7 6 0 2 4 5 3
61 50 11 0 1 5 3 2 4 7 6
61 52 9 1 7 3 6 2 4 5 0
61 52 9 1 0 3 2 5 4 7 6
61 52 9 1 4 3 2 5 0 6 7
61 52 9 1 7 6 5 2 4 0 3
61 53 8 7 1 5 3 2 4 6 0
61 54 7 5 3 1 7 2 4 0 6
62 44 18 0 1 7 6 3 4 5 2
62 46 16 2 0 7 6 3 1 4 5
62 46 16 5 1 7 6 3 4 0 2
62 46 16 2 0 7 3 1 5 4 6
62 46 16 2 1 7 0 3 5 4 6
62 48 14 3 0 7 2 4 1 6 5
62 48 14 2 0 7 5 3 1 4 6
62 48 14 2 0 1 5 3 4 7 6
62 48 14 2 6 1 3 4 0 7 5
62 49 13 2 1 7 3 6 0 5 4
62 49 13 0 1 7 3 2 6 5 4
62 49 13 2 0 3 7 1 4 6 5
62 50 12 4 1 7 5 0 2 6 3
62 50 12 4 0 7 5 2 1 6 3
62 50 12 7 1 3 0 5 4 6 2
62 50 12 1 7 0 3 2 4 5 6
62 50 12 3 2 7 5 0 4 6 1
62 51 11 4 1 7 3 2 5 6 0
62 51 11 4 1 3 0 2 6 7 5
62 51 11 2 7 3 5 1 4 0 6
62 51 11 1 4 7 0 2 6 5 3
62 52 10 5 7 3 1 2 4 6 0
62 52 10 1 2 7 3 4 6 0 5
62 52 10 2 0 4 3 1 6 7 5
62 52 10 2 4 3 0 1 6 7 5
62 52 10 5 1 7 0 2 4 3 6
62 52 10 3 1 7 5 6 2 4 0
62 52 10 0 3 7 5 2 1 4 6
62 52 10 0 3 1 5 2 4 7 6
62 52 10 1 3 0 2 5 4 6 7
62 53 9 1 7 3 2 5 4 6 0
62 53 9 1 4 7 5 2 6 0 3
62 53 9 5 1 3 7 2 0 4 6
62 53 9 5 1 0 7 2 4 3 6
62 54 8 1 2 7 5 3 4 6 0
62 54 8 1 4 7 3 5 6 2 0
62 54 8 1 4 0 3 5 6 7 2
62 54 8 7 3 1 5 2 4 6 0
62 54 8 3 1 5 7 4 0 6 2
62 55 7 3 5 1 7 2 4 6 0
63 47 16 2 1 7 6 0 4 3 5
63 48 15 4 1 7 2 0 3 6 5
63 48 15 0 2 7 3 5 4 6 1
63 49 14 3 1 7 6 5 0 4 2
63 49 14 2 1 7 4 0 6 5 3
63 49 14 0 1 5 2 3 4 6 7
63 49 14 2 1 3 0 7 4 6 5
63 50 13 0 3 7 2 1 4 6 5
63 50 13 2 0 1 3 4 6 5 7
63 50 13 4 1 7 0 2 6 5 3
63 50 13 3 2 0 5 1 4 6 7
63 50 13 3 1 5 2 0 4 7 6
63 51 12 4 1 7 2 5 6 0 3
63 51 12 2 1 6 5 3 4 7 0
63 51 12 4 1 7 3 5 2 0 6
63 52 11 7 0 3 1 2 4 6 5
63 52 11 6 1 3 2 5 4 7 0
63 52 11 2 1 3 6 0 5 4 7
63 52 11 2 0 3 6 5 1 4 7
63 52 11 3 7 0 5 2 1 4 6
63 53 10 2 1 3 5 6 4 7 0
63 53 10 1 0 4 3 2 6 7 5
63 53 10 1 4 3 0 2 6 7 5
63 53 10 2 4 0 3 5 6 1 7
63 53 10 1 4 7 5 0 2 6 3
63 54 9 3 1 6 7 5 4 2 0
63 54 9 5 3 1 0 2 4 6 7
63 55 8 4 1 3 2 5 6 0 7
63 55 8 2 1 3 4 6 0 7 5
63 55 8 2 1 5 7 0 4 6 3
64 47 17 0 1 7 6 5 4 3 2
64 48 16 4 0 7 2 3 1 6 5
64 49 15 2 0 7 3 1 6 5 4
64 49 15 2 1 7 0 3 6 5 4
64 49 15 2 1 5 6 3 4 0 7
64 50 14 3 7 0 2 1 4 6 5
64 50 14 4 1 3 7 5 0 6 2
64 50 14 4 1 7 3 0 6 5 2
64 50 14 5 1 3 2 0 4 7 6
64 50 14 1 7 6 3 0 4 5 2
64 51 13 0 1 7 3 4 5 6 2
64 51 13 4 7 0 3 5 1 6 2
64 51 13 4 0 1 3 2 6 7 5
64 51 13 4 1 7 0 5 2 6 3
64 51 13 4 1 0 3 5 2 6 7
64 51 13 2 1 6 7 0 4 5 3
64 51 13 4 1 3 5 2 0 6 7
64 51 13 2 7 3 5 0 4 6 1
64 51 13 1 4 7 3 0 6 5 2
64 52 12 1 0 7 3 4 6 5 2
64 52 12 5 1 7 3 6 2 4 0
64 52 12 0 5 7 3 2 1 4 6
64 52 12 0 5 1 3 2 4 7 6
64 52 12 4 1 3 2 5 0 7 6
64 52 12 2 1 6 0 5 4 3 7
64 52 12 3 4 1 5 2 0 7 6
64 52 12 0 1 7 3 2 4 5 6
64 53 11 5 1 7 3 4 2 6 0
64 53 11 5 2 0 7 1 4 6 3
64 53 11 3 0 2 7 1 4 6 5
64 53 11 6 2 1 3 5 4 7 0
64 53 11 2 4 1 3 5 7 0 6
64 53 11 1 4 7 3 5 2 0 6
64 53 11 1 4 7 0 5 2 6 3
64 53 11 2 1 3 5 7 4 0 6
64 54 10 1 0 6 3 5 4 7 2
64 54 10 3 2 1 7 5 4 6 0
64 54 10 3 5 1 0 2 4 6 7
64 54 10 7 5 1 3 2 4 6 0
64 54 10 0 3 1 7 5 4 6 2
64 54 10 1 7 3 5 4 0 6 2
64 54 10 2 3 1 5 0 4 6 7
64 54 10 0 1 5 7 3 4 6 2
64 54 10 3 0 5 7 1 4 6 2
64 54 10 5 3 1 7 0 4 6 2
64 54 10 5 3 0 7 2 4 6 1
64 55 9 3 0 1 7 2 4 5 6
64 55 9 7 1 5 0 2 4 6 3
64 56 8 4 2 1 3 5 6 0 7
64 57 7 1 0 3 7 2 4 6 5
64 58 6 1 3 0 5 2 4 6 7
64 59 5 1 7 5 3 2 4 6 0
64 59 5 2 1 3 4 5 6 0 7
65 49 16 0 1 7 2 4 6 5 3
65 50 15 3 4 7 2 1 0 6 5
65 50 15 2 1 7 6 0 5 4 3
65 50 15 2 0 7 6 5 1 4 3
65 50 15 4 1 0 3 2 6 5 7
65 51 14 0 4 7 3 5 1 6 2
65 51 14 0 2 1 5 3 4 6 7
65 51 14 2 1 6 0 3 4 5 7
65 51 14 2 1 0 7 3 4 5 6
65 51 14 0 7 3 5 1 4 6 2
65 51 14 1 4 0 3 2 6 5 7
65 52 13 3 1 7 0 4 6 5 2
65 52 13 1 7 3 6 2 0 4 5
65 52 13 1 7 0 6 2 4 3 5
65 52 13 0 1 7 3 5 2 4 6
65 52 13 5 7 0 3 2 1 4 6
65 52 13 0 1 7 5 3 2 4 6
65 52 13 3 0 7 5 1 2 4 6
65 52 13 3 1 7 0 5 2 4 6
65 53 12 3 1 7 0 4 2 6 5
65 53 12 2 1 3 5 4 0 7 6
65 53 12 5 2 0 3 1 4 7 6
65 53 12 3 2 6 7 1 4 0 5
65 53 12 5 2 1 3 0 4 7 6
65 53 12 3 2 1 0 5 4 7 6
65 53 12 4 2 1 3 5 0 7 6
65 53 12 2 4 1 3 0 5 7 6
65 53 12 1 4 0 3 5 2 6 7
65 53 12 5 1 6 0 2 4 7 3
65 54 11 3 2 1 7 0 4 6 5
65 54 11 1 2 0 7 3 4 6 5
65 54 11 5 2 1 7 0 4 6 3
65 54 11 7 1 3 2 5 4 0 6
65 54 11 2 1 3 5 4 6 0 7
65 54 11 3 1 5 6 2 0 4 7
65 55 10 4 2 7 3 5 1 6 0
65 55 10 3 1 5 2 7 4 6 0
65 55 10 4 2 7 3 1 6 5 0
65 55 10 4 2 0 3 1 6 7 5
65 55 10 2 1 7 5 4 6 3 0
65 55 10 0 1 3 4 2 6 7 5
65 55 10 2 0 3 4 1 6 7 5
65 55 10 2 5 1 7 0 4 6 3
65 56 9 3 2 7 5 4 1 6 0
65 56 9 3 1 7 5 4 6 2 0
65 56 9 2 1 5 7 3 4 0 6
65 57 8 2 3 1 7 5 4 6 0
65 57 8 4 1 3 0 5 6 7 2
65 57 8 1 2 0 3 5 4 7 6
65 58 7 1 3 7 5 0 4 6 2
65 58 7 1 2 3 0 5 4 6 7
65 58 7 1 3 0 7 5 4 6 2
66 51 15 4 1 7 2 0 5 6 3
66 51 15 4 0 7 2 5 1 6 3
66 51 15 2 4 1 5 3 0 6 7
66 51 15 2 1 6 5 3 0 4 7
66 51 15 0 1 7 3 5 2 6 4
66 52 14 5 4 1 3 2 0 7 6
66 52 14 2 4 0 3 1 6 5 7
66 52 14 2 1 6 7 0 4 3 5
66 52 14 3 1 7 2 0 4 5 6
66 53 13 1 7 3 2 4 0 6 5
66 53 13 2 1 6 3 4 0 7 5
66 53 13 4 1 5 3 2 0 6 7
66 53 13 3 1 6 5 0 4 7 2
66 54 12 5 4 7 3 2 1 6 0
66 54 12 5 2 1 7 3 4 6 0
66 54 12 2 4 7 3 5 1 0 6
66 54 12 2 0 3 5 4 1 6 7
66 54 12 2 5 1 3 0 4 6 7
66 54 12 3 4 1 7 5 0 6 2
66 54 12 3 1 6 7 5 0 4 2
66 54 12 1 0 3 5 7 4 6 2
66 54 12 5 1 6 0 2 4 3 7
66 54 12 3 1 5 0 7 4 6 2
66 55 11 5 2 3 0 1 4 6 7
66 55 11 4 1 3 2 0 5 6 7
66 55 11 4 0 3 2 5 1 6 7
66 55 11 3 1 5 2 4 0 6 7
66 55 11 7 2 1 3 5 4 0 6
66 55 11 2 1 3 5 0 6 7 4
66 55 11 7 5 1 0 2 4 6 3
66 55 11 4 1 5 7 2 0 6 3
66 56 10 2 7 3 5 4 1 6 0
66 56 10 3 2 7 1 5 4 6 0
66 56 10 2 3 0 5 1 4 6 7
66 56 10 1 7 6 3 5 4 2 0
66 56 10 5 1 3 7 4 0 6 2
66 57 9 1 4 7 3 2 5 6 0
66 58 8 1 2 6 3 5 4 0 7
66 58 8 3 1 5 7 0 2 4 6
66 58 8 3 0 5 7 2 1 4 6
66 59 7 2 1 3 0 5 6 7 4
66 60 6 1 5 0 7 2 4 6 3
67 50 17 0 7 6 3 2 4 5 1
67 51 16 4 0 7 3 1 5 6 2
67 51 16 4 1 7 0 3 5 6 2
67 51 16 0 1 6 7 3 4 5 2
67 52 15 5 0 7 3 1 2 4 6
67 52 15 5 1 7 0 3 2 4 6
67 52 15 0 1 6 2 5 4 7 3
67 52 15 2 1 6 5 0 4 7 3
67 52 15 2 4 7 0 1 6 5 3
67 52 15 2 4 7 3 0 6 5 1
67 52 15 5 1 7 6 0 4 3 2
67 52 15 5 1 0 6 2 4 3 7
67 52 15 0 1 6 7 5 4 3 2
67 53 14 1 0 3 2 7 4 6 5
67 53 14 2 0 3 5 1 4 7 6
67 53 14 0 1 6 3 2 4 7 5
67 53 14 5 2 7 3 1 0 4 6
67 53 14 5 2 7 1 0 4 6 3
67 53 14 2 1 0 5 7 4 6 3
67 53 14 0 1 3 5 7 4 6 2
67 53 14 5 1 6 3 0 4 7 2
67 53 14 0 1 6 5 2 4 7 3
67 54 13 4 1 7 5 0 3 6 2
67 54 13 3 4 7 0 2 1 6 5
67 54 13 3 1 6 0 5 4 7 2
67 54 13 4 1 6 3 5 0 7 2
67 54 13 1 0 6 3 2 7 4 5
67 54 13 5 1 3 6 2 0 4 7
67 54 13 2 0 1 6 5 4 3 7
67 54 13 2 4 0 3 5 1 6 7
67 54 13 4 3 1 5 2 0 6 7
67 54 13 5 1 6 7 0 4 3 2
67 55 12 5 2 6 3 1 4 0 7
67 55 12 5 1 3 2 7 4 6 0
67 55 12 2 1 6 3 7 5 4 0
67 55 12 0 2 6 3 5 1 4 7
67 55 12 2 6 0 3 5 1 4 7
67 55 12 3 1 0 2 5 4 7 6
67 55 12 1 7 3 6 5 4 0 2
67 56 11 5 1 7 3 4 6 2 0
67 56 11 3 2 0 1 5 4 6 7
67 56 11 4 2 1 3 0 5 6 7
67 56 11 3 4 1 5 2 6 0 7
67 57 10 2 7 3 1 5 4 6 0
67 57 10 7 0 3 5 2 4 6 1
67 57 10 4 0 1 3 5 6 7 2
67 57 10 1 2 7 3 5 0 4 6
67 58 9 1 4 7 5 3 2 6 0
67 58 9 1 0 6 7 2 4 5 3
67 58 9 1 5 7 3 0 4 6 2
67 58 9 1 2 7 5 0 4 6 3
67 58 9 2 3 7 5 1 4 6 0
67 58 9 1 2 0 7 5 4 6 3
67 58 9 1 0 2 3 5 4 6 7
67 58 9 1 4 3 5 2 0 6 7
67 59 8 7 1 3 5 2 4 0 6
67 60 7 1 4 5 7 2 0 6 3
68 51 17 0 4 7 3 2 6 5 1
68 52 16 6 1 7 3 4 0 5 2
68 52 16 4 7 3 1 2 0 6 5
68 52 16 0 1 7 6 2 4 3 5
68 53 15 2 0 6 3 1 4 7 5
68 54 14 4 1 7 5 3 6 0 2
68 54 14 1 2 7 6 3 4 0 5
68 54 14 1 7 6 3 0 2 4 5
68 54 14 7 2 1 0 5 4 6 3
68 54 14 2 4 7 0 5 1 6 3
68 54 14 7 1 3 2 0 4 6 5
68 54 14 0 1 6 7 2 4 3 5
68 55 13 5 0 7 3 2 4 6 1
68 55 13 5 0 2 3 1 4 6 7
68 55 13 5 1 3 2 4 0 6 7
68 55 13 5 2 7 3 4 1 0 6
68 55 13 5 2 7 0 4 1 6 3
68 55 13 2 4 1 7 0 5 6 3
68 55 13 2 4 1 7 5 6 0 3
68 55 13 2 1 6 7 0 5 4 3
68 55 13 3 0 5 2 1 4 6 7
68 55 13 2 1 0 5 4 6 7 3
68 55 13 3 1 7 2 5 0 4 6
68 55 13 4 5 1 7 2 0 6 3
68 56 12 3 2 0 7 4 1 6 5
68 56 12 3 0 7 1 2 4 6 5
68 56 12 1 7 0 3 4 2 6 5
68 56 12 0 2 3 5 1 4 6 7
68 56 12 5 1 0 3 4 6 7 2
68 56 12 5 2 1 3 7 4 6 0
68 56 12 4 0 1 3 5 2 6 7
68 56 12 2 4 1 3 7 5 6 0
68 56 12 1 7 6 3 5 0 4 2
68 56 12 3 4 1 5 0 2 6 7
68 56 12 3 1 6 5 0 2 4 7
68 56 12 3 0 6 5 2 1 4 7
68 56 12 3 1 0 5 4 6 7 2
68 56 12 5 0 3 7 1 4 6 2
68 57 11 4 1 7 5 3 2 6 0
68 57 11 2 1 7 3 6 5 0 4
68 57 11 0 3 7 5 4 1 6 2
68 57 11 5 4 1 7 2 6 0 3
68 57 11 7 1 3 0 2 4 6 5
68 57 11 2 3 1 7 4 0 6 5
68 58 10 1 0 7 3 2 5 4 6
68 58 10 7 3 0 1 2 4 6 5
68 58 10 1 4 3 7 5 0 6 2
68 59 9 2 1 3 7 4 6 5 0
68 59 9 0 1 3 4 5 6 7 2
68 60 8 1 0 7 5 2 4 3 6
68 60 8 1 7 5 0 2 4 3 6
68 60 8 1 5 0 3 2 4 6 7
68 61 7 1 4 3 2 5 6 0 7
69 52 17 0 4 7 3 1 6 5 2
69 53 16 5 2 7 6 1 4 0 3
69 54 15 4 0 7 5 3 1 6 2
69 54 15 7 2 1 0 3 4 6 5
69 54 15 7 1 0 2 5 4 6 3
69 54 15 4 5 1 3 2 0 6 7
69 55 14 4 7 3 0 2 1 6 5
69 55 14 2 4 1 7 0 3 6 5
69 55 14 2 4 1 7 3 6 0 5
69 55 14 2 1 6 7 0 3 4 5
69 55 14 5 2 7 3 4 0 6 1
69 55 14 5 2 7 3 0 1 6 4
69 55 14 5 1 7 6 0 2 4 3
69 55 14 5 0 7 6 2 1 4 3
69 55 14 5 0 1 6 2 4 7 3
69 55 14 2 0 6 7 5 1 4 3
69 55 14 0 1 6 3 2 5 4 7
69 55 14 7 2 1 3 0 4 6 5
69 55 14 7 2 0 3 5 4 6 1
69 55 14 0 7 3 1 5 4 6 2
69 56 13 2 7 3 4 0 1 6 5
69 56 13 3 2 7 1 4 0 6 5
69 56 13 5 1 7 2 4 6 0 3
69 56 13 2 4 3 5 1 0 6 7
69 56 13 5 4 1 3 2 6 0 7
69 56 13 0 2 7 5 4 1 6 3
69 56 13 2 7 0 5 4 1 6 3
69 56 13 5 2 1 3 4 0 6 7
69 56 13 3 2 1 5 0 4 6 7
69 56 13 3 2 1 6 5 4 0 7
69 57 12 2 7 3 6 1 4 5 0
69 57 12 5 7 3 0 2 4 6 1
69 57 12 3 1 6 7 4 0 5 2
69 57 12 5 0 1 7 3 4 6 2
69 57 12 5 1 6 7 3 4 0 2
69 57 12 3 7 0 5 4 1 6 2
69 57 12 5 4 1 7 0 2 6 3
69 57 12 5 1 6 7 0 2 4 3
69 57 12 5 0 6 7 2 1 4 3
69 57 12 4 1 0 3 5 6 2 7
69 58 11 1 0 7 6 2 4 5 3
69 58 11 3 1 2 0 5 4 6 7
69 58 11 3 5 7 0 1 4 6 2
69 58 11 2 5 7 3 1 4 6 0
69 58 11 3 1 7 0 2 5 4 6
69 58 11 2 7 5 0 1 4 6 3
69 58 11 1 7 2 0 5 4 6 3
69 58 11 2 1 3 7 0 5 4 6
69 58 11 5 3 7 0 1 4 6 2
69 59 10 1 0 3 2 4 6 7 5
69 59 10 4 1 3 2 0 6 7 5
69 59 10 3 7 5 0 1 4 6 2
69 59 10 1 7 5 0 3 4 6 2
69 59 10 2 1 0 4 5 6 7 3
69 60 9 1 0 3 6 5 4 7 2
69 60 9 3 4 1 7 2 6 5 0
69 60 9 1 0 3 5 2 7 4 6
69 60 9 1 4 5 3 2 0 6 7
69 61 8 1 0 3 5 2 4 7 6
69 61 8 1 0 5 3 2 4 7 6
69 61 8 1 7 6 5 2 4 3 0
69 61 8 7 1 5 3 2 4 0 6
69 61 8 5 3 0 7 2 4 1 6
69 62 7 1 7 5 3 2 4 0 6
69 62 7 1 0 4 3 5 6 7 2
69 62 7 1 4 3 0 5 6 7 2
69 62 7 3 5 1 7 2 4 0 6
69 63 6 4 1 3 2 5 6 7 0
69 64 5 1 3 5 0 2 4 6 7
69 65 4 1 3 7 5 2 4 6 0
70 53 17 0 4 7 3 5 2 6 1
70 54 16 0 2 7 1 3 4 6 5
70 54 16 4 2 1 7 5 0 6 3
70 55 15 5 0 3 2 1 4 6 7
70 55 15 5 2 0 3 4 1 6 7
70 55 15 2 0 6 3 1 5 4 7
70 55 15 2 1 6 0 3 5 4 7
70 55 15 0 1 3 5 4 6 7 2
70 56 14 3 2 7 4 0 1 6 5
70 56 14 5 0 7 2 4 1 6 3
70 56 14 5 4 1 3 0 2 6 7
70 56 14 5 1 6 3 0 2 4 7
70 56 14 5 0 6 3 2 1 4 7
70 56 14 0 4 1 3 2 5 6 7
70 56 14 0 1 6 3 2 4 5 7
70 56 14 5 1 3 0 7 4 6 2
70 57 13 3 0 1 6 2 4 5 7
70 57 13 0 5 7 3 4 1 6 2
70 57 13 1 0 7 3 4 5 6 2
70 57 13 2 1 0 3 6 5 4 7
70 57 13 4 1 3 7 2 0 6 5
70 57 13 4 1 7 0 5 6 2 3
70 58 12 3 2 7 6 1 4 5 0
70 58 12 1 4 0 7 3 2 6 5
70 58 12 6 1 7 0 2 4 5 3
70 58 12 1 4 7 2 3 6 0 5
70 58 12 3 1 6 2 5 4 0 7
70 58 12 6 1 7 3 2 5 4 0
70 58 12 2 0 3 7 5 1 4 6
70 58 12 2 0 1 7 5 4 3 6
70 59 11 2 7 4 3 5 1 0 6
70 59 11 1 4 7 2 5 6 0 3
70 59 11 5 1 3 2 4 6 7 0
70 59 11 7 1 3 5 0 4 6 2
70 59 11 7 1 0 5 2 4 6 3
70 59 11 0 7 5 1 2 4 6 3
70 59 11 1 7 5 6 2 4 0 3
70 60 10 4 2 1 3 0 6 7 5
70 60 10 1 7 3 5 0 2 4 6
70 61 9 2 1 5 7 4 6 0 3
70 61 9 2 1 5 3 4 6 7 0
70 61 9 1 7 3 0 2 4 5 6
70 61 9 1 4 3 2 5 0 7 6
70 61 9 5 3 1 7 2 0 4 6
70 62 8 1 4 7 5 2 6 3 0
70 62 8 7 3 1 5 2 4 0 6
70 62 8 3 1 5 7 4 6 0 2
70 64 6 4 2 1 3 5 6 7 0
70 64 6 1 3 0 7 2 4 6 5
70 69 1 1 3 5 7 2 4 6 0