0 0 0 2 1 7 3 0 4 6 5
10 0 10 2 1 7 3 5 4 6 0
11 0 11 0 1 7 3 2 4 6 5
9 0 9 1 0 7 3 2 4 6 5
9 0 9 5 1 7 3 2 4 6 0
9 0 9 5 1 7 3 2 4 0 6
9 0 9 5 1 7 0 2 4 6 3
8 0 8 5 1 0 7 2 4 6 3
9 0 9 5 0 1 7 2 4 6 3
9 0 9 5 1 6 7 2 4 0 3
8 0 8 5 1 6 7 2 4 3 0
9 0 9 0 5 1 7 2 4 6 3
7 0 7 3 5 1 7 2 4 6 0
7 0 7 3 5 1 7 2 4 0 6
8 0 8 3 5 0 7 2 4 1 6
7 0 7 3 0 5 7 2 4 1 6
7 0 7 0 3 5 7 2 4 1 6
7 0 7 6 3 5 7 2 4 1 0
7 0 7 6 3 5 7 2 4 0 1
8 0 8 2 3 5 7 0 4 1 6
8 0 8 2 3 5 7 6 4 1 0
9 0 9 3 5 1 0 2 4 6 7
9 0 9 3 5 1 7 2 0 4 6
9 0 9 3 5 7 0 2 4 1 6
9 0 9 3 4 5 7 2 0 1 6
8 0 8 3 4 5 7 2 1 0 6
6 0 6 3 4 5 7 2 1 6 0
9 0 9 7 3 5 0 2 4 1 6
8 0 8 7 3 5 6 2 4 1 0
9 0 9 6 3 5 0 2 4 1 7
9 0 9 6 3 5 7 2 0 4 1
9 0 9 2 3 5 7 4 0 1 6
8 0 8 2 3 5 7 4 1 0 6
6 0 6 2 3 5 7 4 1 6 0
9 0 9 2 3 5 7 6 4 0 1
9 0 9 3 5 0 1 2 4 6 7
8 0 8 3 0 5 1 2 4 6 7
8 0 8 0 3 5 1 2 4 6 7
6 0 6 1 3 5 0 2 4 6 7
1 0 1 1 3 5 7 2 4 6 0