0 0 0 0 1 5 2 6 7 3 4
13 0 13 1 0 5 2 6 7 3 4
14 0 14 2 1 5 0 6 7 3 4
14 0 14 4 1 5 2 6 7 3 0
15 0 15 6 1 5 2 0 7 3 4
17 0 17 7 1 5 2 6 0 3 4
23 14 9 2 1 5 4 6 7 3 0
26 13 13 1 5 0 2 6 7 3 4
27 13 14 1 7 5 2 6 0 3 4
27 14 13 2 1 5 3 6 7 0 4
28 14 14 2 1 0 5 6 7 3 4
28 14 14 4 1 5 2 6 7 0 3
28 14 14 4 1 5 0 6 7 3 2
28 15 13 6 1 5 2 4 7 3 0
29 15 14 6 1 5 0 2 7 3 4
30 14 16 2 1 5 6 0 7 3 4
30 14 16 4 1 5 2 0 7 3 6
30 14 16 4 1 0 2 6 7 3 5
31 15 16 6 1 5 2 7 0 3 4
31 17 14 7 1 5 2 0 6 3 4
31 17 14 7 1 5 2 6 3 0 4
33 15 18 6 0 5 2 1 7 3 4
33 17 16 7 0 5 2 6 1 3 4
34 23 11 2 1 5 4 6 7 0 3
36 23 13 2 1 5 4 0 7 3 6
36 23 13 2 1 0 4 6 7 3 5
36 26 10 1 5 3 2 6 7 0 4
37 27 10 2 1 5 3 6 7 4 0
38 23 15 0 1 5 4 6 7 3 2
38 26 12 1 5 2 0 6 7 3 4
38 27 11 2 1 5 3 6 0 7 4
39 27 12 2 1 0 3 6 7 5 4
39 28 11 2 1 3 5 6 7 0 4
39 29 10 6 1 5 4 2 7 3 0
40 27 13 1 7 5 2 0 6 3 4
40 27 13 1 7 5 2 6 3 0 4
41 28 13 6 1 5 2 4 7 0 3
41 28 13 6 1 5 0 4 7 3 2
41 30 11 4 1 3 2 6 7 0 5
42 28 14 4 1 5 2 6 0 7 3
42 28 14 4 1 5 3 6 7 0 2
42 29 13 6 1 0 5 2 7 3 4
42 29 13 6 1 5 3 2 7 0 4
43 28 15 2 0 1 5 6 7 3 4
43 28 15 4 1 0 2 6 7 5 3
43 28 15 4 1 0 5 6 7 3 2
43 30 13 2 1 5 6 4 7 3 0
43 30 13 4 1 2 0 6 7 3 5
43 31 12 7 1 5 2 4 6 3 0
43 31 12 7 1 5 2 6 3 4 0
44 28 16 0 1 5 2 4 7 3 6
44 29 15 0 1 5 6 2 7 3 4
44 30 14 4 1 5 0 2 7 3 6
44 31 13 7 1 5 0 2 6 3 4
44 36 8 2 1 3 4 6 7 0 5
45 28 17 4 1 5 6 0 7 3 2
45 30 15 2 1 5 6 7 0 3 4
45 30 15 4 0 1 2 6 7 3 5
45 34 11 2 1 5 4 6 0 7 3
45 36 9 1 5 3 2 6 7 4 0
46 30 16 4 1 5 2 7 0 3 6
46 31 15 6 1 5 2 7 3 0 4
46 31 15 0 1 5 2 7 6 3 4
46 31 15 7 1 0 2 6 3 5 4
46 34 12 2 1 0 4 6 7 5 3
46 36 10 1 5 3 2 6 0 7 4
46 38 8 1 5 2 4 6 7 3 0
47 28 19 6 1 0 2 4 7 3 5
47 30 17 2 0 5 6 1 7 3 4
48 30 18 4 0 5 2 1 7 3 6
48 31 17 6 0 5 2 7 1 3 4
48 31 17 7 0 5 2 1 6 3 4
48 36 12 0 1 5 4 2 7 3 6
48 36 12 2 0 1 4 6 7 3 5
48 36 12 2 1 4 0 6 7 3 5
48 38 10 2 1 5 3 0 6 7 4
49 33 16 6 7 5 2 1 0 3 4
49 33 16 7 5 0 2 6 1 3 4
49 36 13 2 1 5 4 7 0 3 6
49 38 11 1 0 5 4 6 7 3 2
49 39 10 2 1 3 5 6 7 4 0
50 33 17 0 6 5 2 1 7 3 4
50 33 17 6 5 0 2 1 7 3 4
50 33 17 0 7 5 2 6 1 3 4
50 36 14 2 1 5 0 4 7 3 6
50 37 13 2 1 5 0 6 7 4 3
50 37 13 2 1 5 3 0 7 4 6
50 38 12 1 5 2 3 6 7 0 4
50 38 12 2 0 5 3 6 1 7 4
50 39 11 2 1 3 0 6 7 5 4
50 39 11 2 1 3 5 6 0 7 4
50 39 11 6 1 5 4 2 7 0 3
51 36 15 2 0 5 4 1 7 3 6
51 37 14 2 1 0 3 6 7 4 5
51 40 11 1 7 5 2 4 6 3 0
51 40 11 1 7 5 2 6 3 4 0
51 41 10 4 1 3 2 6 7 5 0
51 42 9 6 1 5 3 2 7 4 0
51 44 7 2 1 3 4 6 7 5 0
52 38 14 6 1 5 4 0 7 3 2
52 39 13 2 0 1 3 6 7 5 4
52 40 12 1 7 5 0 2 6 3 4
52 41 11 4 1 3 2 6 0 7 5
52 44 8 2 1 3 4 6 0 7 5
53 37 16 0 1 5 3 6 7 4 2
53 38 15 7 1 5 4 6 0 3 2
53 38 15 1 5 2 6 0 7 3 4
53 42 11 4 1 5 3 6 7 2 0
53 42 11 6 1 3 5 2 7 0 4
53 44 9 7 1 5 4 2 6 3 0
54 38 16 0 5 2 1 6 7 3 4
54 40 14 1 7 0 2 6 3 5 4
54 42 12 4 1 5 3 6 0 7 2
54 42 12 6 1 5 3 2 0 7 4
55 40 15 1 0 5 2 7 6 3 4
55 41 14 6 1 5 2 4 0 7 3
55 41 14 6 1 0 5 4 7 3 2
55 41 14 6 1 5 3 4 7 0 2
55 42 13 4 1 5 2 0 6 7 3
55 42 13 4 1 0 3 6 7 5 2
55 43 12 4 1 3 5 6 7 0 2
55 43 12 4 1 2 5 6 7 3 0
55 43 12 7 1 5 2 4 6 0 3
55 43 12 7 1 5 0 4 6 3 2
55 44 11 0 1 5 7 2 6 3 4
55 45 10 2 1 5 4 0 6 7 3
55 46 9 1 5 3 2 0 6 7 4
55 46 9 1 0 3 2 6 5 7 4
56 39 17 6 1 0 4 2 7 3 5
56 40 16 0 7 5 2 1 6 3 4
56 42 14 6 0 1 5 2 7 3 4
56 42 14 6 1 0 3 2 7 5 4
56 43 13 2 1 5 6 4 7 0 3
56 43 13 0 1 2 4 6 7 3 5
56 43 13 4 1 2 3 6 7 0 5
56 43 13 7 1 5 0 6 3 4 2
56 44 12 1 0 5 2 4 7 3 6
56 44 12 1 0 5 6 2 7 3 4
56 44 12 4 1 5 6 2 7 3 0
56 44 12 7 1 0 5 2 6 3 4
56 44 12 7 1 5 3 2 6 0 4
56 45 11 1 5 3 0 6 7 4 2
56 46 10 1 5 2 4 6 7 0 3
57 41 16 6 1 0 2 4 7 5 3
57 41 16 0 1 5 6 4 7 3 2
57 42 15 4 0 5 2 6 1 7 3
57 43 14 4 1 2 0 6 7 5 3
57 43 14 7 1 5 2 0 3 4 6
57 44 13 4 1 0 5 2 7 3 6
57 44 13 4 1 5 3 2 7 0 6
57 45 12 2 0 5 4 6 1 7 3
58 43 15 0 2 1 5 6 7 3 4
58 45 13 1 5 3 2 0 7 4 6
58 46 12 1 5 2 4 0 7 3 6
58 48 10 1 0 5 4 2 7 3 6
58 48 10 2 1 5 3 4 6 7 0
59 43 16 2 7 1 5 6 0 3 4
59 43 16 4 0 1 2 6 7 5 3
59 43 16 4 0 1 5 6 7 3 2
59 43 16 4 1 2 6 0 7 3 5
59 43 16 0 1 5 2 4 6 3 7
59 44 15 7 1 5 2 4 0 3 6
59 44 15 7 1 5 6 2 0 3 4
59 45 14 2 1 5 6 7 3 0 4
59 46 13 6 1 5 2 7 3 4 0
59 46 13 2 0 1 4 6 7 5 3
59 46 13 2 1 4 0 6 7 5 3
59 46 13 1 5 0 4 6 7 3 2
59 48 11 2 1 4 5 6 7 3 0
59 50 9 1 5 2 3 6 7 4 0
59 52 7 2 1 3 4 0 6 7 5
60 43 17 2 1 0 6 4 7 3 5
60 43 17 7 1 0 2 4 6 3 5
60 43 17 7 1 0 2 6 3 4 5
60 43 17 0 1 5 2 6 3 4 7
60 46 14 2 1 5 0 7 6 3 4
60 46 14 4 1 5 2 7 6 3 0
60 46 14 7 1 2 0 6 3 5 4
60 48 12 0 2 1 4 6 7 3 5
60 48 12 2 1 4 3 6 7 0 5
60 48 12 0 1 5 3 2 6 7 4
60 49 11 2 1 3 0 6 7 4 5
60 50 10 1 5 2 3 6 0 7 4
60 50 10 2 1 3 5 0 6 7 4
60 52 8 1 7 5 4 2 6 3 0
61 45 16 4 1 5 6 7 0 3 2
61 45 16 2 0 5 6 7 1 3 4
61 45 16 0 4 1 2 6 7 3 5
61 45 16 4 7 1 2 6 0 3 5
61 45 16 1 5 0 2 6 7 4 3
61 46 15 4 1 5 2 7 3 0 6
61 47 14 6 1 3 2 4 7 0 5
61 48 13 7 1 5 4 2 0 3 6
61 48 13 2 7 1 4 6 0 3 5
61 48 13 2 0 5 3 1 6 7 4
61 48 13 2 1 5 0 3 6 7 4
61 49 12 2 1 5 4 7 3 0 6
61 49 12 1 7 5 4 6 0 3 2
61 50 11 0 1 5 3 2 7 4 6
61 52 9 2 0 3 4 6 1 7 5
62 45 17 0 5 3 2 6 7 4 1
62 46 16 7 0 1 2 6 3 5 4
62 46 16 0 5 2 4 6 7 3 1
62 47 15 0 2 5 6 1 7 3 4
62 47 15 2 5 0 6 1 7 3 4
62 49 13 7 5 3 2 6 1 0 4
62 49 13 2 1 3 5 0 7 4 6
62 50 12 1 5 0 3 6 7 2 4
62 50 12 0 2 5 3 6 1 7 4
62 50 12 2 5 0 3 6 1 7 4
62 50 12 2 0 3 5 6 1 7 4
62 50 12 6 1 5 4 2 0 7 3
62 51 11 1 7 5 2 4 6 0 3
62 51 11 1 7 5 0 4 6 3 2
62 51 11 6 1 5 0 2 7 4 3
62 51 11 2 1 3 4 0 7 5 6
62 52 10 4 1 3 2 0 6 7 5
62 53 9 6 1 3 5 2 7 4 0
63 45 18 4 0 5 6 1 7 3 2
63 46 17 4 0 5 2 7 1 3 6
63 46 17 6 1 0 2 7 3 5 4
63 47 16 6 1 2 0 4 7 3 5
63 47 16 2 7 5 6 1 0 3 4
63 48 15 7 5 0 2 1 6 3 4
63 48 15 0 1 4 2 6 7 3 5
63 48 15 2 1 4 6 0 7 3 5
63 49 14 2 0 5 4 7 1 3 6
63 50 13 2 1 0 5 4 7 3 6
63 50 13 2 1 5 3 4 7 0 6
63 50 13 2 1 5 3 7 0 4 6
63 51 12 1 7 5 0 6 3 4 2
63 51 12 4 1 3 0 6 7 5 2
63 52 11 1 7 0 5 2 6 3 4
63 52 11 1 7 5 3 2 6 0 4
63 53 10 7 1 5 4 2 6 0 3
63 55 8 1 0 5 7 2 6 3 4
63 55 8 2 1 5 4 3 6 7 0
63 59 4 2 1 3 4 5 6 7 0
64 48 16 0 4 5 2 1 7 3 6
64 48 16 4 5 0 2 1 7 3 6
64 48 16 4 7 5 2 1 0 3 6
64 48 16 7 6 5 2 1 0 3 4
64 49 15 6 7 5 2 1 3 0 4
64 49 15 7 5 2 0 6 1 3 4
64 50 14 1 6 5 2 0 7 3 4
64 50 14 6 5 3 2 1 7 0 4
64 50 14 2 1 0 5 6 7 4 3
64 50 14 0 1 3 2 6 7 5 4
64 50 14 2 1 3 6 0 7 5 4
64 50 14 6 1 0 4 2 7 5 3
64 51 13 0 2 5 4 1 7 3 6
64 51 13 2 5 0 4 1 7 3 6
64 51 13 2 0 1 3 6 7 4 5
64 51 13 1 7 5 2 0 3 4 6
64 51 13 0 1 3 4 6 7 5 2
64 52 12 4 0 3 2 6 1 7 5
64 55 9 1 5 3 2 4 6 7 0
64 55 9 1 0 3 2 5 6 7 4
64 56 8 7 1 5 3 2 6 4 0
65 47 18 6 0 1 2 4 7 3 5
65 49 16 6 7 5 2 0 1 3 4
65 49 16 0 1 3 5 6 7 4 2
65 50 15 2 0 5 3 1 7 4 6
65 50 15 2 1 5 0 3 7 4 6
65 51 14 2 7 5 4 1 0 3 6
65 51 14 4 1 3 2 0 7 5 6
65 51 14 6 1 5 3 0 7 4 2
65 52 13 0 2 1 3 6 7 5 4
65 53 12 1 0 5 3 6 7 4 2
65 53 12 7 1 5 4 0 6 3 2
65 53 12 7 1 5 4 6 3 0 2
65 53 12 6 1 3 5 2 0 7 4
65 54 11 4 1 5 3 0 6 7 2
65 55 10 4 1 5 7 2 6 3 0
65 55 10 1 3 0 2 6 5 7 4
66 48 18 0 6 5 2 7 1 3 4
66 48 18 6 5 0 2 7 1 3 4
66 50 16 2 6 5 0 1 7 3 4
66 50 16 4 6 5 2 1 7 3 0
66 50 16 6 5 2 0 1 7 3 4
66 50 16 2 7 5 0 6 1 3 4
66 50 16 4 7 5 2 6 1 3 0
66 50 16 0 1 5 2 6 7 4 3
66 50 16 2 1 5 6 0 7 4 3
66 52 14 2 7 1 3 6 0 5 4
66 52 14 0 7 5 1 2 6 3 4
66 53 13 3 1 5 0 6 7 4 2
66 53 13 1 5 2 6 4 7 3 0
66 53 13 1 0 2 6 5 7 3 4
66 55 11 6 1 5 3 4 7 2 0
66 55 11 4 1 5 2 3 6 7 0
66 55 11 4 1 3 5 6 7 2 0
66 55 11 2 1 5 7 0 6 3 4
66 55 11 0 1 3 2 6 5 7 4
66 56 10 1 0 2 4 6 7 3 5
66 56 10 4 1 2 3 6 7 5 0
66 56 10 7 1 3 5 2 6 0 4
66 56 10 7 1 5 3 2 0 6 4
66 56 10 1 5 3 4 6 7 0 2
66 56 10 1 5 2 4 6 0 7 3
66 57 9 4 1 5 3 2 7 6 0
67 51 16 1 7 0 2 4 6 3 5
67 51 16 1 7 0 2 6 3 4 5
67 51 16 6 1 0 3 2 7 4 5
67 52 15 6 1 5 4 7 0 3 2
67 53 14 7 0 5 4 6 1 3 2
67 53 14 1 5 2 6 7 0 3 4
67 53 14 0 1 5 4 2 6 3 7
67 54 13 1 7 2 0 6 3 5 4
67 54 13 4 0 5 3 6 1 7 2
67 54 13 6 1 5 3 0 2 7 4
67 54 13 6 0 5 3 2 1 7 4
67 55 12 6 1 3 5 4 7 0 2
67 55 12 4 1 3 5 6 0 7 2
67 55 12 7 1 5 2 4 0 6 3
67 55 12 0 1 5 7 4 6 3 2
67 55 12 6 1 5 7 2 0 3 4
67 55 12 0 1 5 4 2 6 7 3
67 55 12 0 5 3 2 1 6 7 4
67 55 12 1 5 3 0 2 6 7 4
67 56 11 5 1 2 4 6 7 3 0
67 56 11 4 1 2 3 6 0 7 5
68 53 15 7 1 5 3 6 0 4 2
68 53 15 4 1 5 0 6 7 2 3
68 53 15 4 1 5 3 0 7 2 6
68 53 15 4 1 0 3 6 7 2 5
68 53 15 7 1 0 4 2 6 3 5
68 54 14 5 0 2 1 6 7 3 4
68 54 14 4 5 2 1 6 7 3 0
68 54 14 1 0 7 2 6 3 5 4
68 55 13 1 5 0 2 7 6 3 4
68 55 13 6 1 5 2 0 4 7 3
68 55 13 6 1 5 3 4 0 7 2
68 55 13 7 1 0 5 4 6 3 2
68 55 13 7 1 5 3 4 6 0 2
68 55 13 2 0 5 4 1 6 7 3
68 56 12 6 1 3 4 2 7 0 5
68 56 12 1 7 5 2 4 0 3 6
68 56 12 1 7 5 6 2 0 3 4
68 56 12 1 5 0 3 6 7 4 2
68 56 12 1 5 0 4 6 7 2 3
68 57 11 4 1 3 5 2 7 0 6
68 58 10 1 7 5 4 2 0 3 6
68 59 9 2 1 4 3 6 7 5 0
68 63 5 2 1 3 4 5 6 0 7
69 51 18 0 7 5 2 4 6 3 1
69 52 17 6 0 5 4 1 7 3 2
69 53 16 0 5 2 6 1 7 3 4
69 53 16 0 1 5 3 6 7 2 4
69 55 14 0 1 5 2 4 6 7 3
69 55 14 4 1 5 0 2 6 7 3
69 55 14 4 0 1 3 6 7 5 2
69 55 14 4 1 2 5 6 7 0 3
69 55 14 2 1 5 0 4 6 7 3
69 56 13 6 1 3 0 2 7 5 4
69 56 13 6 1 2 4 0 7 3 5
69 56 13 0 1 5 7 6 3 4 2
69 56 13 1 5 0 2 4 7 3 6
69 56 13 1 5 0 6 2 7 3 4
69 56 13 4 1 5 6 2 7 0 3
69 56 13 7 0 1 5 2 6 3 4
69 56 13 7 1 0 3 2 6 5 4
69 57 12 7 1 5 0 2 3 4 6
69 57 12 4 1 5 3 2 0 7 6
69 57 12 0 2 5 4 6 1 7 3
69 57 12 2 5 0 4 6 1 7 3
69 58 11 1 5 3 0 2 7 4 6
69 58 11 1 0 2 4 5 7 3 6
69 58 11 1 5 0 4 2 7 3 6
69 58 11 2 1 5 3 4 6 0 7
69 59 10 0 1 3 4 2 6 7 5
69 59 10 2 0 3 4 1 6 7 5
69 60 9 2 1 5 4 7 6 3 0
69 60 9 1 5 2 3 0 6 7 4
69 60 9 1 0 2 3 6 5 7 4
69 60 9 2 1 3 0 5 6 7 4
69 60 9 1 7 5 4 2 6 0 3
69 62 7 4 1 3 2 5 6 7 0
70 51 19 0 7 5 2 6 3 4 1
70 54 16 6 5 2 1 0 7 3 4
70 55 15 1 6 5 2 7 0 3 4
70 55 15 6 0 5 2 4 1 7 3
70 55 15 6 0 1 5 4 7 3 2
70 55 15 6 1 0 3 4 7 5 2
70 55 15 7 1 0 2 4 6 5 3
70 56 14 6 7 1 5 2 0 3 4
70 56 14 2 1 5 6 4 0 7 3
70 56 14 7 1 2 4 6 0 3 5
70 56 14 7 1 0 5 6 3 4 2
70 56 14 1 5 3 6 0 7 4 2
70 57 13 1 0 5 6 4 7 3 2
70 58 12 1 0 3 2 5 7 4 6
70 58 12 1 5 2 4 7 0 3 6
70 59 11 4 1 2 6 5 7 3 0
70 60 10 7 1 2 4 6 3 5 0
70 60 10 2 1 4 3 6 0 7 5
70 60 10 1 0 5 3 2 6 7 4
70 60 10 2 1 3 5 4 6 7 0
70 61 9 1 0 5 3 2 7 4 6
70 61 9 0 2 3 4 6 1 7 5
70 63 7 1 7 5 3 2 6 4 0
71 54 17 7 5 2 1 6 0 3 4
71 55 16 4 0 5 2 1 6 7 3
71 55 16 4 1 2 5 0 7 3 6
71 56 15 6 1 4 0 2 7 3 5
71 56 15 2 7 5 0 1 6 3 4
71 56 15 4 7 5 2 1 6 3 0
71 56 15 0 6 1 5 2 7 3 4
71 56 15 6 0 1 3 2 7 5 4
71 56 15 0 5 3 1 6 7 4 2
71 57 14 0 1 2 4 6 7 5 3
71 57 14 7 1 5 2 3 0 4 6
71 57 14 4 0 1 5 2 7 3 6
71 57 14 4 1 0 3 2 7 5 6
71 58 13 1 5 3 2 7 0 4 6
71 58 13 2 1 0 3 4 6 7 5
71 59 12 1 0 5 2 4 6 3 7
71 59 12 7 1 5 2 0 4 3 6
71 59 12 7 1 5 2 4 3 0 6
71 59 12 7 1 5 6 2 3 0 4
71 59 12 1 5 4 0 6 7 3 2
71 59 12 2 1 3 0 4 6 7 5
71 60 11 5 2 1 4 6 7 3 0
71 60 11 3 1 5 0 2 6 7 4
71 61 10 7 1 5 4 2 3 0 6
71 61 10 2 1 5 4 7 3 6 0
71 61 10 3 1 5 0 2 7 4 6
71 61 10 2 3 0 4 6 1 7 5
72 55 17 0 1 2 5 6 7 3 4
72 56 16 6 0 1 4 2 7 3 5
72 56 16 2 1 0 6 4 7 5 3
72 56 16 7 1 5 6 0 3 4 2
72 57 15 6 1 2 0 4 7 5 3
72 57 15 4 5 0 2 6 1 7 3
72 57 15 0 1 5 2 7 3 4 6
72 58 14 5 2 1 0 6 7 3 4
72 58 14 4 2 1 5 6 7 3 0
72 58 14 0 5 2 4 1 7 3 6
72 58 14 1 5 2 0 4 7 3 6
72 59 13 4 1 5 2 0 6 3 7
72 59 13 2 1 5 0 4 6 3 7
72 59 13 2 1 5 6 7 3 4 0
72 59 13 0 2 1 4 6 7 5 3
72 59 13 2 1 4 5 6 7 0 3
72 59 13 1 5 2 0 6 7 4 3
72 59 13 1 5 2 3 0 7 4 6
72 60 12 2 1 3 6 4 7 0 5
72 60 12 7 1 3 2 4 6 0 5
72 60 12 4 1 5 3 2 6 7 0
72 60 12 0 1 3 5 2 6 7 4
72 60 12 1 7 5 4 0 6 3 2
72 61 11 0 2 5 3 1 6 7 4
72 61 11 2 5 0 3 1 6 7 4
72 61 11 1 7 5 4 6 3 0 2
72 63 9 2 1 5 3 4 7 6 0
72 63 9 1 7 3 5 2 6 0 4
72 63 9 1 7 5 3 2 0 6 4
72 63 9 1 5 0 7 2 6 3 4
72 63 9 1 6 5 7 2 0 3 4
72 63 9 2 1 5 4 3 6 0 7
72 63 9 0 1 3 4 5 6 7 2
72 64 8 1 3 0 2 5 6 7 4
73 57 16 7 1 5 6 4 0 3 2
73 57 16 0 4 5 2 6 1 7 3
73 57 16 7 0 5 2 1 3 4 6
73 58 15 0 5 3 2 1 7 4 6
73 58 15 0 1 5 3 4 6 7 2
73 59 14 7 0 5 2 4 1 3 6
73 59 14 7 1 5 6 0 2 3 4
73 59 14 7 0 5 6 2 1 3 4
73 59 14 6 1 5 0 7 3 4 2
73 59 14 2 7 1 4 6 0 5 3
73 60 13 7 1 4 2 6 3 0 5
73 60 13 1 0 5 2 6 3 4 7
73 60 13 2 1 5 3 7 6 0 4
73 60 13 6 2 1 4 0 7 3 5
73 60 13 2 0 3 5 1 6 7 4
73 61 12 1 5 4 2 6 7 0 3
73 61 12 7 1 5 4 0 2 3 6
73 61 12 7 0 5 4 2 1 3 6
73 61 12 2 7 1 4 0 6 3 5
73 61 12 2 7 1 4 6 3 0 5
73 61 12 2 1 0 5 3 6 7 4
73 61 12 7 1 5 3 2 0 4 6
73 62 11 0 1 3 5 2 7 4 6
73 62 11 1 5 3 0 6 7 2 4
73 62 11 4 2 5 3 6 1 7 0
73 62 11 1 2 5 3 6 0 7 4
73 62 11 2 5 3 0 6 1 7 4
73 62 11 1 7 5 2 4 0 6 3
73 62 11 2 1 3 4 7 0 5 6
73 63 10 2 1 4 6 5 7 3 0
73 63 10 1 0 7 5 2 6 3 4
73 63 10 7 1 5 4 2 0 6 3
73 63 10 2 1 0 4 5 6 7 3
73 64 9 1 0 3 4 6 7 5 2
73 64 9 0 1 3 2 5 6 7 4
73 64 9 1 6 3 2 5 0 7 4
73 66 7 1 5 3 4 6 7 2 0
73 67 6 1 5 3 4 2 6 7 0
74 56 18 4 1 0 6 2 7 3 5
74 57 17 6 0 1 2 4 7 5 3
74 57 17 4 1 2 6 0 7 5 3
74 58 16 6 2 1 5 0 7 3 4
74 59 15 2 7 1 5 0 6 3 4
74 59 15 2 7 1 5 6 3 0 4
74 59 15 4 1 2 6 7 0 3 5
74 59 15 2 1 0 6 7 3 5 4
74 59 15 6 1 5 2 0 3 4 7
74 59 15 2 1 4 5 0 7 3 6
74 60 14 7 1 2 0 4 6 3 5
74 60 14 7 1 2 0 6 3 4 5
74 60 14 2 1 5 0 6 3 4 7
74 60 14 2 1 0 5 7 6 3 4
74 60 14 4 1 5 2 7 6 0 3
74 60 14 4 1 5 0 7 6 3 2
74 60 14 4 2 1 0 6 7 3 5
74 60 14 7 2 1 4 6 0 3 5
74 60 14 0 1 3 2 6 7 4 5
74 60 14 2 1 3 6 0 7 4 5
74 60 14 1 7 0 4 2 6 3 5
74 61 13 1 0 5 2 6 7 4 3
74 61 13 4 1 5 2 7 3 6 0
74 61 13 6 1 3 2 4 7 5 0
74 61 13 2 6 5 3 1 0 7 4
74 61 13 2 1 5 7 3 6 0 4
74 61 13 2 1 0 4 7 3 5 6
74 62 12 1 2 5 6 0 7 3 4
74 62 12 2 5 3 6 1 7 0 4
74 62 12 7 5 3 2 6 1 4 0
74 62 12 2 1 3 0 5 7 4 6
74 62 12 1 0 5 3 6 7 2 4
74 62 12 0 2 3 5 6 1 7 4
74 62 12 1 7 0 5 4 6 3 2
74 62 12 1 7 5 3 4 6 0 2
74 62 12 6 1 0 5 2 7 4 3
74 62 12 0 1 3 2 4 6 7 5
74 63 11 2 1 3 5 4 7 0 6
74 63 11 2 1 5 3 7 4 0 6
74 63 11 2 1 0 4 3 6 7 5
74 64 10 1 2 5 4 0 7 3 6
74 64 10 2 5 3 4 1 7 0 6
74 64 10 1 5 3 2 4 6 0 7
74 64 10 1 5 3 0 4 6 7 2
74 64 10 7 1 5 0 2 6 4 3
74 65 9 4 1 5 7 2 6 0 3
74 65 9 1 3 2 0 6 5 7 4
74 66 8 7 1 3 5 2 6 4 0
74 66 8 1 5 3 4 6 0 7 2
75 58 17 7 2 1 5 6 0 3 4
75 59 16 0 1 2 6 4 7 3 5
75 59 16 6 1 5 2 4 0 3 7
75 59 16 0 1 4 2 6 7 5 3
75 59 16 2 1 4 6 0 7 5 3
75 60 15 2 1 6 0 4 7 3 5
75 60 15 3 1 5 2 6 0 4 7
75 61 14 6 1 3 2 4 0 7 5
75 61 14 0 1 5 2 3 6 7 4
75 62 13 5 0 2 4 6 7 3 1
75 62 13 2 1 3 5 7 0 4 6
75 62 13 6 2 5 3 0 1 7 4
75 62 13 3 2 5 0 6 1 7 4
75 62 13 2 5 7 3 6 1 0 4
75 62 13 2 3 0 5 6 1 7 4
75 62 13 6 1 5 4 0 2 7 3
75 62 13 6 0 5 4 2 1 7 3
75 62 13 0 1 3 4 2 7 5 6
75 62 13 2 0 3 4 1 7 5 6
75 62 13 4 0 3 2 1 6 7 5
75 62 13 4 1 3 0 2 6 7 5
75 62 13 6 1 3 0 2 7 4 5
75 63 12 6 1 2 5 4 7 3 0
75 63 12 7 5 3 2 1 6 0 4
75 63 12 1 0 4 2 6 7 3 5
75 63 12 2 1 5 3 4 0 7 6
75 63 12 1 7 0 3 2 6 5 4
75 64 11 7 5 2 4 6 1 3 0
75 64 11 1 0 3 2 6 7 5 4
75 64 11 1 7 5 0 2 3 4 6
75 66 9 2 1 5 7 4 6 3 0
75 66 9 1 2 0 4 6 7 3 5
75 66 9 1 5 2 4 0 6 7 3
75 66 9 1 0 2 4 6 5 7 3
75 68 7 2 1 3 4 5 0 6 7
76 59 17 0 4 1 2 6 7 5 3
76 59 17 4 7 1 2 6 0 5 3
76 59 17 0 4 1 5 6 7 3 2
76 59 17 4 7 1 5 6 0 3 2
76 59 17 4 0 2 6 1 7 3 5
76 59 17 0 1 4 5 6 7 3 2
76 59 17 0 5 2 3 6 7 4 1
76 60 16 2 0 1 6 4 7 3 5
76 60 16 7 0 1 2 4 6 3 5
76 60 16 7 0 1 2 6 3 4 5
76 60 16 4 1 0 2 7 6 3 5
76 60 16 0 1 2 7 6 3 5 4
76 60 16 7 1 2 5 6 3 0 4
76 60 16 0 7 5 4 2 6 3 1
76 61 15 4 1 5 6 7 3 0 2
76 61 15 2 4 1 0 6 7 3 5
76 61 15 5 4 1 2 6 7 3 0
76 61 15 4 7 1 2 0 6 3 5
76 61 15 4 7 1 2 6 3 0 5
76 62 14 5 0 3 2 6 7 4 1
76 62 14 2 5 3 0 6 7 4 1
76 62 14 4 2 5 6 1 7 3 0
76 62 14 7 5 3 2 6 0 1 4
76 62 14 1 7 0 2 4 6 5 3
76 62 14 0 1 5 6 2 7 4 3
76 62 14 6 1 3 5 0 7 4 2
76 63 13 5 1 4 2 6 7 3 0
76 63 13 1 7 0 5 6 3 4 2
76 63 13 7 1 0 4 2 6 5 3
76 63 13 0 1 5 4 3 6 7 2
76 64 12 1 6 5 2 4 7 3 0
76 64 12 2 1 3 6 4 7 5 0
76 64 12 6 1 3 4 0 7 5 2
76 65 11 7 1 5 4 6 3 2 0
76 65 11 1 3 7 2 6 5 0 4
76 66 10 1 2 0 6 5 7 3 4
76 66 10 2 1 3 0 6 5 7 4
76 66 10 4 1 3 2 6 5 7 0
76 66 10 7 1 3 5 2 0 6 4
76 67 9 1 7 2 4 6 3 5 0
76 67 9 1 0 5 7 4 6 3 2
76 67 9 6 1 5 7 2 3 0 4
76 67 9 1 5 3 7 2 6 0 4
76 68 8 2 1 0 4 5 6 3 7
77 60 17 7 1 2 6 0 3 5 4
77 61 16 0 2 5 6 7 1 3 4
77 61 16 2 5 0 6 7 1 3 4
77 61 16 4 1 0 2 7 3 5 6
77 62 15 7 3 1 2 6 0 5 4
77 62 15 6 5 2 4 0 7 3 1
77 62 15 2 5 6 0 1 7 3 4
77 62 15 2 0 3 5 1 7 4 6
77 62 15 0 7 5 1 4 6 3 2
77 62 15 2 1 3 0 4 7 5 6
77 63 14 7 5 2 0 1 6 3 4
77 63 14 2 1 4 6 7 0 3 5
77 63 14 0 2 5 4 7 1 3 6
77 63 14 2 5 0 4 7 1 3 6
77 63 14 2 0 1 5 4 7 3 6
77 63 14 2 1 0 3 4 7 5 6
77 63 14 2 0 5 3 7 1 4 6
77 64 13 1 4 5 2 0 7 3 6
77 64 13 4 5 3 2 1 7 0 6
77 64 13 6 7 5 2 1 3 4 0
77 64 13 1 6 5 0 2 7 3 4
77 64 13 6 5 3 2 1 7 4 0
77 64 13 2 1 3 6 7 0 5 4
77 64 13 6 2 5 4 1 7 3 0
77 64 13 0 2 1 3 6 7 4 5
77 64 13 1 7 5 2 3 0 4 6
77 64 13 7 1 3 4 6 0 5 2
77 64 13 0 4 3 2 6 1 7 5
77 64 13 4 3 0 2 6 1 7 5
77 64 13 7 1 5 3 0 6 4 2
77 64 13 0 1 5 3 2 6 4 7
77 65 12 1 0 3 5 6 7 4 2
77 65 12 2 1 5 6 3 7 4 0
77 65 12 4 2 1 3 6 7 5 0
77 65 12 1 7 5 3 6 0 4 2
77 65 12 4 1 5 0 2 6 3 7
77 66 11 2 6 5 4 1 7 3 0
77 66 11 2 7 5 4 6 1 3 0
77 66 11 3 1 5 2 6 7 4 0
77 66 11 1 7 2 4 6 0 3 5
77 66 11 7 1 5 3 0 2 6 4
77 66 11 7 0 5 3 2 1 6 4
77 66 11 4 1 5 0 2 7 6 3
77 67 10 1 0 5 4 2 6 3 7
77 67 10 2 1 5 4 0 6 3 7
77 67 10 1 0 5 4 2 6 7 3
77 67 10 3 1 5 4 2 6 7 0
77 67 10 4 1 2 3 0 6 7 5
77 68 9 4 1 3 5 2 7 6 0
77 68 9 1 7 5 4 2 3 0 6
77 69 8 1 2 0 4 5 7 3 6
77 69 8 1 0 3 4 2 6 7 5
77 69 8 0 2 3 4 1 6 7 5
77 69 8 1 2 0 3 6 5 7 4
77 69 8 2 1 0 3 5 6 7 4
77 69 8 4 1 3 2 5 6 0 7
77 69 8 4 1 3 0 5 6 7 2
77 72 5 1 0 3 4 5 6 7 2
78 59 19 6 1 0 2 7 3 4 5
78 61 17 4 0 5 6 7 1 3 2
78 61 17 6 4 1 2 0 7 3 5
78 62 16 6 5 3 2 0 7 4 1
78 62 16 4 5 2 0 6 7 3 1
78 62 16 7 5 2 4 6 0 3 1
78 62 16 6 2 5 0 1 7 3 4
78 62 16 6 1 5 2 0 7 4 3
78 63 15 2 7 5 6 1 3 0 4
78 63 15 6 1 4 2 0 7 3 5
78 63 15 1 7 5 6 0 3 4 2
78 63 15 4 1 3 6 0 7 5 2
78 64 14 6 5 3 2 1 0 7 4
78 64 14 6 1 3 2 0 7 5 4
78 64 14 6 1 4 0 2 7 5 3
78 64 14 2 5 4 0 1 7 3 6
78 64 14 2 7 1 3 6 0 4 5
78 65 13 5 1 3 0 6 7 4 2
78 65 13 2 7 5 3 1 0 4 6
78 65 13 2 1 5 4 3 7 0 6
78 65 13 2 7 5 4 1 3 0 6
78 65 13 0 1 5 4 7 6 3 2
78 65 13 7 1 0 4 6 3 5 2
78 65 13 6 1 3 5 0 2 7 4
78 65 13 6 0 3 5 2 1 7 4
78 65 13 4 1 5 7 0 6 3 2
78 66 12 6 5 2 4 1 7 3 0
78 66 12 2 7 1 3 6 5 0 4
78 66 12 7 0 5 1 2 6 3 4
78 66 12 1 7 2 6 5 0 3 4
78 66 12 4 1 5 2 3 6 0 7
78 66 12 4 1 5 0 3 6 7 2
78 66 12 4 1 3 0 6 7 2 5
78 66 12 2 1 5 7 6 0 3 4
78 66 12 6 1 3 2 0 5 7 4
78 67 11 1 7 3 2 4 6 0 5
78 67 11 6 1 5 3 4 2 7 0
78 67 11 6 1 3 5 4 7 2 0
78 67 11 4 1 3 5 0 6 7 2
78 67 11 7 1 5 2 0 4 6 3
78 67 11 6 1 5 7 0 2 3 4
78 67 11 6 0 5 7 2 1 3 4
78 67 11 5 0 3 2 1 6 7 4
78 67 11 2 5 3 0 1 6 7 4
78 67 11 4 5 3 2 1 6 7 0
78 67 11 1 5 0 3 2 6 7 4
78 67 11 5 1 2 4 6 7 0 3
78 68 10 7 1 3 4 2 6 0 5
78 68 10 1 5 3 2 7 6 0 4
78 68 10 7 1 5 3 4 6 2 0
78 68 10 1 5 4 3 6 7 0 2
78 69 9 1 5 3 6 2 7 4 0
78 69 9 1 5 3 4 2 7 0 6
78 69 9 5 1 3 4 2 6 7 0
78 69 9 2 3 0 4 1 6 7 5
78 69 9 1 5 2 3 4 6 7 0
78 69 9 1 0 2 3 5 6 7 4
78 69 9 1 7 5 4 2 0 6 3
78 70 8 5 2 3 4 6 1 7 0
78 70 8 1 2 3 4 6 0 7 5
79 61 18 7 4 1 2 6 0 3 5
79 62 17 7 5 3 2 6 0 4 1
79 62 17 0 7 1 2 6 3 5 4
79 62 17 7 2 5 6 1 0 3 4
79 63 16 4 5 0 6 1 7 3 2
79 63 16 6 1 2 0 7 3 5 4
79 63 16 6 1 2 3 4 7 0 5
79 63 16 2 7 5 6 0 1 3 4
79 63 16 7 1 4 2 6 0 3 5
79 63 16 0 1 4 6 2 7 3 5
79 63 16 2 0 4 6 1 7 3 5
79 63 16 0 7 5 1 6 3 4 2
79 64 15 2 4 5 0 1 7 3 6
79 64 15 4 5 2 0 1 7 3 6
79 64 15 4 7 5 2 1 3 0 6
79 64 15 7 6 5 2 1 3 0 4
79 64 15 7 5 2 3 6 1 0 4
79 64 15 2 0 1 5 6 7 4 3
79 64 15 7 1 3 2 6 0 5 4
79 64 15 0 1 3 6 2 7 5 4
79 64 15 2 0 3 6 1 7 5 4
79 64 15 6 0 1 4 2 7 5 3
79 64 15 4 2 5 0 1 7 3 6
79 64 15 7 2 5 4 1 0 3 6
79 64 15 0 7 5 2 1 3 4 6
79 64 15 1 0 5 2 7 3 4 6
79 64 15 1 5 0 2 4 6 7 3
79 64 15 7 1 0 3 2 6 4 5
79 65 14 6 7 5 2 4 1 3 0
79 65 14 0 2 5 3 1 7 4 6
79 65 14 2 5 0 3 1 7 4 6
79 65 14 2 1 0 5 3 7 4 6
79 65 14 2 7 5 4 0 1 3 6
79 65 14 4 1 3 2 7 0 5 6
79 65 14 6 1 5 3 7 0 4 2
79 65 14 6 2 1 3 0 7 5 4
79 65 14 3 2 1 0 6 7 5 4
79 65 14 4 0 5 3 1 6 7 2
79 66 13 2 7 1 3 0 6 5 4
79 66 13 4 7 5 1 2 6 3 0
79 66 13 3 1 0 5 6 7 4 2
79 66 13 3 1 5 4 6 7 0 2
79 66 13 1 5 2 6 4 7 0 3
79 66 13 0 1 2 6 5 7 3 4
79 66 13 6 1 5 0 4 7 2 3
79 66 13 5 1 3 2 6 0 7 4
79 66 13 0 1 5 3 2 7 6 4
79 67 12 1 7 4 2 6 3 0 5
79 67 12 4 0 2 3 6 1 7 5
79 68 11 7 1 5 3 6 4 0 2
79 68 11 7 1 3 5 4 6 0 2
79 68 11 7 1 5 3 4 0 6 2
79 68 11 0 2 5 4 1 6 7 3
79 68 11 2 5 0 4 1 6 7 3
79 68 11 6 1 3 4 2 7 5 0
79 68 11 1 7 5 2 0 4 3 6
79 68 11 1 7 5 2 4 3 0 6
79 68 11 1 7 5 6 2 3 0 4
79 68 11 1 7 5 4 0 2 3 6
79 69 10 6 1 2 4 5 7 3 0
79 69 10 1 0 5 7 6 3 4 2
79 69 10 7 1 5 6 2 3 4 0
79 69 10 0 1 5 7 2 3 4 6
79 69 10 3 2 5 4 6 1 7 0
79 69 10 1 5 0 3 2 7 4 6
79 69 10 1 7 2 4 5 0 3 6
79 69 10 2 6 3 4 1 0 7 5
79 70 9 2 1 4 3 0 6 7 5
79 70 9 1 7 5 3 2 0 4 6
79 70 9 1 7 5 0 2 6 4 3
79 71 8 7 1 5 4 2 3 6 0
79 72 7 1 7 3 5 2 6 4 0
79 72 7 1 3 2 0 5 6 7 4
79 74 5 1 3 2 4 6 5 7 0
80 63 17 0 4 5 6 1 7 3 2
80 63 17 4 7 5 6 1 0 3 2
80 63 17 0 4 5 2 7 1 3 6
80 63 17 4 5 0 2 7 1 3 6
80 64 16 6 4 5 2 1 7 3 0
80 64 16 4 7 5 2 0 1 3 6
80 64 16 7 6 5 2 0 1 3 4
80 64 16 0 5 2 7 6 1 3 4
80 64 16 0 5 3 2 4 6 7 1
80 65 15 6 7 5 0 2 1 3 4
80 65 15 7 1 3 5 6 0 4 2
80 65 15 0 1 3 2 4 7 5 6
80 65 15 4 1 3 0 2 7 5 6
80 65 15 7 2 1 3 6 0 5 4
80 65 15 7 0 5 4 1 6 3 2
80 65 15 4 1 0 7 2 6 3 5
80 66 14 2 7 5 1 0 6 3 4
80 66 14 4 1 0 2 3 6 7 5
80 66 14 2 0 5 7 1 6 3 4
80 66 14 4 1 2 3 0 7 5 6
80 66 14 4 1 5 3 0 7 6 2
80 67 13 1 7 2 0 4 6 3 5
80 67 13 1 7 2 0 6 3 4 5
80 67 13 1 5 2 6 7 3 0 4
80 67 13 1 0 2 6 7 5 3 4
80 67 13 4 5 0 3 6 1 7 2
80 67 13 0 1 5 3 6 2 7 4
80 67 13 6 1 3 5 4 0 7 2
80 67 13 4 0 3 5 6 1 7 2
80 67 13 7 0 5 2 4 1 6 3
80 67 13 6 1 5 7 4 0 3 2
80 67 13 5 1 2 0 6 7 3 4
80 67 13 5 1 2 4 0 7 3 6
80 68 12 1 5 2 0 7 6 3 4
80 68 12 6 1 5 0 2 4 7 3
80 68 12 6 1 5 3 0 4 7 2
80 68 12 6 1 3 4 2 0 7 5
80 68 12 1 0 5 4 6 7 2 3
80 68 12 4 1 3 5 2 0 7 6
80 69 11 2 1 5 7 4 6 0 3
80 69 11 6 1 5 7 0 3 4 2
80 69 11 2 1 5 7 6 3 4 0
80 69 11 1 5 3 2 4 7 0 6
80 69 11 1 5 3 6 2 7 0 4
80 69 11 7 1 0 5 2 3 4 6
80 69 11 1 2 5 4 6 0 7 3
80 69 11 0 1 2 4 5 7 3 6
80 69 11 1 5 4 0 2 7 3 6
80 69 11 2 1 5 3 4 0 6 7
80 69 11 2 1 5 4 7 6 0 3
80 69 11 0 1 2 3 6 5 7 4
80 69 11 2 1 3 7 5 6 0 4
80 70 10 6 2 3 4 0 1 7 5
80 71 9 3 1 5 7 2 6 0 4
80 71 9 3 1 5 6 2 7 4 0
80 72 8 1 2 5 3 0 6 7 4
80 72 8 1 6 5 7 2 3 0 4
80 72 8 5 1 3 4 0 6 7 2
80 73 7 2 5 3 4 6 1 7 0
81 63 18 6 0 1 2 7 3 5 4
81 64 17 7 4 5 2 1 0 3 6
81 65 16 0 1 5 2 3 7 4 6
81 65 16 4 0 3 2 1 7 5 6
81 65 16 6 0 5 3 1 7 4 2
81 65 16 6 1 5 0 3 7 4 2
81 66 15 6 5 3 2 7 1 0 4
81 66 15 2 6 5 3 1 7 0 4
81 66 15 2 7 5 3 6 1 0 4
81 66 15 2 1 5 6 7 0 4 3
81 66 15 6 7 5 1 2 0 3 4
81 66 15 3 1 5 6 0 7 4 2
81 66 15 6 1 5 3 0 7 2 4
81 66 15 0 1 5 3 4 7 2 6
81 66 15 4 1 3 5 0 7 2 6
81 66 15 0 1 2 3 6 7 5 4
81 67 14 1 0 7 2 4 6 3 5
81 67 14 1 0 7 2 6 3 4 5
81 67 14 6 1 4 3 2 7 0 5
81 67 14 6 1 5 4 7 3 0 2
81 67 14 7 5 0 4 6 1 3 2
81 67 14 6 1 5 4 2 0 3 7
81 67 14 0 4 5 3 6 1 7 2
81 67 14 0 6 5 3 2 1 7 4
81 67 14 6 5 0 3 2 1 7 4
81 67 14 0 5 3 1 2 6 7 4
81 67 14 5 1 0 4 6 7 3 2
81 68 13 5 2 0 1 6 7 3 4
81 68 13 1 3 7 2 6 0 5 4
81 68 13 6 1 5 2 3 4 7 0
81 68 13 2 6 5 4 1 0 7 3
81 68 13 1 7 5 6 0 2 3 4
81 68 13 1 5 4 0 6 7 2 3
81 68 13 2 1 4 3 0 7 5 6
81 69 12 1 0 5 2 4 6 7 3
81 69 12 3 1 5 2 4 6 7 0
81 69 12 3 1 5 7 6 0 4 2
81 69 12 1 5 6 0 2 7 3 4
81 69 12 7 1 3 0 2 6 5 4
81 69 12 2 1 0 3 4 6 5 7
81 69 12 0 5 2 3 1 6 7 4
81 69 12 1 5 2 0 3 6 7 4
81 69 12 1 7 0 4 2 6 5 3
81 70 11 7 1 2 4 0 6 3 5
81 70 11 7 1 2 4 6 3 0 5
81 70 11 1 3 0 2 5 7 4 6
81 70 11 1 7 3 2 5 0 4 6
81 70 11 1 5 2 4 7 3 0 6
81 70 11 1 0 2 4 7 5 3 6
81 70 11 2 0 4 3 6 1 7 5
81 70 11 1 6 5 3 2 0 7 4
81 70 11 2 1 3 5 4 6 0 7
81 70 11 4 2 3 0 6 1 7 5
81 71 10 2 7 5 4 1 6 3 0
81 71 10 7 1 5 2 4 3 6 0
81 71 10 1 5 4 2 6 7 3 0
81 71 10 3 1 0 5 2 7 4 6
81 72 9 1 7 3 5 2 0 6 4
81 72 9 1 0 5 3 2 7 6 4
81 72 9 1 3 7 2 5 6 0 4
81 73 8 7 1 5 3 2 4 0 6
81 73 8 1 5 3 4 2 6 0 7
81 73 8 1 5 3 4 0 6 7 2
81 74 7 1 0 3 4 6 5 7 2
81 75 6 1 2 3 4 6 7 0 5
81 76 5 2 1 3 4 6 5 7 0
81 76 5 1 5 3 7 2 6 4 0
82 64 18 6 7 0 2 1 3 5 4
82 64 18 7 5 2 6 0 1 3 4
82 66 16 2 6 0 5 1 7 3 4
82 66 16 4 6 5 2 1 7 0 3
82 66 16 4 6 5 0 1 7 3 2
82 66 16 6 5 2 3 1 7 0 4
82 66 16 2 7 0 5 6 1 3 4
82 66 16 4 7 5 2 6 1 0 3
82 66 16 4 7 5 0 6 1 3 2
82 66 16 7 1 5 2 6 0 4 3
82 66 16 1 5 0 6 4 7 3 2
82 66 16 0 1 3 5 6 7 2 4
82 66 16 4 1 0 3 2 7 6 5
82 67 15 6 0 1 3 2 7 4 5
82 67 15 0 7 5 4 6 1 3 2
82 67 15 1 7 2 5 6 3 0 4
82 68 14 7 0 5 3 6 1 4 2
82 68 14 4 0 1 3 6 7 2 5
82 68 14 7 0 1 4 2 6 3 5
82 68 14 7 1 4 0 2 6 3 5
82 68 14 4 5 2 1 6 7 0 3
82 68 14 0 1 5 2 6 4 7 3
82 68 14 6 0 5 3 4 1 7 2
82 68 14 7 0 1 5 4 6 3 2
82 68 14 7 1 0 3 4 6 5 2
82 69 13 4 1 0 5 2 6 7 3
82 69 13 2 1 0 5 4 6 7 3
82 69 13 4 1 5 3 0 2 7 6
82 69 13 4 0 5 3 2 1 7 6
82 69 13 6 2 5 4 0 1 7 3
82 69 13 2 5 4 0 6 1 7 3
82 69 13 2 5 7 4 6 1 0 3
82 69 13 0 5 3 1 2 7 4 6
82 69 13 2 1 0 4 7 6 3 5
82 69 13 4 1 0 2 5 6 7 3
82 70 12 1 0 3 6 5 7 4 2
82 70 12 0 1 3 2 5 7 4 6
82 70 12 4 1 2 6 5 7 0 3
82 70 12 4 1 2 0 5 7 3 6
82 70 12 1 7 5 3 0 6 4 2
82 71 11 6 1 4 5 2 7 3 0
82 71 11 1 0 2 4 6 7 5 3
82 71 11 3 1 2 4 6 7 5 0
82 71 11 1 5 3 2 7 4 0 6
82 71 11 7 1 5 0 2 4 3 6
82 71 11 5 2 1 4 6 7 0 3
82 71 11 3 1 0 5 2 6 7 4
82 71 11 3 1 5 4 2 7 0 6
82 71 11 2 3 4 0 6 1 7 5
82 71 11 2 3 7 4 6 1 0 5
82 72 10 1 0 3 5 2 6 7 4
82 72 10 4 2 5 3 1 6 7 0
82 72 10 1 7 5 4 6 3 2 0
82 72 10 1 7 5 3 0 2 6 4
82 72 10 1 5 7 0 2 6 3 4
82 72 10 1 6 5 7 0 2 3 4
82 72 10 2 1 0 4 3 6 5 7
82 73 9 2 7 1 4 5 6 3 0
82 73 9 1 0 3 5 2 7 4 6
82 73 9 1 2 5 3 6 7 0 4
82 73 9 2 1 3 4 7 5 0 6
82 73 9 2 0 1 4 5 6 7 3
82 73 9 2 1 4 0 5 6 7 3
82 73 9 2 1 7 4 5 6 0 3
82 73 9 1 6 3 2 5 7 0 4
82 74 8 2 1 3 6 5 7 4 0
82 74 8 1 2 5 4 6 7 3 0
82 74 8 2 5 3 4 1 7 6 0
82 75 7 1 5 2 4 3 6 7 0
82 77 5 1 2 3 4 5 7 0 6
82 77 5 1 2 3 4 0 6 7 5
82 79 3 1 3 2 4 5 6 7 0
83 65 18 0 6 1 2 4 7 3 5
83 65 18 6 7 1 2 4 0 3 5
83 66 17 2 6 5 0 7 1 3 4
83 66 17 4 6 5 2 7 1 3 0
83 66 17 6 5 2 0 7 1 3 4
83 66 17 2 6 5 1 0 7 3 4
83 66 17 2 0 5 6 1 7 4 3
83 67 16 6 0 5 4 7 1 3 2
83 67 16 1 7 2 6 0 3 5 4
83 67 16 6 0 5 3 1 2 7 4
83 67 16 6 1 5 0 3 2 7 4
83 68 15 0 1 5 4 6 7 2 3
83 68 15 4 1 5 3 7 0 2 6
83 68 15 5 7 2 1 6 0 3 4
83 68 15 0 1 4 3 6 7 5 2
83 69 14 3 1 5 0 6 7 2 4
83 69 14 4 1 2 5 6 0 7 3
83 69 14 6 1 2 4 7 0 3 5
83 69 14 4 1 5 6 2 0 7 3
83 69 14 0 7 1 5 2 6 3 4
83 69 14 7 6 1 5 2 0 3 4
83 69 14 7 0 1 3 2 6 5 4
83 69 14 4 2 5 0 6 1 7 3
83 70 13 6 7 1 5 2 3 0 4
83 70 13 2 1 5 6 0 4 7 3
83 70 13 7 0 2 4 6 1 3 5
83 70 13 1 5 3 6 7 0 4 2
83 70 13 1 7 5 6 4 0 3 2
83 71 12 2 5 3 1 6 7 4 0
83 71 12 7 1 5 2 3 4 0 6
83 71 12 1 0 3 2 7 5 4 6
83 71 12 2 0 1 3 4 6 7 5
83 71 12 2 1 7 3 4 6 0 5
83 71 12 7 1 5 2 6 4 3 0
83 71 12 2 1 5 4 0 3 6 7
83 72 11 3 2 1 4 6 7 5 0
83 72 11 7 1 3 2 4 6 5 0
83 72 11 4 1 5 3 2 6 0 7
83 72 11 2 1 5 0 4 7 6 3
83 72 11 2 1 5 4 3 0 6 7
83 72 11 6 1 3 4 5 0 7 2
83 73 10 2 1 5 3 7 6 4 0
83 73 10 6 2 1 4 5 7 3 0
83 73 10 1 7 5 2 0 4 6 3
83 73 10 1 3 0 4 6 7 5 2
83 73 10 1 7 3 4 6 0 5 2
83 73 10 5 1 3 2 0 6 7 4
83 73 10 1 6 3 2 0 5 7 4
83 74 9 1 7 3 4 2 6 0 5
83 74 9 2 1 5 7 3 6 4 0
83 74 9 2 1 3 4 5 7 0 6
83 74 9 1 7 5 3 4 6 2 0
83 74 9 2 1 3 5 4 7 6 0
83 74 9 2 1 5 3 7 4 6 0
83 74 9 4 1 5 7 2 0 6 3
83 75 8 1 2 0 4 6 5 7 3
83 75 8 2 1 3 4 0 5 6 7
83 75 8 2 0 3 4 5 1 6 7
83 76 7 1 2 3 6 5 7 0 4
83 76 7 6 1 5 7 2 3 4 0
83 76 7 1 5 3 7 2 0 6 4
83 77 6 1 3 0 4 5 6 7 2
84 66 18 4 6 5 2 0 7 3 1
84 66 18 4 6 0 2 1 7 3 5
84 66 18 4 7 0 2 6 1 3 5
84 66 18 6 1 0 3 4 7 2 5
84 66 18 4 1 0 5 6 7 2 3
84 67 17 0 7 2 1 6 3 5 4
84 68 16 4 5 2 1 0 7 3 6
84 68 16 0 1 7 2 6 3 5 4
84 68 16 6 0 5 2 1 4 7 3
84 69 15 7 0 5 2 4 6 3 1
84 69 15 2 7 5 0 4 6 3 1
84 69 15 0 6 5 4 1 7 3 2
84 69 15 6 5 0 4 1 7 3 2
84 69 15 6 7 5 4 1 0 3 2
84 69 15 5 0 2 6 1 7 3 4
84 69 15 4 5 2 6 1 7 3 0
84 69 15 0 4 1 3 6 7 5 2
84 69 15 4 7 1 3 6 0 5 2
84 70 14 6 5 2 1 4 7 3 0
84 70 14 1 6 5 2 7 3 0 4
84 70 14 6 1 3 0 4 7 5 2
84 70 14 7 1 2 0 4 6 5 3
84 70 14 7 1 4 5 6 3 0 2
84 70 14 7 1 2 4 0 3 5 6
84 70 14 0 1 2 4 6 3 5 7
84 70 14 1 7 0 3 2 6 4 5
84 71 13 5 0 3 1 6 7 4 2
84 71 13 1 5 0 2 4 6 3 7
84 71 13 1 6 5 2 4 0 3 7
84 71 13 2 1 3 7 4 6 0 5
84 71 13 5 2 1 4 0 7 3 6
84 71 13 7 1 0 4 2 3 5 6
84 71 13 2 1 5 0 7 3 6 4
84 72 12 1 0 2 3 5 7 4 6
84 72 12 2 1 3 6 4 0 7 5
84 72 12 5 1 3 0 2 6 7 4
84 72 12 4 1 3 5 2 6 7 0
84 72 12 3 2 5 0 1 6 7 4
84 72 12 2 5 7 3 1 6 0 4
84 72 12 1 7 0 4 6 3 5 2
84 73 11 1 0 5 3 4 6 7 2
84 73 11 1 3 5 2 6 0 4 7
84 73 11 0 2 3 5 1 6 7 4
84 73 11 2 7 1 4 6 3 5 0
84 73 11 7 1 5 3 0 2 4 6
84 73 11 7 0 5 3 2 1 4 6
84 73 11 4 2 5 3 6 1 0 7
84 73 11 1 0 5 3 6 2 7 4
84 73 11 1 0 5 2 4 7 6 3
84 73 11 2 1 4 6 5 7 0 3
84 73 11 2 1 4 0 5 7 3 6
84 73 11 1 6 7 5 2 0 3 4
84 73 11 7 1 5 4 0 2 6 3
84 73 11 7 0 5 4 2 1 6 3
84 73 11 1 5 3 4 0 7 2 6
84 74 10 1 7 3 5 4 6 0 2
84 74 10 1 7 5 3 4 0 6 2
84 74 10 1 0 3 2 4 6 7 5
84 74 10 2 0 1 4 3 6 7 5
84 74 10 2 1 4 0 3 6 7 5
84 74 10 2 1 7 4 3 6 0 5
84 74 10 2 5 3 4 1 0 7 6
84 74 10 1 5 3 7 4 6 0 2
84 74 10 0 1 5 7 2 6 4 3
84 75 9 1 7 5 6 2 3 4 0
84 75 9 1 0 2 4 5 6 7 3
84 77 7 4 1 2 3 5 6 7 0
84 77 7 1 7 5 4 2 3 6 0
84 77 7 5 2 3 4 1 6 7 0
84 77 7 1 2 3 0 6 5 7 4
84 77 7 1 6 3 4 5 0 7 2
84 78 6 2 5 3 4 1 6 7 0
84 78 6 1 2 0 3 5 6 7 4
84 82 2 1 2 3 4 5 6 7 0