0 0 0 0 1 5 2 6 7 3 4
7 0 7 1 0 5 2 6 7 3 4
8 0 8 6 1 5 2 0 7 3 4
9 0 9 2 1 5 0 6 7 3 4
9 0 9 4 1 5 2 6 7 3 0
10 0 10 7 1 5 2 6 0 3 4
14 7 7 1 7 5 2 6 0 3 4
15 7 8 1 5 0 2 6 7 3 4
16 8 8 6 1 5 2 7 0 3 4
16 8 8 6 1 5 2 4 7 3 0
16 9 7 2 1 5 4 6 7 3 0
17 8 9 6 1 5 0 2 7 3 4
17 9 8 4 1 5 2 6 7 0 3
17 9 8 4 1 5 0 6 7 3 2
18 8 10 6 0 5 2 1 7 3 4
18 9 9 2 1 0 5 6 7 3 4
18 9 9 4 1 5 2 0 7 3 6
18 10 8 7 1 5 2 0 6 3 4
18 10 8 7 1 5 2 6 3 0 4
18 10 8 7 0 5 2 6 1 3 4
19 9 10 2 1 5 6 0 7 3 4
19 9 10 2 1 5 3 6 7 0 4
20 9 11 4 1 0 2 6 7 3 5
21 14 7 1 7 5 2 0 6 3 4
21 14 7 1 7 5 2 6 3 0 4
22 15 7 1 5 3 2 6 7 0 4
23 15 8 1 5 2 0 6 7 3 4
23 17 6 6 1 5 4 2 7 3 0
24 16 8 6 1 5 2 7 3 0 4
24 16 8 6 0 5 2 7 1 3 4
24 16 8 6 1 5 2 4 7 0 3
24 16 8 6 1 5 0 4 7 3 2
24 16 8 2 1 5 4 6 7 0 3
25 16 9 2 1 5 4 0 7 3 6
25 17 8 6 1 0 5 2 7 3 4
25 17 8 0 1 5 6 2 7 3 4
25 17 8 4 1 5 2 6 0 7 3
25 18 7 7 1 5 2 6 3 4 0
26 16 10 0 1 5 2 4 7 3 6
26 16 10 2 1 0 4 6 7 3 5
26 16 10 0 1 5 4 6 7 3 2
26 17 9 6 1 5 3 2 7 0 4
26 17 9 4 1 0 2 6 7 5 3
26 17 9 4 1 0 5 6 7 3 2
26 18 8 0 6 5 2 1 7 3 4
26 18 8 6 7 5 2 1 0 3 4
26 18 8 2 1 3 5 6 7 0 4
26 18 8 4 1 5 2 7 0 3 6
26 18 8 0 1 5 2 7 6 3 4
26 18 8 7 1 5 2 4 6 3 0
26 18 8 0 7 5 2 6 1 3 4
26 19 7 2 1 5 3 6 7 4 0
27 16 11 6 1 0 2 4 7 3 5
27 17 10 4 1 5 6 0 7 3 2
27 17 10 4 1 5 3 6 7 0 2
27 18 9 6 5 0 2 1 7 3 4
27 18 9 2 0 1 5 6 7 3 4
27 18 9 4 1 5 0 2 7 3 6
27 18 9 7 1 5 0 2 6 3 4
27 18 9 7 1 0 2 6 3 5 4
27 18 9 7 5 0 2 6 1 3 4
27 19 8 2 1 5 6 7 0 3 4
27 19 8 2 1 5 6 4 7 3 0
27 19 8 2 1 5 3 6 0 7 4
27 21 6 1 7 5 2 6 3 4 0
28 18 10 4 0 5 2 1 7 3 6
28 18 10 7 0 5 2 1 6 3 4
28 19 9 2 1 0 3 6 7 5 4
28 20 8 4 1 3 2 6 7 0 5
28 21 7 1 7 5 2 4 6 3 0
28 22 6 1 5 3 2 6 0 7 4
28 22 6 1 5 3 2 6 7 4 0
29 19 10 2 0 5 6 1 7 3 4
29 20 9 4 0 1 2 6 7 3 5
29 20 9 4 1 2 0 6 7 3 5
29 21 8 0 7 5 2 1 6 3 4
29 21 8 1 7 5 0 2 6 3 4
29 21 8 1 7 0 2 6 3 5 4
29 23 6 1 5 2 4 6 7 3 0
30 21 9 1 0 5 2 7 6 3 4
30 23 7 6 1 5 4 2 7 0 3
31 24 7 6 1 5 2 7 3 4 0
31 24 7 2 1 5 4 6 0 7 3
31 25 6 1 0 5 6 2 7 3 4
32 23 9 6 1 5 4 0 7 3 2
32 23 9 0 1 5 4 2 7 3 6
32 24 8 0 6 5 2 7 1 3 4
32 24 8 6 1 5 2 4 0 7 3
32 24 8 2 1 0 4 6 7 5 3
32 25 7 4 1 5 2 0 6 7 3
32 26 6 6 1 5 3 2 7 4 0
33 23 10 0 5 2 1 6 7 3 4
33 23 10 1 5 2 6 0 7 3 4
33 23 10 1 5 2 3 6 7 0 4
33 23 10 6 1 0 4 2 7 3 5
33 24 9 6 1 0 2 7 3 5 4
33 24 9 6 5 0 2 7 1 3 4
33 24 9 6 1 0 2 4 7 5 3
33 24 9 6 1 0 5 4 7 3 2
33 24 9 0 1 5 6 4 7 3 2
33 25 8 2 1 5 4 7 0 3 6
33 25 8 6 0 1 5 2 7 3 4
33 25 8 6 1 3 5 2 7 0 4
33 25 8 4 1 5 6 2 7 3 0
33 25 8 4 0 5 2 6 1 7 3
33 25 8 7 1 5 0 6 3 4 2
33 26 7 1 0 5 2 4 7 3 6
33 26 7 2 1 3 4 6 7 0 5
33 26 7 1 0 5 4 6 7 3 2
33 26 7 6 1 5 3 2 0 7 4
33 26 7 1 6 5 2 0 7 3 4
33 26 7 2 1 3 5 6 0 7 4
33 26 7 2 1 3 5 6 7 4 0
33 27 6 7 1 5 4 2 6 3 0
33 28 5 1 5 3 2 0 6 7 4
34 24 10 6 1 5 3 4 7 0 2
34 25 9 7 1 5 6 2 0 3 4
34 25 9 7 1 5 2 0 3 4 6
34 26 8 2 0 1 4 6 7 3 5
34 26 8 6 1 0 3 2 7 5 4
34 26 8 4 1 3 5 6 7 0 2
34 26 8 6 7 5 2 0 1 3 4
34 26 8 6 7 5 2 1 3 0 4
34 26 8 4 1 5 2 7 3 0 6
34 26 8 4 0 5 2 7 1 3 6
34 26 8 7 1 5 2 4 6 0 3
34 26 8 7 1 5 0 4 6 3 2
34 26 8 2 1 5 0 6 7 4 3
34 27 7 4 1 5 3 6 7 2 0
34 27 7 0 1 5 7 2 6 3 4
34 27 7 2 1 5 3 0 6 7 4
34 27 7 1 7 5 0 6 3 4 2
34 28 6 1 0 3 2 6 5 7 4
34 29 5 1 7 5 4 2 6 3 0
35 25 10 2 0 5 4 1 7 3 6
35 25 10 2 1 5 0 4 7 3 6
35 25 10 0 1 5 2 6 3 4 7
35 26 9 2 1 4 0 6 7 3 5
35 26 9 4 0 1 2 6 7 5 3
35 26 9 4 1 2 0 6 7 5 3
35 26 9 4 0 1 5 6 7 3 2
35 26 9 2 6 5 0 1 7 3 4
35 26 9 4 6 5 2 1 7 3 0
35 26 9 2 1 5 0 7 6 3 4
35 26 9 4 1 5 2 7 6 3 0
35 26 9 2 7 5 0 6 1 3 4
35 26 9 4 7 5 2 6 1 3 0
35 26 9 2 1 5 3 0 7 4 6
35 27 8 6 1 3 2 4 7 0 5
35 27 8 4 1 5 6 7 0 3 2
35 27 8 4 1 5 3 6 0 7 2
35 27 8 6 5 3 2 1 7 0 4
35 27 8 0 2 1 5 6 7 3 4
35 27 8 4 1 0 5 2 7 3 6
35 27 8 7 1 0 5 2 6 3 4
35 27 8 7 5 3 2 6 1 0 4
35 27 8 2 1 5 6 7 3 0 4
35 27 8 2 0 5 6 7 1 3 4
35 27 8 2 1 5 6 4 7 0 3
35 27 8 2 0 5 3 6 1 7 4
35 27 8 1 7 5 2 0 3 4 6
35 28 7 4 1 3 2 6 0 7 5
35 28 7 4 1 3 2 6 7 5 0
35 28 7 1 7 5 2 4 6 0 3
35 28 7 1 7 5 0 4 6 3 2
35 28 7 1 5 3 0 6 7 4 2
36 25 11 7 1 0 2 6 3 4 5
36 26 10 7 1 5 2 4 0 3 6
36 26 10 7 1 5 4 6 0 3 2
36 26 10 7 6 5 2 1 0 3 4
36 26 10 7 1 0 2 4 6 3 5
36 26 10 0 1 5 2 4 6 3 7
36 26 10 0 1 5 3 6 7 4 2
36 27 9 6 0 1 2 4 7 3 5
36 27 9 6 1 2 0 4 7 3 5
36 27 9 4 1 0 3 6 7 5 2
36 27 9 6 5 2 0 1 7 3 4
36 27 9 2 7 1 5 6 0 3 4
36 27 9 4 1 5 3 2 7 0 6
36 27 9 7 1 5 3 2 6 0 4
36 27 9 7 0 1 2 6 3 5 4
36 27 9 7 1 2 0 6 3 5 4
36 27 9 7 5 2 0 6 1 3 4
36 28 8 0 4 5 2 1 7 3 6
36 28 8 4 7 5 2 1 0 3 6
36 28 8 7 5 0 2 1 6 3 4
36 28 8 2 1 3 0 6 7 5 4
36 28 8 1 5 3 2 0 7 4 6
36 29 7 1 7 0 5 2 6 3 4
36 29 7 1 5 2 4 6 7 0 3
37 26 11 2 1 0 3 6 7 4 5
37 27 10 4 0 5 6 1 7 3 2
37 27 10 1 7 0 2 6 3 4 5
37 27 10 0 7 5 2 6 3 4 1
37 28 9 4 5 0 2 1 7 3 6
37 28 9 2 0 1 3 6 7 5 4
37 28 9 1 7 0 2 4 6 3 5
37 29 8 0 2 5 6 1 7 3 4
37 29 8 2 7 5 6 1 0 3 4
37 29 8 4 1 2 5 6 7 3 0
37 29 8 0 7 5 1 2 6 3 4
37 29 8 1 7 5 3 2 6 0 4
37 29 8 1 0 7 2 6 3 5 4
37 29 8 1 7 2 0 6 3 5 4
37 29 8 1 5 2 4 0 7 3 6
37 30 7 1 5 0 2 7 6 3 4
37 30 7 1 6 5 2 7 0 3 4
37 30 7 6 1 5 4 2 0 7 3
37 31 6 2 1 5 4 0 6 7 3
37 31 6 1 7 5 6 2 0 3 4
38 27 11 2 1 0 6 4 7 3 5
38 28 10 0 7 5 2 4 6 3 1
38 28 10 1 5 0 2 6 7 4 3
38 28 10 0 5 3 2 6 7 4 1
38 29 9 2 5 0 6 1 7 3 4
38 29 9 0 4 1 2 6 7 3 5
38 29 9 4 7 1 2 6 0 3 5
38 29 9 0 1 2 4 6 7 3 5
38 29 9 2 7 5 0 1 6 3 4
38 29 9 4 7 5 2 1 6 3 0
38 29 9 1 5 0 4 6 7 3 2
38 30 8 6 1 0 4 2 7 5 3
38 31 7 2 0 5 4 6 1 7 3
38 31 7 1 5 0 6 2 7 3 4
38 32 6 1 0 5 4 2 7 3 6
38 33 5 1 5 3 2 4 6 7 0
39 29 10 0 5 2 4 6 7 3 1
39 31 8 6 1 5 0 7 3 4 2
39 32 7 6 1 5 2 0 4 7 3
39 32 7 0 1 5 2 4 6 7 3
39 32 7 4 1 5 2 3 6 7 0
39 32 7 6 1 5 0 2 7 4 3
39 33 6 2 1 3 4 6 0 7 5
39 33 6 2 1 3 4 6 7 5 0
39 33 6 2 1 3 5 0 6 7 4
39 33 6 0 5 3 2 1 6 7 4
39 33 6 1 0 3 2 5 6 7 4
39 34 5 1 0 5 7 2 6 3 4
40 29 11 4 1 2 6 0 7 3 5
40 29 11 4 1 2 3 6 7 0 5
40 31 9 6 1 5 2 0 3 4 7
40 32 8 6 1 5 4 7 0 3 2
40 32 8 7 6 5 2 0 1 3 4
40 32 8 6 0 5 2 4 1 7 3
40 32 8 2 0 1 4 6 7 5 3
40 33 7 1 5 2 3 6 0 7 4
40 33 7 1 5 2 3 6 7 4 0
40 33 7 6 1 3 4 2 7 0 5
40 33 7 1 0 5 6 4 7 3 2
40 33 7 6 1 3 5 2 0 7 4
40 33 7 6 1 3 5 2 7 4 0
40 33 7 4 1 5 6 2 7 0 3
40 33 7 1 7 5 2 4 0 3 6
40 33 7 1 7 5 4 6 0 3 2
40 33 7 6 0 5 3 2 1 7 4
40 33 7 1 6 5 2 4 7 3 0
40 33 7 2 0 3 5 6 1 7 4
40 33 7 7 1 5 4 2 6 0 3
40 33 7 1 5 3 0 2 6 7 4
40 34 6 4 1 5 2 7 3 6 0
40 34 6 1 7 5 4 2 6 0 3
41 31 10 0 1 5 2 7 3 4 6
41 32 9 7 1 5 4 2 0 3 6
41 32 9 2 6 5 0 7 1 3 4
41 32 9 4 6 5 2 7 1 3 0
41 32 9 2 1 4 0 6 7 5 3
41 32 9 4 0 5 2 1 6 7 3
41 32 9 4 1 5 0 2 6 7 3
41 32 9 6 1 5 3 0 7 4 2
41 32 9 0 1 5 3 2 7 4 6
41 33 8 1 5 2 6 7 0 3 4
41 33 8 1 5 2 6 4 7 3 0
41 33 8 1 5 0 3 6 7 2 4
41 33 8 6 0 1 4 2 7 3 5
41 33 8 6 1 4 0 2 7 3 5
41 33 8 6 5 3 2 7 1 0 4
41 33 8 6 1 3 5 4 7 0 2
41 33 8 2 1 5 4 7 3 0 6
41 33 8 2 0 5 4 7 1 3 6
41 33 8 0 6 1 5 2 7 3 4
41 33 8 6 7 1 5 2 0 3 4
41 33 8 0 4 5 2 6 1 7 3
41 33 8 4 5 0 2 6 1 7 3
41 33 8 0 1 5 7 6 3 4 2
41 33 8 1 5 0 2 4 7 3 6
41 33 8 6 1 5 3 0 2 7 4
41 33 8 1 6 5 0 2 7 3 4
41 33 8 2 1 3 0 6 7 4 5
41 33 8 7 1 5 4 0 6 3 2
41 34 7 6 1 5 3 4 7 2 0
41 34 7 7 1 5 6 2 3 0 4
41 34 7 7 0 5 6 2 1 3 4
41 34 7 0 2 1 4 6 7 3 5
41 34 7 4 1 3 5 6 0 7 2
41 34 7 4 1 3 5 6 7 2 0
41 34 7 6 7 5 2 1 3 4 0
41 34 7 7 1 5 2 4 0 6 3
41 34 7 2 1 5 7 0 6 3 4
41 34 7 4 1 5 7 2 6 3 0
41 34 7 0 1 5 3 2 6 7 4
41 34 7 2 1 5 3 4 6 7 0
41 34 7 0 1 3 2 6 5 7 4
41 34 7 1 3 0 2 6 5 7 4
41 34 7 1 7 5 4 0 6 3 2
41 35 6 2 1 5 4 7 6 3 0
41 35 6 4 1 3 2 0 6 7 5
41 35 6 1 7 5 2 4 0 6 3
41 36 5 4 1 5 3 2 7 6 0
42 31 11 6 1 0 2 7 3 4 5
42 32 10 6 0 5 4 1 7 3 2
42 32 10 6 1 0 3 2 7 4 5
42 33 9 5 0 2 1 6 7 3 4
42 33 9 6 5 2 1 0 7 3 4
42 33 9 0 5 2 6 1 7 3 4
42 33 9 1 0 2 6 5 7 3 4
42 33 9 6 0 1 2 7 3 5 4
42 33 9 6 1 2 0 7 3 5 4
42 33 9 6 5 2 0 7 1 3 4
42 33 9 6 0 1 2 4 7 5 3
42 33 9 6 1 2 0 4 7 5 3
42 33 9 6 0 1 5 4 7 3 2
42 33 9 7 1 0 5 6 3 4 2
42 33 9 2 1 3 5 0 7 4 6
42 33 9 7 1 0 4 2 6 3 5
42 33 9 0 1 5 4 2 6 3 7
42 34 8 6 1 5 3 4 0 7 2
42 34 8 7 1 5 6 0 2 3 4
42 34 8 7 1 5 2 3 0 4 6
42 34 8 2 7 1 4 6 0 3 5
42 34 8 6 0 1 3 2 7 5 4
42 34 8 6 1 3 0 2 7 5 4
42 34 8 6 7 5 2 4 1 3 0
42 34 8 0 4 5 2 7 1 3 6
42 34 8 7 1 0 2 4 6 5 3
42 34 8 7 1 0 5 4 6 3 2
42 34 8 0 1 5 7 4 6 3 2
42 34 8 4 1 5 0 6 7 2 3
42 34 8 6 1 5 7 2 0 3 4
42 34 8 1 7 0 5 6 3 4 2
42 34 8 1 7 0 4 2 6 3 5
42 35 7 0 2 5 4 1 7 3 6
42 35 7 1 0 5 2 6 3 4 7
42 35 7 2 6 5 4 1 7 3 0
42 35 7 2 7 5 4 6 1 3 0
42 35 7 6 1 3 2 4 0 7 5
42 35 7 6 1 3 2 4 7 5 0
42 35 7 4 1 5 3 0 6 7 2
42 35 7 6 5 3 2 1 0 7 4
42 35 7 6 5 3 2 1 7 4 0
42 35 7 7 1 3 5 2 6 0 4
42 35 7 7 5 3 2 6 1 4 0
42 35 7 2 1 5 6 7 3 4 0
42 35 7 0 2 5 3 6 1 7 4
42 35 7 1 7 5 2 3 0 4 6
42 35 7 4 0 3 2 6 1 7 5
42 35 7 1 7 0 2 4 6 5 3
42 35 7 1 7 0 5 4 6 3 2
42 36 6 7 1 5 3 2 0 6 4
42 36 6 7 1 5 3 2 6 4 0
42 36 6 1 7 3 5 2 6 0 4
42 36 6 1 5 2 4 6 0 7 3
42 37 5 1 7 5 3 2 0 6 4
42 37 5 1 7 5 3 2 6 4 0
43 33 10 4 5 2 1 6 7 3 0
43 33 10 7 1 5 6 4 0 3 2
43 33 10 4 1 0 6 2 7 3 5
43 33 10 7 1 5 6 0 3 4 2
43 33 10 7 1 5 4 6 3 0 2
43 33 10 0 1 3 5 6 7 4 2
43 34 9 6 1 0 3 4 7 5 2
43 34 9 7 1 5 0 2 3 4 6
43 34 9 6 7 5 0 2 1 3 4
43 34 9 6 7 0 2 1 3 5 4
43 34 9 4 1 0 2 7 3 5 6
43 34 9 4 5 0 2 7 1 3 6
43 34 9 2 1 0 5 6 7 4 3
43 34 9 0 1 5 2 6 7 4 3
43 34 9 4 1 5 3 0 7 2 6
43 34 9 2 0 5 3 1 6 7 4
43 34 9 2 1 5 0 3 6 7 4
43 34 9 0 7 5 1 6 3 4 2
43 34 9 1 7 5 6 0 3 4 2
43 34 9 1 7 5 4 6 3 0 2
43 34 9 0 7 5 4 2 6 3 1
43 35 8 2 5 0 4 1 7 3 6
43 35 8 2 7 5 4 1 0 3 6
43 35 8 2 1 4 5 6 7 3 0
43 35 8 4 1 2 3 6 7 5 0
43 35 8 4 6 5 2 1 7 0 3
43 35 8 4 6 5 0 1 7 3 2
43 35 8 2 1 0 5 7 6 3 4
43 35 8 4 1 5 2 7 6 0 3
43 35 8 4 1 5 0 7 6 3 2
43 35 8 4 7 5 2 6 1 0 3
43 35 8 4 7 5 0 6 1 3 2
43 35 8 2 1 5 3 7 0 4 6
43 35 8 4 1 5 6 7 3 0 2
43 35 8 4 0 5 6 7 1 3 2
43 35 8 4 0 5 3 6 1 7 2
43 35 8 6 2 1 5 0 7 3 4
43 35 8 4 0 1 5 2 7 3 6
43 35 8 4 1 3 5 2 7 0 6
43 35 8 7 0 1 5 2 6 3 4
43 35 8 7 5 3 2 6 0 1 4
43 35 8 0 2 5 6 7 1 3 4
43 35 8 2 1 5 6 4 0 7 3
43 35 8 2 5 0 3 6 1 7 4
43 35 8 0 7 5 2 1 3 4 6
43 35 8 1 7 5 0 2 3 4 6
43 35 8 4 1 3 0 6 7 5 2
43 35 8 1 5 0 3 6 7 4 2
43 35 8 1 5 3 4 6 7 0 2
43 36 7 7 1 5 2 0 4 3 6
43 36 7 7 1 3 2 4 6 0 5
43 36 7 1 0 5 2 4 6 3 7
43 36 7 1 0 5 3 6 7 4 2
43 36 7 6 5 2 4 1 7 3 0
43 36 7 4 1 5 3 2 0 7 6
43 36 7 7 1 2 4 6 3 5 0
43 36 7 7 5 2 4 6 1 3 0
43 36 7 1 4 5 2 0 7 3 6
43 36 7 7 5 3 2 1 6 0 4
43 36 7 1 5 3 2 7 0 4 6
43 36 7 1 0 7 5 2 6 3 4
43 36 7 1 5 0 4 6 7 2 3
43 37 6 1 7 3 2 4 6 0 5
43 37 6 1 7 2 4 6 3 5 0
43 37 6 1 5 3 2 7 6 0 4
43 37 6 0 1 5 4 2 6 7 3
43 37 6 2 1 5 4 3 6 7 0
43 37 6 1 7 5 6 2 3 0 4
43 38 5 1 5 3 0 4 6 7 2
43 40 3 1 5 3 4 2 6 7 0
44 33 11 7 5 2 1 6 0 3 4
44 34 10 7 0 5 2 1 3 4 6
44 34 10 7 1 5 3 4 6 0 2
44 34 10 2 1 5 6 0 7 4 3
44 34 10 0 1 5 3 6 7 2 4
44 35 9 2 1 0 5 4 7 3 6
44 35 9 2 1 5 0 6 3 4 7
44 35 9 0 4 1 2 6 7 5 3
44 35 9 4 7 1 2 6 0 5 3
44 35 9 0 1 2 4 6 7 5 3
44 35 9 0 4 1 5 6 7 3 2
44 35 9 4 7 1 5 6 0 3 2
44 35 9 2 6 0 5 1 7 3 4
44 35 9 4 6 5 2 0 7 3 1
44 35 9 4 1 5 2 0 6 3 7
44 35 9 2 7 0 5 6 1 3 4
44 35 9 4 7 5 2 0 1 3 6
44 35 9 5 2 1 0 6 7 3 4
44 35 9 4 2 1 5 6 7 3 0
44 35 9 2 1 0 6 7 3 5 4
44 35 9 2 5 0 6 7 1 3 4
44 35 9 2 1 0 6 4 7 5 3
44 35 9 1 0 5 2 7 3 4 6
44 35 9 4 1 3 2 0 7 5 6
44 35 9 0 7 5 1 4 6 3 2
44 35 9 1 7 5 3 4 6 0 2
44 35 9 0 5 3 1 6 7 4 2
44 35 9 1 5 3 6 0 7 4 2
44 36 8 7 1 5 2 4 3 0 6
44 36 8 7 0 5 2 4 1 3 6
44 36 8 7 0 5 4 6 1 3 2
44 36 8 7 6 5 2 1 3 0 4
44 36 8 7 0 1 2 4 6 3 5
44 36 8 7 1 2 0 4 6 3 5
44 36 8 6 1 2 5 4 7 3 0
44 36 8 2 7 1 5 0 6 3 4
44 36 8 4 1 0 3 2 7 5 6
44 36 8 7 1 0 3 2 6 5 4
44 36 8 7 3 1 2 6 0 5 4
44 36 8 4 7 5 2 1 3 0 6
44 36 8 7 5 2 0 1 6 3 4
44 36 8 0 5 3 2 1 7 4 6
44 36 8 1 0 3 2 5 7 4 6
44 37 7 1 0 7 2 4 6 3 5
44 37 7 1 7 2 0 4 6 3 5
44 37 7 1 2 5 6 0 7 3 4
44 37 7 7 0 5 1 2 6 3 4
44 37 7 1 7 0 3 2 6 5 4
44 37 7 1 3 7 2 6 0 5 4
44 37 7 1 5 2 4 7 0 3 6
44 37 7 1 5 2 0 7 6 3 4
44 37 7 1 6 5 2 7 3 0 4
44 37 7 6 1 5 4 0 2 7 3
44 37 7 6 0 5 4 2 1 7 3
44 37 7 1 7 5 6 0 2 3 4
44 38 6 2 7 5 4 1 6 3 0
44 38 6 0 2 5 4 6 1 7 3
44 38 6 1 7 5 4 2 0 3 6
44 38 6 1 5 3 2 4 6 0 7
44 39 5 2 1 3 4 0 6 7 5
44 39 5 0 1 3 2 5 6 7 4
44 39 5 1 3 0 2 5 6 7 4
44 39 5 1 6 3 2 5 0 7 4
44 39 5 1 6 5 7 2 0 3 4
45 34 11 4 1 0 3 6 7 2 5
45 35 10 2 1 5 3 4 7 0 6
45 35 10 3 1 5 2 6 0 4 7
45 35 10 0 1 4 2 6 7 3 5
45 35 10 2 6 5 1 0 7 3 4
45 35 10 2 6 5 3 1 7 0 4
45 35 10 2 1 5 3 7 6 0 4
45 35 10 4 1 0 2 7 6 3 5
45 35 10 2 7 5 6 0 1 3 4
45 35 10 2 7 5 3 6 1 0 4
45 35 10 2 0 5 3 1 7 4 6
45 35 10 2 1 5 0 3 7 4 6
45 35 10 7 2 1 5 6 0 3 4
45 35 10 0 1 3 2 6 7 5 4
45 36 9 7 0 1 2 6 3 4 5
45 36 9 7 1 2 0 6 3 4 5
45 36 9 7 1 4 2 6 3 0 5
45 36 9 2 1 5 0 4 6 3 7
45 36 9 3 1 5 0 6 7 4 2
45 36 9 0 6 1 2 4 7 3 5
45 36 9 6 7 1 2 4 0 3 5
45 36 9 4 0 1 3 6 7 5 2
45 36 9 2 7 1 5 6 3 0 4
45 36 9 0 7 1 2 6 3 5 4
45 36 9 0 1 2 7 6 3 5 4
45 36 9 0 5 2 7 6 1 3 4
45 36 9 2 4 5 0 1 7 3 6
45 36 9 6 4 5 2 1 7 3 0
45 36 9 1 5 3 0 2 7 4 6
45 37 8 0 4 5 6 1 7 3 2
45 37 8 4 7 5 6 1 0 3 2
45 37 8 1 0 7 2 6 3 4 5
45 37 8 1 7 2 0 6 3 4 5
45 37 8 1 7 4 2 6 3 0 5
45 37 8 7 0 5 2 6 3 4 1
45 37 8 6 7 5 2 0 3 4 1
45 37 8 4 5 3 2 1 7 0 6
45 37 8 0 2 1 3 6 7 5 4
45 37 8 2 7 5 6 1 3 0 4
45 37 8 2 7 5 1 0 6 3 4
45 37 8 4 7 5 1 2 6 3 0
45 37 8 0 5 2 4 1 7 3 6
45 37 8 1 0 2 4 5 7 3 6
45 37 8 2 0 5 4 1 6 7 3
45 38 7 1 0 5 2 6 7 4 3
45 38 7 1 0 2 4 6 7 3 5
45 38 7 2 5 0 4 6 1 7 3
45 38 7 1 5 6 0 2 7 3 4
45 38 7 1 5 3 6 2 7 0 4
45 38 7 1 5 0 4 2 7 3 6
45 39 6 1 0 5 2 4 6 7 3
45 39 6 2 0 3 4 6 1 7 5
45 39 6 0 1 3 5 2 6 7 4
45 39 6 2 1 3 5 4 6 7 0
45 39 6 5 0 3 2 1 6 7 4
45 39 6 1 5 0 7 2 6 3 4
45 40 5 1 7 5 4 2 0 6 3
46 35 11 2 1 4 6 0 7 3 5
46 35 11 2 1 4 3 6 7 0 5
46 35 11 4 1 2 6 0 7 5 3
46 35 11 4 1 2 5 6 7 0 3
46 35 11 4 6 0 2 1 7 3 5
46 35 11 4 7 0 2 6 1 3 5
46 36 10 6 1 5 2 4 0 3 7
46 36 10 7 1 5 3 6 0 4 2
46 36 10 0 1 2 6 4 7 3 5
46 36 10 6 1 2 4 0 7 3 5
46 36 10 7 4 5 2 1 0 3 6
46 36 10 2 1 3 6 0 7 5 4
46 37 9 2 0 1 3 6 7 4 5
46 37 9 4 5 0 6 1 7 3 2
46 37 9 2 7 5 0 6 3 4 1
46 37 9 4 5 2 0 1 7 3 6
46 37 9 2 7 1 3 6 0 5 4
46 37 9 6 2 5 0 1 7 3 4
46 37 9 4 2 5 6 1 7 3 0
46 37 9 6 7 5 1 2 0 3 4
46 37 9 0 1 7 2 6 3 5 4
46 37 9 2 1 5 0 4 6 7 3
46 38 8 2 1 3 6 4 7 0 5
46 38 8 7 0 5 2 4 6 3 1
46 38 8 4 7 5 2 0 6 3 1
46 38 8 1 5 2 0 6 7 4 3
46 38 8 1 5 4 2 6 7 0 3
46 38 8 5 0 3 2 6 7 4 1
46 38 8 6 5 3 2 0 7 4 1
46 38 8 2 5 3 6 1 7 0 4
46 38 8 4 7 1 2 0 6 3 5
46 38 8 2 7 0 5 1 6 3 4
46 38 8 4 7 5 2 1 6 0 3
46 38 8 4 7 5 0 1 6 3 2
46 38 8 1 5 4 0 6 7 3 2
46 38 8 6 0 1 4 2 7 5 3
46 38 8 6 1 4 0 2 7 5 3
46 38 8 1 5 0 2 4 6 7 3
46 38 8 0 5 3 2 4 6 7 1
46 39 7 0 1 5 2 6 4 7 3
46 39 7 6 1 5 2 3 4 7 0
46 39 7 4 1 5 0 3 6 7 2
46 39 7 2 1 3 0 5 6 7 4
46 39 7 2 5 3 0 1 6 7 4
46 39 7 4 5 3 2 1 6 7 0
46 40 6 1 5 2 3 0 6 7 4
46 40 6 6 1 3 4 2 0 7 5
46 40 6 6 1 3 4 2 7 5 0
46 40 6 1 7 5 2 0 4 3 6
46 40 6 0 2 3 5 6 1 7 4
46 40 6 7 1 5 4 2 0 6 3
46 40 6 1 5 0 3 2 6 7 4
46 40 6 1 7 0 4 2 6 5 3
46 41 5 1 6 5 4 2 7 3 0
46 41 5 4 1 3 2 5 6 7 0
46 41 5 1 7 5 2 0 4 6 3
47 36 11 6 1 2 3 4 7 0 5
47 36 11 6 5 2 3 1 7 0 4
47 36 11 7 1 2 6 0 3 5 4
47 36 11 7 1 2 5 6 3 0 4
47 36 11 7 5 2 6 0 1 3 4
47 36 11 7 5 2 3 6 1 0 4
47 37 10 3 7 5 2 6 0 4 1
47 37 10 7 2 5 6 1 0 3 4
47 37 10 4 1 2 5 0 7 3 6
47 37 10 0 7 2 1 6 3 5 4
47 37 10 1 7 2 6 0 3 5 4
47 37 10 1 7 2 5 6 3 0 4
47 37 10 1 5 2 0 4 7 3 6
47 38 9 2 0 1 6 4 7 3 5
47 38 9 2 1 6 0 4 7 3 5
47 38 9 2 7 5 0 4 6 3 1
47 38 9 2 5 3 0 6 7 4 1
47 38 9 2 5 6 0 1 7 3 4
47 38 9 6 4 1 2 0 7 3 5
47 38 9 4 7 1 2 6 3 0 5
47 38 9 5 1 2 4 6 7 3 0
47 39 8 5 0 2 4 6 7 3 1
47 39 8 6 5 2 4 0 7 3 1
47 39 8 6 1 5 0 2 4 7 3
47 39 8 3 1 5 2 4 6 7 0
47 39 8 4 1 5 2 3 6 0 7
47 39 8 6 1 0 5 2 7 4 3
47 39 8 0 1 5 6 2 7 4 3
47 39 8 2 1 3 4 0 7 5 6
47 39 8 2 0 3 5 1 6 7 4
47 40 7 0 2 1 4 6 7 5 3
47 40 7 1 0 2 3 6 5 7 4
47 40 7 1 7 5 6 4 0 3 2
47 40 7 6 1 3 5 0 2 7 4
47 40 7 6 0 3 5 2 1 7 4
47 40 7 4 1 5 6 2 0 7 3
47 40 7 1 7 5 2 4 3 0 6
47 40 7 0 6 5 3 2 1 7 4
47 40 7 1 6 5 2 4 7 0 3
47 40 7 1 6 5 0 4 7 3 2
47 40 7 7 1 0 4 2 6 5 3
47 40 7 0 5 3 1 2 6 7 4
47 40 7 4 1 5 0 7 3 6 2
47 41 6 4 1 5 3 2 6 7 0
47 41 6 1 0 5 3 2 7 4 6
47 41 6 2 1 5 4 7 3 6 0
47 41 6 1 0 5 7 6 3 4 2
47 41 6 7 1 5 6 2 3 4 0
47 41 6 4 1 3 5 0 6 7 2
47 41 6 7 1 5 2 0 4 6 3
47 41 6 4 1 5 7 2 6 0 3
47 41 6 1 0 5 3 2 6 7 4
47 41 6 0 1 3 2 4 6 7 5
47 41 6 1 0 5 2 4 7 6 3
47 41 6 4 1 5 0 2 7 6 3
47 42 5 1 7 3 4 2 6 0 5
47 42 5 1 7 3 5 2 6 4 0
47 42 5 1 5 2 4 0 6 7 3
47 42 5 1 0 5 3 2 7 6 4
48 37 11 0 1 2 5 6 7 3 4
48 38 10 6 7 5 2 4 0 3 1
48 38 10 7 5 3 2 6 0 4 1
48 38 10 2 4 1 0 6 7 3 5
48 38 10 5 4 1 2 6 7 3 0
48 38 10 7 1 2 4 6 0 3 5
48 38 10 2 7 5 3 1 6 0 4
48 38 10 4 7 0 2 1 6 3 5
48 39 9 6 1 0 5 7 3 4 2
48 39 9 0 1 5 6 7 3 4 2
48 39 9 6 1 5 7 0 3 4 2
48 39 9 6 0 5 2 1 4 7 3
48 39 9 4 1 0 2 3 6 7 5
48 39 9 0 1 5 2 3 6 7 4
48 39 9 0 1 3 4 6 7 5 2
48 40 8 4 1 2 6 5 7 3 0
48 40 8 4 1 2 3 6 0 7 5
48 40 8 6 1 5 2 3 0 4 7
48 40 8 6 1 5 4 7 3 0 2
48 40 8 6 0 5 4 7 1 3 2
48 40 8 7 6 5 2 4 1 3 0
48 40 8 0 6 5 2 4 1 7 3
48 40 8 6 5 0 2 4 1 7 3
48 40 8 2 7 1 4 6 0 5 3
48 40 8 1 5 0 6 4 7 3 2
48 40 8 6 1 3 0 2 7 4 5
48 40 8 4 1 0 6 2 7 5 3
48 40 8 6 5 0 3 2 1 7 4
48 40 8 2 3 0 5 6 1 7 4
48 40 8 1 5 3 7 2 6 0 4
48 40 8 4 1 5 2 0 3 6 7
48 41 7 7 1 5 4 2 3 0 6
48 41 7 7 0 5 4 2 1 3 6
48 41 7 2 6 5 4 7 1 3 0
48 41 7 0 4 5 2 1 6 7 3
48 41 7 4 5 0 2 1 6 7 3
48 41 7 4 1 0 5 2 6 7 3
48 41 7 1 0 5 3 6 7 2 4
48 41 7 1 5 3 0 6 7 2 4
48 41 7 6 1 4 5 2 7 3 0
48 41 7 6 5 3 2 7 1 4 0
48 41 7 6 1 3 5 4 0 7 2
48 41 7 6 1 3 5 4 7 2 0
48 41 7 0 2 5 4 7 1 3 6
48 41 7 1 5 3 2 4 7 0 6
48 41 7 1 6 0 5 2 7 3 4
48 41 7 0 1 5 4 7 6 3 2
48 41 7 0 7 5 6 2 1 3 4
48 41 7 6 2 1 4 0 7 3 5
48 41 7 4 0 3 5 6 1 7 2
48 41 7 7 0 5 2 4 1 6 3
48 41 7 2 1 5 7 6 0 3 4
48 41 7 2 1 5 7 4 6 3 0
48 41 7 4 1 5 0 2 6 3 7
48 41 7 6 1 3 2 0 5 7 4
48 41 7 1 3 2 0 6 5 7 4
48 41 7 1 3 7 2 6 5 0 4
48 41 7 0 7 5 4 1 6 3 2
48 41 7 2 1 5 4 7 6 0 3
48 42 6 1 2 0 6 5 7 3 4
48 42 6 7 1 3 4 2 6 0 5
48 42 6 1 0 5 4 2 6 3 7
48 42 6 1 0 5 7 4 6 3 2
48 42 6 6 1 5 7 2 3 0 4
48 42 6 6 0 5 7 2 1 3 4
48 42 6 1 0 7 4 2 6 3 5
48 42 6 1 2 5 4 0 7 3 6
48 42 6 1 3 5 2 6 0 4 7
48 42 6 7 1 3 5 2 6 4 0
48 42 6 1 7 5 2 3 4 0 6
48 42 6 1 7 3 5 4 6 0 2
48 42 6 7 0 5 3 2 1 6 4
48 42 6 1 7 3 5 2 0 6 4
48 42 6 1 0 2 4 6 5 7 3
48 42 6 1 7 5 3 0 2 6 4
48 42 6 1 7 5 0 2 6 4 3
48 43 5 1 7 5 6 2 3 4 0
48 43 5 1 5 3 4 6 0 7 2
48 43 5 1 5 3 4 6 7 2 0
48 43 5 1 7 3 2 4 6 5 0
48 43 5 1 5 3 2 7 6 4 0
48 43 5 1 0 5 4 2 6 7 3
48 43 5 1 5 3 4 2 6 0 7
48 43 5 1 5 3 4 0 6 7 2
48 44 4 2 1 3 4 5 6 7 0
49 38 11 7 4 1 2 6 0 3 5
49 39 10 4 5 2 0 6 7 3 1
49 39 10 7 5 2 4 6 0 3 1
49 39 10 6 1 5 2 0 7 4 3
49 40 9 4 1 2 6 7 0 3 5
49 40 9 6 1 5 0 2 3 4 7
49 40 9 7 6 5 0 2 1 3 4
49 40 9 1 5 2 3 0 7 4 6
49 40 9 6 1 3 5 0 7 4 2
49 40 9 0 1 5 2 7 3 6 4
49 41 8 7 1 5 4 0 2 3 6
49 41 8 4 6 5 2 7 1 0 3
49 41 8 4 6 5 0 7 1 3 2
49 41 8 2 1 4 3 6 7 5 0
49 41 8 4 6 5 2 1 0 7 3
49 41 8 6 1 5 3 7 0 4 2
49 41 8 3 1 5 0 2 7 4 6
49 41 8 1 5 2 6 7 3 0 4
49 41 8 1 0 2 6 7 5 3 4
49 41 8 1 5 2 6 4 7 0 3
49 41 8 0 6 1 4 2 7 3 5
49 41 8 6 7 1 4 2 0 3 5
49 41 8 6 5 3 2 7 0 1 4
49 41 8 2 1 0 4 7 3 5 6
49 41 8 2 5 0 4 7 1 3 6
49 41 8 6 7 1 5 2 3 0 4
49 41 8 6 4 5 2 0 1 7 3
49 41 8 4 5 2 0 6 1 7 3
49 41 8 2 1 5 7 6 3 4 0
49 41 8 0 1 5 3 6 2 7 4
49 41 8 6 1 5 3 4 2 7 0
49 41 8 0 6 5 1 2 7 3 4
49 41 8 1 6 5 3 2 7 0 4
49 41 8 6 1 5 0 4 7 2 3
49 41 8 7 1 0 6 2 3 5 4
49 41 8 7 5 0 6 2 1 3 4
49 41 8 5 2 1 4 6 7 3 0
49 41 8 4 1 3 0 6 7 2 5
49 41 8 6 7 5 0 1 3 4 2
49 41 8 4 1 5 7 0 6 3 2
49 41 8 3 1 5 0 2 6 7 4
49 41 8 2 1 5 3 4 6 0 7
49 41 8 2 1 3 0 6 5 7 4
49 41 8 4 1 3 2 6 5 7 0
49 41 8 1 0 5 4 7 6 3 2
49 41 8 2 1 5 4 0 6 3 7
49 41 8 4 0 3 2 1 6 7 5
49 41 8 4 1 3 0 2 6 7 5
49 41 8 4 1 5 3 0 7 6 2
49 41 8 0 1 5 3 2 7 6 4
49 42 7 1 7 2 6 5 0 3 4
49 42 7 6 1 2 4 7 3 5 0
49 42 7 6 5 2 4 7 1 3 0
49 42 7 7 0 1 4 2 6 3 5
49 42 7 6 1 5 3 0 4 7 2
49 42 7 7 1 5 2 3 4 0 6
49 42 7 2 7 1 4 0 6 3 5
49 42 7 7 1 3 5 4 6 0 2
49 42 7 6 1 5 7 0 2 3 4
49 42 7 1 7 4 0 2 6 3 5
49 42 7 6 1 3 2 0 4 7 5
49 42 7 6 0 3 2 4 1 7 5
49 42 7 0 1 5 3 4 6 7 2
49 42 7 6 5 3 2 0 1 7 4
49 42 7 6 0 3 2 1 5 7 4
49 42 7 7 1 3 5 2 0 6 4
49 42 7 6 2 5 3 0 1 7 4
49 42 7 1 0 5 2 3 7 4 6
49 42 7 0 4 3 2 6 1 7 5
49 42 7 1 0 7 2 4 6 5 3
49 42 7 1 7 2 0 4 6 5 3
49 42 7 1 0 7 5 4 6 3 2
49 42 7 7 1 5 3 0 2 6 4
49 42 7 7 1 5 0 2 6 4 3
49 43 6 6 7 5 4 2 1 3 0
49 43 6 0 2 5 3 1 6 7 4
49 43 6 1 7 5 4 6 3 2 0
49 43 6 4 1 3 5 2 7 6 0
49 43 6 7 1 3 2 4 6 5 0
49 43 6 7 5 3 2 1 6 4 0
49 43 6 1 5 0 3 4 6 7 2
49 44 5 1 5 2 4 7 6 3 0
49 44 5 0 1 3 4 2 6 7 5
49 44 5 1 3 2 0 5 6 7 4
49 44 5 1 6 5 7 2 3 0 4
50 40 10 6 0 5 2 1 3 4 7
50 40 10 0 1 3 5 2 7 4 6
50 40 10 1 6 0 2 4 7 3 5
50 40 10 0 6 5 2 4 7 3 1
50 40 10 4 1 0 2 7 3 6 5
50 41 9 2 1 5 0 7 3 4 6
50 41 9 2 6 0 5 7 1 3 4
50 41 9 2 6 5 7 0 1 3 4
50 41 9 4 6 5 2 0 1 3 7
50 41 9 7 1 5 3 2 0 4 6
50 41 9 0 1 4 6 2 7 3 5
50 41 9 2 6 1 5 0 7 3 4
50 41 9 5 6 1 0 2 7 3 4
50 41 9 4 6 1 5 2 7 3 0
50 41 9 6 7 1 5 0 2 3 4
50 41 9 2 4 5 0 6 1 7 3
50 41 9 3 4 5 2 6 1 7 0
50 41 9 1 4 5 2 6 0 7 3
50 41 9 4 5 7 2 6 1 0 3
50 41 9 3 1 5 7 6 0 4 2
50 41 9 0 1 3 2 6 7 4 5
50 41 9 7 0 5 4 1 6 3 2
50 41 9 6 1 5 3 0 7 2 4
50 41 9 4 2 1 0 6 7 3 5
50 41 9 7 2 1 4 6 0 3 5
50 41 9 4 1 3 5 0 7 2 6
50 41 9 2 0 5 7 1 6 3 4
50 41 9 4 1 0 7 2 6 3 5
50 41 9 2 1 0 3 4 6 7 5
50 41 9 5 1 3 2 6 0 7 4
50 41 9 2 1 0 4 7 6 3 5
50 41 9 4 1 0 3 2 7 6 5
50 42 8 0 6 5 4 1 7 3 2
50 42 8 6 5 0 4 1 7 3 2
50 42 8 6 7 5 4 1 0 3 2
50 42 8 6 0 1 3 2 7 4 5
50 42 8 6 1 4 3 2 7 0 5
50 42 8 5 2 0 1 6 7 3 4
50 42 8 0 1 2 6 5 7 3 4
50 42 8 6 3 1 2 7 0 5 4
50 42 8 6 1 2 3 4 7 5 0
50 42 8 2 1 3 5 7 0 4 6
50 42 8 7 1 4 0 2 6 3 5
50 42 8 6 0 5 3 4 1 7 2
50 42 8 0 1 5 6 7 2 3 4
50 42 8 7 1 5 6 4 2 3 0
50 42 8 7 0 5 2 3 1 4 6
50 42 8 2 7 1 4 6 3 0 5
50 42 8 0 6 1 3 2 7 5 4
50 42 8 6 7 1 3 2 0 5 4
50 42 8 6 7 5 2 4 1 0 3
50 42 8 6 7 5 0 4 1 3 2
50 42 8 7 4 5 2 0 1 3 6
50 42 8 7 0 1 2 4 6 5 3
50 42 8 7 1 2 0 4 6 5 3
50 42 8 7 0 1 5 4 6 3 2
50 42 8 1 0 7 5 6 3 4 2
50 42 8 1 7 4 5 6 3 0 2
50 42 8 6 2 5 4 1 7 3 0
50 42 8 1 5 0 2 6 3 4 7
50 42 8 2 6 5 4 1 7 0 3
50 42 8 2 7 5 4 6 1 0 3
50 42 8 6 1 3 0 4 7 5 2
50 42 8 6 5 3 0 1 7 4 2
50 42 8 7 5 3 0 6 1 4 2
50 42 8 3 2 5 0 6 1 7 4
50 42 8 4 2 5 3 6 1 7 0
50 42 8 1 2 5 3 6 0 7 4
50 42 8 4 3 0 2 6 1 7 5
50 42 8 1 7 5 3 0 6 4 2
50 43 7 7 1 5 6 0 4 3 2
50 43 7 7 1 5 4 6 3 2 0
50 43 7 1 0 3 5 6 7 4 2
50 43 7 0 1 5 7 2 3 4 6
50 43 7 2 5 0 3 1 6 7 4
50 43 7 2 1 0 5 3 6 7 4
50 43 7 1 7 5 6 3 0 4 2
50 43 7 1 7 0 4 6 3 5 2
50 43 7 7 0 5 4 2 6 3 1
50 43 7 2 7 5 4 0 6 3 1
50 43 7 2 5 3 4 1 7 0 6
50 43 7 2 1 3 5 7 6 0 4
50 43 7 4 1 5 2 7 0 6 3
50 43 7 2 1 5 3 7 4 0 6
50 43 7 4 1 5 6 7 3 2 0
50 43 7 4 1 3 5 2 0 7 6
50 43 7 7 5 3 2 0 6 1 4
50 43 7 2 1 5 6 0 4 7 3
50 43 7 2 5 3 0 6 1 7 4
50 43 7 1 7 0 5 2 3 4 6
50 43 7 0 1 5 2 7 4 3 6
50 43 7 7 1 5 2 6 4 3 0
50 43 7 1 5 0 2 4 6 3 7
50 43 7 1 6 5 2 4 0 3 7
50 43 7 1 7 5 3 6 0 4 2
50 43 7 4 0 5 3 2 1 7 6
50 43 7 1 4 5 2 7 0 3 6
50 43 7 1 4 5 2 6 7 3 0
50 43 7 1 5 3 2 7 4 0 6
50 43 7 1 0 3 2 7 5 4 6
50 43 7 1 6 7 5 2 0 3 4
50 43 7 1 0 5 4 6 7 2 3
50 43 7 1 7 3 2 4 0 6 5
50 43 7 1 7 2 4 6 3 0 5
50 43 7 1 5 3 2 7 0 6 4
50 43 7 3 1 5 4 2 6 7 0
50 43 7 2 1 5 4 3 6 0 7
50 43 7 1 7 0 6 2 3 5 4
50 43 7 0 5 3 1 4 6 7 2
50 43 7 1 5 0 4 2 6 7 3
50 43 7 0 5 3 4 2 6 7 1
50 44 6 1 3 5 2 7 0 4 6
50 44 6 1 7 5 3 4 0 6 2
50 44 6 1 7 5 3 4 6 2 0
50 44 6 7 1 5 2 4 3 6 0
50 44 6 4 7 5 2 1 3 6 0
50 44 6 7 5 2 4 1 6 3 0
50 44 6 1 7 3 2 5 0 4 6
50 44 6 1 7 2 5 4 6 3 0
50 44 6 1 7 3 0 2 6 5 4
50 44 6 1 6 5 2 7 3 4 0
50 44 6 6 2 5 4 0 1 7 3
50 44 6 1 7 5 4 2 3 0 6
50 44 6 5 1 3 2 0 6 7 4
50 44 6 1 3 7 2 5 6 0 4
50 44 6 1 6 3 2 0 5 7 4
50 44 6 1 6 3 2 5 7 0 4
50 44 6 1 6 5 7 0 2 3 4
50 45 5 1 2 0 4 5 7 3 6
50 45 5 0 2 5 4 1 6 7 3
50 45 5 0 2 3 4 6 1 7 5
50 45 5 1 0 3 5 2 6 7 4
50 45 5 1 0 5 4 2 7 6 3
50 46 4 2 5 3 4 1 6 7 0
51 40 11 4 0 2 6 1 7 3 5
51 40 11 0 5 2 3 6 7 4 1
51 41 10 3 1 5 2 7 0 4 6
51 41 10 2 6 5 3 7 1 0 4
51 41 10 0 1 4 2 6 7 5 3
51 41 10 6 0 5 3 1 7 4 2
51 41 10 6 1 5 0 3 7 4 2
51 41 10 7 6 1 5 2 0 3 4
51 41 10 6 0 5 3 1 2 7 4
51 41 10 6 1 5 0 3 2 7 4
51 41 10 2 1 3 6 0 7 4 5
51 41 10 0 1 5 3 4 7 2 6
51 41 10 0 1 3 5 6 7 2 4
51 42 9 6 0 1 2 7 3 4 5
51 42 9 6 1 2 0 7 3 4 5
51 42 9 6 1 4 2 7 3 0 5
51 42 9 5 7 2 1 6 0 3 4
51 42 9 6 5 2 1 7 0 3 4
51 42 9 6 5 2 1 4 7 3 0
51 42 9 5 0 2 6 1 7 3 4
51 42 9 0 6 1 2 7 3 5 4
51 42 9 0 6 1 2 4 7 5 3
51 42 9 6 7 1 2 4 0 5 3
51 42 9 0 6 1 5 4 7 3 2
51 42 9 6 7 1 5 4 0 3 2
51 42 9 7 0 1 5 6 3 4 2
51 42 9 7 1 4 5 6 3 0 2
51 42 9 2 1 3 0 5 7 4 6
51 42 9 6 1 5 4 2 0 3 7
51 42 9 0 1 3 6 2 7 5 4
51 42 9 2 4 5 0 7 1 3 6
51 42 9 6 4 5 2 7 1 3 0
51 42 9 6 1 5 7 4 0 3 2
51 42 9 4 1 0 5 6 7 2 3
51 42 9 0 1 5 4 6 7 2 3
51 42 9 4 2 5 0 1 7 3 6
51 42 9 7 2 5 4 1 0 3 6
51 42 9 2 6 5 4 0 7 3 1
51 42 9 2 7 5 4 0 1 3 6
51 42 9 6 1 3 2 0 7 5 4
51 42 9 4 0 5 3 1 6 7 2
51 42 9 7 5 3 2 0 1 4 6
51 42 9 2 1 5 6 0 3 4 7
51 42 9 7 1 5 3 0 6 4 2
51 42 9 0 1 5 3 2 6 4 7
51 42 9 1 7 0 3 2 6 4 5
51 42 9 0 7 5 3 2 6 4 1
51 43 8 7 1 5 6 4 3 0 2
51 43 8 7 0 5 6 4 1 3 2
51 43 8 4 0 1 6 2 7 3 5
51 43 8 4 1 6 0 2 7 3 5
51 43 8 4 1 3 6 2 7 0 5
51 43 8 7 1 5 6 3 0 4 2
51 43 8 7 1 0 4 6 3 5 2
51 43 8 7 1 0 5 2 3 4 6
51 43 8 6 7 0 5 2 1 3 4
51 43 8 4 5 3 2 7 1 0 6
51 43 8 4 1 5 3 7 0 2 6
51 43 8 2 6 5 3 1 0 7 4
51 43 8 7 0 5 1 6 3 4 2
51 43 8 6 7 5 1 0 3 4 2
51 43 8 0 7 5 6 1 3 4 2
51 43 8 4 7 5 0 2 6 3 1
51 43 8 2 7 5 4 1 3 0 6
51 43 8 2 0 1 5 7 6 3 4
51 43 8 4 1 0 2 7 6 5 3
51 43 8 4 1 0 5 7 6 3 2
51 43 8 4 7 5 2 6 0 1 3
51 43 8 2 0 5 3 7 1 4 6
51 43 8 0 4 5 6 7 1 3 2
51 43 8 0 4 5 3 6 1 7 2
51 43 8 4 5 0 3 6 1 7 2
51 43 8 6 2 1 5 7 0 3 4
51 43 8 6 2 1 5 4 7 3 0
51 43 8 0 4 1 5 2 7 3 6
51 43 8 4 7 1 5 2 0 3 6
51 43 8 0 7 1 5 2 6 3 4
51 43 8 7 0 3 2 6 5 1 4
51 43 8 7 2 5 6 0 1 3 4
51 43 8 2 0 5 6 4 1 7 3
51 43 8 0 7 5 1 2 3 4 6
51 43 8 1 5 4 3 6 7 0 2
51 43 8 7 1 5 0 2 4 3 6
51 43 8 7 1 3 2 4 0 6 5
51 43 8 6 5 2 4 1 7 0 3
51 43 8 4 1 5 3 0 2 7 6
51 43 8 7 1 2 4 6 3 0 5
51 43 8 7 5 2 4 6 1 0 3
51 43 8 1 4 5 0 2 7 3 6
51 43 8 7 5 3 2 1 0 6 4
51 43 8 0 1 7 5 2 6 3 4
51 43 8 1 5 4 0 6 7 2 3
51 43 8 1 7 2 4 0 3 5 6
51 43 8 2 1 0 4 3 6 7 5
51 43 8 0 1 5 4 3 6 7 2
51 43 8 1 5 3 7 4 6 0 2
51 44 7 7 3 5 2 1 0 4 6
51 44 7 7 1 5 3 4 0 6 2
51 44 7 7 1 5 3 4 6 2 0
51 44 7 1 0 2 4 6 7 5 3
51 44 7 1 7 0 3 4 6 5 2
51 44 7 1 5 3 6 7 0 4 2
51 44 7 1 5 3 6 2 7 4 0
51 44 7 7 6 5 2 1 3 4 0
51 44 7 7 1 2 5 4 6 3 0
51 44 7 7 1 3 0 2 6 5 4
51 44 7 0 1 3 2 5 7 4 6
51 44 7 1 3 0 2 5 7 4 6
51 44 7 1 2 5 6 7 0 3 4
51 44 7 1 2 5 6 4 7 3 0
51 44 7 7 6 5 1 2 0 3 4
51 44 7 1 0 7 3 2 6 5 4
51 44 7 1 3 7 2 0 6 5 4
51 44 7 1 5 2 4 7 3 0 6
51 44 7 1 0 2 4 7 5 3 6
51 44 7 0 1 5 4 6 2 7 3
51 44 7 6 1 5 4 3 2 7 0
51 44 7 0 6 5 4 2 1 7 3
51 44 7 6 5 0 4 2 1 7 3
51 44 7 1 7 5 6 4 2 3 0
51 44 7 2 7 5 4 1 6 0 3
51 44 7 3 2 5 4 6 1 7 0
51 44 7 1 2 5 4 6 0 7 3
51 44 7 1 7 5 4 0 2 3 6
51 44 7 1 5 3 2 4 0 6 7
51 44 7 2 0 3 4 1 6 7 5
51 45 6 2 1 5 3 4 7 6 0
51 45 6 1 7 2 4 5 0 3 6
51 45 6 2 5 0 4 1 6 7 3
51 45 6 1 2 0 4 6 7 3 5
51 45 6 1 5 6 4 2 7 3 0
51 45 6 1 5 3 6 2 0 7 4
51 45 6 1 5 3 4 2 7 0 6
51 45 6 2 1 3 0 4 6 7 5
51 45 6 1 7 5 4 0 2 6 3
51 46 5 4 1 3 0 5 6 7 2
51 46 5 1 7 5 2 3 4 6 0
51 47 4 1 7 3 4 2 6 5 0
52 41 11 4 6 0 2 7 1 3 5
52 41 11 2 1 4 6 0 7 5 3
52 41 11 2 1 4 5 6 7 0 3
52 41 11 0 5 2 6 4 7 3 1
52 41 11 6 1 4 2 0 7 3 5
52 41 11 6 1 0 3 4 7 2 5
52 41 11 6 7 0 2 1 3 4 5
52 42 10 6 0 2 1 5 7 3 4
52 42 10 4 5 2 6 1 7 3 0
52 42 10 0 1 2 6 7 3 5 4
52 42 10 6 1 2 7 0 3 5 4
52 42 10 0 5 2 6 7 1 3 4
52 42 10 6 5 2 7 0 1 3 4
52 42 10 0 1 2 6 4 7 5 3
52 42 10 6 1 2 4 0 7 5 3
52 42 10 2 0 3 5 1 7 4 6
52 42 10 7 0 5 6 1 2 3 4
52 42 10 7 1 5 0 6 2 3 4
52 42 10 0 7 5 2 4 1 3 6
52 42 10 4 1 5 6 0 7 2 3
52 42 10 2 6 0 4 1 7 3 5
52 42 10 2 7 0 4 6 1 3 5
52 42 10 0 7 5 4 6 1 3 2
52 42 10 0 1 3 2 4 7 5 6
52 42 10 0 5 3 2 6 1 4 7
52 42 10 7 1 0 3 2 6 4 5
52 43 9 4 5 2 1 6 7 0 3
52 43 9 5 1 3 0 6 7 4 2
52 43 9 6 0 1 3 4 7 5 2
52 43 9 6 7 5 3 2 1 0 4
52 43 9 6 0 7 2 1 3 5 4
52 43 9 6 7 2 0 1 3 5 4
52 43 9 4 0 1 2 7 3 5 6
52 43 9 4 1 2 0 7 3 5 6
52 43 9 4 5 2 0 7 1 3 6
52 43 9 2 0 1 5 6 7 4 3
52 43 9 3 1 5 2 6 7 4 0
52 43 9 2 1 5 7 3 6 0 4
52 43 9 2 7 5 1 6 3 4 0
52 43 9 1 0 5 6 7 3 4 2
52 43 9 6 7 5 4 2 0 3 1
52 43 9 2 5 4 0 1 7 3 6
52 43 9 4 6 0 2 1 7 5 3
52 43 9 4 6 0 5 1 7 3 2
52 43 9 4 7 0 2 6 1 5 3
52 43 9 4 7 0 5 6 1 3 2
52 43 9 4 1 0 6 7 3 5 2
52 43 9 4 5 0 6 7 1 3 2
52 43 9 6 2 1 0 5 7 3 4
52 43 9 6 2 5 0 7 1 3 4
52 43 9 4 2 5 6 7 1 3 0
52 43 9 2 5 7 3 6 1 0 4
52 43 9 2 7 5 0 1 3 4 6
52 43 9 7 0 5 2 1 4 3 6
52 43 9 7 1 2 4 0 3 5 6
52 43 9 7 5 2 4 0 1 3 6
52 44 8 7 5 2 1 0 6 3 4
52 44 8 7 1 0 3 4 6 5 2
52 44 8 2 1 5 6 7 0 4 3
52 44 8 2 1 5 6 3 7 4 0
52 44 8 2 1 3 5 4 7 0 6
52 44 8 4 7 1 2 0 6 5 3
52 44 8 4 7 1 5 0 6 3 2
52 44 8 2 6 3 5 1 7 0 4
52 44 8 4 6 5 2 7 0 3 1
52 44 8 4 1 5 2 6 0 3 7
52 44 8 2 7 3 5 6 1 0 4
52 44 8 4 2 1 5 6 7 0 3
52 44 8 2 5 3 6 7 1 0 4
52 44 8 1 5 0 2 7 3 4 6
52 44 8 4 1 3 2 7 0 5 6
52 44 8 7 0 5 1 4 6 3 2
52 44 8 4 7 5 1 0 6 3 2
52 44 8 5 0 3 1 6 7 4 2
52 44 8 6 5 3 1 0 7 4 2
52 44 8 0 5 3 6 1 7 4 2
52 44 8 1 0 3 6 5 7 4 2
52 44 8 7 5 0 4 6 1 3 2
52 44 8 0 7 1 2 4 6 3 5
52 44 8 2 7 1 5 4 6 3 0
52 44 8 4 0 1 3 2 7 5 6
52 44 8 4 1 3 0 2 7 5 6
52 44 8 7 0 1 3 2 6 5 4
52 44 8 7 3 1 2 0 6 5 4
52 44 8 7 3 1 2 6 5 0 4
52 44 8 5 0 3 2 1 7 4 6
52 44 8 0 1 7 2 4 6 3 5
52 44 8 1 6 7 2 4 0 3 5
52 44 8 1 7 2 4 0 6 3 5
52 44 8 7 5 0 1 2 6 3 4
52 44 8 1 6 0 2 7 3 5 4
52 44 8 0 7 5 6 1 2 3 4
52 44 8 4 2 5 0 6 1 7 3
52 44 8 6 1 3 2 5 0 7 4
52 45 7 3 1 5 2 6 4 0 7
52 45 7 2 6 5 3 1 7 4 0
52 45 7 2 1 5 3 7 0 6 4
52 45 7 2 1 5 3 7 6 4 0
52 45 7 4 1 3 2 7 6 0 5
52 45 7 2 7 5 3 6 1 4 0
52 45 7 7 2 1 5 0 6 3 4
52 45 7 1 0 3 2 6 7 5 4
52 45 7 1 0 2 7 6 3 5 4
52 45 7 2 4 5 6 1 7 3 0
52 45 7 1 5 0 3 2 7 4 6
52 45 7 1 4 5 6 0 7 3 2
52 45 7 1 3 7 2 6 0 4 5
52 45 7 1 7 2 5 6 3 4 0
52 45 7 1 7 4 2 6 3 5 0
52 45 7 7 3 5 2 6 0 4 1
52 45 7 4 5 3 2 1 0 7 6
52 45 7 4 5 3 2 1 7 6 0
52 45 7 2 7 5 6 1 3 4 0
52 45 7 4 7 5 1 2 6 0 3
52 45 7 0 1 2 4 5 7 3 6
52 45 7 2 6 5 4 1 0 7 3
52 45 7 1 7 5 2 6 0 4 3
52 45 7 1 7 2 4 6 0 3 5
52 45 7 1 5 4 0 2 7 3 6
52 45 7 1 6 5 2 4 0 7 3
52 45 7 2 3 0 4 6 1 7 5
52 45 7 5 1 3 0 2 6 7 4
52 45 7 4 1 3 5 2 6 7 0
52 45 7 2 1 3 5 4 6 0 7
52 45 7 5 3 0 2 1 6 7 4
52 45 7 5 6 3 2 1 0 7 4
52 45 7 1 5 7 0 2 6 3 4
52 46 6 1 5 2 0 4 6 7 3
52 46 6 5 0 3 2 4 6 7 1
52 46 6 4 5 3 2 0 6 7 1
52 46 6 1 0 5 2 6 4 7 3
52 46 6 2 1 0 3 5 6 7 4
52 46 6 4 5 3 0 1 6 7 2
52 46 6 1 5 2 3 4 6 7 0
52 46 6 6 1 3 4 0 2 7 5
52 46 6 6 0 3 4 2 1 7 5
52 46 6 1 7 5 2 6 4 3 0
52 46 6 6 2 3 5 0 1 7 4
52 46 6 7 0 5 4 2 1 6 3
52 46 6 1 0 7 4 2 6 5 3
52 46 6 1 6 5 4 2 7 0 3
52 46 6 4 1 3 2 5 6 0 7
52 46 6 0 7 5 2 1 4 6 3
52 46 6 1 7 5 0 2 4 6 3
52 47 5 6 1 5 3 2 4 7 0
52 47 5 0 2 3 5 1 6 7 4
52 47 5 1 7 5 2 4 3 6 0
52 47 5 1 3 5 7 6 0 4 2
52 47 5 4 1 5 7 2 0 6 3
52 47 5 1 0 3 2 4 6 7 5
52 47 5 1 5 2 4 3 6 7 0
52 49 3 1 3 2 4 5 6 7 0
53 42 11 7 5 2 6 1 0 3 4
53 42 11 6 1 2 5 7 3 0 4
53 42 11 6 5 2 3 7 1 0 4
53 42 11 6 1 2 5 4 7 0 3
53 42 11 6 7 0 2 4 1 3 5
53 42 11 6 5 0 2 1 7 4 3
53 42 11 7 5 0 2 6 1 4 3
53 42 11 2 1 0 6 7 3 4 5
53 43 10 4 5 2 1 0 7 3 6
53 43 10 7 0 5 6 1 3 4 2
53 43 10 7 1 3 5 6 0 4 2
53 43 10 7 1 5 2 6 0 4 3
53 43 10 4 0 5 3 1 7 2 6
53 43 10 4 1 5 0 3 7 2 6
53 43 10 3 7 5 1 6 0 4 2
53 43 10 2 1 4 5 0 7 3 6
53 43 10 4 1 2 3 0 7 5 6
53 43 10 4 6 5 1 0 7 3 2
53 43 10 4 6 5 3 1 7 0 2
53 43 10 4 1 5 3 7 6 0 2
53 43 10 4 7 5 6 0 1 3 2
53 43 10 4 7 5 3 6 1 0 2
53 43 10 3 7 5 2 1 0 4 6
53 43 10 4 1 3 6 0 7 5 2
53 43 10 0 1 2 4 6 3 5 7
53 43 10 0 5 2 4 6 1 3 7
53 43 10 0 7 2 4 6 3 5 1
53 44 9 7 5 2 1 6 3 0 4
53 44 9 7 0 2 1 6 5 3 4
53 44 9 7 5 0 2 1 3 4 6
53 44 9 3 1 5 0 6 7 2 4
53 44 9 2 0 1 5 4 7 3 6
53 44 9 2 1 0 5 6 3 4 7
53 44 9 6 4 1 2 0 7 5 3
53 44 9 4 7 1 2 6 5 0 3
53 44 9 3 1 2 4 6 7 5 0
53 44 9 6 4 1 5 0 7 3 2
53 44 9 4 7 1 5 6 3 0 2
53 44 9 2 0 6 5 1 7 3 4
53 44 9 4 6 5 0 2 7 3 1
53 44 9 2 0 7 5 6 1 3 4
53 44 9 4 7 5 0 2 1 3 6
53 44 9 4 2 1 5 0 7 3 6
53 44 9 2 0 1 6 7 3 5 4
53 44 9 2 1 6 0 7 3 5 4
53 44 9 2 5 6 0 7 1 3 4
53 44 9 2 0 1 6 4 7 5 3
53 44 9 2 1 6 0 4 7 5 3
53 44 9 2 7 5 1 4 6 3 0
53 44 9 2 5 3 1 6 7 4 0
53 44 9 7 1 0 2 4 3 5 6
53 44 9 7 5 0 2 4 1 3 6
53 44 9 7 6 0 2 1 3 5 4
53 44 9 7 6 1 2 4 0 3 5
53 44 9 0 1 2 7 4 6 3 5
53 44 9 7 1 2 4 0 6 3 5
53 44 9 2 7 1 0 5 6 3 4
53 44 9 4 7 0 2 1 3 5 6
53 44 9 0 5 2 7 1 6 3 4
53 44 9 2 5 3 0 1 7 4 6
53 44 9 0 7 2 1 4 6 3 5
53 44 9 1 7 2 3 4 6 0 5
53 44 9 1 2 5 0 6 7 3 4
53 44 9 0 5 2 1 7 6 3 4
53 44 9 1 5 2 7 0 6 3 4
53 44 9 1 5 2 3 7 6 0 4
53 44 9 6 0 5 4 1 2 7 3
53 44 9 1 0 5 6 7 2 3 4
53 44 9 1 7 5 0 6 2 3 4
53 44 9 2 7 0 4 1 6 3 5
53 45 8 2 1 5 3 4 0 7 6
53 45 8 3 1 5 2 0 6 4 7
53 45 8 3 0 5 2 6 1 4 7
53 45 8 1 0 4 2 6 7 3 5
53 45 8 2 6 5 1 7 0 3 4
53 45 8 2 6 5 1 4 7 3 0
53 45 8 2 1 0 3 7 6 5 4
53 45 8 4 0 1 2 7 6 3 5
53 45 8 4 1 2 0 7 6 3 5
53 45 8 2 7 5 6 4 1 3 0
53 45 8 2 7 5 3 6 0 1 4
53 45 8 0 2 5 3 1 7 4 6
53 45 8 2 7 5 3 1 0 4 6
53 45 8 7 2 1 5 6 3 0 4
53 45 8 7 3 1 2 6 0 4 5
53 45 8 7 1 2 5 6 3 4 0
53 45 8 7 1 4 2 6 3 5 0
53 45 8 2 1 0 5 4 6 3 7
53 45 8 6 7 1 2 0 4 3 5
53 45 8 2 7 1 5 6 3 4 0
53 45 8 5 0 2 7 6 1 3 4
53 45 8 6 4 5 2 1 7 0 3
53 45 8 6 4 5 0 1 7 3 2
53 45 8 4 7 5 6 1 3 0 2
53 45 8 1 7 4 2 6 0 3 5
53 45 8 6 7 5 2 3 0 4 1
53 45 8 6 2 1 3 0 7 5 4
53 45 8 2 7 5 1 6 0 3 4
53 45 8 5 0 2 4 1 7 3 6
53 45 8 2 5 4 0 6 1 7 3
53 45 8 2 5 7 4 6 1 0 3
53 45 8 0 1 3 5 4 6 7 2
53 46 7 6 1 5 2 0 4 3 7
53 46 7 7 1 5 3 6 4 0 2
53 46 7 6 1 2 4 5 7 3 0
53 46 7 6 7 5 1 2 3 0 4
53 46 7 6 0 5 1 2 7 3 4
53 46 7 2 1 0 5 4 6 7 3
53 46 7 2 1 3 6 4 0 7 5
53 46 7 2 1 3 6 4 7 5 0
53 46 7 1 5 4 2 6 0 7 3
53 46 7 1 5 4 2 6 7 3 0
53 46 7 2 5 3 6 1 0 7 4
53 46 7 2 5 3 6 1 7 4 0
53 46 7 4 7 1 2 5 6 3 0
53 46 7 2 7 3 5 1 6 0 4
53 46 7 4 7 5 2 1 0 6 3
53 46 7 6 1 4 3 2 7 5 0
53 46 7 1 5 7 2 4 6 0 3
53 46 7 2 5 3 0 4 6 7 1
53 46 7 6 1 5 2 3 4 0 7
53 46 7 6 1 5 0 3 4 7 2
53 46 7 4 1 0 5 3 6 7 2
53 46 7 4 5 3 2 1 6 0 7
53 46 7 0 5 2 3 1 6 7 4
53 46 7 1 0 2 3 5 6 7 4
53 46 7 0 7 5 2 1 4 3 6
53 46 7 1 7 5 0 2 4 3 6
53 46 7 5 2 3 0 6 1 7 4
53 46 7 4 2 3 5 6 1 7 0
53 46 7 1 2 3 5 6 0 7 4
53 46 7 7 1 5 4 0 2 6 3
53 46 7 1 5 7 3 2 6 0 4
53 46 7 1 7 4 0 2 6 5 3
53 46 7 1 0 5 2 7 4 6 3
53 47 6 1 0 5 6 2 7 4 3
53 47 6 1 2 0 3 6 5 7 4
53 47 6 1 7 5 6 0 4 3 2
53 47 6 5 0 3 1 2 6 7 4
53 47 6 2 5 3 1 0 6 7 4
53 47 6 1 7 5 3 2 0 4 6
53 47 6 0 1 5 2 7 4 6 3
53 47 6 7 1 5 2 3 4 6 0
53 47 6 1 6 5 3 2 0 7 4
53 47 6 1 7 3 4 2 0 6 5
53 47 6 1 7 3 0 2 6 4 5
53 47 6 0 5 2 4 1 6 7 3
53 47 6 1 0 2 4 5 6 7 3
53 47 6 1 5 0 3 2 7 6 4
53 48 5 1 5 3 7 2 0 6 4
53 48 5 1 5 3 7 2 6 4 0
53 48 5 7 1 5 4 2 3 6 0
53 48 5 1 3 2 4 6 5 7 0
53 48 5 1 2 3 6 5 7 0 4
53 48 5 7 1 3 4 2 6 5 0
53 48 5 6 1 5 7 2 3 4 0
53 48 5 1 3 5 2 6 4 0 7
53 48 5 1 7 3 5 4 6 2 0
53 48 5 1 2 0 4 6 5 7 3
53 48 5 1 0 3 4 6 5 7 2
53 48 5 0 5 3 4 1 6 7 2
53 48 5 1 0 3 4 5 6 7 2
53 48 5 2 1 3 4 5 6 0 7
53 49 4 1 0 3 4 2 6 7 5
53 49 4 1 6 5 7 2 3 4 0
54 43 11 4 5 0 1 6 7 3 2
54 43 11 0 1 4 5 6 7 3 2
54 43 11 0 1 2 3 6 7 5 4
54 44 10 2 0 5 6 1 7 4 3
54 44 10 7 1 5 3 6 0 2 4
54 44 10 2 1 5 4 6 3 0 7
54 44 10 2 4 1 0 6 7 5 3
54 44 10 3 4 1 2 6 7 5 0
54 44 10 7 1 2 4 6 0 5 3
54 44 10 5 4 1 0 6 7 3 2
54 44 10 2 4 1 5 6 7 3 0
54 44 10 4 0 5 2 6 7 3 1
54 44 10 4 0 5 2 1 6 3 7
54 44 10 5 2 1 6 0 7 3 4
54 44 10 5 2 1 3 6 7 0 4
54 44 10 4 2 0 5 6 7 3 1
54 44 10 4 0 3 2 1 7 5 6
54 44 10 6 7 5 1 4 0 3 2
54 44 10 7 5 3 1 6 0 4 2
54 44 10 7 1 2 3 4 6 0 5
54 44 10 6 1 2 5 0 7 3 4
54 44 10 7 5 2 3 1 6 0 4
54 44 10 7 5 3 2 1 0 4 6
54 44 10 6 1 5 0 4 2 7 3
54 45 9 4 0 1 3 6 7 2 5
54 45 9 2 1 0 3 4 7 5 6
54 45 9 2 6 0 3 1 7 5 4
54 45 9 2 7 0 3 6 1 5 4
54 45 9 2 5 0 3 1 7 4 6
54 45 9 2 1 0 5 3 7 4 6
54 45 9 0 1 5 2 3 7 4 6
54 45 9 7 0 1 5 6 2 3 4
54 45 9 0 7 1 2 6 3 4 5
54 45 9 0 1 2 7 6 3 4 5
54 45 9 7 1 4 2 6 0 3 5
54 45 9 3 1 0 5 6 7 4 2
54 45 9 4 6 1 2 0 7 3 5
54 45 9 6 7 1 2 4 3 0 5
54 45 9 0 4 1 3 6 7 5 2
54 45 9 4 7 1 3 6 0 5 2
54 45 9 2 7 0 5 6 3 1 4
54 45 9 6 7 1 2 0 3 5 4
54 45 9 4 1 2 7 6 3 5 0
54 45 9 4 5 2 7 6 1 3 0
54 45 9 1 5 2 7 6 0 3 4
54 45 9 2 4 0 5 1 7 3 6
54 45 9 6 4 5 2 0 7 3 1
54 45 9 0 5 3 1 2 7 4 6
54 45 9 0 1 7 2 6 3 4 5
54 45 9 7 5 0 2 6 3 4 1
54 45 9 6 7 5 0 2 3 4 1
54 45 9 3 2 1 0 6 7 5 4
54 45 9 4 2 1 3 6 7 5 0
54 45 9 2 7 0 6 1 3 5 4
54 45 9 0 5 6 1 2 7 3 4
54 45 9 1 5 6 3 2 7 0 4
54 46 8 2 1 4 6 5 7 3 0
54 46 8 2 1 4 3 6 0 7 5
54 46 8 4 1 2 5 6 0 7 3
54 46 8 4 6 3 2 1 7 0 5
54 46 8 4 7 3 2 6 1 0 5
54 46 8 6 1 5 2 4 3 0 7
54 46 8 6 0 5 2 4 1 3 7
54 46 8 7 0 5 3 6 1 4 2
54 46 8 1 0 2 6 4 7 3 5
54 46 8 6 1 2 4 7 0 3 5
54 46 8 7 4 5 2 1 3 0 6
54 46 8 2 1 3 6 7 0 5 4
54 46 8 0 2 1 3 6 7 4 5
54 46 8 4 5 3 6 1 7 0 2
54 46 8 2 7 1 3 0 6 5 4
54 46 8 6 2 0 5 1 7 3 4
54 46 8 4 2 5 6 1 7 0 3
54 46 8 6 7 5 1 0 2 3 4
54 46 8 7 5 0 2 4 6 3 1
54 46 8 7 6 5 2 4 0 3 1
54 46 8 4 7 5 2 6 0 3 1
54 46 8 5 3 0 2 6 7 4 1
54 46 8 5 7 3 2 6 0 4 1
54 46 8 6 5 3 2 7 0 4 1
54 46 8 2 0 7 5 1 6 3 4
54 46 8 4 7 0 2 1 6 5 3
54 46 8 4 7 0 5 1 6 3 2
54 46 8 0 6 1 4 2 7 5 3
54 46 8 6 7 1 4 2 0 5 3
54 46 8 2 1 5 0 6 4 7 3
54 46 8 3 1 5 2 6 4 7 0
54 46 8 2 1 3 7 5 6 0 4
54 46 8 1 5 2 0 3 6 7 4
54 46 8 6 1 3 4 0 7 5 2
54 46 8 1 0 5 2 7 4 3 6
54 46 8 1 6 5 4 0 7 3 2
54 46 8 4 1 0 2 5 6 7 3
54 47 7 3 7 5 2 6 4 0 1
54 47 7 2 5 6 4 1 7 3 0
54 47 7 5 2 0 4 6 7 3 1
54 47 7 6 1 0 5 2 4 7 3
54 47 7 0 1 5 6 2 4 7 3
54 47 7 6 1 5 7 2 4 0 3
54 47 7 3 1 5 0 4 6 7 2
54 47 7 4 1 5 2 3 0 6 7
54 47 7 2 1 3 4 7 0 5 6
54 47 7 0 1 3 4 2 7 5 6
54 47 7 2 3 0 5 1 6 7 4
54 47 7 2 6 3 5 1 0 7 4
54 47 7 6 2 1 4 0 7 5 3
54 47 7 1 7 5 6 4 3 0 2
54 47 7 0 1 3 5 6 2 7 4
54 47 7 6 1 3 5 4 2 7 0
54 47 7 0 6 3 5 2 1 7 4
54 47 7 6 3 0 5 2 1 7 4
54 47 7 4 0 5 6 2 1 7 3
54 47 7 7 0 1 4 2 6 5 3
54 47 7 4 5 3 1 2 6 7 0
54 47 7 4 1 5 3 2 6 0 7
54 47 7 2 1 5 0 7 3 6 4
54 47 7 1 5 0 7 6 3 4 2
54 47 7 7 1 5 0 2 4 6 3
54 47 7 4 1 0 7 2 6 5 3
54 47 7 5 1 3 2 4 6 7 0
54 47 7 0 1 5 2 4 7 6 3
54 47 7 1 5 0 2 4 7 6 3
54 47 7 4 1 0 5 2 7 6 3
54 47 7 0 1 5 4 2 7 6 3
54 47 7 1 7 3 5 0 6 4 2
54 48 6 1 0 5 2 3 6 7 4
54 48 6 1 0 3 4 6 7 5 2
54 48 6 1 4 5 2 0 6 7 3
54 48 6 1 5 3 2 4 0 7 6
54 48 6 1 5 3 2 4 7 6 0
54 48 6 6 2 1 4 5 7 3 0
54 48 6 1 3 7 2 6 5 4 0
54 48 6 1 2 6 0 5 7 3 4
54 48 6 1 5 0 4 2 6 3 7
54 48 6 1 6 5 4 2 0 3 7
54 48 6 1 6 5 7 4 0 3 2
54 48 6 0 6 5 7 2 1 3 4
54 48 6 1 2 5 4 7 0 3 6
54 48 6 1 2 5 4 6 7 3 0
54 48 6 1 3 5 2 0 6 4 7
54 48 6 0 7 5 3 2 1 6 4
54 48 6 1 0 3 5 2 7 6 4
54 48 6 1 7 5 3 4 2 6 0
54 48 6 1 7 3 0 4 6 5 2
54 48 6 1 5 3 0 7 6 4 2
54 48 6 1 6 5 4 2 0 7 3
54 48 6 1 5 3 4 2 0 6 7
54 48 6 0 1 3 4 5 6 7 2
54 49 5 1 6 5 3 2 7 4 0
54 49 5 2 1 3 4 6 5 7 0
54 49 5 1 2 5 3 0 6 7 4
54 50 4 1 7 5 4 2 3 6 0
54 50 4 1 2 3 4 5 7 0 6
54 50 4 1 2 5 4 0 6 7 3
55 44 11 7 4 1 2 6 0 5 3
55 44 11 7 4 1 5 6 0 3 2
55 44 11 0 1 2 5 4 7 3 6
55 45 10 5 1 4 2 6 7 3 0
55 45 10 2 0 5 1 6 7 3 4
55 45 10 2 1 5 4 3 7 0 6
55 45 10 7 1 3 2 6 0 5 4
55 45 10 3 1 5 6 0 7 4 2
55 45 10 3 1 5 4 6 7 0 2
55 45 10 2 6 1 0 4 7 3 5
55 45 10 5 6 1 2 4 7 3 0
55 45 10 2 7 1 0 6 3 5 4
55 45 10 4 7 1 2 6 3 5 0
55 45 10 3 1 2 7 6 0 5 4
55 45 10 2 4 5 1 0 7 3 6
55 45 10 2 4 5 3 1 7 0 6
55 45 10 7 4 5 6 1 0 3 2
55 45 10 0 7 2 1 6 3 4 5
55 45 10 1 7 2 6 0 3 4 5
55 45 10 6 0 5 2 7 3 4 1
55 45 10 7 2 1 3 6 0 5 4
55 45 10 2 0 5 1 7 6 3 4
55 45 10 4 7 0 1 2 6 3 5
55 45 10 7 5 2 4 1 0 3 6
55 45 10 1 5 6 2 0 7 3 4
55 46 9 2 1 4 6 7 0 3 5
55 46 9 4 1 2 6 7 0 5 3
55 46 9 4 1 2 6 3 7 5 0
55 46 9 4 0 6 2 1 7 3 5
55 46 9 4 6 2 0 1 7 3 5
55 46 9 4 0 7 2 6 1 3 5
55 46 9 4 7 2 0 6 1 3 5
55 46 9 2 7 1 3 6 0 4 5
55 46 9 4 5 6 0 1 7 3 2
55 46 9 2 7 0 5 6 3 4 1
55 46 9 2 7 1 3 6 5 0 4
55 46 9 4 2 5 6 0 7 3 1
55 46 9 6 1 7 2 0 3 5 4
55 46 9 2 1 5 7 4 6 0 3
55 46 9 6 0 3 2 5 7 4 1
55 46 9 0 1 4 6 2 7 5 3
55 46 9 6 5 3 2 4 0 7 1
55 46 9 0 1 5 2 3 4 7 6
55 46 9 4 1 5 7 3 6 0 2
55 46 9 2 5 3 7 1 6 0 4
55 46 9 1 6 0 4 2 7 3 5
55 46 9 0 6 5 4 2 7 3 1
55 47 8 6 1 2 3 4 0 7 5
55 47 8 6 5 2 3 1 0 7 4
55 47 8 6 5 2 3 1 7 4 0
55 47 8 7 5 2 3 6 1 4 0
55 47 8 3 7 5 2 0 6 4 1
55 47 8 3 0 5 2 6 7 4 1
55 47 8 7 2 5 6 1 3 0 4
55 47 8 1 7 2 6 3 0 5 4
55 47 8 1 7 2 6 4 3 5 0
55 47 8 1 7 2 5 6 0 3 4
55 47 8 1 7 0 5 6 3 2 4
55 47 8 0 2 1 6 4 7 3 5
55 47 8 2 1 6 5 4 7 3 0
55 47 8 2 7 0 5 4 6 3 1
55 47 8 6 4 1 2 5 7 3 0
55 47 8 5 1 2 4 6 7 0 3
55 47 8 5 7 2 4 6 0 3 1
55 47 8 6 5 2 4 7 0 3 1
55 47 8 3 1 5 2 4 6 0 7
55 47 8 3 1 5 2 0 6 7 4
55 47 8 4 1 0 2 3 6 5 7
55 47 8 6 0 1 5 2 7 4 3
55 47 8 6 1 4 5 2 7 0 3
55 47 8 3 1 5 6 2 7 4 0
55 47 8 3 2 1 4 6 7 5 0
55 47 8 0 1 2 3 6 5 7 4
55 47 8 6 1 3 0 5 2 7 4
55 47 8 4 1 5 6 0 2 7 3
55 47 8 1 7 0 2 4 3 5 6
55 47 8 2 6 5 3 0 1 7 4
55 47 8 3 6 5 0 2 1 7 4
55 47 8 4 6 5 3 2 1 7 0
55 47 8 1 6 0 2 4 7 5 3
55 47 8 1 6 0 5 4 7 3 2
55 47 8 7 1 4 0 2 6 5 3
55 47 8 4 1 0 5 7 3 6 2
55 47 8 0 1 5 4 7 3 6 2
55 47 8 4 1 5 7 0 3 6 2
55 47 8 2 1 5 4 0 3 6 7
55 47 8 4 0 3 5 1 6 7 2
55 47 8 7 0 5 2 1 4 6 3
55 48 7 6 7 5 2 0 4 3 1
55 48 7 7 5 3 2 0 6 4 1
55 48 7 2 7 5 3 1 0 6 4
55 48 7 2 7 5 3 1 6 4 0
55 48 7 4 7 3 2 1 6 0 5
55 48 7 6 1 5 7 3 0 4 2
55 48 7 0 6 5 2 1 4 7 3
55 48 7 4 0 1 2 3 6 7 5
55 48 7 4 1 2 0 3 6 7 5
55 48 7 4 1 2 3 0 6 7 5
55 48 7 6 1 5 4 7 3 2 0
55 48 7 2 7 1 4 0 6 5 3
55 48 7 1 5 3 6 4 7 0 2
55 48 7 6 5 3 0 2 1 7 4
55 48 7 2 3 5 0 6 1 7 4
55 48 7 0 1 5 2 4 3 6 7
55 48 7 0 7 5 4 2 1 3 6
55 48 7 4 5 2 0 1 6 7 3
55 48 7 4 0 1 5 2 6 7 3
55 48 7 1 7 5 3 6 0 2 4
55 48 7 6 1 3 5 0 4 7 2
55 48 7 6 0 3 5 4 1 7 2
55 48 7 7 2 5 4 0 1 3 6
55 48 7 1 0 6 5 2 7 3 4
55 48 7 1 6 3 5 2 7 0 4
55 48 7 6 2 1 4 7 0 3 5
55 48 7 0 4 3 5 6 1 7 2
55 48 7 0 7 5 2 4 1 6 3
55 48 7 2 1 5 7 6 3 0 4
55 48 7 2 0 5 7 6 1 3 4
55 48 7 6 1 3 2 4 5 7 0
55 48 7 2 1 5 4 7 0 6 3
55 48 7 2 1 0 4 7 6 5 3
55 48 7 7 1 3 4 2 0 6 5
55 48 7 1 5 0 7 4 6 3 2
55 48 7 6 1 0 7 2 3 5 4
55 48 7 6 5 0 7 2 1 3 4
55 48 7 0 1 7 4 2 6 3 5
55 48 7 1 6 7 4 2 0 3 5
55 48 7 7 1 3 0 2 6 4 5
55 48 7 1 7 0 2 3 4 5 6
55 48 7 1 7 3 5 4 0 6 2
55 48 7 7 5 0 3 2 1 6 4
55 48 7 1 7 3 5 0 2 6 4
55 48 7 0 1 2 4 6 5 7 3
55 48 7 0 7 5 3 1 2 6 4
55 48 7 1 7 0 5 2 6 4 3
55 48 7 1 5 3 4 0 7 2 6
55 48 7 1 7 3 2 0 6 5 4
55 48 7 1 5 3 2 0 6 4 7
55 48 7 2 1 0 4 5 6 7 3
55 49 6 7 6 5 4 2 1 3 0
55 49 6 1 0 5 2 7 3 6 4
55 49 6 1 5 0 4 7 6 3 2
55 49 6 0 4 3 2 1 6 7 5
55 49 6 2 7 1 4 5 6 3 0
55 49 6 7 1 3 5 4 6 2 0
55 49 6 1 7 4 5 2 6 3 0
55 49 6 6 1 3 2 5 4 7 0
55 49 6 1 0 5 3 4 6 7 2
55 49 6 1 7 2 3 4 6 5 0
55 49 6 1 5 2 4 7 6 0 3
55 49 6 5 1 3 4 2 6 7 0
55 49 6 1 6 0 7 2 3 5 4
55 50 5 1 0 5 7 2 3 4 6
55 50 5 2 1 5 3 7 4 6 0
55 50 5 2 5 3 4 6 1 7 0
55 50 5 1 5 3 2 7 4 6 0
55 50 5 5 0 3 4 2 6 7 1
55 50 5 2 5 3 4 0 6 7 1
55 50 5 1 3 5 2 7 4 0 6
55 50 5 1 7 5 3 0 4 6 2
55 50 5 1 3 7 2 5 6 4 0
55 50 5 1 6 3 2 5 7 4 0
55 50 5 6 2 3 4 0 1 7 5
55 51 4 0 2 3 4 1 6 7 5
55 52 3 1 7 5 3 2 4 6 0
56 45 11 7 1 2 6 0 3 4 5
56 45 11 3 7 1 2 6 0 5 4
56 45 11 6 4 0 2 1 7 3 5
56 46 10 5 1 2 6 4 7 3 0
56 46 10 6 0 2 4 1 7 3 5
56 46 10 2 0 3 6 1 7 5 4
56 46 10 2 7 5 6 0 3 4 1
56 46 10 2 7 5 4 6 3 0 1
56 46 10 6 2 5 1 0 7 3 4
56 46 10 6 2 5 3 1 7 0 4
56 46 10 4 2 0 6 1 7 3 5
56 46 10 2 1 7 0 6 3 5 4
56 46 10 4 1 7 2 6 3 5 0
56 46 10 4 0 5 2 7 6 3 1
56 46 10 0 5 2 1 6 7 4 3
56 46 10 1 5 2 6 0 7 4 3
56 46 10 6 5 3 0 2 7 4 1
56 46 10 4 7 1 0 2 6 3 5
56 46 10 4 7 5 3 1 6 0 2
56 46 10 0 5 4 1 6 7 3 2
56 46 10 1 5 4 6 0 7 3 2
56 46 10 6 1 0 2 3 4 7 5
56 47 9 6 5 0 3 1 7 2 4
56 47 9 7 1 2 6 3 0 5 4
56 47 9 7 1 2 6 4 3 5 0
56 47 9 7 1 2 5 6 0 3 4
56 47 9 7 1 0 5 6 3 2 4
56 47 9 7 5 2 6 4 1 3 0
56 47 9 7 5 2 3 6 0 1 4
56 47 9 7 5 0 3 6 1 2 4
56 47 9 4 1 2 5 7 0 3 6
56 47 9 7 0 2 1 6 3 5 4
56 47 9 6 7 2 1 0 3 5 4
56 47 9 0 7 2 6 1 3 5 4
56 47 9 2 7 1 6 4 0 3 5
56 47 9 2 5 0 3 6 7 4 1
56 47 9 2 5 3 4 6 7 0 1
56 47 9 6 4 1 2 7 0 3 5
56 47 9 4 7 0 2 6 3 1 5
56 47 9 5 1 2 0 6 7 3 4
56 47 9 5 1 2 4 0 7 3 6
56 47 9 6 0 2 4 5 7 3 1
56 47 9 3 1 0 2 4 6 7 5
56 47 9 7 1 5 6 2 0 4 3
56 47 9 2 0 3 4 1 7 5 6
56 47 9 4 2 1 0 6 7 5 3
56 47 9 7 2 1 4 6 0 5 3
56 47 9 6 0 3 5 1 2 7 4
56 47 9 0 6 5 1 4 7 3 2
56 47 9 1 6 5 3 4 7 0 2
56 47 9 6 5 3 1 2 0 7 4
56 47 9 4 1 0 3 2 6 7 5
56 47 9 0 1 5 6 2 3 4 7
56 47 9 4 1 5 2 0 7 6 3
56 47 9 0 7 3 5 2 6 4 1
56 48 8 1 0 2 5 6 7 3 4
56 48 8 6 7 5 2 4 3 0 1
56 48 8 6 0 5 2 4 7 3 1
56 48 8 7 5 3 2 6 4 0 1
56 48 8 7 0 3 2 6 5 4 1
56 48 8 7 0 2 4 6 1 3 5
56 48 8 2 7 0 3 1 6 5 4
56 48 8 4 0 7 2 1 6 3 5
56 48 8 4 7 2 0 1 6 3 5
56 48 8 6 5 0 2 1 4 7 3
56 48 8 6 4 5 2 1 0 7 3
56 48 8 4 1 7 2 3 6 0 5
56 48 8 4 1 2 6 5 7 0 3
56 48 8 4 1 2 0 5 7 3 6
56 48 8 4 0 2 3 6 1 7 5
56 48 8 6 0 5 2 3 1 4 7
56 48 8 6 1 0 4 7 3 5 2
56 48 8 0 6 5 4 7 1 3 2
56 48 8 6 5 0 4 7 1 3 2
56 48 8 7 6 5 2 4 1 0 3
56 48 8 7 6 5 0 4 1 3 2
56 48 8 4 6 5 2 0 1 7 3
56 48 8 6 5 2 0 4 1 7 3
56 48 8 2 7 1 4 6 5 0 3
56 48 8 1 5 6 0 4 7 3 2
56 48 8 4 0 1 6 2 7 5 3
56 48 8 4 1 6 0 2 7 5 3
56 48 8 6 5 7 3 2 1 0 4
56 48 8 2 3 7 5 6 1 0 4
56 48 8 4 1 5 0 2 3 6 7
56 48 8 7 1 0 4 2 3 5 6
56 48 8 7 5 0 4 2 1 3 6
56 48 8 2 6 5 4 7 1 0 3
56 48 8 2 4 5 0 1 6 7 3
56 48 8 3 4 5 2 1 6 7 0
56 48 8 4 5 7 2 1 6 0 3
56 48 8 4 1 7 5 2 6 0 3
56 48 8 6 5 3 0 7 1 4 2
56 48 8 6 1 3 0 4 7 2 5
56 48 8 6 2 5 4 7 1 3 0
56 48 8 4 7 5 6 2 1 3 0
56 48 8 4 3 0 5 6 1 7 2
56 48 8 7 5 0 2 4 1 6 3
56 48 8 4 1 0 5 2 6 3 7
56 48 8 1 3 2 7 6 5 0 4
56 48 8 7 1 3 5 0 6 4 2
56 48 8 1 0 5 3 7 2 6 4
56 48 8 1 7 5 0 3 2 6 4
56 48 8 0 7 5 1 2 6 4 3
56 49 7 7 5 2 4 0 6 3 1
56 49 7 7 1 5 2 0 3 6 4
56 49 7 6 1 5 3 7 4 0 2
56 49 7 1 5 2 6 7 3 4 0
56 49 7 1 2 0 6 7 5 3 4
56 49 7 1 5 2 6 4 0 7 3
56 49 7 2 5 3 4 7 1 0 6
56 49 7 6 7 1 5 2 3 4 0
56 49 7 4 5 2 3 6 1 7 0
56 49 7 1 0 5 3 6 2 7 4
56 49 7 1 6 0 3 2 7 5 4
56 49 7 5 2 1 4 6 7 0 3
56 49 7 4 1 5 7 6 0 3 2
56 49 7 3 1 0 5 2 6 7 4
56 49 7 2 1 5 3 4 0 6 7
56 49 7 4 1 3 0 6 5 7 2
56 49 7 1 6 5 4 7 0 3 2
56 49 7 4 3 0 2 1 6 7 5
56 49 7 4 6 3 2 1 0 7 5
56 49 7 4 1 5 3 7 0 6 2
56 49 7 0 1 5 3 4 7 6 2
56 49 7 2 1 5 3 0 7 6 4
56 49 7 3 1 5 0 2 7 6 4
56 49 7 1 7 2 6 5 3 0 4
56 49 7 0 7 1 4 2 6 3 5
56 49 7 0 1 5 3 6 4 7 2
56 49 7 0 1 5 7 6 2 3 4
56 49 7 6 1 5 7 4 2 3 0
56 49 7 0 1 3 2 6 4 7 5
56 49 7 0 6 3 2 4 1 7 5
56 49 7 0 5 3 2 6 1 7 4
56 49 7 6 5 3 2 4 1 7 0
56 49 7 0 6 3 2 1 5 7 4
56 49 7 7 0 3 5 2 1 6 4
56 49 7 6 2 5 3 1 0 7 4
56 49 7 6 2 5 3 4 1 7 0
56 49 7 6 4 3 2 0 1 7 5
56 49 7 0 1 5 3 7 2 6 4
56 49 7 7 1 5 3 4 2 6 0
56 49 7 0 1 5 7 2 6 4 3
56 49 7 6 7 5 4 2 1 0 3
56 49 7 3 2 5 0 1 6 7 4
56 49 7 4 2 5 3 1 6 7 0
56 49 7 1 7 5 0 6 3 2 4
56 49 7 4 1 3 0 2 7 6 5
56 49 7 7 1 3 0 4 6 5 2
56 49 7 7 5 3 0 1 6 4 2
56 49 7 1 5 7 3 4 6 0 2
56 49 7 1 5 2 4 0 6 3 7
56 49 7 0 3 2 1 5 6 7 4
56 50 6 7 1 5 3 2 4 0 6
56 50 6 3 1 5 7 6 4 0 2
56 50 6 7 2 1 4 0 6 3 5
56 50 6 2 1 3 4 7 6 0 5
56 50 6 7 1 5 6 2 4 3 0
56 50 6 1 7 5 6 3 4 0 2
56 50 6 2 5 3 4 1 0 7 6
56 50 6 2 5 3 4 1 7 6 0
56 50 6 2 1 3 5 7 6 4 0
56 50 6 1 6 5 2 0 4 3 7
56 50 6 1 7 5 3 6 4 0 2
56 50 6 1 7 3 2 0 4 6 5
56 50 6 5 0 3 1 4 6 7 2
56 50 6 4 5 3 1 0 6 7 2
56 50 6 1 5 4 0 2 6 7 3
56 50 6 1 5 7 4 2 6 0 3
56 50 6 1 3 5 2 0 7 4 6
56 50 6 1 0 5 3 4 7 6 2
56 50 6 1 7 3 2 5 4 0 6
56 50 6 6 2 5 4 1 0 7 3
56 50 6 6 2 5 4 3 1 7 0
56 50 6 1 3 7 2 5 0 6 4
56 50 6 1 6 3 2 4 5 7 0
56 50 6 1 6 5 7 4 2 3 0
56 50 6 1 2 4 0 5 7 3 6
56 50 6 3 2 5 4 1 6 7 0
56 50 6 5 2 3 4 6 1 7 0
56 50 6 1 2 3 4 6 0 7 5
56 50 6 1 3 0 5 2 6 7 4
56 50 6 1 6 3 5 2 0 7 4
56 50 6 1 5 0 4 2 7 6 3
56 50 6 2 5 3 4 1 6 0 7
56 51 5 1 4 5 6 2 7 3 0
56 51 5 1 0 5 4 3 6 7 2
56 51 5 1 5 3 7 4 6 2 0
56 51 5 1 2 3 4 6 7 0 5
56 51 5 1 5 3 4 2 0 7 6
56 51 5 1 5 3 4 2 7 6 0
56 51 5 1 7 5 0 3 4 6 2
56 52 4 1 2 3 5 0 6 7 4
56 52 4 1 3 5 7 6 4 0 2
56 53 3 1 2 0 4 5 6 7 3
57 46 11 2 0 4 6 1 7 3 5
57 46 11 4 0 2 6 1 7 5 3
57 46 11 7 1 2 6 4 0 3 5
57 46 11 4 5 2 3 1 7 0 6
57 46 11 3 1 7 2 6 0 5 4
57 46 11 6 1 4 2 0 7 5 3
57 47 10 7 0 2 6 5 1 3 4
57 47 10 4 7 2 1 6 3 5 0
57 47 10 1 0 2 6 7 3 5 4
57 47 10 0 5 2 1 4 7 3 6
57 47 10 1 5 2 3 4 7 0 6
57 47 10 0 1 6 2 4 7 3 5
57 47 10 2 1 6 4 0 7 3 5
57 47 10 2 7 5 3 4 6 0 1
57 47 10 2 5 3 6 0 7 4 1
57 47 10 0 5 6 2 1 7 3 4
57 47 10 6 4 1 0 2 7 3 5
57 47 10 5 1 0 4 6 7 3 2
57 47 10 2 1 3 0 4 7 5 6
57 47 10 2 1 0 4 7 3 6 5
57 47 10 7 1 0 6 2 3 4 5
57 48 9 2 4 0 1 6 7 3 5
57 48 9 5 4 1 2 6 7 0 3
57 48 9 6 0 1 5 7 3 4 2
57 48 9 6 1 4 5 7 3 0 2
57 48 9 6 0 5 7 1 3 4 2
57 48 9 7 1 3 4 6 0 5 2
57 48 9 2 6 5 0 4 1 7 3
57 48 9 3 6 5 2 4 1 7 0
57 48 9 6 5 7 2 4 1 0 3
57 48 9 0 1 3 6 2 7 4 5
57 48 9 4 0 5 2 1 3 6 7
57 48 9 2 6 5 4 0 1 3 7
57 48 9 0 5 3 1 6 7 2 4
57 48 9 1 5 3 6 0 7 2 4
57 48 9 6 5 3 2 0 1 4 7
57 48 9 6 1 3 5 0 7 2 4
57 48 9 4 2 5 0 7 1 3 6
57 48 9 6 1 3 0 2 5 7 4
57 48 9 0 3 2 1 6 5 7 4
57 48 9 1 3 2 6 0 5 7 4
57 48 9 1 2 5 0 4 7 3 6
57 48 9 0 1 3 5 2 6 4 7
57 48 9 1 7 5 2 0 6 4 3
57 48 9 1 7 0 6 2 3 4 5
57 48 9 0 7 5 6 2 3 4 1
57 48 9 0 5 3 4 6 7 2 1
57 48 9 0 7 3 2 4 6 5 1
57 48 9 1 5 0 2 7 6 4 3
57 48 9 0 5 3 2 7 6 4 1
57 49 8 7 4 1 2 0 6 3 5
57 49 8 7 0 1 2 6 4 3 5
57 49 8 7 5 2 4 6 3 0 1
57 49 8 7 0 2 4 6 5 3 1
57 49 8 6 1 5 2 7 0 4 3
57 49 8 6 1 5 2 3 7 4 0
57 49 8 6 1 0 5 2 3 4 7
57 49 8 7 6 0 5 2 1 3 4
57 49 8 1 5 2 3 7 0 4 6
57 49 8 6 1 3 5 7 0 4 2
57 49 8 0 1 5 4 7 2 3 6
57 49 8 7 1 5 4 6 2 3 0
57 49 8 4 6 5 2 7 0 1 3
57 49 8 6 0 5 3 7 1 4 2
57 49 8 3 1 0 5 2 7 4 6
57 49 8 1 5 0 6 7 3 2 4
57 49 8 1 5 0 6 4 7 2 3
57 49 8 2 6 1 4 0 7 3 5
57 49 8 6 7 1 4 0 2 3 5
57 49 8 6 7 1 4 2 3 0 5
57 49 8 6 5 3 2 0 7 1 4
57 49 8 6 0 3 2 7 5 1 4
57 49 8 2 0 1 4 7 3 5 6
57 49 8 6 7 0 5 2 3 1 4
57 49 8 6 4 5 2 3 1 7 0
57 49 8 0 5 2 4 6 1 7 3
57 49 8 2 1 5 7 0 3 4 6
57 49 8 6 1 5 3 4 2 0 7
57 49 8 4 6 5 1 2 7 3 0
57 49 8 7 0 1 6 2 3 5 4
57 49 8 7 1 6 0 2 3 5 4
57 49 8 7 5 6 0 2 1 3 4
57 49 8 7 5 3 6 2 1 0 4
57 49 8 5 2 1 4 0 7 3 6
57 49 8 0 1 3 4 6 7 2 5
57 49 8 3 1 5 7 2 6 0 4
57 49 8 2 1 0 3 4 6 5 7
57 49 8 2 1 0 3 6 5 7 4
57 49 8 4 1 3 2 6 5 0 7
57 49 8 4 1 3 2 0 5 7 6
57 49 8 2 1 5 4 6 0 3 7
57 49 8 1 7 2 6 0 5 3 4
57 49 8 6 1 2 4 7 3 0 5
57 49 8 6 5 2 4 7 1 0 3
57 49 8 7 6 1 4 2 0 3 5
57 49 8 7 1 0 2 3 4 5 6
57 49 8 7 1 3 5 4 0 6 2
57 49 8 6 3 0 2 4 1 7 5
57 49 8 6 0 3 2 5 1 7 4
57 49 8 6 3 0 2 1 5 7 4
57 49 8 7 1 3 5 0 2 6 4
57 49 8 1 5 0 2 3 7 4 6
57 49 8 2 4 3 0 6 1 7 5
57 49 8 5 4 3 2 6 1 7 0
57 49 8 1 4 3 2 6 0 7 5
57 49 8 0 1 7 2 4 6 5 3
57 49 8 1 6 7 2 4 0 5 3
57 49 8 1 7 2 4 0 6 5 3
57 49 8 0 1 7 5 4 6 3 2
57 49 8 1 6 7 5 4 0 3 2
57 49 8 7 1 0 5 2 6 4 3
57 49 8 1 7 5 4 0 3 2 6
57 49 8 7 1 3 2 0 6 5 4
57 49 8 1 3 2 5 0 6 7 4
57 49 8 1 3 2 7 5 6 0 4
57 50 7 6 3 5 2 1 0 4 7
57 50 7 1 0 3 5 2 7 4 6
57 50 7 1 6 3 2 4 7 0 5
57 50 7 2 6 5 7 1 0 3 4
57 50 7 2 6 5 7 4 1 3 0
57 50 7 7 0 5 3 2 1 4 6
57 50 7 1 0 4 6 2 7 3 5
57 50 7 5 6 1 4 2 7 3 0
57 50 7 2 4 5 3 6 1 7 0
57 50 7 1 4 5 2 6 7 0 3
57 50 7 3 1 5 7 0 6 4 2
57 50 7 3 0 5 7 6 1 4 2
57 50 7 1 0 3 2 6 7 4 5
57 50 7 7 5 0 4 1 6 3 2
57 50 7 7 2 1 4 6 3 0 5
57 50 7 0 2 5 7 1 6 3 4
57 50 7 4 0 1 7 2 6 3 5
57 50 7 4 1 3 7 2 6 0 5
57 50 7 2 0 1 3 4 6 7 5
57 50 7 5 0 3 2 6 1 7 4
57 50 7 2 0 1 4 7 6 3 5
57 50 7 4 0 1 3 2 7 6 5
57 50 7 6 5 3 4 1 7 0 2
57 50 7 5 2 3 1 6 7 0 4
57 50 7 7 1 4 5 2 6 3 0
57 50 7 2 7 1 4 6 3 5 0
57 50 7 7 1 2 3 4 6 5 0
57 50 7 1 3 7 5 6 0 4 2
57 50 7 1 7 4 5 6 3 2 0
57 50 7 6 2 5 4 1 7 0 3
57 50 7 3 2 0 5 6 1 7 4
57 50 7 1 2 5 3 6 7 0 4
57 50 7 0 1 5 6 7 4 3 2
57 50 7 1 3 0 5 6 7 4 2
57 50 7 1 7 3 5 6 0 4 2
57 50 7 2 0 1 5 3 6 7 4
57 50 7 1 0 5 6 3 7 4 2
57 50 7 1 0 7 4 6 3 5 2
57 50 7 7 5 0 4 2 6 3 1
57 50 7 7 6 5 4 2 0 3 1
57 50 7 4 0 5 2 7 1 6 3
57 50 7 4 1 3 5 0 2 7 6
57 50 7 4 0 3 5 2 1 7 6
57 50 7 0 5 3 2 7 6 1 4
57 50 7 7 5 3 2 4 6 1 0
57 50 7 2 1 5 6 3 4 7 0
57 50 7 1 0 7 5 2 3 4 6
57 50 7 1 7 4 5 2 3 0 6
57 50 7 7 1 5 2 6 4 0 3
57 50 7 7 1 5 0 6 4 3 2
57 50 7 1 5 2 0 4 6 3 7
57 50 7 1 6 5 2 4 3 0 7
57 50 7 0 4 5 3 2 1 7 6
57 50 7 1 4 5 2 7 3 0 6
57 50 7 1 4 5 0 6 7 3 2
57 50 7 1 5 0 2 7 4 3 6
57 50 7 1 3 0 2 7 5 4 6
57 50 7 1 6 7 5 2 3 0 4
57 50 7 1 7 5 4 6 0 2 3
57 50 7 1 0 3 2 4 7 6 5
57 50 7 1 7 0 4 6 3 2 5
57 50 7 1 5 3 2 0 7 6 4
57 50 7 1 0 3 2 7 5 6 4
57 50 7 3 1 5 4 2 6 0 7
57 50 7 3 1 5 4 0 6 7 2
57 50 7 2 1 5 4 3 0 6 7
57 50 7 2 1 0 4 3 6 5 7
57 50 7 1 0 7 6 2 3 5 4
57 50 7 1 7 6 0 2 3 5 4
57 50 7 2 5 3 1 4 6 7 0
57 50 7 4 5 3 0 2 6 7 1
57 50 7 1 7 5 0 4 6 2 3
57 50 7 7 1 5 0 4 3 6 2
57 50 7 4 7 5 0 1 3 6 2
57 50 7 7 5 2 4 1 6 0 3
57 50 7 1 7 3 2 0 5 4 6
57 50 7 1 7 2 5 4 6 0 3
57 50 7 1 6 5 0 7 3 4 2
57 50 7 1 7 0 4 2 3 5 6
57 50 7 1 6 0 2 5 7 3 4
57 50 7 0 6 5 7 1 2 3 4
57 50 7 4 2 5 0 1 6 7 3
57 50 7 4 2 3 0 6 1 7 5
57 51 6 2 1 3 6 5 7 4 0
57 51 6 6 1 5 7 0 4 3 2
57 51 6 1 0 5 3 2 6 4 7
57 51 6 2 7 5 4 1 3 6 0
57 51 6 0 1 5 7 2 4 3 6
57 51 6 2 0 1 4 3 6 7 5
57 51 6 1 5 3 7 4 0 6 2
57 51 6 7 3 5 2 1 4 0 6
57 51 6 7 1 5 3 0 4 6 2
57 51 6 1 2 0 4 6 7 5 3
57 51 6 1 5 2 4 7 3 6 0
57 51 6 1 2 0 4 7 5 3 6
57 51 6 1 0 5 4 6 2 7 3
57 51 6 1 2 5 4 6 7 0 3
57 51 6 1 5 3 2 0 4 6 7
57 51 6 2 3 0 4 1 6 7 5
57 51 6 2 6 3 4 1 0 7 5
57 51 6 1 7 2 4 5 3 0 6
57 51 6 1 5 3 6 0 2 7 4
57 51 6 1 0 3 6 2 5 7 4
57 51 6 1 7 5 4 3 2 6 0
57 51 6 4 1 0 3 5 6 7 2
57 51 6 1 7 3 4 0 6 5 2
57 52 5 1 7 2 4 5 6 3 0
57 52 5 1 5 7 4 2 6 3 0
57 52 5 6 1 3 4 5 2 7 0
57 52 5 1 7 0 5 2 4 6 3
57 52 5 1 3 5 7 0 6 4 2
57 52 5 4 0 5 7 2 1 6 3
57 52 5 1 3 2 4 5 6 0 7
57 53 4 1 2 0 3 5 6 7 4
57 53 4 1 7 5 6 2 4 3 0
57 53 4 1 2 3 6 5 0 7 4
57 53 4 1 2 3 6 5 7 4 0
57 53 4 1 3 5 2 6 4 7 0
57 53 4 1 3 0 4 5 6 7 2
57 53 4 1 6 3 4 5 0 7 2
57 54 3 1 2 3 4 5 0 7 6
57 54 3 1 2 3 4 5 7 6 0
58 47 11 7 0 2 6 1 3 5 4
58 47 11 4 0 2 5 1 7 3 6
58 47 11 3 7 2 1 6 0 5 4
58 47 11 2 1 6 3 4 7 0 5
58 47 11 2 5 6 1 0 7 3 4
58 47 11 2 5 6 3 1 7 0 4
58 47 11 6 5 2 0 4 7 3 1
58 48 10 5 4 1 2 0 7 3 6
58 48 10 3 1 5 6 7 0 4 2
58 48 10 6 1 5 2 3 0 7 4
58 48 10 4 1 0 6 5 7 3 2
58 48 10 0 6 5 2 4 1 3 7
58 48 10 6 1 3 2 0 7 4 5
58 48 10 2 6 0 4 7 1 3 5
58 48 10 6 1 4 5 0 7 3 2
58 48 10 0 1 4 5 2 7 3 6
58 48 10 0 5 3 2 7 1 4 6
58 48 10 0 1 3 5 4 7 2 6
58 48 10 6 2 1 0 4 7 3 5
58 48 10 2 1 0 7 4 6 3 5
58 49 9 7 4 1 2 6 3 0 5
58 49 9 4 5 0 2 6 7 3 1
58 49 9 4 1 2 6 7 3 0 5
58 49 9 4 0 2 6 7 1 3 5
58 49 9 6 1 5 4 2 3 0 7
58 49 9 7 6 5 3 2 1 0 4
58 49 9 0 5 2 3 1 7 4 6
58 49 9 1 0 2 3 5 7 4 6
58 49 9 6 1 3 0 5 7 4 2
58 49 9 3 1 5 2 7 0 6 4
58 49 9 4 6 0 2 7 1 5 3
58 49 9 4 6 0 5 7 1 3 2
58 49 9 4 6 5 7 0 1 3 2
58 49 9 3 1 5 4 2 7 0 6
58 49 9 0 1 2 6 7 5 3 4
58 49 9 4 6 1 0 2 7 3 5
58 49 9 2 1 4 0 7 3 5 6
58 49 9 2 5 4 0 7 1 3 6
58 49 9 6 4 5 0 2 1 7 3
58 49 9 3 1 5 0 6 2 7 4
58 49 9 4 1 5 3 6 2 7 0
58 49 9 6 1 0 5 4 7 2 3
58 49 9 0 1 5 6 4 7 2 3
58 49 9 6 7 0 5 1 3 4 2
58 49 9 4 0 5 7 1 6 3 2
58 49 9 2 1 3 6 0 5 7 4
58 49 9 2 0 5 4 1 6 3 7
58 49 9 4 0 5 3 1 7 6 2
58 49 9 4 1 5 0 3 7 6 2
58 49 9 6 1 2 4 0 3 5 7
58 49 9 6 5 2 4 0 1 3 7
58 49 9 6 0 5 3 1 4 7 2
58 49 9 6 0 5 7 1 2 3 4
58 49 9 0 7 4 1 2 6 3 5
58 49 9 1 7 4 2 0 6 3 5
58 49 9 1 7 4 3 2 6 0 5
58 49 9 6 0 3 2 1 4 7 5
58 49 9 6 1 3 0 2 4 7 5
58 49 9 6 2 5 0 3 1 7 4
58 49 9 0 7 2 1 4 6 5 3
58 49 9 7 0 5 3 1 2 6 4
58 49 9 7 1 5 0 3 2 6 4
58 49 9 6 7 5 4 0 1 3 2
58 49 9 4 1 3 5 0 7 6 2
58 49 9 0 1 3 5 2 7 6 4
58 49 9 0 1 3 2 4 6 5 7
58 49 9 0 5 3 2 1 6 4 7
58 49 9 0 5 2 4 7 6 3 1
58 50 8 0 6 5 2 1 3 4 7
58 50 8 1 0 6 2 4 7 3 5
58 50 8 1 6 2 0 4 7 3 5
58 50 8 4 0 1 2 7 3 6 5
58 50 8 4 1 2 0 7 3 6 5
58 50 8 2 6 3 5 7 1 0 4
58 50 8 4 6 5 2 1 0 3 7
58 50 8 7 1 5 3 0 2 4 6
58 50 8 5 6 0 1 2 7 3 4
58 50 8 4 6 1 5 2 7 0 3
58 50 8 2 4 0 5 6 1 7 3
58 50 8 3 4 5 2 6 1 0 7
58 50 8 3 4 5 0 6 1 7 2
58 50 8 4 5 7 2 6 1 3 0
58 50 8 7 6 5 4 1 0 3 2
58 50 8 6 1 5 3 7 0 2 4
58 50 8 4 2 0 1 6 7 3 5
58 50 8 7 0 1 4 6 2 3 5
58 50 8 4 1 3 5 7 0 2 6
58 50 8 2 5 0 7 1 6 3 4
58 50 8 4 1 7 0 2 6 3 5
58 50 8 2 1 7 3 4 6 0 5
58 50 8 5 1 3 2 6 7 0 4
58 50 8 2 1 4 0 7 6 3 5
58 50 8 4 1 6 3 2 7 0 5
58 50 8 6 7 5 4 1 3 0 2
58 50 8 0 6 1 3 2 7 4 5
58 50 8 6 7 1 3 2 0 4 5
58 50 8 6 1 4 3 2 0 7 5
58 50 8 6 3 1 2 0 7 5 4
58 50 8 6 3 1 2 7 5 0 4
58 50 8 2 1 3 5 7 4 0 6
58 50 8 2 0 3 5 7 1 4 6
58 50 8 0 1 4 7 2 6 3 5
58 50 8 0 6 5 3 4 1 7 2
58 50 8 6 5 0 3 4 1 7 2
58 50 8 7 1 5 6 4 2 0 3
58 50 8 7 1 5 0 4 2 3 6
58 50 8 0 7 5 2 3 1 4 6
58 50 8 2 7 0 4 6 3 1 5
58 50 8 6 7 1 3 2 5 0 4
58 50 8 6 7 5 2 4 0 1 3
58 50 8 7 4 5 2 6 1 3 0
58 50 8 0 7 1 2 4 6 5 3
58 50 8 0 7 1 5 4 6 3 2
58 50 8 1 7 4 5 6 0 3 2
58 50 8 6 2 5 4 0 7 3 1
58 50 8 1 5 2 0 6 3 4 7
58 50 8 1 5 4 2 6 3 0 7
58 50 8 2 6 0 4 1 7 5 3
58 50 8 2 7 5 4 6 0 1 3
58 50 8 2 7 0 4 6 1 5 3
58 50 8 4 2 5 3 6 1 0 7
58 50 8 4 2 5 3 0 1 7 6
58 50 8 4 3 2 0 6 1 7 5
58 50 8 4 3 7 2 6 1 0 5
58 50 8 0 7 5 3 1 6 4 2
58 50 8 7 1 5 0 6 3 2 4
58 50 8 3 1 5 7 2 0 4 6
58 50 8 2 5 7 3 1 6 0 4
58 50 8 2 1 7 5 3 6 0 4
58 50 8 1 7 4 0 6 3 5 2
58 50 8 2 7 5 4 6 0 3 1
58 50 8 2 1 3 5 7 0 6 4
58 50 8 2 1 0 3 7 4 5 6
58 50 8 4 1 5 0 7 3 2 6
58 50 8 7 0 3 2 5 6 1 4
58 50 8 2 1 5 0 7 4 3 6
58 50 8 6 1 5 2 7 4 3 0
58 50 8 4 5 0 3 2 1 7 6
58 50 8 0 1 3 2 7 5 4 6
58 50 8 1 6 7 5 0 2 3 4
58 50 8 3 1 0 4 2 6 7 5
58 50 8 6 5 3 4 2 0 7 1
58 50 8 1 7 5 3 0 6 2 4
58 50 8 4 7 5 2 0 3 6 1
58 50 8 1 7 2 5 0 6 3 4
58 50 8 0 7 3 1 2 6 5 4
58 50 8 1 6 5 2 0 3 4 7
58 50 8 1 6 3 0 2 5 7 4
58 50 8 1 0 5 7 6 2 3 4
58 51 7 3 1 5 2 7 4 0 6
58 51 7 2 6 5 3 7 1 4 0
58 51 7 1 0 5 3 4 7 2 6
58 51 7 1 0 3 5 6 7 2 4
58 51 7 6 0 5 4 2 1 3 7
58 51 7 1 0 3 6 2 7 5 4
58 51 7 2 4 5 6 7 1 3 0
58 51 7 6 1 5 7 4 3 0 2
58 51 7 6 0 5 7 4 1 3 2
58 51 7 7 2 5 4 1 3 0 6
58 51 7 0 4 5 3 1 6 7 2
58 51 7 4 5 0 3 1 6 7 2
58 51 7 1 0 7 3 2 6 4 5
58 51 7 7 0 5 3 2 6 4 1
58 51 7 7 1 5 6 4 3 2 0
58 51 7 4 1 6 5 2 7 3 0
58 51 7 4 1 3 6 2 0 7 5
58 51 7 4 1 3 6 2 7 5 0
58 51 7 7 1 5 6 3 4 0 2
58 51 7 4 5 3 2 7 1 6 0
58 51 7 7 3 5 1 6 0 4 2
58 51 7 6 7 5 1 2 3 4 0
58 51 7 0 2 1 5 7 6 3 4
58 51 7 4 1 3 5 7 6 0 2
58 51 7 4 5 3 0 6 1 7 2
58 51 7 0 2 5 6 4 1 7 3
58 51 7 7 0 5 1 2 3 4 6
58 51 7 1 5 4 3 6 0 7 2
58 51 7 1 5 4 3 6 7 2 0
58 51 7 7 1 0 5 2 4 3 6
58 51 7 7 1 3 2 0 4 6 5
58 51 7 6 5 2 4 1 0 7 3
58 51 7 1 4 0 5 2 7 3 6
58 51 7 1 7 2 4 3 0 5 6
58 51 7 2 1 4 0 3 6 7 5
58 51 7 2 1 7 4 3 6 0 5
58 51 7 7 3 5 2 0 1 4 6
58 51 7 7 0 5 3 4 1 6 2
58 51 7 1 7 2 4 6 0 5 3
58 51 7 1 0 7 3 4 6 5 2
58 51 7 1 5 3 6 7 4 0 2
58 51 7 1 0 3 6 7 5 4 2
58 51 7 1 3 2 0 5 7 4 6
58 51 7 1 3 4 2 5 7 0 6
58 51 7 1 2 5 6 7 3 0 4
58 51 7 1 2 5 6 4 7 0 3
58 51 7 7 6 5 1 2 3 0 4
58 51 7 1 6 7 3 2 0 5 4
58 51 7 1 3 7 2 4 6 5 0
58 51 7 1 5 0 4 7 3 2 6
58 51 7 2 6 5 4 0 1 7 3
58 51 7 1 7 5 6 4 2 0 3
58 51 7 1 7 5 0 4 2 3 6
58 51 7 2 7 5 4 1 0 6 3
58 51 7 2 7 0 4 1 6 5 3
58 51 7 3 2 5 4 6 1 0 7
58 51 7 3 2 5 4 0 1 7 6
58 51 7 1 7 5 4 6 2 3 0
58 51 7 1 0 3 2 4 5 6 7
58 51 7 2 1 5 0 4 7 6 3
58 51 7 1 7 2 4 0 5 3 6
58 51 7 2 5 4 0 1 6 7 3
58 51 7 2 5 7 4 1 6 0 3
58 51 7 1 2 4 0 6 7 3 5
58 51 7 1 5 6 4 2 7 0 3
58 51 7 0 7 5 4 1 2 6 3
58 52 6 6 7 5 3 2 1 4 0
58 52 6 2 1 5 7 3 0 6 4
58 52 6 2 1 5 7 3 6 4 0
58 52 6 1 3 5 6 7 0 4 2
58 52 6 1 7 3 6 5 0 4 2
58 52 6 4 1 3 2 7 6 5 0
58 52 6 1 3 2 7 6 0 5 4
58 52 6 1 3 7 2 6 4 0 5
58 52 6 7 3 5 2 6 4 0 1
58 52 6 4 7 5 1 2 0 6 3
58 52 6 1 7 5 2 6 4 0 3
58 52 6 1 5 4 6 2 7 3 0
58 52 6 1 6 5 2 0 4 7 3
58 52 6 2 0 1 3 5 6 7 4
58 52 6 0 1 3 4 6 2 7 5
58 52 6 0 6 3 4 2 1 7 5
58 52 6 1 7 5 0 6 4 3 2
58 52 6 6 2 3 5 1 0 7 4
58 52 6 6 2 3 5 4 1 7 0
58 52 6 0 7 5 4 2 1 6 3
58 52 6 0 7 5 1 2 4 6 3
58 52 6 6 1 5 3 2 4 0 7
58 52 6 5 2 3 0 1 6 7 4
58 52 6 4 2 3 5 1 6 7 0
58 52 6 1 7 5 0 4 3 6 2
58 52 6 4 1 5 7 0 2 6 3
58 52 6 1 3 0 2 4 6 7 5
58 52 6 1 6 3 2 4 0 7 5
58 52 6 1 5 2 4 3 6 0 7
58 52 6 1 3 2 4 0 6 7 5
58 53 5 1 0 3 5 4 6 7 2
58 53 5 1 2 3 0 6 5 7 4
58 53 5 1 7 5 3 2 4 0 6
58 53 5 0 1 2 4 5 6 7 3
58 53 5 1 6 2 4 5 0 7 3
58 53 5 1 0 3 7 2 5 6 4
58 53 5 5 0 3 4 1 6 7 2
58 53 5 1 3 0 4 2 6 7 5
58 53 5 1 6 3 4 2 0 7 5
58 54 4 6 1 5 7 2 4 3 0
58 54 4 7 1 5 3 2 4 6 0
58 54 4 1 2 6 4 5 7 3 0
58 54 4 1 2 5 4 3 6 7 0
58 55 3 1 3 5 2 7 4 6 0
58 55 3 1 2 3 4 0 6 7 5
59 48 11 2 4 1 6 0 7 3 5
59 48 11 2 4 1 3 6 7 0 5
59 48 11 5 4 0 2 6 7 3 1
59 48 11 7 6 0 2 4 1 3 5
59 48 11 6 5 0 2 7 1 4 3
59 49 10 6 0 5 2 1 7 4 3
59 49 10 1 5 2 0 3 7 4 6
59 49 10 6 0 3 5 1 7 4 2
59 49 10 7 0 5 4 1 2 3 6
59 49 10 4 6 5 3 7 1 0 2
59 49 10 2 1 4 3 0 7 5 6
59 49 10 3 1 5 2 0 7 4 6
59 49 10 4 5 2 6 0 1 7 3
59 49 10 4 5 2 7 6 1 0 3
59 49 10 2 1 0 7 6 3 4 5
59 49 10 6 1 0 3 4 2 7 5
59 49 10 0 1 5 3 4 2 7 6
59 49 10 6 1 5 4 0 7 2 3
59 49 10 4 1 3 6 0 7 2 5
59 49 10 2 1 3 7 6 5 0 4
59 49 10 4 1 0 2 6 5 7 3
59 49 10 0 1 2 4 7 3 5 6
59 49 10 0 5 2 4 7 1 3 6
59 49 10 2 7 1 0 4 6 3 5
59 49 10 6 1 5 0 7 2 3 4
59 49 10 7 1 5 2 0 6 4 3
59 49 10 6 7 0 4 2 1 3 5
59 49 10 0 7 5 4 6 3 2 1
59 49 10 7 5 0 2 1 6 4 3
59 50 9 6 5 0 2 1 3 4 7
59 50 9 5 1 3 0 2 7 4 6
59 50 9 2 6 5 0 4 7 3 1
59 50 9 4 1 6 2 7 3 0 5
59 50 9 2 1 0 5 7 3 4 6
59 50 9 2 0 6 5 7 1 3 4
59 50 9 4 6 5 0 2 1 3 7
59 50 9 5 1 4 6 2 7 3 0
59 50 9 2 6 1 5 7 0 3 4
59 50 9 2 6 1 5 4 7 3 0
59 50 9 0 7 1 5 6 2 3 4
59 50 9 6 7 1 5 4 2 3 0
59 50 9 2 4 5 7 6 1 0 3
59 50 9 3 4 5 2 0 1 7 6
59 50 9 4 5 7 2 6 0 1 3
59 50 9 5 1 3 2 6 7 4 0
59 50 9 4 1 3 0 5 7 2 6
59 50 9 6 5 4 0 1 7 3 2
59 50 9 5 1 2 6 0 7 3 4
59 50 9 6 1 2 0 5 7 3 4
59 50 9 4 1 5 6 7 2 3 0
59 50 9 7 5 0 2 3 1 4 6
59 50 9 2 6 1 3 0 7 5 4
59 50 9 3 6 1 0 2 7 5 4
59 50 9 4 6 1 3 2 7 5 0
59 50 9 6 7 1 3 0 2 5 4
59 50 9 6 7 0 2 4 1 5 3
59 50 9 6 7 0 5 4 1 3 2
59 50 9 0 7 5 6 4 1 3 2
59 50 9 7 4 5 0 2 1 3 6
59 50 9 7 6 1 2 4 0 5 3
59 50 9 0 1 2 7 4 6 5 3
59 50 9 7 1 2 4 0 6 5 3
59 50 9 7 6 1 5 4 0 3 2
59 50 9 0 1 7 5 6 3 4 2
59 50 9 6 2 0 4 1 7 3 5
59 50 9 0 1 3 6 4 7 5 2
59 50 9 6 5 0 3 1 7 4 2
59 50 9 7 5 0 3 6 1 4 2
59 50 9 0 5 3 7 6 1 4 2
59 50 9 7 5 3 4 6 1 0 2
59 50 9 3 2 5 6 0 1 7 4
59 50 9 3 2 5 7 6 1 0 4
59 50 9 4 2 0 3 6 1 7 5
59 50 9 1 0 5 3 7 6 4 2
59 50 9 1 7 5 0 3 6 4 2
59 50 9 7 0 5 6 1 4 3 2
59 50 9 7 1 5 4 0 3 2 6
59 50 9 2 0 5 4 7 6 3 1
59 50 9 4 1 5 6 0 3 2 7
59 50 9 7 5 3 0 2 6 1 4
59 50 9 2 0 5 6 1 4 7 3
59 50 9 2 5 3 6 0 1 7 4
59 50 9 0 1 5 2 6 4 3 7
59 50 9 6 5 3 1 4 0 7 2
59 50 9 1 7 0 3 4 6 2 5
59 50 9 0 7 5 2 1 3 6 4
59 50 9 0 5 2 4 1 6 3 7
59 50 9 6 2 5 0 4 1 7 3
59 50 9 1 6 5 0 7 2 3 4
59 51 8 3 0 5 2 7 1 4 6
59 51 8 2 6 5 3 7 0 1 4
59 51 8 1 0 4 2 6 7 5 3
59 51 8 0 6 5 3 1 7 4 2
59 51 8 6 7 5 3 1 0 4 2
59 51 8 7 6 1 5 2 3 0 4
59 51 8 0 6 5 3 1 2 7 4
59 51 8 6 5 0 3 1 2 7 4
59 51 8 6 1 0 5 3 2 7 4
59 51 8 2 1 3 6 7 0 4 5
59 51 8 6 3 1 2 7 0 4 5
59 51 8 6 1 2 5 7 3 4 0
59 51 8 6 1 4 2 7 3 5 0
59 51 8 5 7 2 1 0 6 3 4
59 51 8 5 2 0 6 1 7 3 4
59 51 8 6 7 1 2 0 4 5 3
59 51 8 6 7 1 5 0 4 3 2
59 51 8 7 3 1 5 6 0 4 2
59 51 8 7 1 4 5 6 3 2 0
59 51 8 2 1 0 3 5 7 4 6
59 51 8 2 1 3 4 5 7 0 6
59 51 8 6 1 5 4 0 2 3 7
59 51 8 6 4 5 2 7 1 0 3
59 51 8 6 4 5 0 7 1 3 2
59 51 8 4 2 0 5 1 7 3 6
59 51 8 2 6 5 4 7 0 3 1
59 51 8 6 1 3 2 7 0 5 4
59 51 8 4 6 5 3 1 0 7 2
59 51 8 2 1 5 6 3 0 4 7
59 51 8 0 1 5 3 7 6 4 2
59 51 8 2 1 5 3 0 6 4 7
59 51 8 3 1 5 0 2 6 4 7
59 51 8 2 7 5 3 0 6 4 1
59 51 8 3 7 5 0 2 6 4 1
59 51 8 0 4 1 6 2 7 3 5
59 51 8 4 7 1 6 2 0 3 5
59 51 8 7 0 5 6 3 1 4 2
59 51 8 7 0 1 4 6 3 5 2
59 51 8 7 0 1 5 2 3 4 6
59 51 8 7 1 4 5 2 3 0 6
59 51 8 6 0 7 5 2 1 3 4
59 51 8 6 7 3 5 2 1 0 4
59 51 8 4 5 3 2 7 0 1 6
59 51 8 4 1 5 3 7 2 0 6
59 51 8 4 0 5 3 7 1 2 6
59 51 8 6 7 5 1 3 0 4 2
59 51 8 4 7 0 5 2 6 3 1
59 51 8 2 7 0 4 1 3 5 6
59 51 8 4 0 1 2 7 6 5 3
59 51 8 4 1 2 0 7 6 5 3
59 51 8 4 0 1 5 7 6 3 2
59 51 8 4 7 5 2 0 6 1 3
59 51 8 4 0 5 2 6 7 1 3
59 51 8 0 2 5 3 7 1 4 6
59 51 8 7 4 5 6 0 1 3 2
59 51 8 6 4 5 3 0 1 7 2
59 51 8 6 2 1 5 7 3 0 4
59 51 8 6 2 1 5 4 7 0 3
59 51 8 4 7 1 5 2 3 0 6
59 51 8 0 7 3 2 6 5 1 4
59 51 8 7 3 0 2 6 5 1 4
59 51 8 7 2 5 6 4 1 3 0
59 51 8 2 5 0 6 4 1 7 3
59 51 8 2 7 5 1 0 3 4 6
59 51 8 7 0 3 2 4 1 6 5
59 51 8 6 5 0 4 1 7 2 3
59 51 8 7 1 0 4 6 3 2 5
59 51 8 7 5 2 4 6 0 1 3
59 51 8 7 5 0 4 6 1 2 3
59 51 8 0 4 5 1 2 7 3 6
59 51 8 1 4 5 3 2 7 0 6
59 51 8 7 5 3 2 0 1 6 4
59 51 8 7 0 3 2 1 5 6 4
59 51 8 2 1 7 5 0 6 3 4
59 51 8 0 7 2 4 1 3 5 6
59 51 8 7 1 5 0 4 6 2 3
59 51 8 7 6 5 0 1 3 4 2
59 51 8 7 1 2 5 4 6 0 3
59 51 8 0 1 3 7 2 6 5 4
59 51 8 5 1 3 2 0 7 4 6
59 51 8 6 1 3 2 5 7 4 0
59 51 8 7 6 5 1 0 2 3 4
59 51 8 0 1 7 3 2 6 5 4
59 51 8 0 3 7 2 1 6 5 4
59 51 8 1 3 7 0 2 6 5 4
59 51 8 0 1 2 4 7 5 3 6
59 51 8 3 1 5 4 6 2 7 0
59 51 8 6 1 5 4 3 2 0 7
59 51 8 4 6 5 0 2 1 7 3
59 51 8 3 6 5 4 2 1 7 0
59 51 8 6 5 4 0 2 1 7 3
59 51 8 6 5 7 4 2 1 0 3
59 51 8 3 2 0 4 6 1 7 5
59 51 8 0 7 5 4 1 2 3 6
59 51 8 1 5 6 4 0 7 3 2
59 51 8 1 0 5 4 7 2 6 3
59 51 8 1 7 5 0 4 2 6 3
59 51 8 4 1 3 7 5 6 0 2
59 51 8 1 7 0 2 3 4 6 5
59 51 8 0 7 5 2 3 4 6 1
59 51 8 0 7 3 4 2 6 5 1
59 52 7 6 2 0 1 5 7 3 4
59 52 7 0 2 3 5 1 7 4 6
59 52 7 2 6 3 4 1 7 0 5
59 52 7 2 7 3 4 6 1 0 5
59 52 7 1 0 3 2 4 7 5 6
59 52 7 6 7 5 3 2 0 1 4
59 52 7 6 7 2 4 1 3 5 0
59 52 7 6 7 5 4 2 3 0 1
59 52 7 6 0 5 4 2 7 3 1
59 52 7 2 1 5 6 7 4 0 3
59 52 7 2 1 3 5 4 0 7 6
59 52 7 2 1 3 5 4 7 6 0
59 52 7 2 6 3 5 1 7 4 0
59 52 7 2 7 3 5 6 1 4 0
59 52 7 4 2 1 5 6 0 7 3
59 52 7 2 5 3 6 7 1 4 0
59 52 7 0 1 3 6 5 7 4 2
59 52 7 1 3 0 6 5 7 4 2
59 52 7 7 3 1 2 6 5 4 0
59 52 7 1 6 7 2 0 4 3 5
59 52 7 0 7 2 4 1 6 3 5
59 52 7 7 5 3 1 2 6 0 4
59 52 7 4 2 0 5 6 1 7 3
59 52 7 6 1 3 2 5 7 0 4
59 52 7 2 0 5 3 7 1 6 4
59 52 7 7 2 1 5 4 6 3 0
59 52 7 1 3 0 2 6 7 5 4
59 52 7 1 7 3 2 6 0 5 4
59 52 7 1 2 0 7 6 3 5 4
59 52 7 1 5 4 3 2 7 0 6
59 52 7 1 4 5 6 7 0 3 2
59 52 7 1 3 7 2 0 6 4 5
59 52 7 7 3 5 2 0 6 4 1
59 52 7 4 5 3 2 0 1 7 6
59 52 7 4 0 3 2 1 5 7 6
59 52 7 5 1 0 3 2 6 7 4
59 52 7 4 1 3 5 2 6 0 7
59 52 7 5 3 2 0 1 6 7 4
59 52 7 5 6 3 2 0 1 7 4
59 52 7 5 3 0 2 4 6 7 1
59 52 7 5 6 3 2 4 0 7 1
59 52 7 4 5 3 2 6 0 7 1
59 52 7 4 0 3 2 5 6 7 1
59 52 7 1 5 0 2 6 4 7 3
59 52 7 2 1 7 3 5 6 0 4
59 52 7 1 5 2 3 4 6 0 7
59 52 7 6 3 0 4 2 1 7 5
59 52 7 6 2 3 0 5 1 7 4
59 52 7 7 5 0 4 2 1 6 3
59 52 7 0 1 7 4 2 6 5 3
59 52 7 1 6 7 4 2 0 5 3
59 52 7 1 6 0 4 2 7 5 3
59 52 7 4 1 3 2 5 0 6 7
59 52 7 4 1 0 2 5 6 3 7
59 52 7 2 7 5 0 1 4 6 3
59 52 7 3 7 5 2 1 4 6 0
59 52 7 1 7 5 6 2 4 0 3
59 52 7 1 7 5 2 0 3 6 4
59 52 7 1 5 0 4 3 6 7 2
59 52 7 0 3 2 4 5 6 7 1
59 53 6 7 1 2 4 5 6 3 0
59 53 6 1 5 2 3 7 6 4 0
59 53 6 2 7 3 4 1 6 0 5
59 53 6 7 1 5 3 6 4 2 0
59 53 6 1 5 4 2 0 6 7 3
59 53 6 2 7 3 5 1 6 4 0
59 53 6 1 5 7 2 4 6 3 0
59 53 6 0 1 2 3 5 6 7 4
59 53 6 1 6 2 3 5 0 7 4
59 53 6 1 7 0 5 2 4 3 6
59 53 6 1 2 3 5 6 7 0 4
59 53 6 1 0 3 5 6 2 7 4
59 53 6 1 5 7 3 2 0 6 4
59 53 6 1 5 7 3 2 6 4 0
59 53 6 1 7 4 3 2 6 5 0
59 53 6 1 5 0 2 7 4 6 3
59 53 6 1 4 5 2 7 0 6 3
59 53 6 1 7 5 6 2 0 4 3
59 53 6 7 1 5 0 3 4 6 2
59 53 6 1 7 3 4 0 2 6 5
59 53 6 1 0 3 4 2 7 6 5
59 53 6 5 0 2 4 1 6 7 3
59 53 6 1 5 3 0 2 7 6 4
59 53 6 1 5 3 7 0 2 6 4
59 53 6 1 5 3 0 2 6 4 7
59 53 6 7 1 5 0 2 3 6 4
59 53 6 1 3 0 2 6 4 5 7
59 53 6 1 7 3 0 4 6 2 5
59 53 6 1 2 4 0 6 5 7 3
59 53 6 1 2 7 4 6 5 0 3
59 53 6 0 1 3 4 6 5 7 2
59 53 6 1 3 0 4 6 5 7 2
59 53 6 2 1 3 4 5 0 6 7
59 53 6 2 1 0 4 5 6 3 7
59 53 6 1 6 5 0 2 3 4 7
59 54 5 2 1 3 7 5 6 4 0
59 54 5 1 0 5 6 2 4 7 3
59 54 5 0 1 5 7 2 4 6 3
59 54 5 1 6 5 7 0 4 3 2
59 54 5 1 3 0 5 2 7 6 4
59 54 5 5 1 3 4 0 6 7 2
59 54 5 1 2 5 3 4 6 7 0
59 54 5 1 7 5 0 2 3 6 4
59 55 4 1 3 5 7 2 0 4 6
59 55 4 6 2 3 4 5 1 7 0
59 56 3 1 3 5 7 6 4 2 0
60 49 11 4 5 2 6 0 7 3 1
60 49 11 4 5 2 3 6 7 0 1
60 49 11 0 1 4 3 6 7 5 2
60 50 10 7 1 3 5 2 0 4 6
60 50 10 4 0 5 2 6 1 3 7
60 50 10 7 1 4 6 2 0 3 5
60 50 10 2 6 1 0 5 7 3 4
60 50 10 5 6 1 3 2 7 0 4
60 50 10 4 6 1 5 0 7 3 2
60 50 10 4 6 0 5 2 7 3 1
60 50 10 6 7 1 0 5 2 3 4
60 50 10 2 4 5 6 0 1 7 3
60 50 10 3 4 0 2 6 1 7 5
60 50 10 7 1 3 2 6 0 4 5
60 50 10 6 0 5 3 1 7 2 4
60 50 10 6 1 5 0 3 7 2 4
60 50 10 4 2 1 6 0 7 3 5
60 50 10 4 2 1 3 6 7 0 5
60 50 10 4 0 3 5 1 7 2 6
60 50 10 7 1 2 6 5 0 3 4
60 50 10 6 1 2 3 0 7 5 4
60 50 10 7 1 4 2 0 6 3 5
60 50 10 7 1 4 3 2 6 0 5
60 50 10 0 1 5 6 4 2 3 7
60 50 10 7 6 1 3 2 0 5 4
60 50 10 6 7 5 3 4 1 0 2
60 50 10 7 5 3 6 0 1 4 2
60 50 10 0 1 5 4 6 3 2 7
60 50 10 0 1 5 6 7 3 2 4
60 50 10 2 5 3 7 6 1 0 4
60 50 10 7 1 0 2 6 4 3 5
60 50 10 1 4 0 2 6 7 3 5
60 50 10 0 4 5 2 6 7 3 1
60 50 10 0 7 5 3 4 6 2 1
60 50 10 7 1 0 2 4 3 6 5
60 50 10 4 7 0 2 1 3 6 5
60 50 10 0 7 2 5 4 6 3 1
60 50 10 1 6 0 2 7 3 4 5
60 50 10 0 6 5 2 7 3 4 1
60 51 9 0 4 2 6 1 7 3 5
60 51 9 4 7 2 6 1 0 3 5
60 51 9 5 0 2 3 6 7 4 1
60 51 9 6 5 2 3 0 7 4 1
60 51 9 2 6 0 3 7 1 5 4
60 51 9 6 1 0 5 3 7 4 2
60 51 9 0 1 5 6 3 7 4 2
60 51 9 7 6 1 5 0 2 3 4
60 51 9 0 1 5 6 3 2 7 4
60 51 9 6 1 5 7 3 2 0 4
60 51 9 3 1 5 0 4 7 2 6
60 51 9 5 1 3 0 6 7 2 4
60 51 9 0 6 1 2 7 3 4 5
60 51 9 6 1 4 2 7 0 3 5
60 51 9 5 7 2 1 6 3 0 4
60 51 9 6 5 2 1 7 3 0 4
60 51 9 6 0 2 1 7 5 3 4
60 51 9 6 5 2 1 4 7 0 3
60 51 9 5 7 2 6 1 0 3 4
60 51 9 7 6 1 2 0 3 5 4
60 51 9 4 6 1 2 0 7 5 3
60 51 9 6 7 1 2 4 5 0 3
60 51 9 6 7 1 5 4 3 0 2
60 51 9 0 7 1 5 6 3 4 2
60 51 9 7 1 4 5 6 0 3 2
60 51 9 2 4 0 5 7 1 3 6
60 51 9 2 4 5 7 0 1 3 6
60 51 9 6 4 5 2 0 1 3 7
60 51 9 4 0 1 5 6 7 2 3
60 51 9 3 1 5 4 6 7 2 0
60 51 9 7 0 3 2 5 1 4 6
60 51 9 6 1 5 3 2 0 4 7
60 51 9 6 7 5 3 2 0 4 1
60 51 9 7 1 0 6 4 3 5 2
60 51 9 7 5 0 6 4 1 3 2
60 51 9 0 1 6 4 2 7 3 5
60 51 9 7 1 4 0 6 3 5 2
60 51 9 7 5 0 1 6 3 4 2
60 51 9 4 7 5 3 2 6 0 1
60 51 9 2 5 0 3 7 1 4 6
60 51 9 1 4 5 3 6 0 7 2
60 51 9 4 5 7 3 6 1 0 2
60 51 9 6 0 1 5 7 2 3 4
60 51 9 2 4 1 5 0 7 3 6
60 51 9 5 4 1 0 2 7 3 6
60 51 9 6 4 1 5 2 7 3 0
60 51 9 4 7 1 5 0 2 3 6
60 51 9 5 7 1 0 2 6 3 4
60 51 9 4 7 1 5 2 6 3 0
60 51 9 3 7 5 1 2 0 4 6
60 51 9 5 1 7 0 2 6 3 4
60 51 9 4 1 7 5 2 6 3 0
60 51 9 1 0 2 4 7 3 5 6
60 51 9 6 1 5 4 3 0 7 2
60 51 9 7 1 5 3 0 6 2 4
60 51 9 1 5 0 6 2 7 4 3
60 51 9 7 6 5 2 0 3 4 1
60 51 9 7 1 2 5 0 6 3 4
60 51 9 7 1 3 2 5 0 4 6
60 51 9 1 2 0 6 4 7 3 5
60 51 9 1 0 7 2 3 6 5 4
60 51 9 4 1 5 0 6 2 7 3
60 51 9 6 1 0 4 3 2 7 5
60 51 9 0 1 5 4 3 2 7 6
60 51 9 1 0 5 4 7 2 3 6
60 51 9 2 1 3 7 4 6 0 5
60 52 8 4 6 3 2 7 1 0 5
60 52 8 2 1 4 5 6 0 7 3
60 52 8 6 1 4 2 5 7 3 0
60 52 8 0 6 2 1 5 7 3 4
60 52 8 6 7 2 1 5 0 3 4
60 52 8 6 1 2 7 3 0 5 4
60 52 8 6 1 2 7 4 3 5 0
60 52 8 6 5 2 7 1 0 3 4
60 52 8 6 5 2 7 4 1 3 0
60 52 8 1 0 2 6 4 7 5 3
60 52 8 6 1 2 4 7 0 5 3
60 52 8 6 1 2 4 3 7 5 0
60 52 8 2 3 0 5 1 7 4 6
60 52 8 2 7 3 5 1 0 4 6
60 52 8 4 1 5 6 7 0 2 3
60 52 8 4 1 5 6 3 7 2 0
60 52 8 2 0 6 4 1 7 3 5
60 52 8 2 0 7 4 6 1 3 5
60 52 8 5 0 3 2 6 1 4 7
60 52 8 7 0 1 3 2 6 4 5
60 52 8 4 5 2 1 6 0 7 3
60 52 8 6 7 0 3 2 1 5 4
60 52 8 6 3 7 2 1 0 5 4
60 52 8 4 3 1 2 7 0 5 6
60 52 8 4 1 2 6 7 3 5 0
60 52 8 4 5 2 6 7 1 3 0
60 52 8 0 2 1 5 6 7 4 3
60 52 8 3 1 5 2 6 7 0 4
60 52 8 2 1 0 7 3 6 5 4
60 52 8 2 7 5 1 6 3 0 4
60 52 8 1 5 0 6 7 3 4 2
60 52 8 6 7 5 4 0 2 3 1
60 52 8 2 5 4 6 1 7 3 0
60 52 8 4 6 3 5 1 7 0 2
60 52 8 4 7 3 5 6 1 0 2
60 52 8 4 5 3 6 7 1 0 2
60 52 8 0 2 1 6 5 7 3 4
60 52 8 6 2 0 5 7 1 3 4
60 52 8 4 2 5 6 7 1 0 3
60 52 8 2 5 7 3 6 1 4 0
60 52 8 7 5 0 2 1 4 3 6
60 52 8 7 1 2 4 3 0 5 6
60 52 8 7 5 2 1 4 6 3 0
60 52 8 7 0 1 3 4 6 5 2
60 52 8 2 0 5 6 7 1 4 3
60 52 8 2 1 5 6 3 7 0 4
60 52 8 4 7 1 2 3 6 5 0
60 52 8 4 6 5 2 7 3 0 1
60 52 8 4 1 5 2 6 3 0 7
60 52 8 2 7 3 5 6 0 1 4
60 52 8 4 2 0 5 6 7 1 3
60 52 8 2 5 3 6 7 0 1 4
60 52 8 1 5 2 0 7 3 4 6
60 52 8 1 5 4 2 7 3 0 6
60 52 8 4 1 3 2 7 5 0 6
60 52 8 4 0 3 2 7 1 5 6
60 52 8 7 5 0 1 4 6 3 2
60 52 8 7 6 5 1 4 0 3 2
60 52 8 4 7 5 1 6 0 3 2
60 52 8 5 3 0 1 6 7 4 2
60 52 8 5 7 3 1 6 0 4 2
60 52 8 6 5 3 1 7 0 4 2
60 52 8 6 5 3 1 2 7 4 0
60 52 8 5 0 3 6 1 7 4 2
60 52 8 2 7 1 5 4 6 0 3
60 52 8 0 4 1 3 2 7 5 6
60 52 8 4 7 1 3 2 0 5 6
60 52 8 0 7 1 3 2 6 5 4
60 52 8 0 3 1 2 7 6 5 4
60 52 8 7 3 1 2 4 6 5 0
60 52 8 5 3 0 2 1 7 4 6
60 52 8 5 7 3 2 1 0 4 6
60 52 8 4 1 7 2 0 6 3 5
60 52 8 1 6 7 2 4 3 0 5
60 52 8 1 0 2 4 7 6 3 5
60 52 8 7 5 1 0 2 6 3 4
60 52 8 1 0 6 2 7 3 5 4
60 52 8 1 6 2 0 7 3 5 4
60 52 8 3 1 0 2 6 4 5 7
60 52 8 2 6 5 0 1 7 4 3
60 52 8 2 1 5 0 7 6 4 3
60 52 8 4 1 3 2 7 0 6 5
60 52 8 2 7 5 0 6 1 4 3
60 52 8 7 2 1 0 5 6 3 4
60 52 8 2 4 5 6 1 7 0 3
60 52 8 4 5 3 0 1 7 6 2
60 52 8 4 7 0 1 2 6 5 3
60 52 8 2 3 4 0 6 1 7 5
60 52 8 2 3 7 4 6 1 0 5
60 52 8 2 1 3 5 4 0 6 7
60 52 8 5 3 7 2 1 6 0 4
60 52 8 5 6 3 2 1 7 0 4
60 52 8 0 5 2 1 4 6 7 3
60 52 8 6 0 3 4 1 2 7 5
60 52 8 0 1 5 3 2 4 7 6
60 52 8 0 5 2 4 3 6 7 1
60 53 7 7 3 5 6 1 0 4 2
60 53 7 3 7 5 1 6 4 0 2
60 53 7 4 6 5 3 1 7 2 0
60 53 7 4 1 5 3 7 6 2 0
60 53 7 4 7 5 3 6 1 2 0
60 53 7 3 7 5 2 1 4 0 6
60 53 7 1 0 2 4 6 3 5 7
60 53 7 2 1 6 4 7 3 5 0
60 53 7 2 5 6 4 7 1 3 0
60 53 7 1 0 2 7 4 6 3 5
60 53 7 0 1 2 4 7 6 3 5
60 53 7 2 7 0 1 5 6 3 4
60 53 7 1 7 2 3 4 0 6 5
60 53 7 1 2 0 5 6 7 3 4
60 53 7 1 5 2 7 4 6 3 0
60 53 7 1 5 2 3 7 0 6 4
60 53 7 1 5 0 3 7 6 2 4
60 53 7 0 6 5 4 1 2 7 3
60 53 7 6 5 0 4 1 2 7 3
60 53 7 2 0 7 4 1 6 3 5
60 53 7 2 1 5 3 0 4 7 6
60 53 7 0 3 5 2 6 1 4 7
60 53 7 2 1 3 0 7 6 5 4
60 53 7 4 1 2 5 7 6 3 0
60 53 7 1 2 5 3 0 7 4 6
60 53 7 2 7 5 3 1 4 0 6
60 53 7 7 2 1 5 6 3 4 0
60 53 7 7 3 1 2 6 4 0 5
60 53 7 4 7 5 6 1 3 2 0
60 53 7 6 7 5 2 3 4 0 1
60 53 7 5 2 0 4 1 7 3 6
60 53 7 2 5 4 3 6 1 7 0
60 53 7 2 5 7 4 6 1 3 0
60 53 7 5 1 3 0 4 6 7 2
60 53 7 6 1 2 4 5 7 0 3
60 53 7 2 0 1 5 4 6 7 3
60 53 7 2 1 3 6 0 4 7 5
60 53 7 2 0 3 6 4 1 7 5
60 53 7 1 0 4 2 6 5 7 3
60 53 7 2 0 3 6 1 5 7 4
60 53 7 4 7 1 2 5 6 0 3
60 53 7 4 7 1 0 5 6 3 2
60 53 7 4 7 5 2 0 1 6 3
60 53 7 4 0 5 2 1 7 6 3
60 53 7 1 5 7 2 4 0 6 3
60 53 7 2 5 0 3 4 6 7 1
60 53 7 4 0 1 5 3 6 7 2
60 53 7 5 0 2 3 1 6 7 4
60 53 7 0 7 5 1 2 4 3 6
60 53 7 5 2 0 3 6 1 7 4
60 53 7 4 2 3 5 6 1 0 7
60 53 7 4 2 3 5 0 1 7 6
60 53 7 0 1 5 4 7 2 6 3
60 53 7 7 1 5 4 3 2 6 0
60 53 7 1 2 7 3 6 5 0 4
60 53 7 0 7 5 6 1 4 3 2
60 53 7 5 3 0 1 2 6 7 4
60 53 7 5 6 3 1 2 0 7 4
60 53 7 2 5 3 1 6 0 7 4
60 53 7 2 0 3 1 5 6 7 4
60 53 7 1 7 5 3 0 2 4 6
60 53 7 2 1 5 0 7 4 6 3
60 53 7 3 1 5 2 7 4 6 0
60 53 7 1 6 5 3 0 2 7 4
60 53 7 3 5 2 4 1 6 7 0
60 53 7 1 5 3 7 0 6 4 2
60 53 7 1 3 2 4 6 5 0 7
60 53 7 1 3 2 4 0 5 7 6
60 53 7 7 1 3 4 0 6 5 2
60 53 7 1 7 3 5 0 6 2 4
60 53 7 1 6 5 7 0 3 4 2
60 54 6 2 1 5 4 6 3 7 0
60 54 6 1 5 6 3 2 7 4 0
60 54 6 7 4 5 2 1 3 6 0
60 54 6 2 1 5 3 6 4 7 0
60 54 6 1 5 0 2 3 6 7 4
60 54 6 4 0 1 2 5 6 7 3
60 54 6 4 1 2 0 5 6 7 3
60 54 6 3 7 5 2 6 4 1 0
60 54 6 5 2 3 4 6 7 0 1
60 54 6 6 1 5 7 2 0 4 3
60 54 6 6 1 0 7 2 4 5 3
60 54 6 1 0 3 4 2 7 5 6
60 54 6 1 7 5 6 4 3 2 0
60 54 6 6 3 5 0 2 1 7 4
60 54 6 4 1 5 3 2 0 6 7
60 54 6 7 1 0 5 2 4 6 3
60 54 6 1 7 3 4 6 0 5 2
60 54 6 1 4 5 2 3 6 7 0
60 54 6 1 5 3 2 0 4 7 6
60 54 6 1 0 3 2 4 5 7 6
60 54 6 6 2 1 4 5 7 0 3
60 54 6 1 6 5 4 2 3 0 7
60 54 6 1 6 5 7 4 3 0 2
60 54 6 1 2 5 4 7 3 0 6
60 54 6 1 3 5 2 7 6 4 0
60 54 6 1 6 5 4 0 2 7 3
60 54 6 1 5 3 4 0 2 6 7
60 54 6 1 0 3 4 2 5 6 7
60 54 6 1 6 5 0 2 7 4 3
60 55 5 4 1 5 7 2 3 6 0
60 55 5 6 5 3 4 2 1 7 0
60 55 5 2 0 1 4 5 6 7 3
60 55 5 1 3 5 2 7 0 6 4
60 55 5 1 5 3 4 7 6 0 2
60 55 5 1 4 3 2 0 6 7 5
60 55 5 6 2 3 4 1 0 7 5
60 55 5 5 2 3 4 1 6 7 0
60 56 4 1 2 3 4 6 7 5 0
60 56 4 1 2 3 5 4 6 7 0
60 56 4 1 2 4 0 5 6 7 3
60 56 4 1 2 7 4 5 6 0 3
60 57 3 1 2 3 0 5 6 7 4
60 58 2 1 2 3 4 5 6 7 0