0 0 0 0 1 5 2 6 7 3 4
13 0 13 1 0 5 2 6 7 3 4
13 0 13 1 5 0 2 6 7 3 4
10 0 10 1 5 3 2 6 7 0 4
9 0 9 1 5 3 2 6 7 4 0
10 0 10 1 5 3 2 6 0 7 4
9 0 9 1 5 3 2 0 6 7 4
9 0 9 1 0 3 2 6 5 7 4
9 0 9 1 5 3 2 4 6 7 0
9 0 9 1 0 3 2 5 6 7 4
8 0 8 1 3 0 2 5 6 7 4
7 0 7 1 3 2 0 5 6 7 4
3 0 3 1 3 2 4 5 6 7 0
5 0 5 1 3 2 4 5 6 0 7
7 0 7 1 3 2 4 5 0 6 7
7 0 7 1 3 0 4 5 6 2 7
6 0 6 1 0 3 4 5 6 2 7
8 0 8 1 3 2 4 0 6 7 5
8 0 8 1 3 0 4 5 6 7 2
5 0 5 1 0 3 4 5 6 7 2
7 0 7 1 3 4 0 5 6 7 2
5 0 5 1 3 4 2 5 6 7 0
7 0 7 1 3 7 4 5 6 0 2
6 0 6 1 3 7 4 5 6 2 0
7 0 7 0 1 3 4 5 6 7 2
5 0 5 2 1 3 4 5 6 7 0
5 0 5 2 1 3 4 5 6 0 7
7 0 7 1 6 3 4 5 0 7 2
7 0 7 1 3 4 2 5 6 0 7
7 0 7 2 1 3 0 5 6 7 4
7 0 7 2 1 3 4 5 0 6 7
7 0 7 1 6 3 4 5 7 0 2
6 0 6 1 6 3 4 5 7 2 0
8 0 8 1 3 2 4 0 5 6 7
8 0 8 1 0 2 4 5 3 6 7
7 0 7 1 2 0 4 5 3 6 7
7 0 7 1 2 6 4 5 3 0 7
5 0 5 1 2 6 4 5 3 7 0
8 0 8 1 3 4 0 5 6 2 7
8 0 8 0 1 3 4 5 6 2 7
8 0 8 1 6 3 4 5 0 2 7
7 0 7 1 6 3 4 5 2 0 7
5 0 5 1 6 3 4 5 2 7 0
8 0 8 1 3 2 4 6 0 7 5
8 0 8 5 1 3 4 0 6 7 2
8 0 8 2 1 3 4 0 6 7 5
8 0 8 2 1 0 4 5 6 3 7
8 0 8 1 6 3 4 0 5 7 2
8 0 8 2 1 0 3 5 6 7 4
8 0 8 2 1 3 4 0 5 6 7
8 0 8 2 0 3 4 5 1 6 7
8 0 8 1 3 2 4 7 5 6 0
8 0 8 1 2 4 0 5 3 6 7
8 0 8 1 2 6 4 5 0 3 7
8 0 8 1 3 4 7 5 6 2 0
8 0 8 7 1 3 4 5 6 2 0
7 0 7 7 1 3 4 5 6 0 2
8 0 8 1 3 2 4 6 7 0 5
7 0 7 1 3 2 4 6 7 5 0
8 0 8 5 1 3 4 2 6 7 0
8 0 8 2 1 3 4 6 0 7 5
8 0 8 1 6 3 4 2 5 7 0
8 0 8 2 1 3 4 7 5 6 0
8 0 8 0 2 3 4 5 1 6 7
7 0 7 1 2 3 4 5 0 6 7
3 0 3 1 2 3 4 5 6 0 7
1 0 1 1 2 3 4 5 6 7 0