0 0 0 1 2 6 4 3 0 7 5
9 0 9 1 2 6 4 0 3 7 5
9 0 9 1 2 6 4 3 7 0 5
11 0 11 1 0 6 4 3 2 7 5
15 9 6 1 2 6 4 5 3 7 0
17 9 8 1 2 6 4 3 7 5 0
18 9 9 1 2 0 4 3 7 6 5
21 9 12 0 2 6 4 1 3 7 5
22 11 11 1 6 0 4 3 2 7 5
22 15 7 1 2 6 4 5 3 0 7
23 9 14 1 0 6 4 2 3 7 5
23 9 14 1 2 6 0 4 3 7 5
24 11 13 0 1 6 4 3 2 7 5
24 15 9 1 2 6 0 5 3 7 4
24 15 9 1 2 0 4 5 3 7 6
28 15 13 0 2 6 4 5 3 7 1
28 18 10 1 0 2 4 3 7 6 5
28 18 10 1 2 4 0 3 7 6 5
29 17 12 1 2 6 0 3 7 5 4
29 17 12 1 2 6 4 0 7 5 3
29 17 12 1 2 0 4 3 7 5 6
29 22 7 1 2 0 4 5 3 6 7
30 22 8 1 2 6 4 5 0 3 7
32 21 11 5 2 6 4 1 3 7 0
32 24 8 1 0 2 4 5 3 7 6
32 24 8 1 2 4 0 5 3 7 6
32 24 8 1 2 7 4 5 3 0 6
33 17 16 0 2 6 4 3 7 5 1
33 21 12 2 0 6 4 1 3 7 5
33 24 9 1 2 0 6 5 3 7 4
34 21 13 3 2 6 4 1 0 7 5
34 22 12 1 6 4 0 3 2 7 5
34 22 12 1 6 7 4 3 2 0 5
34 23 11 1 3 6 4 2 0 7 5
34 23 11 1 2 6 5 4 3 7 0
35 21 14 4 2 6 0 1 3 7 5
35 23 12 1 6 0 4 2 3 7 5
35 23 12 1 2 0 6 4 3 7 5
36 24 12 3 1 6 4 0 2 7 5
36 24 12 5 1 6 4 3 2 7 0
37 23 14 0 1 6 4 2 3 7 5
37 23 14 1 2 6 7 4 3 0 5
37 24 13 2 1 6 4 3 0 7 5
37 24 13 0 2 6 1 5 3 7 4
37 24 13 1 2 6 7 5 3 0 4
37 28 9 1 2 4 5 3 7 6 0
37 29 8 1 0 2 4 5 3 6 7
37 29 8 1 2 4 0 5 3 6 7
38 24 14 1 2 6 5 0 3 7 4
38 29 9 1 2 5 4 3 7 0 6
38 32 6 1 2 4 6 5 3 7 0
38 32 6 1 2 7 4 5 3 6 0
39 23 16 0 2 6 1 4 3 7 5
39 24 15 4 1 6 0 3 2 7 5
39 28 11 2 0 6 4 5 3 7 1
39 28 11 1 7 2 4 3 0 6 5
39 28 11 1 2 4 3 0 7 6 5
39 30 9 1 2 6 4 0 5 3 7
39 32 7 1 3 2 4 5 0 7 6
40 28 12 5 2 6 4 0 3 7 1
40 28 12 3 2 6 4 5 0 7 1
40 28 12 0 1 2 4 3 7 6 5
40 28 12 1 2 4 6 3 7 0 5
40 29 11 1 0 2 4 3 7 5 6
40 29 11 1 2 4 0 3 7 5 6
40 30 10 1 0 6 4 5 2 3 7
41 28 13 4 2 6 0 5 3 7 1
41 29 12 1 2 0 6 3 7 5 4
41 29 12 1 2 6 4 7 0 5 3
41 32 9 1 2 7 4 5 0 3 6
42 28 14 0 2 4 1 3 7 6 5
42 29 13 1 2 6 3 0 7 5 4
42 32 10 0 1 2 4 5 3 7 6
43 29 14 1 2 6 5 3 7 0 4
43 29 14 0 2 6 4 1 7 5 3
43 32 11 5 2 6 4 1 3 0 7
43 33 10 1 0 2 6 5 3 7 4
43 33 10 1 2 7 6 5 3 0 4
44 29 15 1 0 6 4 2 7 5 3
44 32 12 0 2 4 1 5 3 7 6
44 32 12 1 2 4 7 5 3 0 6
44 33 11 2 3 6 4 1 0 7 5
44 34 10 1 3 6 4 0 2 7 5
44 37 7 1 3 2 4 5 0 6 7
45 29 16 0 2 6 1 3 7 5 4
45 29 16 1 2 6 0 4 7 5 3
45 32 13 5 2 6 0 1 3 7 4
45 32 13 5 2 0 4 1 3 7 6
45 32 13 1 2 4 5 0 3 7 6
45 33 12 2 6 0 4 1 3 7 5
45 34 11 3 2 6 4 0 1 7 5
45 34 11 3 2 6 4 1 7 0 5
45 34 11 1 6 4 5 3 2 7 0
45 34 11 1 6 7 4 3 2 5 0
45 34 11 1 3 6 4 2 7 0 5
45 36 9 3 1 6 4 5 2 7 0
45 37 8 1 2 4 7 5 3 6 0
45 38 7 1 2 5 4 3 7 6 0
45 39 6 1 2 4 3 5 7 6 0
46 33 13 3 2 6 4 0 7 5 1
46 34 12 1 2 6 5 4 3 0 7
46 38 8 1 2 4 6 5 3 0 7
46 39 7 1 3 2 4 5 7 0 6
47 33 14 2 0 6 4 3 7 5 1
47 34 13 3 0 6 4 1 2 7 5
47 34 13 1 6 4 3 0 2 7 5
47 34 13 1 6 7 4 3 0 2 5
47 35 12 4 2 6 5 1 3 7 0
47 35 12 1 6 7 4 2 3 0 5
47 37 10 1 2 6 7 4 3 5 0
47 37 10 1 2 6 7 5 3 4 0
47 37 10 0 1 2 4 5 3 6 7
47 38 9 1 2 5 4 3 0 7 6
47 39 8 1 3 2 4 0 5 7 6
48 34 14 1 2 0 5 4 3 7 6
48 35 13 4 2 0 6 1 3 7 5
48 35 13 1 6 4 0 2 3 7 5
48 35 13 1 0 2 6 4 3 7 5
48 35 13 1 2 7 6 4 3 0 5
48 36 12 5 1 6 4 3 2 0 7
48 37 11 2 1 6 4 0 3 7 5
48 37 11 1 2 0 7 4 3 6 5
48 37 11 2 1 6 4 3 7 0 5
48 37 11 4 2 6 1 5 3 7 0
48 37 11 1 2 0 7 5 3 6 4
48 37 11 1 2 4 5 3 7 0 6
48 38 10 1 2 7 0 5 3 6 4
48 39 9 1 7 2 4 3 6 0 5
48 39 9 1 2 6 4 7 5 3 0
49 33 16 4 2 6 0 3 7 5 1
49 33 16 7 2 6 4 3 0 5 1
49 34 15 1 6 4 7 3 2 0 5
49 36 13 3 1 6 4 2 0 7 5
49 37 12 2 0 6 4 3 1 7 5
49 37 12 2 0 6 1 5 3 7 4
49 37 12 1 2 6 7 5 0 3 4
49 37 12 0 2 4 1 5 3 6 7
49 38 11 1 2 4 6 0 3 7 5
49 38 11 1 2 7 4 0 3 6 5
49 39 10 2 3 6 4 5 0 7 1
49 39 10 1 2 4 3 7 0 6 5
49 40 9 1 2 4 6 3 7 5 0
49 44 5 1 3 2 4 5 6 0 7
50 34 16 0 6 4 1 3 2 7 5
50 35 15 4 2 6 1 0 3 7 5
50 36 14 5 1 6 0 3 2 7 4
50 36 14 5 1 6 4 0 2 7 3
50 36 14 5 1 0 4 3 2 7 6
50 37 13 5 1 6 4 2 3 7 0
50 37 13 1 2 6 7 4 0 3 5
50 37 13 5 2 6 1 0 3 7 4
50 37 13 3 2 6 1 5 0 7 4
50 37 13 1 2 4 5 0 7 6 3
50 37 13 1 2 4 5 0 3 6 7
50 38 12 1 2 6 5 3 0 7 4
50 39 11 2 6 0 4 5 3 7 1
50 39 11 1 7 2 4 0 3 6 5
50 40 10 3 2 6 4 5 7 0 1
50 40 10 1 2 4 6 3 0 7 5
50 40 10 1 6 0 4 5 2 3 7
51 37 14 1 2 0 5 3 7 6 4
51 39 12 0 2 4 3 1 7 6 5
51 39 12 0 2 6 4 1 5 3 7
51 40 11 3 2 6 4 0 5 7 1
51 40 11 3 1 2 4 0 7 6 5
51 40 11 5 1 2 4 3 7 6 0
51 41 10 1 2 6 4 7 5 0 3
51 41 10 1 2 7 4 0 5 3 6
51 44 7 1 3 6 4 5 2 7 0
51 46 5 1 3 2 4 5 7 6 0
52 35 17 4 2 6 7 1 3 0 5
52 36 16 3 1 6 0 4 2 7 5
52 38 14 1 0 6 5 2 3 7 4
52 38 14 0 2 4 6 5 3 7 1
52 38 14 0 2 7 4 5 3 6 1
52 39 13 4 1 6 5 3 2 7 0
52 40 12 5 2 6 4 3 0 7 1
52 40 12 3 0 6 4 5 2 7 1
52 40 12 1 2 0 6 3 7 4 5
52 40 12 1 7 2 4 3 0 5 6
52 40 12 1 2 4 3 0 7 5 6
52 40 12 0 1 6 4 5 2 3 7
52 41 11 1 2 5 6 3 7 0 4
52 41 11 1 0 7 4 5 2 3 6
52 42 10 6 1 2 4 5 3 7 0
52 43 9 1 3 2 6 5 0 7 4
52 43 9 1 2 7 6 5 3 4 0
52 44 8 1 3 2 4 0 5 6 7
52 45 7 1 2 4 3 5 7 0 6
52 49 3 1 3 2 4 5 6 7 0
53 34 19 0 2 6 5 4 3 7 1
53 37 16 4 1 6 0 2 3 7 5
53 38 15 0 2 6 5 1 3 7 4
53 39 14 5 2 6 1 4 3 7 0
53 39 14 4 1 0 6 3 2 7 5
53 39 14 1 0 4 3 2 7 6 5
53 39 14 1 0 6 4 2 5 3 7
53 39 14 1 2 6 0 4 5 3 7
53 40 13 0 1 2 4 3 7 5 6
53 41 12 4 2 0 6 5 3 7 1
53 42 11 1 2 6 3 4 7 5 0
53 42 11 5 1 2 4 0 3 7 6
53 42 11 3 1 2 4 5 0 7 6
53 45 8 3 2 6 4 5 1 7 0
53 47 6 1 3 2 4 6 5 7 0
54 37 17 0 2 4 5 3 7 6 1
54 39 15 2 0 6 1 4 3 7 5
54 39 15 4 1 6 3 0 2 7 5
54 40 14 4 1 2 0 3 7 6 5
54 40 14 7 1 2 4 3 0 6 5
54 41 13 1 0 2 6 3 7 5 4
54 42 12 3 2 4 1 0 7 6 5
54 42 12 5 2 4 1 3 7 6 0
54 42 12 1 2 6 3 7 0 5 4
54 42 12 4 1 2 0 5 3 7 6
54 43 11 1 2 6 5 3 7 4 0
54 43 11 5 2 0 4 1 3 6 7
54 43 11 1 2 7 6 5 0 3 4
54 45 9 1 2 4 5 6 3 7 0
54 45 9 1 3 6 4 2 7 5 0
54 45 9 1 2 4 0 5 7 6 3
55 39 16 3 2 6 1 4 0 7 5
55 40 15 0 2 4 1 3 7 5 6
55 41 14 1 0 6 4 7 2 5 3
55 42 13 2 0 4 1 3 7 6 5
55 43 12 3 2 6 4 1 7 5 0
55 43 12 5 2 6 4 1 0 3 7
55 43 12 0 1 2 6 5 3 7 4
55 44 11 2 0 4 1 5 3 7 6
55 44 11 6 2 4 1 5 3 7 0
55 44 11 1 2 4 7 5 0 3 6
55 44 11 1 2 0 7 5 3 4 6
55 44 11 2 3 6 4 0 1 7 5
55 44 11 2 3 6 4 1 7 0 5
55 45 10 1 3 0 4 2 7 6 5
55 45 10 3 1 6 4 5 2 0 7
55 45 10 1 2 0 3 5 7 6 4
55 46 9 1 2 4 6 5 0 3 7
55 46 9 1 3 0 4 5 7 2 6
55 47 8 1 6 4 3 5 2 7 0
56 39 17 4 1 6 7 3 2 0 5
56 42 14 0 2 6 3 1 7 5 4
56 44 12 5 2 4 1 0 3 7 6
56 44 12 3 2 4 1 5 0 7 6
56 45 11 1 2 4 5 3 0 7 6
56 45 11 3 2 0 4 1 7 6 5
56 45 11 1 2 5 0 3 7 6 4
56 45 11 1 2 5 4 0 7 6 3
56 46 10 1 2 0 6 5 3 4 7
56 47 9 1 2 5 4 0 3 7 6
56 48 8 2 1 6 4 5 3 7 0
56 48 8 1 7 2 4 3 6 5 0
56 49 7 1 3 0 4 5 6 2 7
57 40 17 5 0 6 4 2 3 7 1
57 40 17 5 2 6 0 4 3 7 1
57 41 16 4 2 6 7 5 3 0 1
57 42 15 7 2 4 1 3 0 6 5
57 42 15 1 0 6 3 2 7 5 4
57 43 14 2 0 6 4 1 7 5 3
57 44 13 1 6 0 4 2 7 5 3
57 44 13 1 7 6 4 2 0 5 3
57 44 13 0 3 6 4 1 2 7 5
57 45 12 5 0 2 4 1 3 7 6
57 45 12 5 2 4 0 1 3 7 6
57 45 12 5 2 7 4 1 3 0 6
57 45 12 0 2 6 4 3 1 7 5
57 45 12 3 1 6 0 5 2 7 4
57 45 12 3 1 0 4 5 2 7 6
57 46 11 1 2 0 5 4 3 6 7
57 47 10 1 6 7 4 2 3 5 0
57 47 10 1 2 6 0 5 3 4 7
57 47 10 7 1 2 4 5 3 6 0
57 49 8 1 2 4 3 7 6 0 5
57 50 7 1 6 3 4 5 2 0 7
58 41 17 4 2 6 5 0 3 7 1
58 44 14 1 3 6 0 4 2 7 5
58 45 13 5 2 0 6 1 3 7 4
58 45 13 1 0 4 5 2 3 7 6
58 45 13 2 6 4 0 1 3 7 5
58 45 13 2 6 7 4 1 3 0 5
58 45 13 1 6 4 5 3 2 0 7
58 45 13 1 2 4 7 0 3 6 5
58 45 13 0 2 4 3 5 7 6 1
58 47 11 1 0 7 4 3 6 2 5
58 47 11 5 1 2 4 0 3 6 7
58 47 11 3 1 2 4 5 0 6 7
58 47 11 1 0 5 4 3 2 7 6
58 47 11 0 3 2 4 1 5 7 6
58 47 11 1 0 2 4 3 5 7 6
58 48 10 1 2 7 5 4 3 0 6
58 48 10 1 6 4 5 2 3 7 0
58 48 10 2 1 6 4 3 7 5 0
58 50 8 1 7 2 4 5 3 6 0
58 50 8 3 2 6 4 5 7 1 0
59 43 16 4 2 6 0 1 7 5 3
59 43 16 7 2 6 4 1 0 5 3
59 44 15 0 1 6 4 2 7 5 3
59 45 14 3 2 6 1 0 7 5 4
59 45 14 4 2 6 1 3 7 5 0
59 45 14 1 2 0 6 4 7 5 3
59 45 14 1 2 6 5 4 7 0 3
59 45 14 0 2 4 5 1 3 7 6
59 45 14 1 6 4 5 0 2 7 3
59 45 14 1 6 7 0 3 2 5 4
59 45 14 1 6 7 4 0 2 5 3
59 45 14 1 6 0 4 3 2 5 7
59 45 14 0 1 6 4 5 2 7 3
59 46 13 1 2 6 5 4 0 3 7
59 47 12 1 6 4 3 2 0 7 5
59 47 12 1 0 4 3 6 2 7 5
59 47 12 4 1 2 0 5 3 6 7
59 48 11 1 2 5 0 4 3 7 6
59 48 11 1 0 2 7 4 3 6 5
59 48 11 2 1 0 4 3 7 6 5
59 48 11 4 2 6 1 5 3 0 7
59 48 11 1 0 2 7 5 3 6 4
59 48 11 1 7 0 4 3 6 2 5
59 49 10 1 2 7 4 3 0 6 5
59 49 10 2 3 6 4 5 7 0 1
59 51 8 3 1 2 4 5 7 6 0
59 51 8 1 2 7 4 6 5 3 0
59 51 8 1 3 6 4 5 2 0 7
59 52 7 1 2 4 3 5 0 7 6
59 52 7 1 3 2 0 5 6 7 4
60 45 15 2 0 6 1 3 7 5 4
60 45 15 0 2 5 4 3 7 6 1
60 46 14 3 2 6 4 7 0 5 1
60 47 13 3 6 0 4 1 2 7 5
60 47 13 1 6 7 4 0 3 2 5
60 47 13 1 6 7 4 2 0 3 5
60 47 13 1 2 6 0 4 3 5 7
60 47 13 1 2 0 7 4 3 5 6
60 47 13 1 3 2 0 4 5 7 6
60 48 12 1 0 2 5 4 3 7 6
60 48 12 1 3 2 6 4 0 7 5
60 48 12 1 2 7 6 4 3 5 0
60 48 12 5 1 0 4 3 2 6 7
60 48 12 1 2 7 0 4 3 6 5
60 48 12 1 2 6 0 7 5 3 4
60 48 12 1 2 0 4 7 5 3 6
60 49 11 1 6 4 7 3 2 5 0
60 49 11 2 3 6 1 5 0 7 4
60 49 11 2 0 4 1 5 3 6 7
60 49 11 7 2 4 1 5 3 6 0
60 49 11 1 2 4 0 6 3 7 5
60 49 11 2 3 6 4 0 5 7 1
60 50 10 3 2 0 4 5 7 6 1
60 51 9 3 2 6 4 1 5 7 0
60 51 9 1 3 2 0 5 7 6 4
60 52 8 1 2 4 3 6 7 5 0
60 52 8 1 3 2 4 7 5 6 0
60 52 8 1 3 2 4 0 6 7 5
60 52 8 1 3 0 4 5 6 7 2
60 53 7 1 3 2 4 6 5 0 7
61 45 16 5 2 6 7 1 3 0 4
61 45 16 3 0 6 4 2 1 7 5
61 45 16 3 2 6 0 4 1 7 5
61 45 16 1 6 0 5 3 2 7 4
61 45 16 0 2 4 7 5 3 6 1
61 47 14 2 6 0 4 3 7 5 1
61 47 14 0 6 4 3 1 2 7 5
61 47 14 4 2 6 5 1 3 0 7
61 47 14 1 2 6 7 0 3 5 4
61 47 14 1 2 6 7 0 3 4 5
61 48 13 1 6 4 7 2 3 0 5
61 48 13 5 1 6 4 3 0 2 7
61 48 13 4 2 0 1 5 3 7 6
61 48 13 1 2 0 5 3 7 4 6
61 48 13 1 2 7 5 0 3 6 4
61 49 12 7 2 6 4 3 5 0 1
61 49 12 2 6 0 4 3 1 7 5
61 49 12 2 6 0 1 5 3 7 4
61 49 12 1 0 6 7 5 2 3 4
61 49 12 5 2 4 1 0 3 6 7
61 49 12 3 2 4 1 5 0 6 7
61 49 12 1 0 4 3 7 2 6 5
61 50 11 3 2 6 1 5 7 0 4
61 50 11 1 2 4 5 3 0 6 7
61 50 11 1 2 4 5 7 3 6 0
61 50 11 1 6 4 0 5 2 3 7
61 51 10 1 2 0 4 7 5 6 3
61 51 10 1 3 6 0 5 2 7 4
61 51 10 1 3 0 4 5 2 7 6
61 51 10 1 3 2 4 0 7 6 5
61 51 10 1 3 0 4 5 7 6 2
61 52 9 1 3 2 6 5 7 0 4
61 52 9 1 2 0 3 5 7 4 6
62 45 17 7 2 6 1 3 0 5 4
62 47 15 2 7 6 4 3 0 5 1
62 48 14 4 0 2 6 1 3 7 5
62 48 14 4 2 7 6 1 3 0 5
62 48 14 1 6 4 2 0 3 7 5
62 48 14 1 2 7 6 4 0 3 5
62 48 14 0 2 7 1 5 3 6 4
62 49 13 1 6 0 7 3 2 4 5
62 49 13 3 1 6 4 2 7 0 5
62 49 13 1 2 6 7 0 5 3 4
62 49 13 0 2 4 6 1 3 7 5
62 49 13 0 2 7 4 1 3 6 5
62 49 13 1 0 7 4 2 3 6 5
62 49 13 1 2 4 6 0 7 5 3
62 50 12 1 2 6 7 0 4 3 5
62 50 12 1 0 6 7 4 2 3 5
62 50 12 3 2 6 1 0 5 7 4
62 50 12 1 0 4 5 2 7 6 3
62 50 12 1 0 4 5 2 3 6 7
62 50 12 2 6 4 0 5 3 7 1
62 50 12 2 6 7 4 5 3 0 1
62 50 12 1 0 4 6 3 2 7 5
62 51 11 5 2 4 3 1 7 6 0
62 51 11 5 1 2 4 3 7 0 6
62 52 10 3 1 6 5 4 2 7 0
62 52 10 1 3 6 5 2 0 7 4
62 52 10 1 7 2 4 3 5 0 6
62 52 10 1 2 5 6 3 7 4 0
62 52 10 6 1 2 4 5 3 0 7
62 52 10 1 3 2 6 0 5 7 4
62 53 9 5 1 2 4 6 3 7 0
62 53 9 3 1 2 4 5 7 0 6
62 53 9 3 2 6 4 5 1 0 7
62 53 9 1 3 2 0 6 5 7 4
62 54 8 1 2 0 4 5 7 6 3
62 55 7 1 2 3 0 5 7 6 4
62 56 6 1 0 3 4 5 6 2 7
62 57 5 1 6 3 4 5 2 7 0
63 45 18 0 2 6 1 4 7 5 3
63 46 17 3 0 6 4 2 7 5 1
63 47 16 4 2 0 5 1 3 7 6
63 48 15 0 1 2 6 4 3 7 5
63 49 14 7 2 6 4 0 3 5 1
63 50 13 4 2 6 1 3 0 7 5
63 50 13 5 0 1 4 3 2 7 6
63 50 13 5 1 4 0 3 2 7 6
63 50 13 5 1 7 4 3 2 0 6
63 50 13 5 1 6 4 2 3 0 7
63 50 13 5 1 6 4 0 3 7 2
63 50 13 5 2 6 1 3 0 7 4
63 50 13 3 0 6 1 5 2 7 4
63 50 13 1 2 4 5 7 0 6 3
63 50 13 1 0 2 4 7 3 6 5
63 51 12 2 0 4 3 1 7 6 5
63 51 12 2 0 6 4 1 5 3 7
63 51 12 7 2 6 4 1 5 3 0
63 51 12 0 2 6 4 3 5 7 1
63 51 12 3 1 2 4 7 0 6 5
63 52 11 1 2 4 3 7 0 5 6
63 52 11 1 2 5 6 3 0 7 4
63 52 11 1 7 0 4 5 2 3 6
63 52 11 1 2 7 0 5 3 4 6
63 52 11 0 3 2 4 1 5 6 7
63 52 11 1 0 2 4 3 5 6 7
63 52 11 0 3 2 4 5 6 7 1
63 53 10 1 2 6 7 4 5 3 0
63 53 10 3 1 2 4 0 5 7 6
63 53 10 3 0 2 4 5 1 7 6
63 53 10 1 3 0 4 6 5 7 2
63 54 9 3 2 4 1 5 7 6 0
63 54 9 4 1 2 6 5 3 7 0
63 55 8 2 3 6 4 5 1 7 0
63 55 8 1 2 6 3 5 7 0 4
63 55 8 1 0 3 4 5 7 2 6
63 56 7 1 2 5 4 6 3 7 0
64 45 19 0 6 4 5 3 2 7 1
64 45 19 0 6 7 4 3 2 5 1
64 46 18 3 2 6 0 4 7 5 1
64 48 16 2 1 6 0 4 3 7 5
64 48 16 0 2 6 4 7 5 3 1
64 49 15 4 2 0 6 3 7 5 1
64 49 15 1 6 4 7 3 0 2 5
64 49 15 1 0 4 6 2 3 7 5
64 50 14 3 6 4 1 0 2 7 5
64 50 14 5 6 4 1 3 2 7 0
64 50 14 5 1 0 6 3 2 7 4
64 50 14 5 1 6 4 2 0 7 3
64 50 14 5 1 6 0 2 3 7 4
64 50 14 0 2 4 5 1 3 6 7
64 50 14 1 0 6 5 3 2 7 4
64 50 14 0 7 2 4 1 3 6 5
64 51 13 1 0 2 5 3 7 6 4
64 51 13 3 2 4 0 1 7 6 5
64 51 13 5 1 2 0 3 7 6 4
64 51 13 5 1 2 4 0 7 6 3
64 51 13 0 2 7 4 1 5 3 6
64 51 13 1 0 7 4 2 5 3 6
64 51 13 0 3 2 4 5 7 6 1
64 52 12 1 6 0 5 2 3 7 4
64 52 12 2 0 4 6 5 3 7 1
64 52 12 2 0 7 4 5 3 6 1
64 52 12 5 2 6 4 3 7 0 1
64 52 12 0 3 6 4 5 2 7 1
64 52 12 3 6 0 4 5 2 7 1
64 52 12 1 2 6 0 3 7 4 5
64 52 12 1 7 2 4 0 3 5 6
64 52 12 7 1 6 4 5 2 3 0
64 52 12 2 1 6 4 5 0 3 7
64 52 12 6 1 2 0 5 3 7 4
64 52 12 1 3 2 0 4 5 6 7
64 53 11 1 2 6 3 4 7 0 5
64 53 11 5 1 2 4 3 0 7 6
64 53 11 3 2 6 0 5 1 7 4
64 53 11 3 2 0 4 5 1 7 6
64 54 10 4 1 6 3 5 2 7 0
64 54 10 7 1 2 4 3 6 0 5
64 54 10 1 2 6 3 7 5 0 4
64 54 10 1 2 4 5 6 3 0 7
64 55 9 1 0 2 3 5 7 6 4
64 55 9 1 6 4 3 5 2 0 7
64 56 8 1 3 4 0 5 6 2 7
64 57 7 1 2 4 3 7 6 5 0
65 47 18 0 2 6 7 4 3 5 1
65 47 18 0 2 6 7 5 3 4 1
65 48 17 0 6 4 1 2 3 7 5
65 49 16 4 2 6 3 0 7 5 1
65 49 16 7 0 6 4 3 2 5 1
65 50 15 6 0 4 1 3 2 7 5
65 50 15 2 6 4 1 3 0 7 5
65 50 15 5 1 6 3 0 2 7 4
65 50 15 5 1 6 7 3 2 0 4
65 50 15 5 1 0 4 2 3 7 6
65 50 15 0 2 4 5 1 7 6 3
65 50 15 1 7 2 0 4 3 6 5
65 51 14 7 2 4 3 1 0 6 5
65 51 14 4 2 6 0 1 5 3 7
65 51 14 3 0 2 4 1 7 6 5
65 51 14 5 1 0 4 3 7 6 2
65 51 14 1 2 7 0 4 5 3 6
65 52 13 3 1 6 7 4 2 0 5
65 52 13 5 2 4 6 0 3 7 1
65 52 13 6 2 4 0 5 3 7 1
65 52 13 3 2 4 6 5 0 7 1
65 52 13 5 2 7 4 0 3 6 1
65 52 13 3 2 7 4 5 0 6 1
65 52 13 1 0 2 6 3 7 4 5
65 52 13 0 2 4 3 1 7 5 6
65 52 13 5 1 6 4 0 2 3 7
65 52 13 0 1 7 4 5 2 3 6
65 52 13 6 1 2 4 0 3 7 5
65 52 13 6 1 0 4 5 3 7 2
65 53 12 4 1 6 5 2 3 7 0
65 53 12 1 4 0 3 2 7 6 5
65 53 12 1 7 4 3 2 0 6 5
65 53 12 1 6 0 4 2 5 3 7
65 53 12 1 5 6 4 2 0 3 7
65 53 12 1 2 0 6 4 5 3 7
65 53 12 1 2 6 3 4 5 0 7
65 53 12 3 1 2 4 0 7 5 6
65 54 11 1 3 6 0 2 7 5 4
65 54 11 1 2 4 6 5 7 0 3
65 55 10 2 3 4 1 5 0 7 6
65 55 10 2 3 6 4 1 7 5 0
65 55 10 1 0 3 4 2 7 6 5
65 55 10 1 3 4 0 2 7 6 5
65 55 10 3 1 0 4 5 2 6 7
65 55 10 1 2 4 6 0 5 3 7
65 55 10 1 3 4 0 5 7 2 6
65 56 9 2 1 6 4 5 3 0 7
65 57 8 1 6 3 4 5 0 2 7
65 58 7 3 1 2 4 5 6 0 7
65 60 5 1 0 3 4 5 6 7 2
65 62 3 1 2 3 4 5 7 6 0
66 49 17 4 2 6 5 3 7 0 1
66 49 17 0 2 4 6 3 7 5 1
66 50 16 5 0 6 4 1 2 7 3
66 50 16 5 1 6 0 4 2 7 3
66 51 15 3 1 2 0 4 7 6 5
66 52 14 4 2 6 7 1 3 5 0
66 52 14 0 1 6 5 2 3 7 4
66 52 14 4 2 7 0 5 3 6 1
66 52 14 5 0 6 4 3 2 7 1
66 52 14 1 0 4 3 2 7 5 6
66 52 14 4 1 6 0 5 2 3 7
66 52 14 1 2 7 6 0 3 4 5
66 53 13 6 1 2 4 3 7 5 0
66 53 13 4 0 2 6 5 3 7 1
66 53 13 4 2 7 6 5 3 0 1
66 53 13 0 2 6 4 5 1 7 3
66 53 13 0 3 2 4 6 5 7 1
66 54 12 4 1 2 5 3 7 6 0
66 54 12 7 1 2 4 0 3 6 5
66 54 12 5 2 4 1 3 7 0 6
66 54 12 4 1 0 2 5 3 7 6
66 54 12 5 0 2 4 1 3 6 7
66 54 12 5 2 4 0 1 3 6 7
66 54 12 1 2 7 6 0 5 3 4
66 54 12 1 3 6 4 0 7 5 2
66 54 12 1 3 0 4 2 7 5 6
66 55 11 6 2 4 1 5 3 0 7
66 55 11 1 0 4 7 5 2 3 6
66 55 11 1 0 2 7 5 3 4 6
66 55 11 2 3 0 4 1 7 6 5
66 55 11 3 1 6 4 5 0 2 7
66 55 11 1 0 4 6 5 2 3 7
66 55 11 1 6 4 0 5 2 7 3
66 56 10 5 2 4 1 6 3 7 0
66 56 10 3 2 4 1 5 7 0 6
66 58 8 1 3 6 5 4 2 7 0
66 58 8 1 2 0 4 3 5 7 6
66 58 8 1 2 7 5 4 3 6 0
67 50 17 0 1 6 5 3 2 7 4
67 50 17 5 0 6 1 2 3 7 4
67 51 16 3 0 6 4 2 5 7 1
67 51 16 3 2 6 0 4 5 7 1
67 52 15 4 2 0 7 1 3 6 5
67 52 15 3 1 0 6 4 2 7 5
67 52 15 4 1 6 5 3 2 0 7
67 53 14 5 2 6 1 4 3 0 7
67 53 14 0 1 4 3 2 7 6 5
67 53 14 0 1 6 4 2 5 3 7
67 53 14 1 2 0 3 4 7 5 6
67 54 13 7 0 2 4 3 1 6 5
67 54 13 3 2 4 1 7 0 6 5
67 54 13 5 2 4 0 3 7 6 1
67 54 13 1 0 7 6 5 2 3 4
67 54 13 1 2 0 5 6 3 7 4
67 54 13 0 2 4 1 5 7 6 3
67 55 12 5 2 6 4 0 1 3 7
67 55 12 2 4 0 1 5 3 7 6
67 55 12 1 2 4 7 0 5 3 6
67 55 12 1 6 0 3 5 2 7 4
67 56 11 3 2 4 1 0 5 7 6
67 56 11 1 2 5 4 7 0 6 3
67 56 11 1 0 5 4 2 7 6 3
67 56 11 1 0 2 6 5 3 4 7
67 56 11 2 1 6 0 5 3 7 4
67 56 11 2 1 0 4 5 3 7 6
67 57 10 1 6 5 4 2 7 0 3
67 57 10 5 2 4 6 1 3 7 0
67 57 10 5 2 7 4 1 3 6 0
67 57 10 1 2 5 0 4 3 6 7
67 57 10 7 1 2 4 5 3 0 6
67 57 10 1 2 0 3 7 6 4 5
67 58 9 1 3 4 5 2 0 7 6
67 58 9 1 7 2 4 5 3 0 6
67 59 8 1 2 4 3 6 0 7 5
67 59 8 1 2 7 4 3 6 0 5
67 59 8 2 3 6 4 5 7 1 0
67 59 8 1 3 0 4 5 2 6 7
67 59 8 1 2 4 3 0 5 7 6
67 59 8 1 3 0 2 5 6 7 4
67 60 7 1 2 3 4 7 5 0 6
67 60 7 1 3 4 0 5 6 7 2
67 60 7 1 3 7 4 5 6 0 2
68 50 18 4 0 6 1 2 3 7 5
68 52 16 4 2 6 7 1 0 3 5
68 52 16 0 1 6 3 4 2 7 5
68 52 16 4 1 6 5 0 2 7 3
68 53 15 4 1 0 6 2 3 7 5
68 53 15 4 1 6 7 2 3 0 5
68 53 15 2 0 6 5 1 3 7 4
68 53 15 4 0 1 6 3 2 7 5
68 53 15 4 1 7 6 3 2 0 5
68 53 15 4 1 2 0 3 7 5 6
68 53 15 7 1 2 4 3 0 5 6
68 54 14 3 2 4 5 0 7 6 1
68 54 14 2 3 6 1 4 0 7 5
68 54 14 4 1 6 3 2 0 7 5
68 54 14 4 1 0 2 3 7 6 5
68 54 14 4 1 2 3 0 7 6 5
68 54 14 1 7 2 6 3 0 5 4
68 54 14 5 2 4 1 0 7 6 3
68 54 14 1 0 6 3 7 2 5 4
68 54 14 1 2 6 5 0 7 4 3
68 55 13 3 2 6 1 0 4 7 5
68 55 13 3 2 4 1 0 7 5 6
68 55 13 5 1 2 6 0 3 7 4
68 55 13 3 1 2 6 5 0 7 4
68 56 12 5 2 4 1 3 0 7 6
68 56 12 3 0 4 1 5 2 7 6
68 56 12 1 2 5 3 0 7 6 4
68 56 12 1 2 5 0 4 7 6 3
68 56 12 0 2 5 4 1 3 7 6
68 56 12 1 0 5 4 2 3 7 6
68 56 12 1 7 2 0 3 6 5 4
68 56 12 1 7 2 4 0 6 5 3
68 57 11 7 2 4 1 3 6 0 5
68 57 11 5 3 2 4 1 0 7 6
68 57 11 5 2 6 4 3 1 7 0
68 57 11 3 0 1 4 5 2 7 6
68 57 11 3 1 4 0 5 2 7 6
68 57 11 3 1 7 4 5 2 0 6
68 57 11 1 0 2 5 4 3 6 7
68 58 10 3 1 2 4 0 5 6 7
68 58 10 3 0 2 4 5 1 6 7
68 58 10 1 5 2 4 3 0 7 6
68 59 9 1 3 2 7 4 0 6 5
68 59 9 1 3 2 7 5 0 6 4
68 59 9 1 2 7 4 6 5 0 3
68 59 9 1 3 6 4 5 0 2 7
68 59 9 1 0 4 3 5 2 7 6
68 60 8 1 2 5 7 4 3 0 6
68 60 8 1 2 0 4 6 3 7 5
68 60 8 1 2 4 3 6 7 0 5
68 60 8 1 3 2 4 6 0 7 5
68 61 7 1 0 3 4 5 2 7 6
68 61 7 1 0 3 4 5 7 6 2
69 52 17 4 1 0 5 3 2 7 6
69 52 17 0 2 7 6 5 3 4 1
69 53 16 2 0 6 5 4 3 7 1
69 53 16 4 1 6 2 0 3 7 5
69 53 16 3 2 6 5 1 0 7 4
69 53 16 5 2 0 1 4 3 7 6
69 53 16 0 2 6 1 4 5 3 7
69 53 16 5 1 2 0 4 3 7 6
69 54 15 2 0 4 5 3 7 6 1
69 54 15 2 6 0 1 4 3 7 5
69 54 15 4 1 2 6 3 7 0 5
69 54 15 0 1 2 6 3 7 5 4
69 54 15 3 0 4 1 2 7 6 5
69 54 15 5 2 0 1 3 7 6 4
69 54 15 4 1 2 7 5 3 0 6
69 55 14 3 2 6 1 4 7 0 5
69 55 14 2 0 4 1 3 7 5 6
69 55 14 6 2 4 1 3 7 5 0
69 55 14 1 6 0 4 7 2 5 3
69 55 14 2 4 0 1 3 7 6 5
69 55 14 2 7 4 1 3 0 6 5
69 55 14 3 2 6 0 1 7 5 4
69 55 14 3 2 0 4 1 7 5 6
69 55 14 5 0 6 4 1 2 3 7
69 55 14 6 2 4 1 0 3 7 5
69 55 14 6 2 0 1 5 3 7 4
69 55 14 0 3 6 4 2 1 7 5
69 56 13 4 1 6 7 3 2 5 0
69 56 13 4 2 6 3 1 7 5 0
69 56 13 1 0 4 5 3 2 7 6
69 56 13 0 2 5 4 1 7 6 3
69 56 13 0 1 6 4 5 3 7 2
69 56 13 1 7 0 4 3 6 5 2
69 57 12 4 2 6 7 5 3 1 0
69 57 12 1 7 6 4 2 5 0 3
69 57 12 5 3 6 4 1 2 7 0
69 57 12 3 1 0 6 5 2 7 4
69 57 12 1 6 7 0 2 3 5 4
69 57 12 7 1 2 0 5 3 6 4
69 58 11 1 3 6 7 4 2 0 5
69 58 11 1 4 0 5 2 3 7 6
69 58 11 2 0 4 3 5 7 6 1
69 58 11 5 1 2 4 3 0 6 7
69 58 11 5 1 2 4 7 3 6 0
69 58 11 1 5 0 4 3 2 7 6
69 58 11 3 0 2 4 1 5 7 6
69 58 11 6 3 2 4 1 5 7 0
69 58 11 0 1 2 4 3 5 7 6
69 58 11 1 2 7 5 4 0 3 6
69 58 11 1 6 4 5 2 3 0 7
69 58 11 1 7 2 0 5 3 6 4
69 59 10 1 0 6 4 5 2 7 3
69 59 10 1 0 4 3 2 6 7 5
69 59 10 1 2 5 6 4 3 7 0
69 59 10 2 3 0 4 5 7 6 1
69 59 10 1 2 0 4 6 5 3 7
69 60 9 1 3 2 6 4 5 7 0
69 60 9 2 3 6 4 1 5 7 0
69 60 9 1 3 2 4 7 5 0 6
69 60 9 1 3 2 4 6 0 5 7
69 60 9 1 3 0 4 6 5 2 7
69 61 8 3 2 4 1 5 6 0 7
69 61 8 1 3 6 4 5 7 0 2
69 61 8 1 3 2 6 5 7 4 0
69 61 8 1 2 3 0 5 7 4 6
70 53 17 3 2 6 5 4 0 7 1
70 54 16 4 0 6 3 1 2 7 5
70 54 16 4 1 2 5 0 3 7 6
70 54 16 0 2 4 5 6 3 7 1
70 55 15 3 0 6 1 4 2 7 5
70 55 15 0 6 4 3 5 2 7 1
70 56 14 4 1 0 7 3 2 6 5
70 56 14 2 0 6 3 1 7 5 4
70 57 13 7 2 4 1 0 3 6 5
70 57 13 1 6 0 3 2 7 5 4
70 57 13 1 7 6 3 2 0 5 4
70 57 13 1 6 4 0 2 7 5 3
70 57 13 0 5 2 4 1 3 7 6
70 57 13 5 2 7 4 1 0 3 6
70 57 13 0 1 6 3 5 2 7 4
70 57 13 3 1 6 7 5 2 0 4
70 57 13 7 1 0 4 5 3 6 2
70 58 12 2 6 4 5 1 3 7 0
70 58 12 2 6 7 4 1 3 5 0
70 58 12 1 2 4 7 3 0 6 5
70 58 12 1 0 4 7 2 3 6 5
70 58 12 5 2 4 3 0 7 6 1
70 58 12 3 2 4 0 5 7 6 1
70 58 12 1 7 0 4 5 3 6 2
70 58 12 3 2 6 0 5 7 1 4
70 58 12 3 2 0 4 5 7 1 6
70 59 11 1 2 6 5 4 7 3 0
70 59 11 1 2 0 5 4 7 6 3
70 59 11 1 6 5 4 3 2 0 7
70 59 11 1 4 0 3 6 2 7 5
70 59 11 4 1 2 7 5 3 6 0
70 59 11 4 2 0 1 5 3 6 7
70 59 11 3 1 2 0 5 7 6 4
70 59 11 1 2 7 0 6 5 3 4
70 59 11 0 3 2 1 5 6 7 4
70 59 11 1 3 2 7 5 6 0 4
70 60 10 1 6 7 4 5 3 2 0
70 60 10 1 3 2 7 4 5 0 6
70 60 10 1 3 2 5 4 0 7 6
70 60 10 2 3 4 1 5 0 6 7
70 60 10 3 2 6 4 1 5 0 7
70 60 10 1 3 0 2 5 7 6 4
70 60 10 0 3 2 4 1 6 7 5
70 60 10 1 0 2 4 3 6 7 5
70 61 9 1 6 4 7 2 3 5 0
70 61 9 1 2 4 5 3 6 0 7
70 61 9 1 3 4 0 5 2 7 6
70 61 9 1 3 7 4 5 2 0 6
70 61 9 1 3 4 0 5 7 6 2
70 62 8 1 3 4 5 2 0 6 7
70 62 8 1 7 2 4 3 5 6 0
70 62 8 1 2 6 4 5 7 0 3
70 62 8 0 1 3 4 5 6 2 7
70 63 7 1 0 3 4 6 5 7 2
70 63 7 1 2 6 3 5 7 4 0
70 64 6 1 3 2 7 4 5 6 0
70 65 5 3 1 2 4 5 6 7 0
70 65 5 1 2 3 4 5 7 0 6
71 53 18 0 2 6 3 4 7 5 1
71 54 17 7 2 4 5 3 0 6 1
71 54 17 0 3 6 4 2 7 5 1
71 55 16 7 2 4 1 3 0 5 6
71 55 16 0 1 6 4 7 2 5 3
71 55 16 2 3 6 0 4 1 7 5
71 56 15 0 2 5 1 3 7 6 4
71 57 14 5 3 6 4 2 0 7 1
71 57 14 4 2 0 7 5 3 6 1
71 57 14 2 6 0 4 1 7 5 3
71 57 14 1 7 6 4 0 2 5 3
71 57 14 4 2 6 0 3 1 7 5
71 57 14 1 6 7 4 0 3 5 2
71 57 14 0 2 6 1 5 3 4 7
71 58 13 1 3 0 6 4 2 7 5
71 58 13 0 1 4 5 2 3 7 6
71 58 13 1 6 0 5 3 2 4 7
71 58 13 1 2 4 0 7 3 6 5
71 58 13 7 2 4 3 5 0 6 1
71 58 13 0 1 7 4 3 6 2 5
71 58 13 0 1 5 4 3 2 7 6
71 58 13 4 3 2 0 1 5 7 6
71 58 13 3 2 6 4 0 7 1 5
71 59 12 7 2 6 4 1 5 0 3
71 59 12 1 2 5 6 4 7 0 3
71 59 12 1 6 4 5 2 0 7 3
71 59 12 1 6 7 4 2 0 5 3
71 59 12 1 0 6 4 3 2 5 7
71 59 12 2 1 6 4 5 0 7 3
71 59 12 1 2 6 5 0 4 3 7
71 59 12 1 0 6 5 4 2 3 7
71 59 12 1 6 4 3 2 7 0 5
71 59 12 0 1 4 3 6 2 7 5
71 59 12 4 1 0 2 5 3 6 7
71 59 12 2 0 1 4 3 7 6 5
71 59 12 2 1 4 0 3 7 6 5
71 59 12 4 2 6 1 5 0 3 7
71 59 12 1 7 4 0 3 6 2 5
71 59 12 1 0 7 4 3 2 6 5
71 59 12 3 1 0 4 5 7 6 2
71 59 12 1 3 2 5 0 6 7 4
71 60 11 1 0 2 7 4 3 5 6
71 60 11 1 3 2 6 0 4 7 5
71 60 11 1 0 2 4 7 5 3 6
71 60 11 1 2 4 0 7 5 3 6
71 60 11 2 3 6 1 5 7 0 4
71 60 11 7 2 4 1 5 3 0 6
71 60 11 3 0 2 4 5 7 6 1
71 60 11 1 2 4 0 6 7 5 3
71 60 11 1 3 2 0 7 5 6 4
71 61 10 7 2 6 4 3 5 1 0
71 61 10 3 2 6 1 5 7 4 0
71 61 10 1 6 4 7 5 2 3 0
71 61 10 1 3 0 6 5 2 7 4
71 61 10 1 3 2 4 7 0 6 5
71 61 10 1 0 2 3 5 7 4 6
71 62 9 1 6 4 2 5 3 7 0
71 62 9 1 3 7 4 2 0 6 5
71 62 9 2 6 4 1 5 3 7 0
71 62 9 1 3 6 5 2 7 0 4
71 62 9 3 2 0 4 5 1 6 7
71 62 9 1 0 2 4 5 7 6 3
71 62 9 1 2 3 6 5 7 0 4
71 62 9 1 6 3 0 5 2 7 4
71 63 8 1 2 6 4 3 5 7 0
71 63 8 1 7 3 4 5 2 0 6
71 63 8 1 2 0 4 3 5 6 7
71 63 8 3 1 2 4 6 5 7 0
71 63 8 1 2 6 3 5 0 7 4
71 63 8 1 2 5 4 6 3 0 7
71 65 6 1 3 4 5 2 7 6 0
72 56 16 7 2 6 3 1 0 5 4
72 56 16 5 0 4 1 2 3 7 6
72 56 16 0 7 2 4 3 6 5 1
72 57 15 5 6 0 4 2 3 7 1
72 57 15 5 2 0 6 4 3 7 1
72 57 15 4 2 6 7 5 0 3 1
72 57 15 7 0 4 1 3 2 6 5
72 57 15 0 1 6 3 2 7 5 4
72 57 15 2 7 6 4 1 0 5 3
72 57 15 4 3 6 0 1 2 7 5
72 57 15 5 2 4 7 1 3 0 6
72 57 15 3 1 6 5 0 2 7 4
72 57 15 1 6 0 4 2 3 5 7
72 57 15 1 2 6 5 0 3 4 7
72 58 14 5 0 2 6 1 3 7 4
72 58 14 5 2 7 6 1 3 0 4
72 58 14 2 6 7 4 1 0 3 5
72 58 14 1 6 4 5 3 0 2 7
72 58 14 1 6 4 5 0 3 7 2
72 58 14 2 1 6 0 3 7 5 4
72 58 14 2 1 6 4 0 7 5 3
72 58 14 2 1 0 4 3 7 5 6
72 58 14 0 2 6 4 5 7 1 3
72 59 13 3 1 6 4 2 7 5 0
72 59 13 4 2 6 1 3 7 0 5
72 59 13 1 2 6 5 4 0 7 3
72 59 13 1 6 0 7 3 2 5 4
72 59 13 1 6 4 0 3 2 5 7
72 59 13 4 1 2 6 5 3 0 7
72 59 13 0 1 2 7 4 3 6 5
72 59 13 0 1 2 7 5 3 6 4
72 59 13 0 1 2 4 5 7 6 3
72 60 12 3 2 5 4 0 7 6 1
72 60 12 3 2 6 4 7 5 0 1
72 60 12 1 0 7 4 2 6 3 5
72 60 12 1 2 6 4 0 3 5 7
72 60 12 1 2 7 0 4 3 5 6
72 60 12 1 3 0 2 4 5 7 6
72 60 12 1 3 2 6 4 7 0 5
72 60 12 1 2 0 6 7 5 3 4
72 60 12 2 3 6 1 0 5 7 4
72 60 12 2 4 0 1 5 3 6 7
72 60 12 7 2 4 0 5 3 6 1
72 60 12 3 2 6 0 1 5 7 4
72 60 12 3 2 0 4 1 5 7 6
72 60 12 1 3 2 5 0 7 6 4
72 60 12 1 2 0 3 6 7 5 4
72 60 12 1 3 0 4 7 5 6 2
72 60 12 1 3 2 0 4 6 7 5
72 61 11 1 6 0 7 2 3 4 5
72 61 11 4 2 1 0 5 3 7 6
72 61 11 1 0 7 5 2 3 6 4
72 61 11 3 2 4 1 0 5 6 7
72 61 11 3 2 0 1 5 7 6 4
72 61 11 1 0 2 4 7 5 6 3
72 61 11 1 2 4 0 7 5 6 3
72 61 11 1 3 6 7 5 2 0 4
72 61 11 1 3 0 6 5 7 2 4
72 62 10 1 2 6 7 5 4 3 0
72 62 10 1 4 0 5 2 7 6 3
72 62 10 1 7 4 5 2 0 6 3
72 62 10 1 4 0 5 2 3 6 7
72 62 10 2 6 7 4 5 3 1 0
72 62 10 5 1 2 4 6 3 0 7
72 62 10 3 2 6 4 5 0 1 7
72 62 10 1 3 0 2 6 5 7 4
72 62 10 1 6 3 4 0 2 7 5
72 63 9 1 2 4 3 7 5 0 6
72 63 9 3 0 2 4 5 6 7 1
72 63 9 1 3 4 0 6 5 7 2
72 63 9 1 3 7 4 6 5 0 2
72 63 9 2 3 6 4 5 1 0 7
72 63 9 1 7 3 4 5 0 2 6
72 64 8 1 3 4 7 5 6 2 0
72 65 7 1 2 4 6 5 7 3 0
72 65 7 0 1 3 4 5 6 7 2
72 65 7 1 6 3 4 5 0 7 2
72 67 5 1 2 3 4 7 5 6 0
72 67 5 1 3 4 2 5 6 7 0
73 54 19 0 2 6 5 3 7 4 1
73 56 17 4 1 6 7 3 0 2 5
73 57 16 0 5 6 4 2 3 7 1
73 57 16 5 2 6 7 4 3 0 1
73 58 15 4 2 6 5 3 0 7 1
73 58 15 2 6 4 1 0 3 7 5
73 58 15 0 2 4 7 1 3 6 5
73 58 15 5 1 2 0 4 3 6 7
73 58 15 0 7 2 4 5 3 6 1
73 59 14 7 2 6 4 0 1 5 3
73 59 14 3 2 6 1 4 7 5 0
73 59 14 2 0 4 5 1 3 7 6
73 59 14 6 2 4 5 1 3 7 0
73 59 14 1 6 7 5 3 2 0 4
73 59 14 1 6 7 0 4 2 5 3
73 59 14 4 1 6 0 5 2 7 3
73 60 13 2 0 5 4 3 7 6 1
73 60 13 1 6 7 4 0 2 3 5
73 60 13 1 2 0 6 4 3 5 7
73 60 13 5 0 1 4 3 2 6 7
73 60 13 5 1 4 0 3 2 6 7
73 60 13 1 6 4 7 0 2 5 3
73 60 13 0 2 4 1 6 3 7 5
73 60 13 1 2 4 7 6 3 0 5
73 60 13 0 3 2 1 5 7 6 4
73 61 12 5 2 6 7 1 3 4 0
73 61 12 3 2 6 5 4 1 7 0
73 61 12 1 6 4 7 2 0 3 5
73 61 12 4 0 2 1 5 3 7 6
73 61 12 4 2 7 1 5 3 0 6
73 61 12 1 2 5 0 3 7 4 6
73 61 12 1 2 7 5 3 0 6 4
73 61 12 7 2 0 4 3 5 6 1
73 61 12 2 6 1 0 5 3 7 4
73 61 12 1 6 0 7 5 2 3 4
73 61 12 5 2 4 1 3 0 6 7
73 61 12 5 2 4 1 7 3 6 0
73 61 12 3 0 4 1 5 2 6 7
73 61 12 1 0 4 5 3 2 6 7
73 61 12 1 2 4 5 7 3 0 6
73 61 12 0 3 2 4 1 7 6 5
73 62 11 5 2 4 3 1 7 0 6
73 62 11 3 1 6 5 4 2 0 7
73 62 11 1 3 6 5 0 2 7 4
73 62 11 6 1 2 4 5 0 3 7
73 62 11 3 1 0 4 5 7 2 6
73 62 11 0 2 3 1 5 7 6 4
73 63 10 1 2 0 4 7 3 6 5
73 63 10 3 1 2 4 7 6 0 5
73 63 10 1 5 2 4 3 0 6 7
73 63 10 5 3 2 4 0 6 7 1
73 63 10 0 3 2 4 5 1 7 6
73 63 10 0 1 3 4 5 7 2 6
73 63 10 1 2 5 0 6 3 7 4
73 64 9 7 1 2 4 3 6 5 0
73 64 9 1 2 6 3 7 5 4 0
73 64 9 1 3 4 2 5 6 0 7
73 64 9 1 2 4 3 0 6 5 7
73 65 8 1 2 6 3 4 5 7 0
73 65 8 1 3 4 6 5 7 2 0
73 65 8 1 2 3 4 0 7 6 5
73 66 7 1 3 5 4 2 7 0 6
73 67 6 1 2 5 7 4 3 6 0
73 67 6 1 2 4 3 6 5 7 0
73 67 6 1 3 7 4 5 6 2 0
73 68 5 1 2 3 4 5 0 7 6
74 58 16 0 3 6 1 4 2 7 5
74 58 16 0 6 4 2 1 3 7 5
74 58 16 0 1 6 4 3 7 5 2
74 59 15 4 2 0 6 1 7 5 3
74 59 15 3 2 6 1 7 0 5 4
74 59 15 1 0 2 6 4 7 5 3
74 59 15 3 2 4 5 1 0 7 6
74 59 15 1 0 4 5 6 2 7 3
74 59 15 1 6 7 3 0 2 5 4
74 59 15 1 0 7 4 6 2 5 3
74 59 15 0 2 5 1 4 3 7 6
74 59 15 0 2 7 4 6 5 3 1
74 60 14 3 6 4 0 1 2 7 5
74 60 14 3 6 7 4 1 2 0 5
74 60 14 1 0 7 4 6 3 2 5
74 60 14 0 1 2 5 4 3 7 6
74 60 14 1 2 7 6 0 3 5 4
74 60 14 7 2 0 1 5 3 6 4
74 60 14 0 3 6 4 2 5 7 1
74 60 14 2 0 6 4 3 5 7 1
74 60 14 0 2 6 4 1 5 7 3
74 61 13 5 2 0 7 1 3 6 4
74 61 13 1 6 5 0 3 2 7 4
74 61 13 2 6 5 4 3 7 0 1
74 61 13 5 6 4 3 1 2 7 0
74 61 13 1 0 6 7 2 3 5 4
74 61 13 1 0 6 7 2 3 4 5
74 61 13 5 1 6 4 0 3 2 7
74 61 13 1 0 2 5 3 7 4 6
74 61 13 2 6 4 0 3 1 7 5
74 61 13 2 6 7 4 3 1 0 5
74 61 13 2 6 7 1 5 3 0 4
74 61 13 1 4 0 3 7 2 6 5
74 61 13 1 3 2 0 4 7 6 5
74 62 12 1 6 4 2 3 0 7 5
74 62 12 4 2 7 1 5 3 6 0
74 62 12 3 1 0 4 2 7 6 5
74 62 12 1 7 0 4 2 3 6 5
74 62 12 1 0 6 7 2 4 3 5
74 62 12 1 6 0 7 4 2 3 5
74 62 12 3 2 6 1 4 5 7 0
74 62 12 0 1 4 5 2 7 6 3
74 62 12 0 1 4 5 2 3 6 7
74 62 12 1 7 0 4 3 5 2 6
74 62 12 6 1 0 4 5 3 2 7
74 62 12 5 1 2 0 6 3 7 4
74 62 12 1 3 2 7 6 5 0 4
74 62 12 1 2 3 5 0 7 6 4
74 62 12 1 6 0 4 5 2 7 3
74 63 11 5 2 1 4 3 0 7 6
74 63 11 5 1 4 6 3 2 7 0
74 63 11 5 1 7 4 3 2 6 0
74 63 11 1 2 4 5 7 6 0 3
74 63 11 1 2 5 6 0 3 7 4
74 63 11 3 0 2 4 1 5 6 7
74 63 11 7 3 2 4 1 5 6 0
74 63 11 0 1 2 4 3 5 6 7
74 63 11 4 3 2 0 5 6 7 1
74 63 11 1 2 6 7 4 5 0 3
74 63 11 2 3 6 0 5 1 7 4
74 63 11 2 3 0 4 5 1 7 6
74 64 10 1 5 7 4 2 0 3 6
74 64 10 1 6 7 5 2 3 0 4
74 64 10 5 2 6 4 3 7 1 0
74 64 10 1 7 2 4 6 3 5 0
74 64 10 3 2 4 0 5 1 7 6
74 64 10 3 2 7 4 5 1 0 6
74 64 10 1 2 0 3 7 5 6 4
74 64 10 1 7 2 3 5 0 6 4
74 64 10 1 6 4 3 5 0 2 7
74 65 9 1 7 2 5 4 3 6 0
74 65 9 3 1 6 7 4 2 5 0
74 65 9 3 2 7 4 5 6 0 1
74 65 9 1 6 3 4 2 5 0 7
74 65 9 1 2 3 6 4 5 0 7
74 65 9 1 2 4 6 5 0 7 3
74 65 9 2 1 0 4 5 3 6 7
74 65 9 1 6 3 4 0 5 2 7
74 65 9 3 1 0 4 5 6 2 7
74 67 7 1 2 4 3 0 6 7 5
74 67 7 1 2 7 4 3 6 5 0
74 67 7 1 2 0 4 3 6 7 5
74 67 7 1 0 3 4 5 2 6 7
74 67 7 1 0 3 2 5 6 7 4
74 69 5 1 2 3 4 6 5 0 7
75 57 18 0 6 7 4 2 3 5 1
75 58 17 2 6 4 7 1 3 0 5
75 59 16 7 0 6 4 1 2 5 3
75 59 16 4 1 6 0 2 7 5 3
75 59 16 7 1 6 4 2 0 5 3
75 59 16 3 0 6 1 2 7 5 4
75 59 16 4 2 6 1 0 7 5 3
75 59 16 4 2 0 1 3 7 5 6
75 59 16 0 6 4 5 1 2 7 3
75 59 16 0 6 7 4 1 2 5 3
75 59 16 4 1 2 5 0 3 6 7
75 60 15 2 6 0 1 3 7 5 4
75 60 15 4 2 5 0 3 7 6 1
75 60 15 7 2 5 4 3 0 6 1
75 60 15 0 3 2 1 4 5 7 6
75 60 15 0 2 4 3 6 7 5 1
75 60 15 0 3 2 4 7 5 6 1
75 61 14 3 6 0 4 2 1 7 5
75 61 14 3 2 0 6 4 1 7 5
75 61 14 2 0 4 7 5 3 6 1
75 61 14 5 2 4 7 0 3 6 1
75 61 14 6 0 4 3 1 2 7 5
75 61 14 2 6 4 3 1 0 7 5
75 61 14 4 2 0 5 1 3 6 7
75 61 14 1 2 6 7 3 0 5 4
75 61 14 1 2 6 7 3 0 4 5
75 61 14 5 0 6 4 3 1 2 7
75 61 14 0 2 7 5 1 3 6 4
75 61 14 0 1 6 7 5 2 3 4
75 61 14 0 1 4 3 7 2 6 5
75 61 14 0 3 6 1 5 2 7 4
75 62 13 7 2 6 1 3 5 0 4
75 62 13 2 7 6 4 3 5 0 1
75 62 13 4 3 2 6 1 0 7 5
75 62 13 4 2 7 6 1 3 5 0
75 62 13 1 0 4 2 6 3 7 5
75 62 13 1 2 7 6 0 4 3 5
75 62 13 2 0 7 1 5 3 6 4
75 62 13 1 0 6 7 3 2 4 5
75 62 13 1 0 6 7 2 5 3 4
75 62 13 2 0 4 6 1 3 7 5
75 62 13 2 0 7 4 1 3 6 5
75 62 13 0 1 7 4 2 3 6 5
75 62 13 1 2 4 6 7 0 5 3
75 62 13 0 2 6 1 3 5 7 4
75 62 13 2 6 7 4 5 0 3 1
75 62 13 1 4 0 6 3 2 7 5
75 62 13 5 2 4 0 1 7 6 3
75 62 13 5 1 0 4 3 7 2 6
75 62 13 3 1 0 5 4 2 7 6
75 62 13 0 3 2 6 1 5 7 4
75 62 13 1 0 2 6 3 5 7 4
75 62 13 5 1 0 4 6 3 7 2
75 62 13 0 1 2 4 6 3 7 5
75 62 13 0 3 2 1 6 5 7 4
75 62 13 0 6 3 4 5 2 7 1
75 63 12 7 2 6 4 1 3 5 0
75 63 12 5 1 0 4 2 3 6 7
75 63 12 5 1 6 4 3 0 7 2
75 63 12 1 0 4 5 7 2 6 3
75 63 12 2 6 0 4 1 5 3 7
75 63 12 1 7 4 0 5 2 3 6
75 64 11 3 6 4 1 5 2 7 0
75 64 11 3 2 4 5 1 7 6 0
75 64 11 1 6 5 0 2 3 7 4
75 64 11 2 3 4 6 5 0 7 1
75 64 11 2 3 7 4 5 0 6 1
75 64 11 2 1 6 4 0 5 3 7
75 64 11 2 0 6 4 5 1 3 7
75 64 11 1 3 0 2 4 5 6 7
75 64 11 1 2 6 3 4 0 7 5
75 64 11 1 2 0 3 4 7 6 5
75 64 11 3 2 0 6 5 1 7 4
75 64 11 4 1 6 3 5 2 0 7
75 64 11 1 2 4 5 6 0 3 7
75 64 11 0 1 2 3 5 7 6 4
75 64 11 1 6 0 3 5 2 4 7
75 64 11 1 2 4 0 7 6 5 3
75 65 10 7 2 4 3 1 6 0 5
75 65 10 3 1 0 7 4 2 6 5
75 65 10 1 2 0 3 4 5 6 7
75 65 10 3 1 2 4 6 7 5 0
75 65 10 2 3 4 1 5 7 0 6
75 65 10 1 2 4 6 7 5 3 0
75 66 9 3 1 2 5 4 7 6 0
75 66 9 1 3 2 7 5 0 4 6
75 66 9 1 3 6 5 4 2 0 7
75 66 9 1 2 4 0 3 5 7 6
75 66 9 1 2 7 4 3 5 0 6
75 67 8 1 3 4 5 2 7 0 6
75 69 6 3 2 4 1 5 6 7 0
75 69 6 1 2 3 6 5 7 4 0
76 58 18 4 0 6 5 2 3 7 1
76 58 18 0 6 4 5 2 3 7 1
76 59 17 4 2 6 5 1 7 0 3
76 60 16 2 7 6 1 3 0 5 4
76 60 16 3 0 6 4 7 2 5 1
76 60 16 0 6 7 4 1 3 2 5
76 60 16 1 6 7 0 4 3 2 5
76 60 16 0 2 7 1 4 3 6 5
76 60 16 0 2 6 1 7 5 3 4
76 60 16 2 3 6 0 4 5 7 1
76 61 15 5 2 6 7 1 0 3 4
76 61 15 0 2 6 3 4 1 7 5
76 61 15 3 2 6 7 4 1 0 5
76 61 15 3 2 4 7 5 0 6 1
76 61 15 2 6 4 0 3 7 5 1
76 61 15 4 2 6 5 1 0 3 7
76 61 15 1 2 6 0 7 3 5 4
76 61 15 1 2 6 0 7 3 4 5
76 61 15 5 0 4 1 2 3 6 7
76 61 15 1 2 0 5 7 3 6 4
76 61 15 0 6 4 1 5 2 3 7
76 61 15 1 6 4 5 0 2 3 7
76 62 14 1 0 7 6 4 2 3 5
76 62 14 5 2 7 1 0 3 6 4
76 62 14 3 2 7 1 5 0 6 4
76 62 14 1 6 7 0 3 2 4 5
76 62 14 6 2 4 0 1 3 7 5
76 62 14 3 2 4 6 1 0 7 5
76 62 14 3 2 7 4 1 0 6 5
76 62 14 0 1 6 7 4 2 3 5
76 62 14 0 1 4 6 3 2 7 5
76 62 14 5 2 0 3 1 7 6 4
76 62 14 1 2 5 6 0 7 4 3
76 63 13 4 2 5 0 1 3 7 6
76 63 13 4 1 2 6 0 3 7 5
76 63 13 5 2 6 1 3 7 0 4
76 63 13 3 6 0 1 5 2 7 4
76 63 13 0 1 2 4 7 3 6 5
76 63 13 2 4 0 3 1 7 6 5
76 63 13 2 7 4 3 1 0 6 5
76 63 13 2 5 6 4 1 0 3 7
76 63 13 3 0 2 4 7 1 6 5
76 63 13 1 0 4 3 7 2 5 6
76 63 13 1 0 5 6 3 2 7 4
76 63 13 1 2 7 5 0 3 4 6
76 63 13 4 3 2 0 1 5 6 7
76 63 13 5 3 2 4 1 0 6 7
76 63 13 6 3 2 4 5 0 7 1
76 63 13 1 2 0 7 4 5 3 6
76 63 13 0 3 6 4 5 1 7 2
76 64 12 2 1 6 5 4 3 7 0
76 64 12 1 3 4 6 2 0 7 5
76 64 12 1 7 0 4 2 5 3 6
76 64 12 5 3 2 4 0 7 6 1
76 64 12 2 7 0 4 5 3 6 1
76 64 12 5 2 0 4 3 7 6 1
76 64 12 7 1 6 4 5 2 0 3
76 64 12 5 0 2 4 3 1 7 6
76 64 12 0 2 6 3 5 1 7 4
76 64 12 7 1 0 4 3 6 2 5
76 64 12 1 2 0 5 6 3 4 7
76 64 12 0 3 4 1 5 6 2 7
76 64 12 1 2 0 3 7 6 5 4
76 65 11 2 0 4 1 3 6 7 5
76 65 11 5 1 6 7 3 2 4 0
76 65 11 5 1 7 4 2 3 0 6
76 65 11 1 2 7 6 4 5 3 0
76 65 11 6 2 0 4 5 3 7 1
76 65 11 3 2 4 6 5 7 0 1
76 65 11 1 4 3 0 2 7 6 5
76 65 11 1 7 4 3 2 6 0 5
76 65 11 1 5 6 4 2 3 0 7
76 65 11 1 2 0 6 5 7 4 3
76 65 11 2 3 4 1 0 5 7 6
76 65 11 1 7 3 4 2 0 6 5
76 65 11 3 0 1 4 5 2 6 7
76 65 11 3 1 4 0 5 2 6 7
76 65 11 1 2 4 0 6 5 3 7
76 65 11 1 3 4 2 5 7 0 6
76 65 11 0 2 3 4 5 7 6 1
76 66 10 1 2 6 4 5 0 7 3
76 66 10 1 3 4 0 2 7 5 6
76 66 10 2 0 3 4 1 7 6 5
76 67 9 3 2 4 1 6 5 7 0
76 67 9 1 2 5 4 7 6 0 3
76 67 9 1 7 5 4 2 0 6 3
76 67 9 1 6 5 4 2 7 3 0
76 67 9 1 2 3 0 7 6 4 5
76 67 9 1 3 4 0 5 2 6 7
76 67 9 1 3 7 2 5 6 0 4
76 67 9 1 2 3 4 7 0 5 6
76 67 9 1 3 7 4 5 0 6 2
76 68 8 1 2 5 3 4 7 6 0
76 68 8 1 3 5 4 2 0 7 6
76 68 8 1 3 2 7 0 4 6 5
76 68 8 1 2 0 4 6 5 7 3
76 68 8 1 3 2 4 6 7 0 5
76 68 8 1 7 3 4 5 0 6 2
76 69 7 1 3 6 7 4 2 5 0
76 69 7 1 3 6 4 5 7 2 0
76 70 6 1 2 6 4 5 7 3 0
77 59 18 0 6 7 1 3 2 5 4
77 60 17 0 2 6 1 4 3 5 7
77 61 16 0 2 6 7 1 3 5 4
77 61 16 0 2 6 7 1 3 4 5
77 62 15 7 2 6 1 0 3 5 4
77 62 15 2 7 6 4 0 3 5 1
77 62 15 0 4 2 6 1 3 7 5
77 62 15 4 2 7 6 1 0 3 5
77 62 15 4 2 7 0 1 3 6 5
77 62 15 0 2 4 6 1 7 5 3
77 62 15 0 2 6 7 1 4 3 5
77 62 15 1 2 6 0 7 4 3 5
77 62 15 0 6 4 2 5 3 7 1
77 63 14 4 2 7 5 1 3 0 6
77 63 14 5 1 2 6 4 3 7 0
77 63 14 0 5 1 4 3 2 7 6
77 63 14 5 1 4 3 0 2 7 6
77 63 14 5 1 4 7 3 2 0 6
77 63 14 5 1 7 4 3 0 2 6
77 63 14 5 1 6 4 2 0 3 7
77 63 14 7 2 6 0 1 5 3 4
77 63 14 7 2 6 4 0 5 3 1
77 63 14 7 2 0 4 1 5 3 6
77 63 14 4 2 6 0 3 5 7 1
77 63 14 4 1 0 6 5 3 7 2
77 63 14 0 2 5 4 6 3 7 1
77 64 13 1 0 4 7 3 6 2 5
77 64 13 5 1 6 4 2 7 0 3
77 64 13 5 1 6 7 2 3 0 4
77 64 13 7 0 2 4 1 3 6 5
77 64 13 5 7 2 4 1 3 6 0
77 64 13 1 7 2 5 3 0 6 4
77 64 13 5 1 2 4 7 0 6 3
77 64 13 2 0 7 4 1 5 3 6
77 64 13 6 2 7 4 1 5 3 0
77 64 13 0 1 7 4 2 5 3 6
77 64 13 4 3 2 0 5 7 6 1
77 64 13 7 3 2 4 5 0 6 1
77 64 13 2 4 0 6 5 3 7 1
77 64 13 5 3 6 4 0 2 7 1
77 64 13 3 6 4 0 5 2 7 1
77 64 13 3 6 7 4 5 2 0 1
77 64 13 1 2 6 3 0 7 4 5
77 64 13 6 1 0 2 5 3 7 4
77 64 13 1 3 2 6 4 5 0 7
77 64 13 4 1 0 3 5 2 7 6
77 64 13 1 3 4 5 0 6 2 7
77 65 12 5 1 0 7 3 2 6 4
77 65 12 7 2 4 3 0 1 6 5
77 65 12 5 1 6 4 3 7 0 2
77 65 12 3 2 4 6 0 5 7 1
77 65 12 3 2 7 4 0 5 6 1
77 65 12 6 1 2 4 3 0 7 5
77 65 12 6 0 1 4 5 3 7 2
77 65 12 6 1 4 0 5 3 7 2
77 65 12 6 1 7 4 5 3 0 2
77 65 12 1 7 4 3 0 2 6 5
77 65 12 1 5 6 4 0 2 3 7
77 65 12 1 2 6 3 4 0 5 7
77 65 12 1 3 0 6 2 7 5 4
77 65 12 0 1 3 4 2 7 6 5
77 66 11 4 2 7 6 5 3 1 0
77 66 11 2 0 6 4 5 1 7 3
77 66 11 3 0 2 4 6 5 7 1
77 66 11 5 2 4 7 1 3 6 0
77 66 11 1 0 3 4 2 7 5 6
77 66 11 1 4 0 7 5 2 3 6
77 66 11 5 2 4 1 6 3 0 7
77 66 11 1 3 0 5 4 2 7 6
77 67 10 1 2 5 3 4 7 0 6
77 67 10 1 2 4 7 6 5 3 0
77 67 10 1 0 6 3 5 2 7 4
77 67 10 1 5 0 4 2 7 6 3
77 67 10 1 3 2 6 5 0 4 7
77 67 10 2 0 1 4 5 3 7 6
77 67 10 2 1 4 0 5 3 7 6
77 67 10 2 1 7 4 5 3 0 6
77 67 10 1 3 4 5 0 2 7 6
77 67 10 1 7 2 4 5 0 3 6
77 68 9 4 1 2 3 5 7 6 0
77 68 9 3 2 1 4 5 0 7 6
77 68 9 3 1 4 6 5 2 7 0
77 68 9 3 1 7 4 5 2 6 0
77 68 9 1 3 2 5 4 0 6 7
77 68 9 1 3 2 7 4 6 0 5
77 68 9 1 3 2 7 0 5 6 4
77 68 9 1 2 5 7 4 0 3 6
77 68 9 1 0 2 4 6 3 7 5
77 68 9 1 2 7 4 6 3 0 5
77 68 9 0 1 3 4 5 2 7 6
77 68 9 0 1 3 4 5 7 6 2
77 69 8 1 3 0 7 4 2 6 5
77 69 8 1 3 2 4 0 6 5 7
77 69 8 1 0 3 4 6 5 2 7
77 69 8 1 3 6 4 5 0 7 2
77 70 7 1 3 2 7 5 6 4 0
77 70 7 1 2 4 5 3 6 7 0
77 70 7 1 3 4 6 5 2 7 0
77 70 7 1 3 7 4 5 2 6 0
77 70 7 1 3 4 2 5 7 6 0
77 71 6 1 7 3 4 5 2 6 0
77 72 5 2 1 3 4 5 6 7 0
77 74 3 1 2 3 4 6 5 7 0
78 62 16 0 2 6 7 1 5 3 4
78 62 16 1 0 4 6 2 7 5 3
78 62 16 3 0 6 1 2 5 7 4
78 62 16 2 6 4 7 5 3 0 1
78 62 16 0 1 6 5 4 2 7 3
78 63 15 3 6 0 4 2 7 5 1
78 63 15 3 7 6 4 2 0 5 1
78 63 15 4 0 2 5 1 3 7 6
78 63 15 0 2 6 4 7 3 5 1
78 63 15 4 0 6 1 3 2 7 5
78 63 15 5 0 6 4 1 3 7 2
78 63 15 5 0 6 1 3 2 7 4
78 63 15 0 2 7 1 5 3 4 6
78 63 15 3 1 2 0 4 5 7 6
78 64 14 2 1 0 6 4 3 7 5
78 64 14 2 0 6 4 7 5 3 1
78 64 14 4 2 5 6 3 7 0 1
78 64 14 1 6 4 7 0 3 2 5
78 64 14 1 4 0 6 2 3 7 5
78 64 14 5 6 4 1 3 2 0 7
78 64 14 2 0 4 5 1 3 6 7
78 64 14 7 2 4 5 1 3 6 0
78 64 14 3 2 4 6 1 7 0 5
78 64 14 5 1 0 2 3 7 6 4
78 64 14 5 1 2 3 0 7 6 4
78 64 14 4 3 6 0 5 2 7 1
78 64 14 1 0 2 4 7 3 5 6
78 64 14 7 1 6 0 5 2 3 4
78 64 14 7 1 0 4 5 2 3 6
78 64 14 0 3 2 1 4 5 6 7
78 65 13 6 2 4 1 3 0 7 5
78 65 13 2 6 4 1 3 7 0 5
78 65 13 5 1 6 3 4 2 7 0
78 65 13 5 1 4 0 2 3 7 6
78 65 13 4 2 0 6 1 5 3 7
78 65 13 4 2 6 7 1 5 3 0
78 65 13 4 2 6 3 1 5 0 7
78 65 13 3 7 2 4 1 0 6 5
78 65 13 5 0 1 4 3 7 6 2
78 65 13 5 1 4 0 3 7 6 2
78 65 13 1 2 7 3 4 5 0 6
78 65 13 3 1 6 7 4 0 2 5
78 65 13 5 2 4 6 3 0 7 1
78 65 13 3 0 4 6 5 2 7 1
78 65 13 5 2 7 4 3 0 6 1
78 65 13 3 0 7 4 5 2 6 1
78 65 13 2 0 4 3 1 7 5 6
78 65 13 6 2 4 3 1 7 5 0
78 65 13 5 1 6 4 7 2 3 0
78 65 13 5 1 7 4 0 2 3 6
78 65 13 6 1 7 4 5 2 3 0
78 65 13 2 1 7 4 5 0 3 6
78 65 13 4 1 6 5 2 3 0 7
78 65 13 1 4 6 3 2 7 0 5
78 65 13 1 6 4 0 2 5 3 7
78 65 13 1 0 2 6 4 5 3 7
78 65 13 3 1 2 4 7 0 5 6
78 65 13 1 3 4 2 0 7 6 5
78 65 13 0 2 4 6 1 5 3 7
78 65 13 1 3 4 5 0 7 2 6
78 66 12 5 2 6 4 1 0 7 3
78 66 12 1 4 0 3 2 7 5 6
78 66 12 1 7 4 3 2 0 5 6
78 66 12 4 1 6 7 5 2 3 0
78 66 12 6 1 2 4 3 7 0 5
78 66 12 4 3 2 6 5 0 7 1
78 66 12 5 2 6 4 0 1 7 3
78 66 12 6 3 2 4 0 5 7 1
78 66 12 1 3 6 4 7 0 5 2
78 66 12 6 2 4 1 5 0 3 7
78 66 12 2 3 4 0 1 7 6 5
78 66 12 3 1 6 4 0 5 2 7
78 66 12 3 0 6 4 5 1 2 7
78 66 12 1 4 0 6 5 2 3 7
78 66 12 5 2 4 0 6 3 7 1
78 66 12 3 2 0 1 5 7 4 6
78 67 11 2 1 4 3 0 7 6 5
78 67 11 1 2 3 0 4 7 5 6
78 67 11 3 2 4 1 7 6 0 5
78 67 11 0 2 6 4 5 1 3 7
78 67 11 1 6 7 3 5 2 0 4
78 67 11 1 0 5 4 7 2 6 3
78 67 11 0 1 5 4 2 7 6 3
78 67 11 2 1 0 6 5 3 7 4
78 67 11 1 6 5 4 2 0 7 3
78 67 11 1 2 5 4 0 3 6 7
78 67 11 7 1 2 4 5 0 3 6
78 67 11 1 0 2 3 7 6 4 5
78 67 11 1 7 0 4 5 3 2 6
78 67 11 0 2 4 3 1 5 7 6
78 67 11 0 3 4 1 5 6 7 2
78 67 11 1 3 4 7 5 6 0 2
78 68 10 3 2 6 1 5 4 7 0
78 68 10 7 2 4 1 3 6 5 0
78 68 10 3 1 2 4 7 5 6 0
78 68 10 0 3 2 4 5 1 6 7
78 68 10 1 5 2 4 0 3 7 6
78 68 10 1 5 2 4 3 7 0 6
78 68 10 1 3 6 4 0 5 2 7
78 68 10 1 0 6 4 5 3 2 7
78 68 10 1 4 0 3 5 2 7 6
78 68 10 1 2 0 3 6 7 4 5
78 69 9 1 0 6 4 5 3 7 2
78 69 9 1 4 7 5 2 3 0 6
78 69 9 5 1 2 4 3 6 0 7
78 69 9 2 0 3 4 5 7 6 1
78 69 9 1 0 2 4 6 5 3 7
78 70 8 1 3 4 7 2 0 6 5
78 70 8 2 3 4 1 5 6 0 7
78 70 8 1 3 4 5 2 6 0 7
78 70 8 7 1 3 4 5 6 2 0
78 70 8 1 5 3 4 6 0 7 2
78 70 8 1 2 0 4 5 7 3 6
78 71 7 1 3 6 5 2 7 4 0
78 71 7 1 2 3 6 5 0 7 4
78 73 5 1 3 5 4 2 7 6 0
78 74 4 1 2 4 3 5 6 7 0
79 60 19 0 6 4 7 3 2 5 1
79 61 18 0 2 4 5 7 3 6 1
79 62 17 7 0 6 1 3 2 5 4
79 62 17 2 6 4 5 0 3 7 1
79 63 16 2 0 6 1 4 7 5 3
79 63 16 6 1 2 0 4 3 7 5
79 63 16 3 1 2 6 4 0 7 5
79 63 16 0 1 4 5 3 2 7 6
79 64 15 3 6 4 5 0 2 7 1
79 64 15 3 6 7 4 0 2 5 1
79 64 15 2 1 6 7 4 3 0 5
79 64 15 0 1 4 6 2 3 7 5
79 64 15 3 6 4 1 2 0 7 5
79 64 15 3 0 4 1 6 2 7 5
79 64 15 5 6 4 0 3 2 7 1
79 64 15 5 0 1 6 3 2 7 4
79 64 15 5 1 7 6 3 2 0 4
79 64 15 5 0 6 4 2 1 7 3
79 64 15 5 1 0 6 2 3 7 4
79 64 15 3 2 4 5 1 0 6 7
79 64 15 0 1 2 5 3 7 6 4
79 64 15 5 1 2 6 3 7 0 4
79 64 15 5 0 2 4 1 7 6 3
79 64 15 5 1 2 0 4 7 6 3
79 64 15 4 2 7 0 1 5 3 6
79 64 15 0 7 2 4 1 3 5 6
79 64 15 1 7 2 0 4 3 5 6
79 64 15 7 1 6 4 0 2 3 5
79 64 15 6 1 2 7 5 3 0 4
79 64 15 3 2 6 7 5 1 0 4
79 64 15 0 2 4 3 7 6 5 1
79 65 14 5 1 6 3 2 0 7 4
79 65 14 5 0 1 4 2 3 7 6
79 65 14 2 0 4 5 1 7 6 3
79 65 14 1 7 0 2 4 3 6 5
79 65 14 7 0 4 3 1 2 6 5
79 65 14 1 7 2 6 3 0 4 5
79 65 14 3 2 4 0 1 7 5 6
79 65 14 2 3 6 0 1 7 5 4
79 65 14 2 3 6 4 0 7 5 1
79 65 14 2 3 0 4 1 7 5 6
79 65 14 0 3 4 1 2 7 6 5
79 65 14 1 3 4 6 2 7 0 5
79 65 14 0 3 4 1 5 7 2 6
79 66 13 4 2 6 5 3 7 1 0
79 66 13 5 1 6 7 4 2 0 3
79 66 13 4 1 0 6 5 2 3 7
79 66 13 1 2 7 6 3 0 4 5
79 66 13 4 2 6 0 5 1 7 3
79 66 13 4 3 2 0 6 5 7 1
79 66 13 5 3 2 4 6 0 7 1
79 66 13 4 0 1 2 5 3 7 6
79 66 13 4 1 7 2 5 3 0 6
79 66 13 0 5 2 4 1 3 6 7
79 66 13 6 2 0 1 5 3 4 7
79 66 13 0 1 4 7 5 2 3 6
79 66 13 0 1 2 7 5 3 4 6
79 66 13 0 1 4 6 5 2 3 7
79 66 13 1 6 4 7 5 2 0 3
79 67 12 5 1 4 3 2 7 6 0
79 67 12 7 2 0 4 3 1 6 5
79 67 12 1 0 2 5 6 3 7 4
79 67 12 1 2 7 5 6 3 0 4
79 67 12 2 0 4 1 5 7 6 3
79 67 12 5 2 6 4 7 1 3 0
79 67 12 2 4 1 0 5 3 7 6
79 67 12 1 0 4 7 2 5 3 6
79 67 12 0 2 4 1 3 5 7 6
79 67 12 5 2 4 6 1 3 0 7
79 67 12 7 1 0 4 5 3 2 6
79 67 12 2 3 6 0 5 7 1 4
79 67 12 2 3 0 4 5 7 1 6
79 67 12 1 3 4 5 0 6 7 2
79 68 11 4 1 6 7 2 3 5 0
79 68 11 7 1 2 4 3 5 0 6
79 68 11 3 2 4 1 6 7 5 0
79 68 11 3 1 2 6 5 7 0 4
79 68 11 1 2 5 3 7 0 6 4
79 68 11 1 0 5 3 2 7 6 4
79 68 11 1 5 0 4 2 3 7 6
79 68 11 5 3 2 4 0 1 7 6
79 68 11 5 3 2 4 1 7 0 6
79 68 11 5 2 6 4 3 1 0 7
79 68 11 0 3 1 4 5 2 7 6
79 68 11 1 2 7 4 6 0 5 3
79 68 11 0 1 4 3 5 2 7 6
79 69 10 1 7 5 4 3 6 0 2
79 69 10 1 4 5 0 2 3 7 6
79 69 10 1 2 7 5 0 4 3 6
79 69 10 1 0 7 5 4 2 3 6
79 69 10 2 3 6 4 1 5 0 7
79 69 10 1 0 2 4 6 3 5 7
79 69 10 1 3 4 0 6 5 2 7
79 69 10 3 2 0 1 5 6 4 7
79 69 10 1 3 2 0 5 7 4 6
79 70 9 3 1 6 7 5 2 4 0
79 70 9 3 2 1 4 5 7 0 6
79 70 9 1 6 5 4 3 2 7 0
79 70 9 4 3 2 1 5 6 7 0
79 70 9 1 3 2 7 4 0 5 6
79 70 9 1 3 0 7 4 5 2 6
79 70 9 1 3 2 5 0 4 7 6
79 70 9 1 3 2 5 4 7 0 6
79 70 9 1 0 3 2 5 7 6 4
79 70 9 5 3 2 4 1 6 7 0
79 70 9 1 3 4 5 0 2 6 7
79 70 9 5 1 3 4 0 6 2 7
79 70 9 0 1 3 4 6 5 7 2
79 70 9 3 1 2 0 5 6 7 4
79 71 8 1 3 2 6 5 4 7 0
79 71 8 1 3 2 4 7 6 0 5
79 71 8 1 3 0 5 2 7 6 4
79 71 8 1 2 6 4 3 5 0 7
79 72 7 1 3 7 5 2 0 6 4
79 72 7 1 2 4 3 7 5 6 0
79 72 7 1 3 6 7 5 2 4 0
79 72 7 1 3 4 2 6 5 7 0
79 72 7 1 6 3 4 5 7 0 2
79 72 7 1 2 3 4 0 5 6 7
79 73 6 1 2 3 4 0 5 7 6
79 74 5 1 2 3 4 5 0 6 7
80 60 20 0 2 7 6 4 3 5 1
80 62 18 0 2 5 6 3 7 4 1
80 63 17 5 1 6 0 4 3 7 2
80 64 16 3 2 0 6 4 7 5 1
80 64 16 3 2 6 5 4 7 0 1
80 64 16 4 2 6 0 7 5 3 1
80 64 16 5 2 6 4 7 0 3 1
80 64 16 4 0 2 6 3 7 5 1
80 64 16 5 6 4 1 0 2 7 3
80 64 16 5 1 6 2 0 3 7 4
80 64 16 4 7 2 0 1 3 6 5
80 64 16 0 2 6 1 3 7 4 5
80 64 16 3 2 6 5 0 1 7 4
80 65 15 2 0 6 7 4 3 5 1
80 65 15 2 0 6 7 5 3 4 1
80 65 15 5 2 6 7 0 3 4 1
80 65 15 7 2 6 0 5 3 4 1
80 65 15 5 6 4 1 2 3 7 0
80 65 15 4 2 6 3 7 0 5 1
80 65 15 5 1 6 7 3 0 2 4
80 65 15 4 2 6 1 0 5 3 7
80 65 15 5 0 7 4 2 3 6 1
80 65 15 0 1 2 6 3 7 4 5
80 65 15 7 2 4 3 1 0 5 6
80 65 15 4 1 7 0 5 2 3 6
80 65 15 6 0 2 4 1 3 7 5
80 65 15 4 1 0 5 2 3 7 6
80 65 15 3 0 2 4 1 7 5 6
80 65 15 3 1 2 0 4 7 5 6
80 65 15 0 3 6 1 2 7 5 4
80 65 15 1 3 6 2 0 7 5 4
80 65 15 1 0 4 6 2 5 3 7
80 66 14 3 2 4 6 0 7 5 1
80 66 14 5 6 0 4 1 2 7 3
80 66 14 3 1 0 2 4 7 6 5
80 66 14 4 2 6 0 1 3 5 7
80 66 14 2 1 6 5 0 3 7 4
80 66 14 3 1 6 5 2 0 7 4
80 66 14 5 6 0 4 3 2 7 1
80 66 14 0 1 4 3 2 7 5 6
80 66 14 1 2 7 0 6 3 4 5
80 66 14 0 4 2 6 5 3 7 1
80 66 14 4 2 7 6 5 0 3 1
80 66 14 4 1 2 5 3 7 0 6
80 66 14 5 2 0 1 3 7 4 6
80 66 14 0 3 6 4 1 7 5 2
80 66 14 1 0 6 4 3 7 5 2
80 66 14 1 3 6 0 4 7 5 2
80 66 14 5 2 0 1 6 3 7 4
80 67 13 5 3 6 1 2 0 7 4
80 67 13 3 1 7 6 4 2 0 5
80 67 13 3 1 4 0 2 7 6 5
80 67 13 1 0 2 3 4 7 5 6
80 67 13 1 7 0 6 5 2 3 4
80 67 13 2 4 7 1 5 3 0 6
80 67 13 3 2 4 0 1 5 7 6
80 67 13 0 1 2 6 5 3 4 7
80 67 13 2 3 6 4 0 7 1 5
80 67 13 1 0 4 3 2 5 7 6
80 68 12 4 1 0 7 2 3 6 5
80 68 12 4 1 2 6 3 7 5 0
80 68 12 1 7 2 6 3 5 0 4
80 68 12 3 1 2 6 0 5 7 4
80 68 12 3 0 2 6 5 1 7 4
80 68 12 0 3 4 1 5 2 7 6
80 68 12 2 0 5 4 1 3 7 6
80 68 12 6 2 5 4 1 3 7 0
80 68 12 0 1 5 4 2 3 7 6
80 68 12 1 7 2 4 6 0 5 3
80 68 12 3 1 4 7 5 2 0 6
80 68 12 3 1 7 4 5 0 2 6
80 69 11 4 1 6 2 5 3 7 0
80 69 11 3 2 5 4 1 7 0 6
80 69 11 3 2 5 4 1 7 6 0
80 69 11 1 0 7 4 3 6 5 2
80 69 11 1 7 6 4 2 5 3 0
80 69 11 1 7 0 4 2 5 6 3
80 69 11 1 6 0 7 2 3 5 4
80 69 11 1 3 6 7 4 0 2 5
80 69 11 1 5 7 4 3 2 0 6
80 69 11 6 3 2 4 1 5 0 7
80 69 11 6 1 2 4 3 5 7 0
80 69 11 1 6 0 5 2 3 4 7
80 69 11 1 4 0 3 2 6 7 5
80 69 11 2 3 4 0 5 7 6 1
80 69 11 1 3 2 4 7 0 5 6
80 69 11 1 3 0 4 7 5 2 6
80 70 10 1 6 5 3 2 7 0 4
80 70 10 3 1 0 7 5 2 6 4
80 70 10 1 2 4 7 3 6 0 5
80 70 10 1 4 0 7 2 3 6 5
80 70 10 1 0 7 4 5 3 6 2
80 70 10 1 7 6 4 5 3 0 2
80 70 10 1 4 3 0 6 2 7 5
80 70 10 3 0 2 1 5 6 7 4
80 70 10 1 3 0 7 5 6 2 4
80 70 10 1 6 7 4 5 3 0 2
80 70 10 3 2 0 4 1 5 6 7
80 70 10 1 3 6 2 5 7 0 4
80 70 10 3 0 2 4 1 6 7 5
80 70 10 0 1 2 4 3 6 7 5
80 70 10 1 6 2 4 3 0 7 5
80 70 10 1 3 4 7 5 2 0 6
80 70 10 1 3 7 4 5 0 2 6
80 70 10 4 1 3 0 5 6 2 7
80 70 10 1 3 0 7 4 5 6 2
80 70 10 3 1 2 4 0 6 7 5
80 70 10 3 1 0 4 5 6 7 2
80 71 9 7 2 4 3 5 6 0 1
80 71 9 1 3 2 5 4 6 7 0
80 71 9 1 0 3 6 5 2 7 4
80 71 9 1 3 7 4 2 6 0 5
80 71 9 1 2 4 0 3 5 6 7
80 71 9 3 1 2 4 6 5 0 7
80 71 9 1 2 6 3 0 5 7 4
80 71 9 1 2 5 4 6 0 3 7
80 71 9 1 2 0 4 6 3 5 7
80 72 8 1 3 2 5 4 7 6 0
80 72 8 1 3 0 7 5 2 6 4
80 72 8 3 2 0 4 5 6 7 1
80 72 8 1 3 7 4 6 5 2 0
80 72 8 5 1 3 4 0 6 7 2
80 72 8 1 6 3 4 0 5 7 2
80 73 7 1 2 4 3 6 5 0 7
81 63 18 7 2 6 1 4 0 5 3
81 63 18 7 0 6 4 2 3 5 1
81 63 18 0 2 6 7 4 5 3 1
81 64 17 6 0 4 5 3 2 7 1
81 64 17 2 6 4 5 3 0 7 1
81 64 17 6 0 7 4 3 2 5 1
81 64 17 2 6 7 4 3 0 5 1
81 64 17 0 1 6 2 4 3 7 5
81 64 17 5 6 0 1 3 2 7 4
81 64 17 6 1 2 5 0 3 7 4
81 65 16 3 2 6 7 4 0 5 1
81 65 16 3 2 6 7 5 0 4 1
81 65 16 6 0 4 1 2 3 7 5
81 65 16 7 6 0 4 3 2 5 1
81 65 16 6 4 0 1 3 2 7 5
81 65 16 5 0 6 3 1 2 7 4
81 65 16 7 2 4 5 1 0 6 3
81 65 16 1 7 2 6 4 3 0 5
81 65 16 0 2 7 1 4 5 3 6
81 65 16 6 2 4 7 5 3 0 1
81 65 16 5 2 7 0 4 3 6 1
81 65 16 5 1 6 0 4 2 3 7
81 65 16 4 1 6 5 0 3 7 2
81 66 15 4 2 0 5 3 7 6 1
81 66 15 2 0 4 6 3 7 5 1
81 66 15 0 5 6 4 1 2 7 3
81 66 15 5 1 0 6 4 2 7 3
81 66 15 0 1 2 3 4 7 6 5
81 66 15 0 5 6 4 3 2 7 1
81 66 15 1 0 7 6 2 3 4 5
81 66 15 6 1 2 0 3 7 5 4
81 66 15 6 1 2 4 0 7 5 3
81 66 15 4 1 2 5 0 7 6 3
81 66 15 0 2 7 6 1 5 3 4
81 66 15 1 0 7 6 2 5 3 4
81 66 15 0 6 4 1 5 2 7 3
81 67 14 3 6 0 4 2 5 7 1
81 67 14 3 5 6 4 2 0 7 1
81 67 14 3 2 0 6 4 5 7 1
81 67 14 4 1 0 5 3 2 6 7
81 67 14 5 2 0 1 4 3 6 7
81 67 14 7 1 6 4 2 5 3 0
81 67 14 0 7 2 4 3 1 6 5
81 67 14 7 2 4 1 5 0 6 3
81 67 14 0 1 6 2 5 3 7 4
81 67 14 5 2 7 0 1 3 6 4
81 67 14 0 2 5 1 4 3 6 7
81 67 14 1 2 5 6 4 3 0 7
81 67 14 0 3 6 4 5 7 1 2
81 68 13 1 0 6 3 4 2 7 5
81 68 13 4 2 1 6 3 0 7 5
81 68 13 7 1 2 4 0 3 5 6
81 68 13 2 3 6 1 0 4 7 5
81 68 13 4 1 2 3 7 0 6 5
81 68 13 1 0 6 5 2 7 4 3
81 68 13 1 2 6 0 5 7 4 3
81 68 13 5 1 2 6 3 0 7 4
81 68 13 3 4 0 1 5 2 7 6
81 68 13 0 2 5 3 1 7 6 4
81 68 13 3 2 5 4 1 0 7 6
81 68 13 1 7 0 2 3 6 5 4
81 68 13 1 7 2 3 0 6 5 4
81 68 13 1 0 2 4 7 6 5 3
81 68 13 7 2 0 1 3 6 4 5
81 68 13 5 2 6 0 3 1 7 4
81 68 13 5 2 0 4 3 1 7 6
81 68 13 0 1 2 5 4 3 6 7
81 69 12 1 6 5 4 7 2 0 3
81 69 12 2 7 4 1 3 6 0 5
81 69 12 6 2 1 0 5 3 7 4
81 69 12 4 2 6 3 1 7 0 5
81 69 12 3 1 6 4 5 0 7 2
81 69 12 1 7 4 0 3 6 5 2
81 69 12 4 2 6 0 5 3 1 7
81 69 12 5 3 6 4 1 2 0 7
81 69 12 2 4 0 3 5 7 6 1
81 69 12 2 7 4 3 5 0 6 1
81 69 12 5 0 2 4 3 1 6 7
81 69 12 5 1 2 4 7 3 0 6
81 69 12 1 5 4 0 3 2 7 6
81 69 12 3 5 2 4 1 0 7 6
81 69 12 1 6 4 5 2 0 3 7
81 69 12 1 7 0 2 5 3 6 4
81 69 12 0 1 4 3 2 6 7 5
81 69 12 2 3 6 0 1 5 7 4
81 69 12 2 3 0 4 1 5 7 6
81 69 12 0 2 3 1 5 7 4 6
81 70 11 1 6 4 3 2 7 5 0
81 70 11 7 1 6 4 5 3 0 2
81 70 11 1 7 4 0 5 3 6 2
81 70 11 3 0 2 4 5 7 1 6
81 70 11 3 2 4 0 5 7 1 6
81 70 11 1 0 2 5 4 7 6 3
81 70 11 4 2 1 0 5 3 6 7
81 70 11 1 2 7 3 6 5 0 4
81 70 11 5 3 2 1 0 6 7 4
81 70 11 2 3 4 1 0 5 6 7
81 70 11 1 2 0 5 3 6 4 7
81 70 11 1 3 4 6 5 7 0 2
81 70 11 0 1 2 4 5 6 7 3
81 71 10 4 3 2 6 1 5 7 0
81 71 10 1 2 6 4 3 0 5 7
81 71 10 2 1 6 4 5 7 0 3
81 71 10 3 1 6 4 5 7 0 2
81 71 10 2 3 6 1 5 7 4 0
81 71 10 1 2 0 4 6 7 5 3
81 71 10 1 6 4 2 5 3 0 7
81 71 10 1 6 4 0 5 3 7 2
81 71 10 1 3 7 4 0 2 6 5
81 71 10 3 2 4 0 5 1 6 7
81 71 10 1 7 2 4 5 0 6 3
81 71 10 1 2 0 6 5 7 3 4
81 71 10 1 2 6 0 3 5 7 4
81 71 10 1 2 6 4 0 5 7 3
81 72 9 1 2 3 6 7 5 0 4
81 72 9 1 2 3 0 6 7 5 4
81 72 9 1 2 5 3 6 7 0 4
81 72 9 1 0 3 4 7 5 6 2
81 72 9 4 2 1 6 5 3 7 0
81 72 9 1 4 5 0 2 7 6 3
81 72 9 1 4 5 0 2 3 6 7
81 72 9 1 0 3 2 6 5 7 4
81 72 9 2 3 0 4 5 1 6 7
81 72 9 1 2 4 0 5 7 3 6
81 72 9 4 1 3 0 5 6 7 2
81 72 9 1 2 3 0 7 5 6 4
81 73 8 2 6 1 4 5 3 7 0
81 73 8 1 5 2 4 3 6 0 7
81 73 8 1 2 3 4 7 0 6 5
81 74 7 3 2 7 4 5 6 1 0
81 74 7 1 6 3 4 2 5 7 0
81 74 7 1 2 3 6 4 5 7 0
81 74 7 1 2 3 4 6 0 5 7
82 63 19 7 2 6 0 4 3 5 1
82 65 17 4 2 6 7 0 3 5 1
82 65 17 0 7 6 4 3 2 5 1
82 65 17 0 7 2 1 4 3 6 5
82 65 17 6 2 4 5 0 3 7 1
82 66 16 6 2 4 0 3 7 5 1
82 66 16 3 1 2 6 4 7 0 5
82 66 16 0 2 7 6 1 3 4 5
82 66 16 6 1 0 4 3 7 5 2
82 66 16 7 1 2 0 4 3 6 5
82 66 16 0 3 6 5 4 2 7 1
82 66 16 0 2 7 5 4 3 6 1
82 67 15 0 5 6 1 2 3 7 4
82 67 15 5 6 0 1 2 3 7 4
82 67 15 0 2 6 3 4 5 7 1
82 67 15 3 2 6 7 4 5 0 1
82 67 15 4 0 2 7 1 3 6 5
82 67 15 5 2 6 1 4 0 3 7
82 67 15 7 1 4 3 2 0 6 5
82 67 15 3 0 4 1 7 2 6 5
82 67 15 5 2 4 6 3 7 0 1
82 67 15 0 1 7 6 5 2 3 4
82 67 15 0 2 4 7 1 5 3 6
82 67 15 3 0 4 1 2 5 7 6
82 67 15 2 1 6 7 5 3 0 4
82 68 14 4 1 6 5 2 0 7 3
82 68 14 4 1 6 7 2 0 3 5
82 68 14 2 3 6 5 1 0 7 4
82 68 14 4 1 7 6 3 2 5 0
82 68 14 7 0 2 4 3 1 5 6
82 68 14 3 0 4 5 2 7 6 1
82 68 14 2 3 6 1 4 7 0 5
82 68 14 4 1 6 3 2 7 0 5
82 68 14 4 1 6 2 3 7 0 5
82 68 14 1 7 2 6 0 3 5 4
82 68 14 5 2 4 1 7 0 6 3
82 68 14 1 6 0 3 7 2 5 4
82 68 14 1 2 6 5 7 0 4 3
82 68 14 0 2 6 1 3 4 7 5
82 68 14 3 2 4 1 7 0 5 6
82 68 14 5 0 4 1 3 2 7 6
82 68 14 0 2 5 1 4 7 6 3
82 68 14 1 7 2 5 3 6 0 4
82 68 14 0 7 2 4 1 6 5 3
82 68 14 3 1 4 5 0 2 7 6
82 68 14 3 1 2 0 4 5 6 7
82 69 13 4 1 7 5 3 2 0 6
82 69 13 5 2 7 1 4 3 0 6
82 69 13 5 1 2 7 4 3 0 6
82 69 13 4 1 2 6 3 0 7 5
82 69 13 3 4 0 1 2 7 6 5
82 69 13 3 7 4 1 2 0 6 5
82 69 13 5 2 1 0 3 7 6 4
82 69 13 6 2 4 1 3 7 0 5
82 69 13 6 0 2 1 5 3 7 4
82 69 13 6 2 7 1 5 3 0 4
82 69 13 5 3 6 4 2 1 7 0
82 69 13 1 4 0 5 3 2 7 6
82 69 13 2 0 5 4 1 7 6 3
82 69 13 4 1 6 0 5 3 7 2
82 69 13 3 0 1 6 5 2 7 4
82 69 13 3 1 7 6 5 2 0 4
82 69 13 7 1 0 2 5 3 6 4
82 69 13 6 3 2 0 1 5 7 4
82 69 13 4 1 2 0 3 5 7 6
82 69 13 1 7 2 6 5 3 0 4
82 69 13 1 3 2 6 0 7 4 5
82 69 13 1 3 0 6 5 7 4 2
82 69 13 1 2 3 5 0 7 4 6
82 70 12 4 2 6 3 1 0 7 5
82 70 12 4 1 2 5 6 3 7 0
82 70 12 1 6 3 0 2 7 5 4
82 70 12 1 7 6 3 2 5 0 4
82 70 12 2 1 6 3 5 0 7 4
82 70 12 7 0 1 4 5 3 6 2
82 70 12 7 1 4 0 5 3 6 2
82 70 12 1 0 4 7 3 2 6 5
82 70 12 0 1 4 7 2 3 6 5
82 70 12 3 2 0 6 5 7 1 4
82 70 12 1 6 5 4 3 0 2 7
82 70 12 1 4 7 3 6 2 0 5
82 70 12 4 0 2 1 5 3 6 7
82 70 12 3 1 0 2 5 7 6 4
82 70 12 1 2 0 7 6 5 3 4
82 70 12 1 6 0 4 5 3 2 7
82 70 12 3 2 6 4 1 0 5 7
82 70 12 4 3 2 0 1 6 7 5
82 70 12 1 3 4 5 0 7 6 2
82 70 12 1 7 2 0 3 5 6 4
82 70 12 1 7 2 4 0 5 6 3
82 70 12 6 1 3 4 5 0 2 7
82 71 11 2 3 6 5 4 1 7 0
82 71 11 1 3 7 6 4 2 0 5
82 71 11 3 1 5 4 0 2 7 6
82 71 11 1 2 5 6 4 7 3 0
82 71 11 1 6 4 5 2 7 0 3
82 71 11 1 0 4 5 2 6 7 3
82 71 11 1 6 7 4 2 5 0 3
82 71 11 1 0 7 4 2 6 5 3
82 71 11 2 1 6 4 0 5 7 3
82 71 11 5 1 4 3 6 2 7 0
82 71 11 2 1 4 5 3 7 6 0
82 71 11 1 7 4 5 3 6 2 0
82 71 11 3 0 1 4 5 7 6 2
82 71 11 3 1 4 0 5 7 6 2
82 71 11 1 3 2 5 6 0 7 4
82 71 11 2 3 0 1 5 7 6 4
82 71 11 1 3 7 6 5 2 0 4
82 71 11 1 7 2 3 5 0 4 6
82 71 11 2 6 4 1 5 3 0 7
82 71 11 3 1 2 0 6 5 7 4
82 72 10 1 6 5 4 2 3 0 7
82 72 10 1 6 5 7 3 2 0 4
82 72 10 3 2 6 4 7 5 1 0
82 72 10 1 2 6 4 7 3 5 0
82 72 10 1 3 7 2 4 5 0 6
82 72 10 1 3 6 4 7 5 0 2
82 72 10 1 7 0 5 2 3 6 4
82 72 10 1 0 3 6 5 7 2 4
82 72 10 1 2 6 7 5 4 0 3
82 72 10 1 2 6 0 5 4 3 7
82 72 10 1 7 4 5 2 6 0 3
82 72 10 1 6 3 4 2 0 7 5
82 72 10 1 0 3 4 6 2 7 5
82 72 10 2 3 6 4 5 0 1 7
82 72 10 1 7 3 4 0 5 2 6
82 72 10 1 3 4 2 0 6 7 5
82 73 9 5 1 2 7 4 3 6 0
82 73 9 4 2 3 1 5 7 6 0
82 73 9 3 1 2 4 7 6 5 0
82 73 9 1 3 4 2 5 0 6 7
82 73 9 1 3 0 2 5 6 4 7
82 73 9 1 2 4 3 6 0 5 7
82 73 9 1 2 4 0 6 5 7 3
82 74 8 1 3 2 7 6 5 4 0
82 74 8 2 0 3 4 5 1 7 6
82 74 8 1 6 7 5 2 3 4 0
82 74 8 3 2 4 6 5 1 7 0
82 74 8 3 2 7 4 5 1 6 0
82 74 8 1 7 2 3 5 6 0 4
82 74 8 1 0 4 3 5 6 2 7
82 74 8 1 2 4 0 3 6 7 5
82 75 7 1 3 2 7 5 4 0 6
82 75 7 1 2 4 6 3 5 7 0
82 75 7 1 2 7 4 3 5 6 0
82 76 6 1 3 4 7 5 2 6 0
82 76 6 1 3 2 7 5 4 6 0
82 76 6 1 7 3 4 5 6 0 2
82 77 5 2 1 3 4 5 6 0 7
82 79 3 1 2 3 4 5 6 0 7
83 64 19 4 6 7 0 3 2 5 1
83 65 18 5 0 4 6 2 3 7 1
83 66 17 7 2 4 6 3 0 5 1
83 66 17 4 2 0 7 1 3 5 6
83 66 17 4 2 7 5 0 3 6 1
83 66 17 4 1 6 5 0 2 3 7
83 66 17 4 1 0 5 3 7 6 2
83 67 16 2 1 6 5 3 0 7 4
83 67 16 3 0 1 6 4 2 7 5
83 67 16 4 1 6 5 3 0 2 7
83 67 16 4 1 6 0 2 5 3 7
83 68 15 4 3 6 1 2 0 7 5
83 68 15 2 1 6 3 4 0 7 5
83 68 15 4 1 7 6 2 3 0 5
83 68 15 2 6 0 5 1 3 7 4
83 68 15 4 1 0 2 3 7 5 6
83 68 15 4 1 2 3 0 7 5 6
83 68 15 3 2 4 5 7 0 6 1
83 68 15 4 0 6 3 2 1 7 5
83 68 15 4 0 1 2 3 7 6 5
83 68 15 4 0 2 3 1 7 6 5
83 68 15 5 0 4 1 2 7 6 3
83 68 15 3 0 6 1 2 4 7 5
83 68 15 3 2 6 0 1 4 7 5
83 68 15 3 0 4 1 2 7 5 6
83 68 15 1 7 2 0 4 6 5 3
83 69 14 4 1 5 0 3 2 7 6
83 69 14 2 3 6 5 4 0 7 1
83 69 14 4 1 6 2 3 0 7 5
83 69 14 3 2 6 5 1 7 0 4
83 69 14 3 0 6 5 1 2 7 4
83 69 14 5 2 1 0 4 3 7 6
83 69 14 3 1 2 6 0 7 5 4
83 69 14 5 0 2 1 3 7 6 4
83 69 14 4 1 2 7 5 0 3 6
83 69 14 4 1 0 7 5 3 2 6
83 69 14 3 2 0 1 4 7 6 5
83 69 14 2 4 1 0 3 7 6 5
83 69 14 2 4 6 1 3 7 0 5
83 69 14 2 7 4 1 0 3 6 5
83 69 14 3 2 0 6 1 7 5 4
83 69 14 5 6 0 4 1 2 3 7
83 69 14 5 3 6 0 1 2 7 4
83 69 14 5 3 0 4 1 2 7 6
83 69 14 7 1 2 6 5 3 0 4
83 69 14 5 1 2 0 7 3 6 4
83 69 14 6 3 0 4 1 5 7 2
83 69 14 1 7 2 5 0 3 6 4
83 69 14 1 3 0 6 4 5 7 2
83 69 14 0 3 6 4 1 5 7 2
83 70 13 6 0 4 3 5 2 7 1
83 70 13 2 6 4 3 5 0 7 1
83 70 13 6 5 2 4 1 3 7 0
83 70 13 5 2 7 4 0 1 3 6
83 70 13 3 1 6 7 5 0 2 4
83 70 13 5 2 4 3 7 0 6 1
83 70 13 0 2 6 3 5 7 1 4
83 70 13 1 2 6 0 4 7 3 5
83 70 13 1 6 7 0 5 3 2 4
83 70 13 1 6 4 0 2 3 5 7
83 70 13 0 3 4 1 5 7 6 2
83 70 13 1 7 0 4 3 5 6 2
83 71 12 7 2 4 1 3 5 0 6
83 71 12 3 2 5 1 0 7 6 4
83 71 12 1 7 6 4 3 2 5 0
83 71 12 4 2 6 5 3 1 7 0
83 71 12 1 0 3 6 4 2 7 5
83 71 12 1 6 5 0 3 2 4 7
83 71 12 7 2 4 3 0 5 6 1
83 71 12 3 1 7 4 0 6 2 5
83 71 12 5 1 7 4 3 6 2 0
83 71 12 7 2 0 4 1 5 6 3
83 71 12 1 2 6 5 7 4 3 0
83 71 12 1 0 6 5 2 4 3 7
83 71 12 1 6 0 5 4 2 3 7
83 71 12 2 1 4 3 6 0 7 5
83 71 12 4 1 6 2 5 3 0 7
83 71 12 0 2 1 4 3 7 6 5
83 71 12 1 7 0 4 3 2 6 5
83 71 12 1 3 2 0 6 4 7 5
83 71 12 1 5 2 4 7 0 3 6
83 71 12 7 2 4 1 5 0 3 6
83 71 12 3 7 2 4 5 0 6 1
83 71 12 1 3 0 2 7 5 6 4
83 71 12 0 1 2 3 5 7 4 6
83 71 12 1 6 3 7 5 2 0 4
83 71 12 3 1 0 4 6 5 7 2
83 72 11 2 1 5 4 3 7 0 6
83 72 11 1 0 3 2 4 5 7 6
83 72 11 1 3 2 6 4 7 5 0
83 72 11 7 2 0 4 5 3 6 1
83 72 11 3 2 7 4 1 5 0 6
83 72 11 1 3 2 5 7 0 6 4
83 72 11 1 0 2 3 6 7 5 4
83 72 11 1 3 4 0 7 5 6 2
83 72 11 1 3 0 2 4 6 7 5
83 72 11 0 2 1 4 5 3 7 6
83 72 11 0 1 7 5 2 3 6 4
83 72 11 3 2 4 1 7 5 6 0
83 72 11 3 2 1 0 5 7 6 4
83 72 11 1 3 6 7 5 0 2 4
83 72 11 1 3 6 0 5 7 2 4
83 72 11 1 4 6 5 2 7 0 3
83 72 11 1 7 4 5 0 2 6 3
83 72 11 1 4 6 5 2 3 0 7
83 72 11 5 1 2 4 6 0 3 7
83 72 11 3 2 6 4 0 5 1 7
83 72 11 1 3 7 2 6 5 0 4
83 72 11 1 2 0 3 7 5 4 6
83 72 11 3 6 2 4 5 0 7 1
83 72 11 1 3 7 4 6 0 5 2
83 72 11 6 1 3 4 5 0 7 2
83 73 10 1 6 7 5 3 2 4 0
83 73 10 1 6 7 3 4 2 5 0
83 73 10 1 6 7 4 5 2 3 0
83 73 10 5 1 4 7 3 2 6 0
83 73 10 1 2 4 7 6 3 5 0
83 73 10 5 2 4 1 3 6 0 7
83 73 10 3 1 0 5 4 2 6 7
83 73 10 2 0 3 1 5 7 6 4
83 73 10 1 2 6 4 7 3 0 5
83 73 10 1 5 2 4 0 3 6 7
83 73 10 6 3 2 4 5 1 7 0
83 73 10 6 1 3 4 5 7 2 0
83 73 10 0 2 3 4 1 7 6 5
83 73 10 1 2 5 7 0 3 6 4
83 73 10 1 2 0 3 6 5 7 4
83 73 10 1 3 7 0 5 6 2 4
83 74 9 1 3 6 7 2 0 5 4
83 74 9 1 3 6 7 2 0 4 5
83 74 9 1 2 3 5 4 7 6 0
83 74 9 1 2 4 5 7 6 3 0
83 74 9 1 5 7 4 2 3 0 6
83 74 9 1 6 3 4 7 5 2 0
83 74 9 0 1 3 4 5 2 6 7
83 74 9 0 1 3 2 5 6 7 4
83 74 9 1 6 3 2 5 0 7 4
83 75 8 2 3 4 1 5 7 6 0
83 75 8 1 3 0 5 4 2 6 7
83 75 8 1 3 0 5 2 7 4 6
83 76 7 1 4 3 5 2 7 6 0
83 76 7 1 2 5 4 7 6 3 0
83 76 7 1 3 2 4 6 7 5 0
83 78 5 1 2 4 3 5 6 0 7
83 82 1 1 2 3 4 5 6 7 0