0 0 0 1 2 6 4 3 0 7 5
5 0 5 1 2 6 4 0 3 7 5
6 0 6 1 2 6 4 3 7 0 5
6 0 6 1 0 6 4 3 2 7 5
9 5 4 1 2 6 4 5 3 7 0
11 5 6 0 2 6 4 1 3 7 5
11 6 5 1 2 6 4 3 7 5 0
12 6 6 1 2 0 4 3 7 6 5
12 6 6 1 6 0 4 3 2 7 5
13 5 8 1 0 6 4 2 3 7 5
13 5 8 1 2 6 0 4 3 7 5
13 6 7 0 1 6 4 3 2 7 5
14 9 5 1 2 6 4 5 3 0 7
14 9 5 1 2 6 0 5 3 7 4
15 9 6 1 2 0 4 5 3 7 6
16 9 7 0 2 6 4 5 3 7 1
18 11 7 2 0 6 4 1 3 7 5
18 11 7 5 2 6 4 1 3 7 0
18 11 7 1 2 6 0 3 7 5 4
18 11 7 1 2 6 4 0 7 5 3
18 13 5 1 2 6 5 4 3 7 0
19 11 8 4 2 6 0 1 3 7 5
19 11 8 3 2 6 4 1 0 7 5
19 11 8 1 2 0 4 3 7 5 6
19 12 7 1 0 2 4 3 7 6 5
19 12 7 1 2 4 0 3 7 6 5
19 12 7 1 6 4 0 3 2 7 5
19 12 7 1 6 7 4 3 2 0 5
19 13 6 1 6 0 4 2 3 7 5
19 13 6 1 3 6 4 2 0 7 5
19 13 6 1 2 0 6 4 3 7 5
19 14 5 1 2 6 4 5 0 3 7
19 14 5 1 2 0 4 5 3 6 7
19 14 5 1 2 0 6 5 3 7 4
20 11 9 0 2 6 4 3 7 5 1
20 13 7 0 1 6 4 2 3 7 5
20 13 7 3 1 6 4 0 2 7 5
20 15 5 1 0 2 4 5 3 7 6
20 15 5 1 2 4 0 5 3 7 6
20 15 5 1 2 7 4 5 3 0 6
21 13 8 0 2 6 1 4 3 7 5
21 13 8 5 1 6 4 3 2 7 0
21 14 7 0 2 6 1 5 3 7 4
22 13 9 1 2 6 7 4 3 0 5
22 13 9 4 1 6 0 3 2 7 5
22 13 9 2 1 6 4 3 0 7 5
22 14 8 1 2 6 5 0 3 7 4
22 14 8 1 2 6 7 5 3 0 4
22 16 6 2 0 6 4 5 3 7 1
22 16 6 5 2 6 4 0 3 7 1
23 16 7 4 2 6 0 5 3 7 1
23 16 7 3 2 6 4 5 0 7 1
24 18 6 1 2 6 4 7 0 5 3
24 20 4 1 2 4 6 5 3 7 0
24 20 4 1 2 7 4 5 3 6 0
25 18 7 2 6 0 4 1 3 7 5
25 18 7 2 3 6 4 1 0 7 5
25 18 7 5 2 6 4 1 3 0 7
25 18 7 5 2 6 0 1 3 7 4
25 18 7 1 2 0 6 3 7 5 4
25 18 7 0 2 6 4 1 7 5 3
25 18 7 1 2 6 5 4 3 0 7
25 19 6 4 2 6 5 1 3 7 0
25 19 6 3 2 6 4 0 1 7 5
25 19 6 1 2 5 4 3 7 0 6
25 19 6 1 2 4 5 3 7 6 0
25 19 6 1 6 4 5 3 2 7 0
25 19 6 1 6 7 4 3 2 5 0
25 19 6 1 3 6 4 0 2 7 5
25 19 6 1 3 6 4 2 7 0 5
25 19 6 1 2 6 4 0 5 3 7
25 19 6 1 0 6 4 5 2 3 7
25 19 6 1 0 2 4 5 3 6 7
25 19 6 1 2 4 0 5 3 6 7
25 19 6 1 0 2 6 5 3 7 4
25 19 6 1 2 7 6 5 3 0 4
25 20 5 1 3 2 4 5 0 7 6
25 20 5 1 2 7 4 5 0 3 6
26 18 8 5 2 0 4 1 3 7 6
26 18 8 1 2 0 5 4 3 7 6
26 19 7 4 2 0 6 1 3 7 5
26 19 7 3 2 6 4 1 7 0 5
26 19 7 3 0 6 4 1 2 7 5
26 19 7 1 0 2 4 3 7 5 6
26 19 7 1 2 4 0 3 7 5 6
26 19 7 1 7 2 4 3 0 6 5
26 19 7 1 6 7 4 3 0 2 5
26 19 7 1 6 4 0 2 3 7 5
26 19 7 1 6 7 4 2 3 0 5
26 19 7 1 0 2 6 4 3 7 5
26 19 7 1 2 7 6 4 3 0 5
26 20 6 3 1 6 4 5 2 7 0
26 20 6 0 1 2 4 5 3 7 6
27 18 9 0 2 6 1 3 7 5 4
27 18 9 1 2 6 3 0 7 5 4
27 18 9 1 2 6 5 3 7 0 4
27 18 9 1 0 6 4 2 7 5 3
27 18 9 1 2 6 0 4 7 5 3
27 18 9 0 2 6 5 4 3 7 1
27 19 8 0 1 2 4 3 7 6 5
27 20 7 3 2 6 4 0 7 5 1
27 20 7 2 1 6 4 0 3 7 5
27 20 7 3 1 6 4 2 0 7 5
27 20 7 0 2 4 1 5 3 7 6
27 22 5 1 2 6 7 5 3 4 0
28 19 9 4 2 6 1 0 3 7 5
28 19 9 0 2 4 1 3 7 6 5
28 19 9 1 2 4 3 0 7 6 5
28 19 9 1 2 4 6 3 7 0 5
28 19 9 0 6 4 1 3 2 7 5
28 19 9 1 6 4 3 0 2 7 5
28 19 9 1 6 4 7 3 2 0 5
28 20 8 2 0 6 4 3 7 5 1
28 20 8 5 1 6 4 2 3 7 0
28 20 8 1 2 4 5 0 3 7 6
28 20 8 1 2 4 7 5 3 0 6
28 21 7 2 0 6 1 5 3 7 4
28 21 7 5 2 6 1 0 3 7 4
28 21 7 4 2 6 1 5 3 7 0
28 22 6 1 2 6 7 4 3 5 0
28 22 6 1 2 0 7 4 3 6 5
28 22 6 1 2 6 5 3 0 7 4
28 22 6 1 2 6 7 5 0 3 4
28 22 6 1 2 0 7 5 3 6 4
28 22 6 2 6 0 4 5 3 7 1
28 22 6 2 3 6 4 5 0 7 1
28 22 6 5 2 6 4 3 0 7 1
29 19 10 4 2 6 7 1 3 0 5
29 20 9 4 2 6 0 3 7 5 1
29 20 9 7 2 6 4 3 0 5 1
29 20 9 4 1 6 0 2 3 7 5
29 21 8 2 0 6 1 4 3 7 5
29 21 8 5 2 6 1 4 3 7 0
29 21 8 5 1 6 4 3 2 0 7
29 21 8 5 1 6 0 3 2 7 4
29 21 8 5 1 6 4 0 2 7 3
29 21 8 3 2 6 1 5 0 7 4
29 22 7 1 2 6 7 4 0 3 5
29 22 7 4 1 6 5 3 2 7 0
29 22 7 2 0 6 4 3 1 7 5
29 22 7 0 2 6 5 1 3 7 4
29 23 6 4 2 0 6 5 3 7 1
29 23 6 3 2 6 4 0 5 7 1
29 23 6 3 2 6 4 5 7 0 1
29 23 6 3 0 6 4 5 2 7 1
30 20 10 3 1 6 0 4 2 7 5
30 21 9 3 2 6 1 4 0 7 5
30 21 9 5 1 0 4 3 2 7 6
30 22 8 4 1 0 6 3 2 7 5
30 22 8 2 1 6 4 3 7 0 5
30 24 6 1 2 6 4 7 5 0 3
30 24 6 1 2 4 6 5 3 0 7
30 24 6 1 2 7 0 5 3 6 4
30 25 5 3 2 6 4 5 1 7 0
30 25 5 1 2 5 4 3 0 7 6
30 25 5 1 2 5 4 3 7 6 0
30 25 5 1 3 6 4 5 2 7 0
30 25 5 1 3 6 4 2 7 5 0
30 25 5 1 3 0 4 2 7 6 5
30 25 5 1 2 4 7 5 3 6 0
30 25 5 1 2 7 6 5 3 4 0
31 22 9 1 0 6 5 2 3 7 4
31 22 9 5 0 6 4 2 3 7 1
31 22 9 5 2 6 0 4 3 7 1
31 24 7 1 0 6 4 7 2 5 3
31 24 7 1 2 4 6 0 3 7 5
31 24 7 1 2 7 4 0 3 6 5
31 25 6 0 2 6 4 3 1 7 5
31 25 6 1 2 6 4 7 5 3 0
31 25 6 1 6 0 4 5 2 3 7
31 25 6 1 3 2 4 5 0 6 7
31 25 6 1 3 2 6 5 0 7 4
31 25 6 1 2 7 6 5 0 3 4
31 25 6 1 3 2 4 0 5 7 6
31 25 6 1 3 2 4 5 7 0 6
31 25 6 1 2 7 4 0 5 3 6
31 25 6 1 0 7 4 5 2 3 6
32 22 10 4 1 6 3 0 2 7 5
32 22 10 4 1 6 7 3 2 0 5
32 23 9 4 2 6 5 0 3 7 1
32 23 9 4 2 6 7 5 3 0 1
32 24 8 0 2 4 6 5 3 7 1
32 24 8 0 2 7 4 5 3 6 1
32 25 7 2 3 6 4 0 1 7 5
32 25 7 5 2 6 4 1 0 3 7
32 25 7 5 2 0 4 1 3 6 7
32 25 7 5 2 0 6 1 3 7 4
32 25 7 1 2 5 6 3 7 0 4
32 25 7 1 2 6 5 4 0 3 7
32 25 7 1 2 0 5 4 3 6 7
32 25 7 1 2 4 5 3 7 0 6
32 25 7 0 3 6 4 1 2 7 5
32 25 7 0 2 6 4 1 5 3 7
32 25 7 0 1 6 4 5 2 3 7
32 25 7 0 1 2 4 5 3 6 7
32 25 7 0 1 2 6 5 3 7 4
32 26 6 1 2 5 0 4 3 7 6
32 26 6 3 2 6 4 1 7 5 0
32 26 6 1 2 4 6 3 7 5 0
32 26 6 1 7 2 4 3 6 0 5
32 26 6 1 0 7 4 3 6 2 5
32 26 6 1 6 4 5 2 3 7 0
32 26 6 1 6 7 4 2 3 5 0
32 26 6 1 2 7 6 4 3 5 0
33 25 8 2 6 4 0 1 3 7 5
33 25 8 2 6 7 4 1 3 0 5
33 25 8 2 3 6 4 1 7 0 5
33 25 8 1 0 2 6 3 7 5 4
33 25 8 2 0 6 4 1 7 5 3
33 25 8 4 2 6 5 1 3 0 7
33 25 8 1 2 4 5 0 7 6 3
33 25 8 1 6 4 5 3 2 0 7
33 25 8 1 6 4 5 0 2 7 3
33 25 8 1 6 7 0 3 2 5 4
33 25 8 1 6 7 4 0 2 5 3
33 25 8 0 2 4 1 5 3 6 7
33 26 7 5 0 2 4 1 3 7 6
33 26 7 5 2 4 0 1 3 7 6
33 26 7 5 2 7 4 1 3 0 6
33 26 7 1 0 2 5 4 3 7 6
33 26 7 1 2 7 5 4 3 0 6
33 26 7 3 2 0 4 1 7 6 5
33 26 7 3 6 0 4 1 2 7 5
33 26 7 1 7 2 4 3 0 5 6
33 26 7 1 7 2 4 0 3 6 5
33 26 7 1 6 7 4 0 3 2 5
33 26 7 1 6 7 4 2 0 3 5
33 26 7 1 3 2 6 4 0 7 5
33 26 7 1 2 7 6 4 0 3 5
33 26 7 3 1 6 4 5 2 0 7
33 26 7 3 1 6 0 5 2 7 4
33 26 7 5 1 2 4 0 3 7 6
33 26 7 6 1 2 4 5 3 7 0
33 27 6 1 2 6 5 3 7 4 0
33 27 6 1 2 6 3 4 7 5 0
33 27 6 2 1 6 4 5 3 7 0
33 27 6 1 2 6 0 5 3 4 7
34 25 9 4 2 6 0 1 7 5 3
34 25 9 7 2 6 4 1 0 5 3
34 25 9 4 2 0 5 1 3 7 6
34 25 9 3 0 6 4 2 1 7 5
34 25 9 3 2 6 0 4 1 7 5
34 25 9 1 2 0 5 3 7 6 4
34 25 9 1 6 0 5 3 2 7 4
34 25 9 1 6 0 4 3 2 5 7
34 25 9 1 3 6 0 4 2 7 5
34 25 9 1 0 6 4 2 5 3 7
34 25 9 1 2 6 0 4 5 3 7
34 25 9 1 2 4 5 0 3 6 7
34 26 8 4 0 2 6 1 3 7 5
34 26 8 4 2 7 6 1 3 0 5
34 26 8 0 1 2 4 3 7 5 6
34 26 8 1 6 4 7 2 3 0 5
34 26 8 0 1 2 6 4 3 7 5
34 26 8 3 1 0 4 5 2 7 6
34 26 8 0 1 6 4 5 2 7 3
34 26 8 4 1 2 0 5 3 7 6
34 26 8 3 1 2 4 5 0 7 6
34 27 7 1 2 6 3 7 0 5 4
34 27 7 1 6 0 4 2 7 5 3
34 27 7 1 7 6 4 2 0 5 3
34 27 7 1 2 0 6 4 7 5 3
34 27 7 3 2 6 4 7 0 5 1
34 27 7 2 0 4 1 5 3 7 6
34 27 7 5 2 4 1 0 3 7 6
34 27 7 6 2 4 1 5 3 7 0
34 28 6 1 2 4 3 5 7 6 0
34 28 6 1 2 4 6 3 0 7 5
34 28 6 1 6 4 3 5 2 7 0
34 28 6 1 6 4 7 3 2 5 0
34 28 6 1 2 4 5 3 0 7 6
34 28 6 1 2 4 5 6 3 7 0
34 28 6 1 2 4 7 5 0 3 6
34 28 6 1 2 0 7 5 3 4 6
34 28 6 1 0 2 7 4 3 6 5
34 28 6 1 0 2 7 5 3 6 4
34 29 5 3 2 6 4 5 7 1 0
35 25 10 5 2 6 7 1 3 0 4
35 25 10 0 2 4 5 3 7 6 1
35 25 10 0 6 4 5 3 2 7 1
35 25 10 0 6 7 4 3 2 5 1
35 26 9 0 2 4 1 3 7 5 6
35 26 9 1 2 4 3 0 7 5 6
35 26 9 0 6 4 1 2 3 7 5
35 26 9 1 6 4 2 0 3 7 5
35 27 8 3 2 6 1 0 7 5 4
35 27 8 0 2 6 3 1 7 5 4
35 27 8 0 1 6 4 2 7 5 3
35 27 8 2 0 6 5 4 3 7 1
35 27 8 3 1 2 4 0 7 6 5
35 27 8 3 1 6 4 2 7 0 5
35 27 8 3 2 4 1 5 0 7 6
35 27 8 1 2 6 7 0 3 4 5
35 28 7 4 2 6 1 3 0 7 5
35 28 7 1 2 4 3 7 0 6 5
35 28 7 1 2 0 6 3 7 4 5
35 28 7 1 6 4 3 2 0 7 5
35 28 7 1 6 4 7 3 0 2 5
35 28 7 1 6 0 7 3 2 4 5
35 28 7 0 2 4 5 1 3 7 6
35 28 7 2 6 0 1 5 3 7 4
35 28 7 2 3 6 1 5 0 7 4
35 28 7 5 2 6 1 3 0 7 4
35 28 7 4 2 6 1 5 3 0 7
35 28 7 1 2 6 0 4 3 5 7
35 28 7 1 2 7 0 4 3 6 5
35 28 7 1 0 6 5 3 2 7 4
35 28 7 1 2 6 7 0 5 3 4
35 28 7 1 0 6 7 5 2 3 4
35 28 7 2 6 4 0 5 3 7 1
35 28 7 2 6 7 4 5 3 0 1
35 28 7 2 3 6 4 0 5 7 1
35 28 7 2 3 6 4 5 7 0 1
35 28 7 5 2 6 4 3 7 0 1
35 28 7 5 0 6 4 3 2 7 1
35 29 6 1 2 6 7 0 4 3 5
35 29 6 0 2 6 4 3 5 7 1
35 29 6 3 2 6 4 1 5 7 0
35 29 6 3 2 0 4 5 7 6 1
35 29 6 0 3 6 4 5 2 7 1
35 29 6 3 6 0 4 5 2 7 1
35 30 5 1 2 5 4 0 3 7 6
35 30 5 1 3 4 0 2 7 6 5
36 27 9 2 0 6 1 3 7 5 4
36 27 9 4 2 6 1 3 7 5 0
36 27 9 1 0 6 3 2 7 5 4
36 27 9 0 2 6 1 4 7 5 3
36 27 9 1 2 6 5 4 7 0 3
36 27 9 3 2 6 5 4 0 7 1
36 27 9 4 1 2 0 3 7 6 5
36 27 9 5 1 2 4 3 7 6 0
36 27 9 0 2 6 7 5 3 4 1
36 28 8 2 0 4 1 3 7 6 5
36 28 8 3 2 4 1 0 7 6 5
36 28 8 0 2 4 3 1 7 6 5
36 28 8 1 0 4 3 2 7 6 5
36 28 8 6 0 4 1 3 2 7 5
36 28 8 3 6 4 1 0 2 7 5
36 28 8 0 6 4 3 1 2 7 5
36 28 8 2 6 0 4 3 7 5 1
36 28 8 2 7 6 4 3 0 5 1
36 28 8 5 1 6 4 2 3 0 7
36 28 8 5 1 6 0 2 3 7 4
36 28 8 5 1 6 4 0 3 7 2
36 28 8 4 2 0 1 5 3 7 6
36 28 8 1 2 6 7 0 3 5 4
36 29 7 4 2 6 7 1 3 5 0
36 29 7 4 2 0 7 1 3 6 5
36 29 7 7 2 6 4 0 3 5 1
36 29 7 7 2 6 4 3 5 0 1
36 29 7 4 1 6 5 2 3 7 0
36 29 7 5 1 6 4 2 0 7 3
36 29 7 3 2 6 1 0 5 7 4
36 29 7 3 2 6 1 5 7 0 4
36 29 7 3 0 6 1 5 2 7 4
36 29 7 1 0 6 7 4 2 3 5
36 29 7 2 6 0 4 3 1 7 5
36 29 7 4 0 2 6 5 3 7 1
36 29 7 4 2 7 6 5 3 0 1
36 30 6 1 2 0 4 7 5 6 3
36 30 6 1 2 4 6 5 0 3 7
36 30 6 1 2 0 6 5 3 4 7
36 30 6 3 2 6 4 5 1 0 7
36 30 6 3 2 6 0 5 1 7 4
36 30 6 1 0 5 4 3 2 7 6
36 30 6 1 2 5 0 3 7 6 4
36 30 6 1 3 6 4 5 2 0 7
36 30 6 1 3 6 0 5 2 7 4
36 30 6 1 3 6 0 2 7 5 4
36 30 6 1 0 3 4 2 7 6 5
36 30 6 1 2 7 0 5 3 4 6
36 31 5 1 6 3 4 5 2 0 7
36 31 5 1 3 2 4 5 6 0 7
36 31 5 1 3 2 4 5 7 6 0
37 27 10 7 2 6 1 3 0 5 4
37 27 10 7 1 2 4 3 0 6 5
37 27 10 3 0 6 4 2 7 5 1
37 27 10 3 2 6 0 4 7 5 1
37 27 10 2 1 6 0 4 3 7 5
37 28 9 5 2 4 1 3 7 6 0
37 28 9 5 6 4 1 3 2 7 0
37 28 9 1 0 4 3 6 2 7 5
37 28 9 5 1 0 4 2 3 7 6
37 28 9 1 0 4 5 2 3 7 6
37 28 9 1 2 0 7 4 3 5 6
37 29 8 4 2 6 7 1 0 3 5
37 29 8 4 2 0 6 3 7 5 1
37 29 8 7 0 6 4 3 2 5 1
37 29 8 4 1 0 6 2 3 7 5
37 29 8 2 6 0 1 4 3 7 5
37 29 8 2 3 6 1 4 0 7 5
37 29 8 5 2 6 1 4 3 0 7
37 29 8 5 1 6 4 3 0 2 7
37 29 8 5 1 0 4 3 2 6 7
37 29 8 5 1 0 6 3 2 7 4
37 29 8 2 0 6 5 1 3 7 4
37 30 7 3 1 6 5 4 2 7 0
37 30 7 3 2 6 1 0 4 7 5
37 30 7 5 0 1 4 3 2 7 6
37 30 7 2 1 6 4 3 7 5 0
37 30 7 3 2 0 4 5 1 7 6
37 30 7 0 2 6 4 5 1 7 3
37 30 7 1 2 5 4 0 7 6 3
37 30 7 1 3 0 4 5 2 7 6
37 30 7 1 2 4 7 0 3 6 5
37 31 6 1 3 6 5 2 0 7 4
37 31 6 1 2 7 4 3 0 6 5
37 31 6 1 3 2 4 0 5 6 7
37 31 6 1 3 2 4 6 5 7 0
37 31 6 1 3 0 4 5 7 2 6
37 31 6 1 2 7 4 6 5 3 0
37 31 6 1 7 0 4 5 2 3 6
37 32 5 1 2 5 6 4 3 7 0
37 32 5 1 7 2 4 3 6 5 0
38 28 10 4 0 6 1 2 3 7 5
38 28 10 7 2 4 1 3 0 6 5
38 28 10 2 6 4 1 3 0 7 5
38 28 10 5 0 6 1 2 3 7 4
38 28 10 0 2 6 7 4 3 5 1
38 29 9 4 1 6 7 2 3 0 5
38 29 9 5 2 0 1 4 3 7 6
38 29 9 0 1 6 5 3 2 7 4
38 29 9 5 0 6 4 1 2 7 3
38 29 9 4 1 6 5 3 2 0 7
38 29 9 4 1 6 5 0 2 7 3
38 29 9 3 2 6 5 1 0 7 4
38 29 9 3 0 6 4 2 5 7 1
38 29 9 3 2 6 0 4 5 7 1
38 30 8 3 1 0 6 4 2 7 5
38 30 8 3 2 6 1 4 7 0 5
38 30 8 3 0 6 1 4 2 7 5
38 30 8 5 1 4 0 3 2 7 6
38 30 8 5 1 7 4 3 2 0 6
38 30 8 4 0 1 6 3 2 7 5
38 30 8 2 1 0 4 3 7 6 5
38 30 8 0 2 7 1 5 3 6 4
38 30 8 1 3 6 4 0 7 5 2
38 30 8 1 3 0 4 2 7 5 6
38 30 8 1 2 7 6 0 3 4 5
38 31 7 1 6 0 5 2 3 7 4
38 31 7 0 5 6 4 2 3 7 1
38 31 7 5 6 0 4 2 3 7 1
38 31 7 5 3 6 4 2 0 7 1
38 31 7 5 2 0 6 4 3 7 1
38 31 7 1 6 0 4 7 2 5 3
38 31 7 0 2 4 6 1 3 7 5
38 31 7 0 2 7 4 1 3 6 5
38 31 7 5 2 6 4 3 1 7 0
38 31 7 1 2 6 0 7 5 3 4
38 31 7 1 6 4 0 5 2 3 7
38 31 7 1 3 2 6 0 5 7 4
38 31 7 1 3 2 6 5 7 0 4
38 31 7 1 2 7 6 0 5 3 4
38 31 7 1 0 7 6 5 2 3 4
38 31 7 0 3 2 4 1 5 7 6
38 31 7 0 2 7 4 1 5 3 6
38 31 7 0 1 7 4 5 2 3 6
38 32 6 4 2 6 7 5 3 1 0
38 32 6 2 3 6 4 5 1 7 0
38 32 6 1 2 5 6 3 0 7 4
38 32 6 1 2 5 6 3 7 4 0
38 32 6 1 2 5 0 4 3 6 7
38 32 6 1 7 0 4 3 6 2 5
39 29 10 4 2 6 3 0 7 5 1
39 29 10 4 2 6 5 3 7 0 1
39 29 10 4 1 6 2 0 3 7 5
39 29 10 5 1 6 3 0 2 7 4
39 29 10 5 1 6 7 3 2 0 4
39 29 10 5 1 6 0 4 2 7 3
39 29 10 4 1 0 5 3 2 7 6
39 30 9 0 1 6 3 4 2 7 5
39 30 9 4 1 7 6 3 2 0 5
39 30 9 1 2 7 5 0 3 6 4
39 30 9 0 2 5 4 3 7 6 1
39 30 9 0 3 6 4 2 7 5 1
39 30 9 0 2 4 7 5 3 6 1
39 30 9 0 2 7 6 5 3 4 1
39 31 8 0 1 6 5 2 3 7 4
39 31 8 0 1 6 4 7 2 5 3
39 31 8 1 2 4 0 6 3 7 5
39 31 8 1 0 7 4 2 3 6 5
39 31 8 4 2 6 0 3 1 7 5
39 31 8 1 2 0 4 7 5 3 6
39 31 8 1 0 2 4 3 5 7 6
39 32 7 4 1 6 3 5 2 7 0
39 32 7 4 1 6 7 3 2 5 0
39 32 7 4 1 0 7 3 2 6 5
39 32 7 4 2 6 5 3 0 7 1
39 32 7 4 2 6 7 5 0 3 1
39 32 7 4 2 0 7 5 3 6 1
39 32 7 2 0 4 6 5 3 7 1
39 32 7 5 2 4 6 0 3 7 1
39 32 7 6 2 4 0 5 3 7 1
39 32 7 2 0 7 4 5 3 6 1
39 32 7 5 2 7 4 0 3 6 1
39 32 7 0 3 6 4 2 1 7 5
39 32 7 5 2 6 4 0 1 3 7
39 32 7 1 2 6 5 0 4 3 7
39 32 7 1 0 2 5 4 3 6 7
39 32 7 1 2 0 5 3 7 4 6
39 32 7 0 1 7 4 3 6 2 5
39 32 7 1 6 4 5 2 3 0 7
39 32 7 1 6 7 0 2 3 5 4
39 32 7 1 2 7 0 4 3 5 6
39 33 6 5 2 4 6 1 3 7 0
39 33 6 5 2 7 4 1 3 6 0
39 33 6 1 2 7 5 4 3 6 0
39 33 6 1 7 2 4 5 3 6 0
39 33 6 1 6 7 4 5 3 2 0
39 33 6 1 0 7 4 2 6 3 5
39 33 6 1 3 2 6 0 4 7 5
39 34 5 1 6 4 7 2 3 5 0
39 34 5 1 0 6 4 5 2 7 3
39 34 5 1 3 2 7 4 0 6 5
39 34 5 1 3 2 7 5 0 6 4
39 35 4 1 3 4 5 2 7 6 0
39 36 3 1 6 3 4 5 2 7 0
39 36 3 1 3 2 4 5 6 7 0
40 30 10 3 1 6 7 4 2 0 5
40 31 9 1 0 4 6 2 3 7 5
40 31 9 0 2 6 4 7 5 3 1
40 31 9 1 3 2 0 4 5 7 6
40 31 9 1 0 7 4 2 5 3 6
40 31 9 1 2 7 0 4 5 3 6
40 32 8 4 1 6 3 2 0 7 5
40 32 8 4 1 6 7 3 0 2 5
40 32 8 3 2 4 6 5 0 7 1
40 32 8 4 2 7 0 5 3 6 1
40 32 8 3 2 7 4 5 0 6 1
40 32 8 5 0 6 4 1 2 3 7
40 32 8 5 0 2 4 1 3 6 7
40 32 8 5 2 4 0 1 3 6 7
40 32 8 5 0 2 6 1 3 7 4
40 32 8 5 2 7 6 1 3 0 4
40 32 8 1 0 6 5 4 2 3 7
40 32 8 5 3 6 4 1 2 7 0
40 32 8 2 0 6 4 1 5 3 7
40 32 8 7 2 6 4 1 5 3 0
40 32 8 5 1 6 4 0 2 3 7
40 32 8 7 1 6 4 5 2 3 0
40 32 8 5 1 2 4 0 3 6 7
40 32 8 7 1 2 4 5 3 6 0
40 32 8 5 1 2 6 0 3 7 4
40 32 8 6 1 2 0 5 3 7 4
40 32 8 4 1 2 6 5 3 7 0
40 32 8 0 2 5 1 4 3 7 6
40 32 8 1 2 5 7 4 3 0 6
40 32 8 3 2 6 0 1 7 5 4
40 32 8 1 2 4 6 0 7 5 3
40 32 8 1 6 4 5 0 3 7 2
40 32 8 1 6 7 4 0 3 5 2
40 32 8 1 2 7 6 0 3 5 4
40 33 7 2 6 4 5 1 3 7 0
40 33 7 2 6 7 4 1 3 5 0
40 33 7 2 3 6 4 1 7 5 0
40 33 7 2 3 0 4 1 7 6 5
40 33 7 1 2 4 5 7 0 6 3
40 33 7 1 6 4 5 2 0 7 3
40 33 7 1 6 0 7 3 2 5 4
40 33 7 1 6 7 4 2 0 5 3
40 33 7 0 5 2 4 1 3 7 6
40 33 7 5 3 2 4 1 0 7 6
40 33 7 5 2 7 4 1 0 3 6
40 33 7 1 3 2 5 4 0 7 6
40 33 7 1 2 7 5 4 0 3 6
40 33 7 1 7 2 4 0 3 5 6
40 33 7 1 7 2 4 3 5 0 6
40 33 7 1 6 7 4 0 2 3 5
40 33 7 1 3 2 6 4 7 0 5
40 33 7 1 2 7 6 0 4 3 5
40 33 7 3 1 6 4 5 0 2 7
40 33 7 3 1 0 4 5 2 6 7
40 33 7 3 1 0 6 5 2 7 4
40 33 7 5 1 2 4 3 0 7 6
40 33 7 5 1 2 4 6 3 7 0
40 33 7 6 1 2 4 5 3 0 7
40 33 7 1 2 6 0 3 7 4 5
40 33 7 1 2 6 3 4 7 0 5
40 33 7 2 1 6 4 5 3 0 7
40 33 7 2 1 6 0 5 3 7 4
40 34 6 3 2 6 5 4 1 7 0
40 34 6 1 3 6 5 4 2 7 0
40 34 6 1 2 6 7 4 5 3 0
40 34 6 1 6 4 7 2 0 3 5
40 34 6 1 6 0 7 2 3 4 5
40 34 6 3 0 1 4 5 2 7 6
40 34 6 3 0 2 4 5 1 7 6
40 34 6 1 6 5 4 2 7 0 3
40 34 6 1 2 4 3 5 7 0 6
40 34 6 1 2 4 0 5 7 6 3
40 34 6 1 6 4 0 5 2 7 3
40 35 5 1 2 5 4 6 3 7 0
41 31 10 5 2 6 7 4 3 0 1
41 32 9 4 3 6 0 1 2 7 5
41 32 9 4 2 6 0 1 5 3 7
41 32 9 4 1 6 0 5 2 3 7
41 32 9 2 1 6 4 5 0 3 7
41 32 9 4 1 2 0 5 3 6 7
41 32 9 3 1 2 4 5 0 6 7
41 32 9 3 1 2 6 5 0 7 4
41 32 9 3 2 0 4 1 7 5 6
41 32 9 1 6 0 4 2 3 5 7
41 32 9 1 2 0 6 4 3 5 7
41 33 8 2 6 7 4 1 0 3 5
41 33 8 1 7 2 6 3 0 5 4
41 33 8 2 6 0 4 1 7 5 3
41 33 8 2 7 6 4 1 0 5 3
41 33 8 4 2 6 5 1 0 3 7
41 33 8 4 2 0 5 1 3 6 7
41 33 8 0 2 4 5 1 7 6 3
41 33 8 1 0 4 5 2 7 6 3
41 33 8 1 6 4 5 3 0 2 7
41 33 8 1 6 0 5 3 2 4 7
41 33 8 0 6 4 5 1 2 7 3
41 33 8 0 6 7 4 1 2 5 3
41 33 8 2 0 4 1 5 3 6 7
41 33 8 5 2 4 1 0 3 6 7
41 33 8 7 2 4 1 5 3 6 0
41 33 8 0 1 2 5 4 3 7 6
41 33 8 3 0 2 4 1 7 6 5
41 33 8 3 2 4 0 1 7 6 5
41 33 8 3 6 4 0 1 2 7 5
41 33 8 3 6 7 4 1 2 0 5
41 33 8 0 7 2 4 1 3 6 5
41 33 8 0 6 7 4 1 3 2 5
41 33 8 1 0 7 6 4 2 3 5
41 33 8 0 1 6 3 5 2 7 4
41 33 8 6 1 2 4 0 3 7 5
41 33 8 6 1 0 4 5 3 7 2
41 33 8 1 2 6 5 0 7 4 3
41 33 8 2 1 0 4 5 3 7 6
41 33 8 0 1 6 4 5 3 7 2
41 33 8 0 2 6 1 5 3 4 7
41 34 7 4 2 6 3 1 7 5 0
41 34 7 7 2 6 4 0 1 5 3
41 34 7 7 2 6 4 1 5 0 3
41 34 7 4 2 5 0 1 3 7 6
41 34 7 3 6 0 4 2 1 7 5
41 34 7 3 2 0 6 4 1 7 5
41 34 7 1 0 2 5 3 7 6 4
41 34 7 1 6 5 0 3 2 7 4
41 34 7 1 0 6 4 3 2 5 7
41 34 7 1 6 5 4 3 2 0 7
41 34 7 1 3 0 6 4 2 7 5
41 34 7 1 6 0 4 2 5 3 7
41 34 7 1 5 6 4 2 0 3 7
41 34 7 1 2 0 6 4 5 3 7
41 34 7 1 2 4 5 3 0 6 7
41 34 7 1 2 4 5 7 3 6 0
41 34 7 4 2 7 6 1 3 5 0
41 34 7 3 1 4 0 5 2 7 6
41 34 7 3 1 7 4 5 2 0 6
41 34 7 4 1 0 2 5 3 7 6
41 34 7 3 1 2 4 0 5 7 6
41 34 7 3 1 2 4 5 7 0 6
41 34 7 1 2 6 3 7 5 0 4
41 34 7 1 6 4 0 2 7 5 3
41 34 7 1 7 6 4 0 2 5 3
41 34 7 1 7 6 4 2 5 0 3
41 34 7 1 2 5 6 4 7 0 3
41 34 7 3 2 6 4 7 5 0 1
41 34 7 2 4 0 1 5 3 7 6
41 34 7 2 3 4 1 5 0 7 6
41 34 7 5 2 4 1 3 0 7 6
41 34 7 5 2 4 1 6 3 7 0
41 34 7 6 2 4 1 5 3 0 7
41 34 7 1 0 4 6 3 2 7 5
41 34 7 1 6 4 3 5 2 0 7
41 34 7 1 0 4 5 3 2 7 6
41 34 7 1 2 4 5 6 3 0 7
41 34 7 1 2 4 7 0 5 3 6
41 34 7 1 0 4 7 5 2 3 6
41 34 7 1 0 2 7 5 3 4 6
41 34 7 0 1 2 7 4 3 6 5
41 34 7 0 1 2 7 5 3 6 4
41 34 7 3 2 6 0 5 7 1 4
41 35 6 1 6 4 2 5 3 7 0
41 35 6 1 2 4 3 7 6 0 5
41 35 6 1 0 4 3 2 6 7 5
41 35 6 2 6 4 1 5 3 7 0
41 35 6 2 6 7 4 5 3 1 0
41 35 6 2 3 6 4 5 7 1 0
41 35 6 5 2 6 4 3 7 1 0
41 35 6 1 2 6 7 5 4 3 0
41 35 6 1 2 6 4 3 5 7 0
41 35 6 0 2 5 4 1 3 7 6
41 36 5 1 6 3 4 5 0 2 7
41 36 5 1 3 0 4 5 6 2 7
41 37 4 1 0 3 4 5 2 7 6
42 32 10 4 0 6 3 1 2 7 5
42 32 10 4 0 6 5 2 3 7 1
42 32 10 2 3 6 0 4 1 7 5
42 32 10 0 2 4 6 3 7 5 1
42 32 10 0 6 4 5 2 3 7 1
42 32 10 0 6 7 4 2 3 5 1
42 32 10 0 2 7 6 4 3 5 1
42 33 9 0 6 4 2 1 3 7 5
42 33 9 0 1 2 6 3 7 5 4
42 33 9 1 0 4 5 6 2 7 3
42 33 9 1 0 7 4 6 2 5 3
42 33 9 3 2 4 1 5 0 6 7
42 33 9 1 0 2 4 7 3 6 5
42 33 9 1 7 2 0 4 3 6 5
42 33 9 1 0 7 4 6 3 2 5
42 33 9 1 2 0 3 4 7 5 6
42 33 9 1 2 6 5 0 3 4 7
42 34 8 4 2 0 6 1 7 5 3
42 34 8 7 0 6 4 1 2 5 3
42 34 8 4 0 2 5 1 3 7 6
42 34 8 4 2 7 5 1 3 0 6
42 34 8 0 2 6 3 4 1 7 5
42 34 8 1 6 7 5 3 2 0 4
42 34 8 1 6 4 0 3 2 5 7
42 34 8 1 3 6 7 4 2 0 5
42 34 8 0 1 6 4 2 5 3 7
42 34 8 0 2 4 5 1 3 6 7
42 34 8 1 0 4 5 2 3 6 7
42 34 8 0 4 2 6 1 3 7 5
42 34 8 4 3 2 6 1 0 7 5
42 34 8 4 2 7 6 1 0 3 5
42 34 8 3 1 2 4 0 7 5 6
42 34 8 4 1 2 6 0 3 7 5
42 34 8 4 1 6 0 5 2 7 3
42 34 8 2 1 6 4 5 0 7 3
42 34 8 1 0 6 3 7 2 5 4
42 34 8 1 0 2 6 4 7 5 3
42 34 8 3 0 6 4 7 2 5 1
42 34 8 6 2 4 1 0 3 7 5
42 34 8 6 2 0 1 5 3 7 4
42 34 8 1 2 0 3 5 7 6 4
42 34 8 1 6 0 3 5 2 7 4
42 34 8 1 6 4 7 0 2 5 3
42 34 8 1 2 0 5 6 3 7 4
42 34 8 3 2 6 4 0 7 1 5
42 34 8 3 2 0 4 5 7 1 6
42 34 8 0 2 6 4 5 7 1 3
42 35 7 5 2 6 7 1 3 4 0
42 35 7 5 2 0 7 1 3 6 4
42 35 7 1 2 4 3 7 0 5 6
42 35 7 1 2 4 3 6 7 5 0
42 35 7 1 6 4 2 3 0 7 5
42 35 7 3 1 2 4 5 7 6 0
42 35 7 3 1 6 4 2 7 5 0
42 35 7 3 1 0 4 2 7 6 5
42 35 7 3 2 4 1 0 5 7 6
42 35 7 3 2 4 1 5 7 0 6
42 35 7 3 0 4 1 5 2 7 6
42 35 7 1 2 6 7 3 0 4 5
42 35 7 1 0 4 3 7 2 6 5
42 35 7 1 6 4 3 2 7 0 5
42 35 7 1 6 4 7 0 3 2 5
42 35 7 1 0 4 7 3 6 2 5
42 35 7 1 0 6 7 3 2 4 5
42 35 7 2 6 1 0 5 3 7 4
42 35 7 4 2 6 1 5 0 3 7
42 35 7 4 2 0 1 5 3 6 7
42 35 7 1 6 0 7 5 2 3 4
42 35 7 2 6 7 4 5 0 3 1
42 35 7 0 3 6 4 2 5 7 1
42 35 7 2 3 6 4 1 5 7 0
42 35 7 2 3 0 4 5 7 6 1
42 35 7 5 2 0 4 3 7 6 1
42 35 7 0 5 6 4 3 2 7 1
42 35 7 5 6 0 4 3 2 7 1
42 35 7 0 2 6 7 1 4 3 5
42 35 7 1 0 6 7 2 4 3 5
42 35 7 2 0 6 4 3 5 7 1
42 35 7 3 2 6 4 1 5 0 7
42 35 7 3 2 6 0 1 5 7 4
42 35 7 3 0 2 4 5 7 6 1
42 35 7 3 2 4 0 5 7 6 1
42 35 7 5 3 6 4 0 2 7 1
42 35 7 3 6 4 0 5 2 7 1
42 35 7 3 6 7 4 5 2 0 1
42 35 7 0 3 4 1 2 7 6 5
42 36 6 1 2 6 5 4 0 7 3
42 36 6 1 2 6 5 4 7 3 0
42 36 6 1 4 0 3 2 7 6 5
42 36 6 1 7 4 3 2 0 6 5
42 36 6 4 2 1 0 5 3 7 6
42 36 6 7 2 6 4 3 5 1 0
42 36 6 3 2 6 1 5 7 4 0
42 36 6 4 2 7 6 5 3 1 0
42 36 6 3 2 6 4 5 0 1 7
42 36 6 3 2 0 4 5 1 6 7
42 36 6 3 2 0 6 5 1 7 4
42 36 6 1 5 0 4 3 2 7 6
42 36 6 1 3 6 4 5 0 2 7
42 36 6 1 3 0 4 5 2 6 7
42 36 6 1 3 0 6 5 2 7 4
42 36 6 1 3 0 6 2 7 5 4
42 36 6 1 7 3 4 2 0 6 5
42 36 6 1 3 2 0 5 7 6 4
42 37 5 1 2 7 4 3 6 0 5
42 37 5 1 0 3 4 5 7 2 6
42 37 5 1 7 3 4 5 2 0 6
42 38 4 1 2 5 7 4 3 6 0
43 33 10 2 6 4 1 0 3 7 5
43 33 10 2 6 4 7 1 3 0 5
43 33 10 0 6 7 1 3 2 5 4
43 33 10 1 6 7 3 0 2 5 4
43 33 10 1 6 7 0 4 2 5 3
43 33 10 5 2 4 7 1 3 0 6
43 33 10 1 6 7 0 4 3 2 5
43 33 10 3 1 6 5 0 2 7 4
43 33 10 3 1 6 7 5 2 0 4
43 33 10 5 1 2 0 4 3 7 6
43 33 10 0 2 6 5 3 7 4 1
43 33 10 0 2 6 3 4 7 5 1
43 34 9 0 3 6 1 4 2 7 5
43 34 9 0 2 6 1 4 5 3 7
43 34 9 1 2 6 3 4 5 0 7
43 34 9 6 1 2 4 3 7 5 0
43 34 9 6 1 2 0 4 3 7 5
43 34 9 5 1 2 6 4 3 7 0
43 34 9 0 2 4 3 5 7 6 1
43 34 9 0 6 4 3 5 2 7 1
43 34 9 0 2 4 5 6 3 7 1
43 35 8 5 2 6 7 1 0 3 4
43 35 8 2 0 4 5 3 7 6 1
43 35 8 3 2 4 5 0 7 6 1
43 35 8 6 0 4 5 3 2 7 1
43 35 8 3 6 4 5 0 2 7 1
43 35 8 6 0 7 4 3 2 5 1
43 35 8 3 6 7 4 0 2 5 1
43 35 8 3 2 4 1 0 7 5 6
43 35 8 0 2 4 3 1 7 5 6
43 35 8 6 0 4 1 2 3 7 5
43 35 8 3 2 6 1 7 0 5 4
43 35 8 3 2 6 1 4 7 5 0
43 35 8 2 1 6 4 0 7 5 3
43 35 8 2 6 0 5 4 3 7 1
43 35 8 2 3 6 5 4 0 7 1
43 35 8 3 1 2 4 7 0 6 5
43 35 8 0 2 6 7 1 3 4 5
43 35 8 1 0 6 7 2 3 4 5
43 35 8 4 2 6 1 3 7 0 5
43 35 8 4 0 6 1 3 2 7 5
43 35 8 1 0 2 6 3 7 4 5
43 35 8 1 6 7 0 3 2 4 5
43 35 8 2 0 4 5 1 3 7 6
43 35 8 6 2 4 5 1 3 7 0
43 35 8 2 6 7 1 5 3 0 4
43 35 8 2 3 6 1 0 5 7 4
43 35 8 2 3 6 1 5 7 0 4
43 35 8 5 2 6 1 3 7 0 4
43 35 8 5 0 6 1 3 2 7 4
43 35 8 1 2 6 4 0 3 5 7
43 35 8 0 2 6 7 1 5 3 4
43 35 8 1 0 6 7 2 5 3 4
43 35 8 0 1 6 7 5 2 3 4
43 35 8 0 6 4 2 5 3 7 1
43 35 8 4 2 6 0 3 5 7 1
43 35 8 3 2 0 4 1 5 7 6
43 35 8 0 2 6 4 1 5 7 3
43 35 8 4 3 6 0 5 2 7 1
43 35 8 1 0 5 4 2 3 7 6
43 35 8 1 3 4 2 0 7 6 5
43 35 8 1 3 4 6 2 7 0 5
43 36 7 1 6 0 3 2 7 5 4
43 36 7 1 7 6 3 2 0 5 4
43 36 7 1 2 0 5 4 7 6 3
43 36 7 3 2 6 5 0 4 7 1
43 36 7 4 1 2 5 3 7 6 0
43 36 7 3 2 4 1 5 7 6 0
43 36 7 0 1 4 3 2 7 6 5
43 36 7 6 2 4 1 3 0 7 5
43 36 7 3 6 4 1 5 2 7 0
43 36 7 5 1 0 4 2 3 6 7
43 36 7 5 1 6 4 3 0 7 2
43 36 7 4 0 2 1 5 3 7 6
43 36 7 4 2 7 1 5 3 0 6
43 36 7 1 2 6 7 3 0 5 4
43 36 7 4 0 2 7 1 3 6 5
43 36 7 0 2 6 4 7 3 5 1
43 36 7 7 2 6 4 1 3 5 0
43 36 7 7 2 0 4 3 5 6 1
43 36 7 5 0 6 4 2 1 7 3
43 36 7 0 2 6 1 3 5 7 4
43 36 7 3 2 6 1 4 5 7 0
43 36 7 3 2 0 1 5 7 6 4
43 36 7 0 3 6 1 5 2 7 4
43 36 7 3 6 0 1 5 2 7 4
43 36 7 1 6 0 7 4 2 3 5
43 36 7 0 4 2 6 5 3 7 1
43 36 7 4 3 2 6 5 0 7 1
43 36 7 4 2 7 6 5 0 3 1
43 36 7 1 0 2 4 7 5 6 3
43 36 7 1 2 4 0 7 5 6 3
43 36 7 1 2 4 6 0 5 3 7
43 36 7 1 0 4 6 5 2 3 7
43 36 7 1 0 2 6 5 3 4 7
43 36 7 0 2 6 3 5 1 7 4
43 36 7 0 1 5 4 3 2 7 6
43 36 7 0 1 3 4 2 7 6 5
43 36 7 1 3 2 4 0 7 6 5
43 37 6 1 2 4 3 6 0 7 5
43 37 6 1 3 4 5 2 0 7 6
43 37 6 3 2 6 1 5 4 7 0
43 37 6 5 2 1 4 3 0 7 6
43 37 6 3 2 4 0 5 1 7 6
43 37 6 3 2 7 4 5 1 0 6
43 37 6 2 0 6 4 5 1 7 3
43 37 6 5 2 6 4 0 1 7 3
43 37 6 1 2 6 4 5 0 7 3
43 37 6 1 2 5 4 7 0 6 3
43 37 6 1 3 4 0 5 2 7 6
43 37 6 1 3 7 4 5 2 0 6
43 37 6 1 2 4 7 3 0 6 5
43 37 6 1 3 6 5 2 7 0 4
43 37 6 1 3 2 4 7 5 6 0
43 37 6 1 2 7 4 6 5 0 3
43 38 5 1 3 5 4 2 7 0 6
43 39 4 1 3 2 7 0 4 6 5
44 34 10 4 2 6 1 0 7 5 3
44 34 10 4 2 6 5 1 7 0 3
44 34 10 3 2 6 7 4 1 0 5
44 34 10 4 1 2 0 3 7 5 6
44 34 10 7 1 2 4 3 0 5 6
44 34 10 3 1 2 6 4 0 7 5
44 34 10 4 1 2 5 0 3 7 6
44 34 10 4 1 2 7 5 3 0 6
44 34 10 5 0 4 1 2 3 7 6
44 34 10 0 6 4 7 3 2 5 1
44 35 9 5 2 4 0 3 7 6 1
44 35 9 5 6 4 0 3 2 7 1
44 35 9 2 0 4 1 3 7 5 6
44 35 9 6 2 4 1 3 7 5 0
44 35 9 1 0 4 3 2 7 5 6
44 35 9 5 6 4 1 2 3 7 0
44 35 9 1 0 4 2 6 3 7 5
44 35 9 2 0 6 3 1 7 5 4
44 35 9 4 1 6 0 2 7 5 3
44 35 9 1 2 6 0 7 3 4 5
44 35 9 3 2 4 5 1 0 7 6
44 35 9 0 2 6 1 4 3 5 7
44 35 9 0 2 7 1 4 3 6 5
44 35 9 1 2 6 0 7 4 3 5
44 36 8 0 1 6 3 2 7 5 4
44 36 8 3 2 6 5 4 7 0 1
44 36 8 3 0 6 5 4 2 7 1
44 36 8 4 1 0 2 3 7 6 5
44 36 8 5 1 2 4 3 7 0 6
44 36 8 5 1 2 0 3 7 6 4
44 36 8 2 0 6 7 5 3 4 1
44 36 8 5 2 6 7 0 3 4 1
44 36 8 7 2 6 0 5 3 4 1
44 36 8 2 4 0 1 3 7 6 5
44 36 8 2 7 4 1 3 0 6 5
44 36 8 3 2 4 1 7 0 6 5
44 36 8 2 0 4 3 1 7 6 5
44 36 8 6 4 0 1 3 2 7 5
44 36 8 3 6 4 1 2 0 7 5
44 36 8 6 0 4 3 1 2 7 5
44 36 8 2 6 5 4 3 7 0 1
44 36 8 2 7 6 4 0 3 5 1
44 36 8 2 7 6 4 3 5 0 1
44 36 8 5 1 6 4 2 0 3 7
44 36 8 5 1 0 6 2 3 7 4
44 36 8 0 2 6 7 1 3 5 4
44 36 8 1 0 6 7 2 3 5 4
44 36 8 4 2 6 0 1 3 5 7
44 36 8 4 2 7 0 1 3 6 5
44 36 8 4 1 6 5 2 3 0 7
44 36 8 5 1 6 4 2 7 0 3
44 36 8 0 1 6 7 4 2 3 5
44 36 8 2 6 4 0 3 1 7 5
44 36 8 2 6 7 4 3 1 0 5
44 36 8 0 2 5 1 3 7 6 4
44 36 8 1 2 5 3 0 7 6 4
44 36 8 1 3 6 7 5 2 0 4
44 36 8 0 3 6 1 2 7 5 4
44 36 8 0 2 7 1 5 3 4 6
44 36 8 1 3 0 4 5 7 6 2
44 37 7 7 1 2 4 3 6 0 5
44 37 7 2 1 6 5 4 3 7 0
44 37 7 1 4 0 3 6 2 7 5
44 37 7 5 0 1 4 2 3 7 6
44 37 7 1 4 0 5 2 3 7 6
44 37 7 1 0 2 7 4 3 5 6
44 37 7 2 3 6 1 0 4 7 5
44 37 7 0 2 6 1 3 4 7 5
44 37 7 0 5 1 4 3 2 7 6
44 37 7 4 2 6 0 5 1 7 3
44 37 7 0 2 5 4 1 7 6 3
44 37 7 1 0 5 4 2 7 6 3
44 37 7 0 2 4 7 1 3 6 5
44 37 7 1 0 4 7 2 3 6 5
44 37 7 1 3 6 5 0 2 7 4
44 37 7 1 0 7 4 3 2 6 5
44 37 7 0 3 2 4 1 5 6 7
44 37 7 1 3 2 4 6 5 0 7
44 37 7 1 3 2 0 6 5 7 4
44 37 7 1 3 4 0 5 7 2 6
44 37 7 1 2 7 0 6 5 3 4
44 37 7 1 7 4 0 5 2 3 6
44 37 7 1 2 5 6 4 3 0 7
44 37 7 1 2 5 6 0 3 7 4
44 37 7 1 7 2 0 3 6 5 4
44 37 7 1 7 2 4 0 6 5 3
44 38 6 4 1 6 7 2 3 5 0
44 38 6 4 1 0 7 2 3 6 5
44 38 6 5 2 6 4 1 0 7 3
44 38 6 1 0 3 4 2 7 5 6
44 38 6 1 3 4 0 2 7 5 6
44 38 6 1 6 5 0 2 3 7 4
44 38 6 1 6 4 7 5 2 3 0
44 38 6 1 3 2 6 5 7 4 0
44 39 5 1 2 0 4 6 3 7 5
44 39 5 1 3 7 4 2 0 6 5
44 39 5 1 2 3 4 7 5 0 6
44 39 5 1 2 0 4 3 5 7 6
44 39 5 6 2 0 4 5 3 7 1
44 39 5 1 6 0 4 5 2 7 3
44 39 5 1 3 2 7 0 5 6 4
44 39 5 1 6 3 0 5 2 7 4
44 39 5 1 3 2 0 5 6 7 4
44 41 3 1 2 3 4 5 0 7 6
45 35 10 7 2 4 5 3 0 6 1
45 35 10 2 6 4 5 3 0 7 1
45 35 10 4 6 7 0 3 2 5 1
45 35 10 2 6 7 4 3 0 5 1
45 35 10 7 2 4 1 3 0 5 6
45 35 10 3 0 6 1 2 7 5 4
45 35 10 7 2 6 3 1 0 5 4
45 35 10 7 1 6 4 2 0 5 3
45 35 10 3 1 2 0 4 7 6 5
45 35 10 2 6 4 5 0 3 7 1
45 35 10 2 6 4 7 5 3 0 1
45 35 10 2 3 6 0 4 5 7 1
45 36 9 2 6 0 1 3 7 5 4
45 36 9 2 7 6 1 3 0 5 4
45 36 9 2 0 6 1 4 7 5 3
45 36 9 5 1 2 4 0 7 6 3
45 36 9 3 2 6 7 5 0 4 1
45 36 9 3 0 4 1 2 7 6 5
45 36 9 5 2 4 3 1 7 6 0
45 36 9 5 6 4 3 1 2 7 0
45 36 9 2 6 4 0 3 7 5 1
45 36 9 5 1 6 7 2 3 0 4
45 36 9 5 0 6 4 1 3 7 2
45 36 9 1 2 6 0 7 3 5 4
45 36 9 4 2 6 7 0 3 5 1
45 36 9 4 1 6 5 0 3 7 2
45 36 9 3 2 6 5 0 1 7 4
45 36 9 3 2 6 7 5 1 0 4
45 36 9 1 3 6 2 0 7 5 4
45 36 9 1 2 7 5 0 3 4 6
45 36 9 0 3 2 4 5 7 6 1
45 37 8 7 2 6 1 0 3 5 4
45 37 8 7 2 6 1 3 5 0 4
45 37 8 7 1 2 4 0 3 6 5
45 37 8 7 0 2 4 3 1 6 5
45 37 8 3 6 0 4 2 7 5 1
45 37 8 3 7 6 4 2 0 5 1
45 37 8 3 2 0 6 4 7 5 1
45 37 8 2 1 0 6 4 3 7 5
45 37 8 5 2 4 1 3 7 0 6
45 37 8 0 1 4 3 6 2 7 5
45 37 8 5 1 4 0 2 3 7 6
45 37 8 5 1 7 4 2 3 0 6
45 37 8 0 1 4 5 2 3 7 6
45 37 8 4 2 6 7 0 1 3 5
45 37 8 4 0 6 7 1 2 3 5
45 37 8 4 2 5 6 3 7 0 1
45 37 8 0 7 6 4 3 2 5 1
45 37 8 7 6 0 4 3 2 5 1
45 37 8 4 0 1 6 2 3 7 5
45 37 8 4 1 7 6 2 3 0 5
45 37 8 2 6 1 0 4 3 7 5
45 37 8 2 3 6 1 4 7 0 5
45 37 8 5 2 6 1 4 0 3 7
45 37 8 5 2 0 1 4 3 6 7
45 37 8 5 1 6 4 0 3 2 7
45 37 8 5 0 6 4 3 1 2 7
45 37 8 5 0 1 4 3 2 6 7
45 37 8 5 1 4 0 3 2 6 7
45 37 8 5 0 1 6 3 2 7 4
45 37 8 2 6 0 5 1 3 7 4
45 37 8 2 3 6 5 1 0 7 4
45 37 8 1 2 5 0 4 7 6 3
45 37 8 1 3 2 0 4 5 6 7
45 37 8 1 3 0 4 6 5 7 2
45 37 8 1 2 0 4 6 5 3 7
45 37 8 1 7 0 4 3 6 5 2
45 38 7 4 3 6 1 2 0 7 5
45 38 7 7 2 4 1 3 6 0 5
45 38 7 2 0 4 1 3 6 7 5
45 38 7 5 3 6 1 2 0 7 4
45 38 7 4 1 6 7 2 0 3 5
45 38 7 5 2 1 0 4 3 7 6
45 38 7 0 5 6 4 1 2 7 3
45 38 7 5 6 0 4 1 2 7 3
45 38 7 3 6 0 4 2 5 7 1
45 38 7 3 5 6 4 2 0 7 1
45 38 7 3 2 0 6 4 5 7 1
45 38 7 5 1 4 6 3 2 7 0
45 38 7 5 1 7 4 3 2 6 0
45 38 7 4 2 1 6 3 0 7 5
45 38 7 1 3 6 4 7 0 5 2
45 38 7 1 2 7 6 3 0 4 5
45 38 7 1 6 7 5 2 3 0 4
45 38 7 2 5 6 4 0 3 7 1
45 38 7 1 5 6 4 2 3 7 0
45 38 7 5 3 6 4 2 7 0 1
45 38 7 1 6 5 4 7 2 0 3
45 38 7 5 2 6 4 3 1 0 7
45 38 7 5 2 6 0 3 1 7 4
45 38 7 1 2 0 6 7 5 3 4
45 38 7 1 3 2 6 4 5 7 0
45 38 7 1 3 0 6 5 7 2 4
45 38 7 1 2 7 6 4 5 3 0
45 38 7 1 7 0 6 5 2 3 4
45 38 7 3 0 2 4 1 5 7 6
45 38 7 4 2 6 0 5 3 1 7
45 38 7 2 3 6 4 5 1 0 7
45 38 7 2 3 6 0 5 1 7 4
45 38 7 1 0 5 6 3 2 7 4
45 38 7 1 2 5 0 3 7 4 6
45 38 7 1 7 4 0 3 6 2 5
45 39 6 1 7 0 4 2 3 6 5
45 39 6 4 2 6 5 3 1 7 0
45 39 6 1 5 2 4 3 0 7 6
45 39 6 0 2 6 4 5 1 3 7
45 39 6 1 3 2 5 4 0 6 7
45 39 6 1 6 0 7 2 3 5 4
45 39 6 1 7 2 4 5 3 0 6
45 39 6 1 6 7 4 5 3 0 2
45 39 6 1 7 0 4 2 6 3 5
45 39 6 1 3 2 6 5 4 7 0
45 39 6 1 3 2 7 4 6 0 5
45 39 6 1 3 2 7 5 6 0 4
45 39 6 1 3 4 5 2 7 0 6
45 39 6 1 6 3 4 0 2 7 5
45 39 6 1 3 2 4 0 6 7 5
45 39 6 1 3 0 4 5 6 7 2
45 40 5 3 2 7 4 5 6 0 1
45 40 5 3 2 1 4 5 0 7 6
45 40 5 1 6 5 4 2 7 3 0
45 40 5 1 2 4 3 5 0 7 6
45 40 5 1 2 0 4 5 7 6 3
45 41 4 1 0 3 4 5 6 2 7
46 36 10 4 2 0 1 3 7 5 6
46 36 10 7 2 6 1 4 0 5 3
46 36 10 4 1 2 3 0 7 6 5
46 36 10 5 1 0 4 3 7 6 2
46 36 10 7 2 4 3 1 0 6 5
46 36 10 3 0 4 1 6 2 7 5
46 36 10 2 6 4 3 1 0 7 5
46 36 10 5 1 6 2 0 3 7 4
46 36 10 5 1 6 0 4 3 7 2
46 36 10 4 2 0 7 1 3 5 6
46 36 10 7 0 6 4 2 3 5 1
46 36 10 7 2 6 0 4 3 5 1
46 36 10 4 1 0 5 2 3 7 6
46 36 10 3 0 6 1 2 5 7 4
46 37 9 7 0 6 1 3 2 5 4
46 37 9 0 1 6 2 4 3 7 5
46 37 9 5 2 4 1 0 7 6 3
46 37 9 5 6 4 1 3 2 0 7
46 37 9 5 6 4 1 0 2 7 3
46 37 9 4 0 2 6 3 7 5 1
46 37 9 2 6 7 1 4 3 0 5
46 37 9 5 1 7 6 3 2 0 4
46 37 9 3 1 6 5 4 2 0 7
46 37 9 3 0 6 1 2 4 7 5
46 37 9 3 2 6 0 1 4 7 5
46 37 9 2 1 6 0 3 7 5 4
46 37 9 1 2 4 0 7 3 6 5
46 37 9 1 0 2 4 3 5 6 7
46 37 9 0 3 2 4 6 5 7 1
46 37 9 0 2 7 4 6 5 3 1
46 37 9 0 2 5 6 4 3 7 1
46 37 9 0 7 2 4 3 6 5 1
46 38 8 0 4 6 1 2 3 7 5
46 38 8 4 6 0 1 2 3 7 5
46 38 8 7 2 4 1 0 3 6 5
46 38 8 7 0 4 1 3 2 6 5
46 38 8 0 5 6 1 2 3 7 4
46 38 8 5 6 0 1 2 3 7 4
46 38 8 2 0 6 7 4 3 5 1
46 38 8 5 0 2 1 4 3 7 6
46 38 8 5 2 7 1 4 3 0 6
46 38 8 4 1 0 5 3 2 6 7
46 38 8 4 1 6 5 2 0 7 3
46 38 8 0 1 6 5 4 2 7 3
46 38 8 3 2 6 5 1 7 0 4
46 38 8 3 0 6 5 1 2 7 4
46 38 8 0 2 6 3 4 5 7 1
46 38 8 3 0 1 6 4 2 7 5
46 38 8 3 2 0 1 4 7 6 5
46 38 8 3 6 0 1 4 2 7 5
46 38 8 5 1 7 4 3 0 2 6
46 38 8 0 4 1 6 3 2 7 5
46 38 8 2 0 1 4 3 7 6 5
46 38 8 2 1 4 0 3 7 6 5
46 38 8 2 0 7 1 5 3 6 4
46 38 8 5 2 7 1 0 3 6 4
46 38 8 4 2 7 1 5 3 6 0
46 38 8 0 3 6 4 1 7 5 2
46 38 8 0 2 7 6 1 3 4 5
46 38 8 5 6 4 0 2 3 7 1
46 38 8 5 6 7 4 2 3 0 1
46 38 8 5 0 2 6 4 3 7 1
46 38 8 5 2 7 6 4 3 0 1
46 38 8 1 6 4 0 7 2 5 3
46 38 8 2 0 4 6 1 3 7 5
46 38 8 6 2 4 0 1 3 7 5
46 38 8 2 0 7 4 1 3 6 5
46 38 8 5 2 0 4 3 1 7 6
46 38 8 0 3 2 6 1 5 7 4
46 38 8 0 2 7 6 1 5 3 4
46 38 8 0 1 7 6 5 2 3 4
46 38 8 6 3 2 4 1 5 7 0
46 38 8 2 0 7 4 1 5 3 6
46 38 8 6 2 7 4 1 5 3 0
46 38 8 5 1 7 4 0 2 3 6
46 38 8 6 1 7 4 5 2 3 0
46 38 8 2 3 0 4 5 1 7 6
46 38 8 0 3 6 4 5 1 7 2
46 38 8 1 2 5 6 0 7 4 3
46 38 8 0 2 5 1 4 3 6 7
46 38 8 1 2 5 4 0 3 6 7
46 39 7 4 2 6 5 3 7 1 0
46 39 7 4 1 6 2 5 3 7 0
46 39 7 5 1 6 7 3 2 4 0
46 39 7 5 1 0 7 3 2 6 4
46 39 7 5 1 6 3 4 2 7 0
46 39 7 1 0 6 3 4 2 7 5
46 39 7 1 2 7 5 3 0 6 4
46 39 7 2 0 5 4 3 7 6 1
46 39 7 3 2 5 4 0 7 6 1
46 39 7 2 0 4 7 5 3 6 1
46 39 7 5 2 4 7 0 3 6 1
46 39 7 0 1 7 4 2 3 6 5
46 39 7 4 2 0 6 3 1 7 5
46 39 7 1 0 2 4 7 5 3 6
46 39 7 1 2 4 0 7 5 3 6
46 39 7 0 1 2 4 3 5 7 6
46 39 7 4 0 1 7 3 2 6 5
46 39 7 4 0 2 7 5 3 6 1
46 39 7 2 4 0 6 5 3 7 1
46 39 7 2 3 4 6 5 0 7 1
46 39 7 5 2 4 6 3 0 7 1
46 39 7 2 7 0 4 5 3 6 1
46 39 7 2 3 7 4 5 0 6 1
46 39 7 5 2 7 4 3 0 6 1
46 39 7 5 2 6 4 7 1 3 0
46 39 7 1 2 6 5 7 4 3 0
46 39 7 3 1 7 4 0 6 2 5
46 39 7 1 6 4 5 2 0 3 7
46 39 7 1 6 0 5 2 3 4 7
46 39 7 1 7 2 0 5 3 6 4
46 39 7 1 6 7 0 5 3 2 4
46 39 7 0 1 7 4 2 6 3 5
46 39 7 0 3 2 6 1 4 7 5
46 39 7 1 6 4 0 2 3 5 7
46 39 7 1 3 4 5 0 7 6 2
46 39 7 1 3 0 5 2 7 6 4
46 39 7 0 6 3 4 5 2 7 1
46 39 7 0 3 2 4 5 6 7 1
46 40 6 1 3 4 6 2 0 7 5
46 40 6 5 2 4 7 1 3 6 0
46 40 6 1 2 5 7 4 0 3 6
46 40 6 1 2 4 5 7 6 0 3
46 40 6 1 0 4 5 2 6 7 3
46 40 6 1 6 5 7 3 2 0 4
46 40 6 1 0 7 4 2 6 5 3
46 40 6 1 5 2 4 0 3 7 6
46 40 6 1 3 2 5 0 4 7 6
46 40 6 1 7 2 4 3 5 6 0
46 40 6 1 6 7 4 5 2 3 0
46 40 6 1 3 2 6 4 7 5 0
46 40 6 1 2 7 6 5 4 3 0
46 40 6 1 2 6 3 4 0 7 5
46 40 6 1 0 4 7 2 6 3 5
46 40 6 0 3 1 4 5 2 7 6
46 40 6 0 3 2 4 5 1 7 6
46 40 6 1 6 5 4 2 0 7 3
46 40 6 1 2 0 3 5 7 4 6
46 40 6 1 2 5 4 6 3 0 7
46 40 6 1 2 5 0 6 3 7 4
46 41 5 1 0 6 4 5 3 7 2
46 41 5 1 6 5 4 3 2 7 0
46 41 5 1 2 4 3 7 6 5 0
46 41 5 0 1 3 4 5 2 7 6
46 42 4 1 2 7 4 3 6 5 0
46 42 4 1 2 0 4 3 6 7 5
46 42 4 1 7 3 4 5 2 6 0
46 43 3 1 3 5 4 2 7 6 0
47 36 11 4 1 2 6 3 7 0 5
47 37 10 2 1 6 7 4 3 0 5
47 37 10 5 2 0 1 3 7 6 4
47 37 10 5 6 0 1 3 2 7 4
47 37 10 3 1 0 5 4 2 7 6
47 37 10 2 1 0 4 3 7 5 6
47 37 10 0 1 6 4 3 7 5 2
47 38 9 2 6 4 1 3 7 0 5
47 38 9 4 1 6 5 3 0 2 7
47 38 9 3 1 7 6 4 2 0 5
47 38 9 0 1 4 5 3 2 7 6
47 38 9 3 2 7 1 5 0 6 4
47 38 9 1 0 6 4 3 7 5 2
47 38 9 1 3 6 0 4 7 5 2
47 38 9 1 0 7 6 2 3 4 5
47 38 9 1 2 7 0 6 3 4 5
47 38 9 4 5 6 0 2 3 7 1
47 38 9 3 2 4 6 1 0 7 5
47 38 9 3 2 7 4 1 0 6 5
47 38 9 0 2 6 1 7 5 3 4
47 38 9 0 6 4 1 5 2 3 7
47 38 9 1 0 2 6 3 5 7 4
47 38 9 1 0 7 6 2 5 3 4
47 38 9 4 3 2 0 1 5 7 6
47 38 9 4 2 7 0 1 5 3 6
47 38 9 4 1 7 0 5 2 3 6
47 38 9 2 1 7 4 5 0 3 6
47 38 9 4 2 6 7 0 3 1 5
47 38 9 4 2 0 7 5 3 1 6
47 38 9 0 2 6 7 5 3 1 4
47 39 8 4 2 6 3 7 0 5 1
47 39 8 4 2 0 5 3 7 6 1
47 39 8 4 1 6 2 3 0 7 5
47 39 8 5 1 6 3 2 0 7 4
47 39 8 5 1 6 7 3 0 2 4
47 39 8 5 1 0 6 4 2 7 3
47 39 8 4 0 1 5 3 2 7 6
47 39 8 4 1 5 0 3 2 7 6
47 39 8 4 1 7 6 3 2 5 0
47 39 8 0 2 7 5 1 3 6 4
47 39 8 1 0 7 5 2 3 6 4
47 39 8 4 2 5 0 3 7 6 1
47 39 8 2 3 6 4 0 7 5 1
47 39 8 4 3 6 0 2 7 5 1
47 39 8 7 2 4 0 5 3 6 1
47 39 8 2 0 7 6 5 3 4 1
47 39 8 5 2 7 6 0 3 4 1
47 39 8 6 2 7 0 5 3 4 1
47 39 8 2 1 6 5 0 3 7 4
47 39 8 7 1 6 4 0 2 5 3
47 39 8 0 2 4 1 6 3 7 5
47 39 8 4 1 6 3 5 2 0 7
47 39 8 4 1 7 0 3 2 6 5
47 39 8 4 0 6 5 3 2 7 1
47 39 8 4 2 6 7 0 5 3 1
47 39 8 4 0 6 7 5 2 3 1
47 39 8 4 3 6 0 2 1 7 5
47 39 8 5 3 6 4 2 1 7 0
47 39 8 0 2 6 5 1 4 3 7
47 39 8 1 0 6 5 2 4 3 7
47 39 8 1 2 6 0 5 4 3 7
47 39 8 0 1 2 5 4 3 6 7
47 39 8 1 0 2 5 3 7 4 6
47 39 8 5 1 7 4 3 6 2 0
47 39 8 1 2 7 4 0 3 5 6
47 39 8 5 2 4 6 1 3 0 7
47 39 8 5 2 7 0 1 3 6 4
47 39 8 1 7 0 4 5 3 6 2
47 39 8 1 6 0 4 5 3 2 7
47 39 8 1 3 2 0 6 4 7 5
47 39 8 1 6 4 7 0 3 5 2
47 39 8 0 3 4 5 2 7 6 1
47 40 7 3 1 6 7 4 2 5 0
47 40 7 3 1 0 7 4 2 6 5
47 40 7 1 4 0 6 2 3 7 5
47 40 7 7 2 6 4 0 5 3 1
47 40 7 1 3 0 2 4 5 7 6
47 40 7 1 7 0 4 2 5 3 6
47 40 7 1 5 7 4 2 0 3 6
47 40 7 1 2 0 7 4 5 3 6
47 40 7 3 2 4 6 0 5 7 1
47 40 7 3 2 4 6 5 7 0 1
47 40 7 3 0 4 6 5 2 7 1
47 40 7 3 2 7 4 0 5 6 1
47 40 7 3 0 7 4 5 2 6 1
47 40 7 5 3 2 4 1 0 6 7
47 40 7 5 2 7 6 1 3 4 0
47 40 7 7 1 6 4 5 2 0 3
47 40 7 7 1 2 4 5 3 0 6
47 40 7 6 1 0 2 5 3 7 4
47 40 7 4 2 5 1 0 3 7 6
47 40 7 1 2 4 6 7 0 5 3
47 40 7 1 6 4 5 3 0 7 2
47 40 7 1 6 7 4 3 0 5 2
47 40 7 1 2 7 6 3 0 5 4
47 40 7 2 0 3 4 1 7 6 5
47 40 7 2 3 4 0 1 7 6 5
47 40 7 1 0 4 5 7 2 6 3
47 40 7 1 6 4 5 2 7 0 3
47 40 7 1 0 6 7 3 2 5 4
47 40 7 1 6 7 4 2 5 0 3
47 40 7 5 3 2 4 0 1 7 6
47 40 7 5 2 7 4 0 1 3 6
47 40 7 1 3 2 5 4 7 0 6
47 40 7 1 2 7 5 0 4 3 6
47 40 7 1 7 2 4 6 3 5 0
47 40 7 1 7 0 4 3 5 2 6
47 40 7 1 3 0 6 4 7 2 5
47 40 7 3 0 6 4 5 1 2 7
47 40 7 3 0 1 4 5 2 6 7
47 40 7 3 0 1 6 5 2 7 4
47 40 7 5 0 2 4 3 1 7 6
47 40 7 6 1 2 4 5 0 3 7
47 40 7 6 1 0 4 5 3 2 7
47 40 7 1 2 0 3 4 7 6 5
47 40 7 2 1 0 4 5 3 6 7
47 40 7 2 1 0 6 5 3 7 4
47 40 7 1 3 6 5 4 2 0 7
47 40 7 1 2 6 7 4 5 0 3
47 40 7 1 6 4 7 0 2 3 5
47 40 7 1 6 7 0 2 3 4 5
47 41 6 4 1 2 7 5 3 6 0
47 41 6 3 1 2 4 5 6 0 7
47 41 6 1 6 5 4 2 3 0 7
47 41 6 1 4 0 5 2 7 6 3
47 41 6 1 7 4 5 2 0 6 3
47 41 6 1 0 6 3 5 2 7 4
47 41 6 6 0 1 4 5 3 7 2
47 41 6 2 0 1 4 5 3 7 6
47 41 6 4 2 5 6 1 3 7 0
47 41 6 1 2 6 4 3 0 5 7
47 41 6 1 0 3 6 4 2 7 5
47 41 6 1 6 3 4 2 5 0 7
47 41 6 1 2 3 6 4 5 0 7
47 41 6 1 2 4 5 3 6 0 7
47 41 6 3 1 4 6 5 2 7 0
47 41 6 3 1 7 4 5 2 6 0
47 41 6 1 2 6 3 7 5 4 0
47 41 6 1 6 4 3 2 7 5 0
47 41 6 1 7 6 4 2 5 3 0
47 41 6 1 7 0 4 2 5 6 3
47 41 6 1 2 5 6 4 0 7 3
47 41 6 1 2 5 6 4 7 3 0
47 41 6 3 2 6 4 7 5 1 0
47 41 6 1 3 2 7 5 0 4 6
47 41 6 1 6 4 0 5 3 7 2
47 41 6 1 2 0 3 7 6 4 5
47 41 6 1 4 0 3 2 6 7 5
47 41 6 1 2 6 7 5 4 0 3
47 41 6 1 2 6 4 3 5 0 7
47 41 6 1 2 6 0 3 5 7 4
47 41 6 1 2 6 4 0 5 7 3
47 41 6 1 6 3 4 0 5 2 7
47 41 6 1 3 4 0 5 6 2 7
47 42 5 1 3 6 7 4 2 5 0
47 42 5 1 3 0 7 4 2 6 5
47 42 5 1 3 4 5 2 0 6 7
47 42 5 1 2 3 0 5 7 6 4
47 42 5 2 6 1 4 5 3 7 0
47 42 5 1 6 0 7 2 4 3 5
47 42 5 4 2 1 6 5 3 7 0
47 42 5 1 0 3 4 5 2 6 7
47 42 5 1 0 3 6 5 2 7 4
47 42 5 1 3 5 6 2 7 0 4
47 42 5 1 7 3 4 2 6 0 5
47 42 5 1 7 3 4 5 0 2 6
47 43 4 1 3 2 7 5 4 6 0
48 38 10 3 2 6 7 4 0 5 1
48 38 10 2 1 6 5 3 0 7 4
48 38 10 4 0 6 5 1 2 7 3
48 38 10 3 2 6 7 4 5 0 1
48 38 10 5 1 4 3 0 2 7 6
48 38 10 5 1 4 7 3 2 0 6
48 38 10 1 6 4 5 0 2 3 7
48 38 10 0 2 5 6 3 7 4 1
48 39 9 4 1 7 5 3 2 0 6
48 39 9 4 1 7 6 3 0 2 5
48 39 9 7 2 5 4 3 0 6 1
48 39 9 7 3 6 4 2 0 5 1
48 39 9 3 2 4 7 5 0 6 1
48 39 9 3 2 7 6 5 0 4 1
48 39 9 3 1 6 4 7 2 5 0
48 39 9 1 2 4 7 6 3 0 5
48 39 9 4 2 6 3 0 1 7 5
48 39 9 4 1 0 3 5 2 7 6
48 39 9 4 1 6 0 3 2 5 7
48 39 9 4 1 6 7 0 2 5 3
48 39 9 5 2 4 0 6 3 7 1
48 39 9 6 2 4 5 0 3 7 1
48 39 9 6 2 4 7 5 3 0 1
48 39 9 5 0 7 4 2 3 6 1
48 39 9 4 1 7 0 3 6 2 5
48 39 9 0 6 7 1 2 3 5 4
48 39 9 0 2 7 1 4 3 5 6
48 39 9 0 7 2 4 5 3 6 1
48 39 9 0 6 7 4 5 3 2 1
48 39 9 1 0 2 6 3 4 7 5
48 39 9 0 6 4 7 2 3 5 1
48 40 8 3 1 6 7 4 0 2 5
48 40 8 0 1 4 6 2 3 7 5
48 40 8 2 0 6 4 7 5 3 1
48 40 8 1 3 2 7 4 5 0 6
48 40 8 0 1 7 4 2 5 3 6
48 40 8 4 1 6 3 2 7 0 5
48 40 8 4 0 6 3 2 1 7 5
48 40 8 4 1 6 7 0 3 2 5
48 40 8 4 0 6 7 3 1 2 5
48 40 8 0 5 6 4 1 2 3 7
48 40 8 5 6 0 4 1 2 3 7
48 40 8 0 5 2 4 1 3 6 7
48 40 8 0 5 2 6 1 3 7 4
48 40 8 5 3 2 6 1 0 7 4
48 40 8 5 2 7 6 1 0 3 4
48 40 8 1 6 0 5 4 2 3 7
48 40 8 5 3 6 4 1 2 0 7
48 40 8 5 3 6 0 1 2 7 4
48 40 8 2 6 0 4 1 5 3 7
48 40 8 2 5 6 4 1 0 3 7
48 40 8 7 2 6 0 1 5 3 4
48 40 8 5 1 6 4 7 2 3 0
48 40 8 7 1 6 0 5 2 3 4
48 40 8 5 1 2 4 3 0 6 7
48 40 8 5 1 2 4 7 3 6 0
48 40 8 7 1 2 0 5 3 6 4
48 40 8 5 1 2 6 3 0 7 4
48 40 8 4 1 2 6 5 3 0 7
48 40 8 2 0 5 1 4 3 7 6
48 40 8 6 2 5 1 4 3 7 0
48 40 8 3 2 0 6 1 7 5 4
48 40 8 0 2 4 6 1 7 5 3
48 40 8 0 6 4 5 1 3 7 2
48 40 8 0 6 7 4 1 3 5 2
48 40 8 0 2 7 6 1 3 5 4
48 40 8 2 3 6 0 1 7 5 4
48 40 8 6 5 2 4 1 3 7 0
48 40 8 5 3 2 4 1 7 0 6
48 40 8 5 0 7 4 1 2 3 6
48 40 8 1 0 7 5 4 2 3 6
48 40 8 0 7 2 4 1 3 5 6
48 40 8 0 6 7 4 1 2 3 5
48 40 8 0 2 7 6 1 4 3 5
48 40 8 1 0 7 6 2 4 3 5
48 40 8 3 1 6 4 0 5 2 7
48 40 8 3 1 4 0 5 2 6 7
48 40 8 3 1 7 6 5 2 0 4
48 40 8 5 1 2 4 6 3 0 7
48 40 8 5 1 2 0 6 3 7 4
48 40 8 0 1 6 2 5 3 7 4
48 40 8 3 2 6 5 4 1 0 7
48 40 8 0 2 4 1 5 7 6 3
48 40 8 1 2 4 6 5 7 0 3
48 40 8 0 6 4 1 5 2 7 3
48 40 8 0 2 5 4 6 3 7 1
48 41 7 5 2 6 7 4 3 1 0
48 41 7 5 2 0 7 4 3 6 1
48 41 7 4 3 6 5 1 2 7 0
48 41 7 4 2 6 7 1 5 3 0
48 41 7 4 1 6 7 5 2 3 0
48 41 7 2 0 6 4 5 1 3 7
48 41 7 3 0 2 4 5 1 6 7
48 41 7 3 0 2 6 5 1 7 4
48 41 7 3 2 5 4 1 7 0 6
48 41 7 1 0 6 4 2 3 5 7
48 41 7 2 0 7 4 1 6 3 5
48 41 7 4 2 5 0 1 3 6 7
48 41 7 0 1 4 5 2 7 6 3
48 41 7 1 0 4 5 3 6 2 7
48 41 7 1 6 5 0 3 2 4 7
48 41 7 2 3 4 1 5 0 6 7
48 41 7 7 2 4 1 5 3 0 6
48 41 7 0 3 2 4 1 7 6 5
48 41 7 3 2 4 5 1 7 6 0
48 41 7 3 6 4 5 1 2 7 0
48 41 7 3 6 7 4 1 2 5 0
48 41 7 6 1 2 4 3 0 7 5
48 41 7 0 1 2 4 6 3 7 5
48 41 7 6 1 4 0 5 3 7 2
48 41 7 6 1 7 4 5 3 0 2
48 41 7 1 2 6 5 7 0 4 3
48 41 7 2 1 4 0 5 3 7 6
48 41 7 2 1 7 4 5 3 0 6
48 41 7 0 2 6 4 7 1 5 3
48 41 7 7 2 6 4 3 1 5 0
48 41 7 7 2 0 4 1 5 6 3
48 41 7 1 7 2 5 3 0 6 4
48 41 7 1 6 5 4 3 0 2 7
48 41 7 1 3 7 6 4 2 0 5
48 41 7 1 6 4 0 2 5 3 7
48 41 7 1 5 6 4 0 2 3 7
48 41 7 1 5 6 4 2 3 0 7
48 41 7 1 0 4 5 3 2 6 7
48 41 7 1 2 4 5 7 3 0 6
48 41 7 3 1 7 4 5 0 2 6
48 41 7 4 0 1 2 5 3 7 6
48 41 7 3 1 2 4 6 5 7 0
48 41 7 3 1 0 4 5 7 2 6
48 41 7 1 2 0 3 7 5 6 4
48 41 7 1 7 6 4 3 2 5 0
48 41 7 3 2 0 4 7 5 6 1
48 41 7 2 4 1 0 5 3 7 6
48 41 7 6 2 4 1 5 0 3 7
48 41 7 6 2 0 1 5 3 4 7
48 41 7 1 4 0 6 3 2 7 5
48 41 7 1 6 4 3 5 0 2 7
48 41 7 1 6 0 3 5 2 4 7
48 41 7 1 4 0 5 3 2 7 6
48 41 7 1 2 4 5 6 0 3 7
48 41 7 1 2 0 5 6 3 4 7
48 41 7 1 2 4 7 6 5 3 0
48 41 7 1 4 0 7 5 2 3 6
48 41 7 4 1 2 7 0 3 6 5
48 41 7 5 1 2 7 0 3 6 4
48 41 7 3 2 0 6 5 7 1 4
48 41 7 1 6 4 2 5 3 0 7
48 41 7 0 1 4 3 2 6 7 5
48 41 7 2 0 5 4 1 3 7 6
48 41 7 6 2 5 4 1 3 7 0
48 42 6 1 2 4 5 6 0 7 3
48 42 6 1 2 7 4 6 0 5 3
48 42 6 3 2 4 1 5 6 0 7
48 42 6 1 2 0 4 7 3 6 5
48 42 6 1 3 2 4 7 0 6 5
48 42 6 1 7 2 5 4 3 6 0
48 42 6 1 2 3 0 4 7 5 6
48 42 6 1 3 6 7 4 0 2 5
48 42 6 1 4 0 5 2 3 6 7
48 42 6 6 2 1 0 5 3 7 4
48 42 6 1 2 6 3 5 7 0 4
48 42 6 1 6 4 7 2 0 5 3
48 42 6 3 2 1 4 5 7 0 6
48 42 6 1 0 4 2 3 6 7 5
48 42 6 1 2 6 7 3 4 0 5
48 42 6 1 6 3 7 5 2 0 4
48 42 6 2 0 7 4 5 6 3 1
48 42 6 2 0 3 4 5 7 6 1
48 42 6 0 1 6 7 2 4 3 5
48 42 6 1 4 6 7 2 0 3 5
48 42 6 3 6 7 4 5 2 1 0
48 42 6 1 2 6 5 0 4 7 3
48 42 6 1 4 3 0 2 7 6 5
48 42 6 0 2 1 4 5 3 7 6
48 42 6 1 0 6 4 5 3 2 7
48 42 6 1 3 4 0 5 2 6 7
48 42 6 1 7 3 4 0 2 6 5
48 42 6 1 3 0 2 5 7 6 4
48 42 6 0 1 3 4 5 7 2 6
48 42 6 1 2 5 7 0 3 6 4
48 43 5 1 2 6 3 4 5 7 0
48 43 5 1 3 6 7 2 0 4 5
48 43 5 1 3 5 4 2 0 7 6
48 43 5 1 3 4 6 2 7 5 0
48 43 5 1 2 4 3 0 6 7 5
48 43 5 3 2 4 6 5 1 7 0
48 43 5 3 2 7 4 5 1 6 0
48 43 5 1 2 6 4 5 7 0 3
48 43 5 1 2 5 4 7 6 0 3
48 43 5 1 3 4 6 5 2 7 0
48 43 5 1 3 7 4 5 2 6 0
48 43 5 1 3 6 5 2 7 4 0
48 43 5 1 2 0 4 6 5 7 3
48 43 5 0 3 2 7 1 4 6 5
48 44 4 1 3 4 7 2 0 6 5
48 44 4 1 2 3 4 7 5 6 0
48 44 4 1 2 3 4 0 5 7 6
48 44 4 1 2 3 4 5 7 0 6
48 45 3 1 0 3 4 5 6 7 2
49 39 10 4 0 6 3 2 7 5 1
49 39 10 4 0 6 2 1 3 7 5
49 39 10 5 0 6 3 1 2 7 4
49 39 10 5 1 6 7 4 2 0 3
49 39 10 2 1 6 3 4 0 7 5
49 39 10 3 1 6 5 2 0 7 4
49 39 10 4 1 6 0 7 2 5 3
49 39 10 2 1 6 4 7 0 5 3
49 39 10 4 2 6 7 3 1 0 5
49 39 10 4 1 0 7 3 2 5 6
49 39 10 0 1 6 7 3 2 5 4
49 39 10 5 0 4 6 2 3 7 1
49 39 10 5 2 7 0 4 3 6 1
49 39 10 5 0 6 4 2 1 3 7
49 39 10 5 2 6 0 4 1 3 7
49 39 10 6 1 7 4 3 0 2 5
49 39 10 1 6 7 2 0 3 5 4
49 39 10 0 2 7 5 4 3 6 1
49 40 9 4 2 6 0 7 5 3 1
49 40 9 5 2 6 4 7 0 3 1
49 40 9 0 3 2 1 4 5 7 6
49 40 9 0 2 7 1 4 5 3 6
49 40 9 1 2 7 3 4 5 0 6
49 40 9 0 1 6 5 4 2 3 7
49 40 9 5 3 0 4 1 2 7 6
49 40 9 7 2 0 4 1 5 3 6
49 40 9 7 1 6 4 0 2 3 5
49 40 9 7 1 0 4 5 2 3 6
49 40 9 7 1 0 4 5 3 6 2
49 40 9 4 1 0 6 5 3 7 2
49 40 9 3 2 5 1 4 0 7 6
49 40 9 1 0 4 6 2 7 5 3
49 40 9 1 2 4 0 6 7 5 3
49 40 9 1 0 4 5 6 3 7 2
49 40 9 1 0 7 4 6 3 5 2
49 40 9 1 0 7 6 2 3 5 4
49 40 9 1 2 7 0 6 3 5 4
49 40 9 2 6 4 5 1 3 0 7
49 40 9 2 6 7 0 1 3 5 4
49 40 9 2 6 7 4 0 3 5 1
49 40 9 4 5 2 0 1 3 7 6
49 40 9 3 5 2 4 1 0 7 6
49 40 9 1 0 2 4 7 3 5 6
49 40 9 1 0 7 4 6 2 3 5
49 40 9 1 2 7 0 6 4 3 5
49 40 9 5 1 0 4 6 3 7 2
49 40 9 0 2 6 1 3 7 4 5
49 40 9 1 2 6 3 0 7 4 5
49 40 9 3 2 0 5 4 1 7 6
49 40 9 0 2 6 5 4 1 7 3
49 40 9 1 3 0 5 4 2 7 6
49 40 9 1 6 4 7 5 2 0 3
49 41 8 5 2 6 7 4 0 3 1
49 41 8 4 3 0 6 1 2 7 5
49 41 8 4 2 0 6 1 5 3 7
49 41 8 4 1 0 6 5 2 3 7
49 41 8 2 1 6 4 0 5 3 7
49 41 8 4 1 0 2 5 3 6 7
49 41 8 3 1 2 4 0 5 6 7
49 41 8 3 1 2 6 0 5 7 4
49 41 8 3 1 2 6 5 7 0 4
49 41 8 3 0 2 4 1 7 5 6
49 41 8 3 2 4 0 1 7 5 6
49 41 8 1 0 2 6 4 3 5 7
49 41 8 2 6 7 4 0 1 3 5
49 41 8 1 7 2 6 0 3 5 4
49 41 8 1 7 2 6 3 5 0 4
49 41 8 2 6 5 4 1 7 0 3
49 41 8 2 7 6 4 0 1 5 3
49 41 8 2 7 6 4 1 5 0 3
49 41 8 4 2 6 5 0 1 3 7
49 41 8 4 0 2 5 1 3 6 7
49 41 8 2 0 4 5 1 7 6 3
49 41 8 1 6 4 5 0 3 2 7
49 41 8 1 0 6 5 3 2 4 7
49 41 8 6 0 4 5 1 2 7 3
49 41 8 6 0 7 4 1 2 5 3
49 41 8 2 4 0 1 5 3 6 7
49 41 8 5 2 4 1 3 0 6 7
49 41 8 5 2 4 1 7 3 6 0
49 41 8 3 7 2 4 1 0 6 5
49 41 8 3 6 7 4 1 0 2 5
49 41 8 7 0 2 4 1 3 6 5
49 41 8 6 0 7 4 1 3 2 5
49 41 8 1 7 0 6 4 2 3 5
49 41 8 0 2 6 5 1 7 4 3
49 41 8 1 2 6 0 5 7 4 3
49 41 8 4 1 6 0 5 3 7 2
49 41 8 3 1 6 4 5 0 7 2
49 41 8 2 0 6 1 5 3 4 7
49 41 8 5 2 6 1 0 3 4 7
49 41 8 7 2 6 1 5 3 4 0
49 41 8 4 2 6 3 1 7 0 5
49 41 8 3 6 4 0 2 1 7 5
49 41 8 3 6 7 4 2 1 0 5
49 41 8 3 0 2 6 4 1 7 5
49 41 8 3 2 7 6 4 1 0 5
49 41 8 0 1 2 5 3 7 6 4
49 41 8 0 1 6 4 3 2 5 7
49 41 8 1 0 2 6 4 5 3 7
49 41 8 4 2 7 0 1 3 5 6
49 41 8 0 1 4 3 5 2 7 6
49 41 8 4 1 7 2 5 3 0 6
49 41 8 0 7 6 4 1 2 5 3
49 41 8 2 4 7 1 5 3 0 6
49 41 8 2 3 4 1 0 5 7 6
49 41 8 2 3 4 1 5 7 0 6
49 41 8 5 0 4 1 3 2 7 6
49 41 8 5 2 4 1 6 3 0 7
49 41 8 0 1 4 6 3 2 7 5
49 41 8 0 2 4 7 1 5 3 6
49 41 8 1 0 4 7 2 5 3 6
49 41 8 0 1 4 7 5 2 3 6
49 41 8 0 1 2 7 5 3 4 6
49 41 8 5 1 2 7 4 3 6 0
49 41 8 0 2 6 3 5 7 1 4
49 41 8 1 6 0 2 5 3 7 4
49 41 8 2 6 4 1 5 3 0 7
49 41 8 2 6 7 0 5 3 1 4
49 41 8 2 3 6 0 5 7 1 4
49 41 8 5 2 6 0 3 7 1 4
49 41 8 5 2 6 4 0 7 1 3
49 41 8 1 2 0 7 5 4 3 6
49 41 8 3 2 5 4 1 0 7 6
49 42 7 4 2 6 3 1 0 7 5
49 42 7 4 3 6 5 2 0 7 1
49 42 7 2 3 6 5 4 1 7 0
49 42 7 1 4 0 5 6 2 7 3
49 42 7 1 7 0 4 6 2 5 3
49 42 7 1 7 0 2 4 3 6 5
49 42 7 1 7 0 4 6 3 2 5
49 42 7 1 3 7 4 6 0 2 5
49 42 7 1 2 5 3 4 7 0 6
49 42 7 1 2 6 5 3 0 4 7
49 42 7 1 2 6 5 7 3 4 0
49 42 7 4 2 7 5 1 3 6 0
49 42 7 1 6 7 5 3 2 4 0
49 42 7 0 1 4 5 2 3 6 7
49 42 7 1 4 2 6 0 3 7 5
49 42 7 4 1 0 6 5 2 7 3
49 42 7 2 1 6 4 0 5 7 3
49 42 7 2 1 6 4 5 7 0 3
49 42 7 6 0 2 1 5 3 7 4
49 42 7 6 2 7 1 5 3 0 4
49 42 7 1 0 2 3 5 7 6 4
49 42 7 1 6 7 3 5 2 0 4
49 42 7 1 0 2 5 6 3 7 4
49 42 7 1 2 7 5 6 3 0 4
49 42 7 3 2 6 4 7 0 1 5
49 42 7 0 2 6 4 3 7 1 5
49 42 7 3 0 2 4 5 7 1 6
49 42 7 3 2 4 0 5 7 1 6
49 42 7 2 0 6 4 5 7 1 3
49 42 7 5 0 2 7 1 3 6 4
49 42 7 1 2 4 3 7 5 0 6
49 42 7 1 2 4 3 6 7 0 5
49 42 7 3 0 1 4 2 7 6 5
49 42 7 3 1 4 0 2 7 6 5
49 42 7 0 2 4 1 3 5 7 6
49 42 7 3 2 4 1 6 5 7 0
49 42 7 3 2 0 1 5 7 4 6
49 42 7 0 3 4 1 5 2 7 6
49 42 7 3 4 0 1 5 2 7 6
49 42 7 1 4 0 3 7 2 6 5
49 42 7 1 6 0 3 2 7 4 5
49 42 7 1 6 4 7 5 3 2 0
49 42 7 1 4 0 7 3 6 2 5
49 42 7 4 2 1 0 5 3 6 7
49 42 7 1 6 7 0 5 2 3 4
49 42 7 1 3 6 4 2 5 7 0
49 42 7 2 3 4 0 5 7 6 1
49 42 7 3 5 6 4 0 2 7 1
49 42 7 1 5 6 4 3 2 7 0
49 42 7 2 0 6 7 1 4 3 5
49 42 7 2 6 0 4 3 5 7 1
49 42 7 2 5 6 4 3 0 7 1
49 42 7 3 2 6 4 1 0 5 7
49 42 7 3 2 0 4 1 5 6 7
49 42 7 3 2 0 6 1 5 7 4
49 42 7 3 7 2 4 5 0 6 1
49 42 7 3 6 7 4 5 0 2 1
49 42 7 2 3 4 1 0 7 6 5
49 42 7 5 3 4 1 2 7 6 0
49 42 7 1 0 6 5 4 2 7 3
49 42 7 1 2 6 0 4 7 3 5
49 42 7 1 4 6 3 2 7 0 5
49 42 7 1 7 4 3 0 2 6 5
49 42 7 1 7 4 3 2 6 0 5
49 42 7 3 2 6 0 5 7 4 1
49 42 7 4 2 7 0 5 3 1 6
49 42 7 3 2 6 4 0 5 1 7
49 42 7 3 0 6 4 5 2 1 7
49 42 7 3 2 4 0 5 1 6 7
49 42 7 3 2 7 6 5 1 0 4
49 42 7 1 5 4 0 3 2 7 6
49 42 7 1 5 7 4 3 2 0 6
49 42 7 1 3 6 4 0 5 2 7
49 42 7 1 3 7 6 5 2 0 4
49 42 7 1 0 3 6 2 7 5 4
49 43 6 1 2 6 4 7 3 5 0
49 43 6 1 6 0 7 2 5 3 4
49 43 6 1 5 6 7 2 0 3 4
49 43 6 4 2 6 1 3 5 7 0
49 43 6 4 3 6 1 5 2 7 0
49 43 6 1 5 0 4 2 3 7 6
49 43 6 1 3 4 2 7 0 6 5
49 43 6 1 3 4 2 5 7 6 0
49 43 6 1 3 0 6 2 7 4 5
49 43 6 1 6 5 3 2 7 0 4
49 43 6 4 3 2 7 1 0 6 5
49 43 6 1 2 4 3 7 5 6 0
49 43 6 3 2 6 0 5 4 7 1
49 43 6 5 2 1 4 0 3 7 6
49 43 6 3 2 7 4 5 0 1 6
49 43 6 2 6 0 4 5 1 7 3
49 43 6 1 0 5 4 7 2 6 3
49 43 6 1 3 7 4 5 0 2 6
49 43 6 1 2 4 7 3 6 0 5
49 43 6 1 0 4 7 3 2 6 5
49 43 6 1 3 2 0 7 5 6 4
49 44 5 1 3 6 7 2 0 5 4
49 44 5 1 3 6 7 5 2 4 0
49 44 5 1 3 0 7 5 2 6 4
49 44 5 1 0 3 4 5 7 6 2
49 44 5 4 2 6 3 5 1 7 0
49 44 5 1 7 5 4 2 0 6 3
49 44 5 1 4 0 7 2 3 6 5
49 44 5 1 6 5 4 2 3 7 0
49 44 5 1 2 3 4 7 0 5 6
49 44 5 1 3 2 7 4 5 6 0
49 44 5 1 3 0 2 5 6 7 4
49 45 4 3 2 7 4 5 6 1 0
49 45 4 3 2 0 4 5 6 7 1
50 40 10 4 2 7 5 0 3 6 1
50 40 10 5 1 2 0 4 3 6 7
50 40 10 6 1 2 5 0 3 7 4
50 40 10 6 1 2 7 5 3 0 4
50 40 10 1 6 7 0 4 3 5 2
50 40 10 2 6 0 4 1 3 5 7
50 40 10 2 3 0 4 1 7 5 6
50 40 10 1 7 2 0 4 3 5 6
50 40 10 1 6 7 0 4 2 3 5
50 40 10 2 1 6 7 5 3 0 4
50 40 10 0 3 6 5 4 2 7 1
50 40 10 0 2 6 7 4 5 3 1
50 41 9 4 3 6 7 1 2 0 5
50 41 9 2 6 4 0 1 7 5 3
50 41 9 4 0 6 5 1 2 3 7
50 41 9 5 2 4 0 1 7 6 3
50 41 9 5 6 4 0 1 2 7 3
50 41 9 5 0 4 1 2 3 6 7
50 41 9 7 2 0 1 5 3 6 4
50 41 9 6 1 2 5 4 3 7 0
50 41 9 4 7 2 0 1 3 6 5
50 41 9 5 7 2 4 1 3 6 0
50 41 9 5 6 7 4 1 3 2 0
50 41 9 0 1 7 6 4 2 3 5
50 41 9 2 1 6 3 5 0 7 4
50 41 9 6 0 2 4 1 3 7 5
50 41 9 1 0 6 5 2 7 4 3
50 41 9 3 2 6 1 5 0 4 7
50 41 9 4 2 5 7 1 3 0 6
50 41 9 0 6 5 1 3 2 7 4
50 41 9 1 6 5 3 0 2 7 4
50 41 9 1 2 0 5 7 3 6 4
50 41 9 4 2 7 6 0 3 5 1
50 41 9 0 6 4 1 2 7 5 3
50 41 9 5 2 0 1 6 3 7 4
50 41 9 7 1 2 0 4 3 6 5
50 41 9 3 1 2 7 4 0 6 5
50 41 9 3 1 2 7 5 0 6 4
50 41 9 0 6 4 1 5 3 7 2
50 41 9 2 6 7 4 0 3 1 5
50 41 9 2 6 0 4 5 3 1 7
50 41 9 0 6 7 4 5 3 1 2
50 41 9 2 3 6 4 0 7 1 5
50 41 9 2 3 0 4 5 7 1 6
50 41 9 0 3 6 4 5 7 1 2
50 41 9 5 2 0 4 3 7 1 6
50 41 9 0 2 6 7 5 4 3 1
50 42 8 0 4 6 3 1 2 7 5
50 42 8 4 6 0 3 1 2 7 5
50 42 8 0 4 6 5 2 3 7 1
50 42 8 4 6 0 5 2 3 7 1
50 42 8 2 3 0 6 4 1 7 5
50 42 8 3 2 4 6 0 7 5 1
50 42 8 6 0 4 5 2 3 7 1
50 42 8 6 0 7 4 2 3 5 1
50 42 8 6 0 4 2 1 3 7 5
50 42 8 0 1 4 5 6 2 7 3
50 42 8 0 1 7 4 6 2 5 3
50 42 8 3 2 4 1 0 5 6 7
50 42 8 3 0 4 1 5 2 6 7
50 42 8 0 1 2 4 7 3 6 5
50 42 8 0 1 7 4 6 3 2 5
50 42 8 1 0 2 3 4 7 5 6
50 42 8 0 2 6 5 1 3 4 7
50 42 8 4 2 5 6 1 7 0 3
50 42 8 7 6 0 4 1 2 5 3
50 42 8 0 4 2 5 1 3 7 6
50 42 8 4 3 2 5 1 0 7 6
50 42 8 4 2 7 5 1 0 3 6
50 42 8 2 0 6 3 4 1 7 5
50 42 8 5 2 6 3 4 1 7 0
50 42 8 1 6 7 5 3 0 2 4
50 42 8 2 0 4 5 1 3 6 7
50 42 8 4 3 2 6 0 1 7 5
50 42 8 4 3 2 6 1 7 0 5
50 42 8 4 2 7 6 0 1 3 5
50 42 8 3 1 2 4 7 0 5 6
50 42 8 3 1 2 4 6 7 5 0
50 42 8 4 1 2 6 3 0 7 5
50 42 8 1 6 0 3 7 2 5 4
50 42 8 1 7 2 6 4 0 5 3
50 42 8 0 3 6 4 7 2 5 1
50 42 8 3 6 0 4 7 2 5 1
50 42 8 0 6 4 7 1 2 5 3
50 42 8 4 2 6 0 5 7 1 3
50 42 8 7 2 6 4 5 0 1 3
50 42 8 5 2 6 0 1 3 4 7
50 42 8 1 0 4 3 7 2 5 6
50 42 8 1 6 4 2 3 7 0 5
50 42 8 3 1 2 0 5 7 6 4
50 42 8 3 1 6 0 2 7 5 4
50 42 8 0 1 4 3 7 2 6 5
50 42 8 0 6 4 7 1 3 2 5
50 42 8 0 1 4 7 3 6 2 5
50 42 8 0 1 6 7 3 2 4 5
50 42 8 0 6 1 2 5 3 7 4
50 42 8 4 2 6 1 0 5 3 7
50 42 8 4 0 6 1 5 2 3 7
50 42 8 4 0 2 1 5 3 6 7
50 42 8 2 6 7 4 0 5 3 1
50 42 8 4 3 6 0 2 5 7 1
50 42 8 2 3 6 4 1 5 0 7
50 42 8 2 3 6 0 1 5 7 4
50 42 8 5 0 2 4 3 7 6 1
50 42 8 5 6 7 4 3 2 0 1
50 42 8 5 2 6 7 1 4 3 0
50 42 8 0 2 6 3 1 5 7 4
50 42 8 7 3 4 1 2 0 6 5
50 42 8 1 2 6 5 0 7 3 4
50 42 8 7 2 6 0 3 5 1 4
50 42 8 7 2 6 4 0 5 1 3
50 42 8 0 3 2 1 5 7 6 4
50 42 8 1 3 2 5 0 7 6 4
50 42 8 0 2 5 7 4 3 6 1
50 43 7 2 6 4 7 1 3 5 0
50 43 7 1 6 7 3 2 0 5 4
50 43 7 1 6 0 7 4 2 5 3
50 43 7 1 6 7 3 4 2 5 0
50 43 7 1 6 0 7 4 3 2 5
50 43 7 1 6 7 5 4 3 2 0
50 43 7 3 1 6 7 5 2 4 0
50 43 7 3 1 0 7 5 2 6 4
50 43 7 1 2 6 3 4 0 5 7
50 43 7 1 2 0 3 4 5 6 7
50 43 7 6 0 4 3 5 2 7 1
50 43 7 6 2 4 5 3 0 7 1
50 43 7 6 2 7 4 3 0 5 1
50 43 7 6 3 4 1 2 0 7 5
50 43 7 2 3 6 5 0 4 7 1
50 43 7 3 1 2 4 7 6 0 5
50 43 7 0 1 6 7 2 3 4 5
50 43 7 2 6 7 1 5 3 4 0
50 43 7 0 3 6 1 2 5 7 4
50 43 7 2 3 6 1 5 7 4 0
50 43 7 2 3 0 1 5 7 6 4
50 43 7 5 2 6 1 3 7 4 0
50 43 7 0 2 6 4 1 3 5 7
50 43 7 0 1 6 7 2 5 3 4
50 43 7 6 0 4 2 5 3 7 1
50 43 7 4 2 0 6 3 5 7 1
50 43 7 3 2 4 0 1 5 7 6
50 43 7 3 2 7 4 1 5 0 6
50 43 7 2 0 6 4 1 5 7 3
50 43 7 4 3 0 6 5 2 7 1
50 43 7 0 1 5 4 2 3 7 6
50 43 7 0 3 4 2 1 7 6 5
50 43 7 1 6 3 0 2 7 5 4
50 43 7 1 7 6 3 2 5 0 4
50 43 7 1 0 2 5 4 7 6 3
50 43 7 0 2 6 5 3 4 7 1
50 43 7 3 2 6 5 1 4 7 0
50 43 7 5 0 1 4 2 3 6 7
50 43 7 5 1 4 0 2 3 6 7
50 43 7 5 0 6 4 3 1 7 2
50 43 7 0 4 2 1 5 3 7 6
50 43 7 4 3 2 1 5 0 7 6
50 43 7 4 2 7 1 5 0 3 6
50 43 7 1 2 6 7 3 5 0 4
50 43 7 0 4 2 7 1 3 6 5
50 43 7 7 2 6 4 1 3 0 5
50 43 7 0 5 6 4 2 1 7 3
50 43 7 5 6 0 4 2 1 7 3
50 43 7 3 2 1 0 5 7 6 4
50 43 7 3 6 1 0 5 2 7 4
50 43 7 1 6 3 7 4 2 0 5
50 43 7 1 4 2 6 5 3 7 0
50 43 7 1 5 2 4 7 0 6 3
50 43 7 1 2 4 6 7 5 3 0
50 43 7 1 4 0 6 5 2 3 7
50 43 7 1 3 2 6 5 0 4 7
50 43 7 2 0 6 3 5 1 7 4
50 43 7 5 2 6 3 0 1 7 4
50 43 7 1 2 6 3 5 0 7 4
50 43 7 3 1 5 4 0 2 7 6
50 43 7 2 1 3 4 0 7 6 5
50 43 7 1 3 4 5 0 2 7 6
50 43 7 3 2 6 1 5 4 0 7
50 43 7 5 2 1 4 3 7 0 6
50 43 7 0 2 4 3 5 1 7 6
50 43 7 1 3 2 4 7 5 0 6
50 43 7 1 0 2 7 3 4 6 5
50 43 7 1 3 2 0 7 4 6 5
50 44 6 1 2 5 3 7 0 6 4
50 44 6 1 2 5 3 4 7 6 0
50 44 6 1 3 6 7 5 0 2 4
50 44 6 1 3 4 0 5 7 6 2
50 44 6 1 3 6 4 5 7 0 2
50 44 6 7 1 2 4 3 6 5 0
50 44 6 1 4 3 0 6 2 7 5
50 44 6 1 4 5 0 2 3 7 6
50 44 6 1 3 2 7 4 0 5 6
50 44 6 0 3 6 1 2 4 7 5
50 44 6 4 2 0 6 5 1 7 3
50 44 6 0 1 5 4 2 7 6 3
50 44 6 1 5 0 4 2 7 6 3
50 44 6 0 1 4 7 2 3 6 5
50 44 6 1 3 4 6 5 7 2 0
50 44 6 1 7 4 6 5 2 3 0
50 44 6 4 0 1 7 2 3 6 5
50 44 6 1 7 3 4 2 0 5 6
50 44 6 1 0 2 4 6 3 7 5
50 44 6 1 2 7 4 6 3 0 5
50 44 6 1 3 7 4 0 2 6 5
50 44 6 1 3 7 4 2 6 0 5
50 44 6 1 2 4 0 3 5 7 6
50 44 6 1 2 7 4 3 5 0 6
50 44 6 6 0 2 4 5 3 7 1
50 44 6 6 2 7 4 5 3 0 1
50 44 6 1 6 7 4 5 2 0 3
50 44 6 0 3 2 7 1 5 6 4
50 45 5 1 0 3 4 6 5 7 2
50 45 5 1 2 3 4 6 5 0 7
50 45 5 1 3 2 5 0 4 6 7
50 45 5 1 6 5 7 2 3 0 4
50 45 5 1 6 0 4 5 3 7 2
50 45 5 1 3 2 7 4 6 5 0
50 45 5 1 3 2 7 5 6 4 0
50 45 5 1 6 3 4 2 0 7 5
50 45 5 1 3 4 0 5 6 7 2
50 45 5 1 3 7 4 5 6 0 2
50 45 5 0 1 3 4 5 6 2 7
50 46 4 1 3 5 0 2 7 6 4
50 47 3 1 2 3 4 5 7 6 0
51 40 11 5 1 6 0 4 2 3 7
51 41 10 4 3 6 1 0 2 7 5
51 41 10 4 2 6 3 1 5 0 7
51 41 10 4 1 2 5 0 3 6 7
51 41 10 7 2 4 5 1 0 6 3
51 41 10 2 6 4 5 1 0 7 3
51 41 10 4 6 7 0 1 2 5 3
51 41 10 2 6 7 4 1 0 5 3
51 41 10 3 1 2 5 4 0 7 6
51 41 10 3 2 4 6 1 7 0 5
51 41 10 3 6 4 7 1 2 0 5
51 41 10 4 6 7 0 1 3 2 5
51 41 10 4 2 0 3 1 7 5 6
51 41 10 7 0 6 4 2 1 5 3
51 41 10 7 2 6 0 4 1 5 3
51 41 10 0 2 4 5 7 3 6 1
51 41 10 4 2 0 6 1 3 5 7
51 41 10 3 1 4 5 0 2 7 6
51 41 10 3 1 4 7 5 2 0 6
51 41 10 3 1 2 0 4 5 7 6
51 41 10 1 6 4 2 0 7 5 3
51 41 10 1 7 6 0 4 2 5 3
51 41 10 3 2 6 5 0 7 1 4
51 42 9 0 3 6 2 4 1 7 5
51 42 9 2 3 6 7 4 1 0 5
51 42 9 2 0 4 6 3 7 5 1
51 42 9 6 2 4 0 3 7 5 1
51 42 9 4 6 7 0 2 3 5 1
51 42 9 2 0 7 6 4 3 5 1
51 42 9 6 2 7 0 4 3 5 1
51 42 9 5 6 4 2 1 3 7 0
51 42 9 3 1 2 6 0 7 5 4
51 42 9 0 7 2 1 4 3 6 5
51 42 9 1 0 6 5 2 3 4 7
51 42 9 4 0 2 6 1 7 5 3
51 42 9 4 1 6 0 2 5 3 7
51 42 9 7 1 6 4 2 5 3 0
51 42 9 7 2 4 5 1 3 6 0
51 42 9 6 4 2 0 1 3 7 5
51 42 9 5 4 2 6 1 3 7 0
51 42 9 4 0 7 6 1 2 3 5
51 42 9 0 1 6 3 7 2 5 4
51 42 9 0 1 2 6 4 7 5 3
51 42 9 1 0 4 7 6 2 5 3
51 42 9 1 2 0 3 6 7 5 4
51 42 9 3 1 0 4 5 7 6 2
51 42 9 0 1 2 4 5 7 6 3
51 42 9 3 1 6 4 0 7 5 2
51 42 9 1 0 4 7 6 3 2 5
51 42 9 2 3 0 4 1 5 7 6
51 42 9 0 3 6 4 1 5 7 2
51 42 9 4 5 6 0 3 2 7 1
51 42 9 7 2 6 0 1 4 3 5
51 42 9 1 2 0 5 4 7 3 6
51 42 9 4 2 1 5 0 3 7 6
51 42 9 4 2 1 7 5 3 0 6
51 42 9 7 2 0 4 3 5 1 6
51 42 9 0 2 6 4 3 5 1 7
51 42 9 3 2 6 1 0 7 4 5
51 42 9 0 2 6 1 5 7 4 3
51 42 9 4 2 7 6 0 3 1 5
51 42 9 4 2 0 6 5 3 1 7
51 42 9 0 2 7 6 5 3 1 4
51 43 8 2 6 4 7 1 0 3 5
51 43 8 2 6 0 7 1 3 4 5
51 43 8 5 2 4 7 1 0 3 6
51 43 8 5 2 0 7 1 3 4 6
51 43 8 3 1 6 7 5 0 2 4
51 43 8 5 1 0 2 4 3 7 6
51 43 8 3 2 6 5 0 7 4 1
51 43 8 6 1 2 4 3 7 0 5
51 43 8 6 1 0 2 4 3 7 5
51 43 8 2 0 4 3 5 7 6 1
51 43 8 5 2 4 3 0 7 6 1
51 43 8 5 6 4 3 0 2 7 1
51 43 8 2 0 4 5 6 3 7 1
51 43 8 5 2 6 7 0 1 3 4
51 43 8 5 0 6 7 1 2 3 4
51 43 8 2 4 0 5 3 7 6 1
51 43 8 2 7 4 5 3 0 6 1
51 43 8 3 2 4 5 7 0 6 1
51 43 8 6 4 0 5 3 2 7 1
51 43 8 3 6 4 5 2 0 7 1
51 43 8 6 7 0 4 3 2 5 1
51 43 8 3 6 7 4 2 0 5 1
51 43 8 3 2 4 1 7 0 5 6
51 43 8 3 2 4 1 6 7 5 0
51 43 8 6 4 0 1 2 3 7 5
51 43 8 3 2 6 1 7 5 0 4
51 43 8 2 6 5 0 4 3 7 1
51 43 8 2 3 6 5 4 7 0 1
51 43 8 3 0 2 4 7 1 6 5
51 43 8 2 0 6 7 1 3 4 5
51 43 8 4 2 0 1 3 7 6 5
51 43 8 0 4 6 1 3 2 7 5
51 43 8 4 6 0 1 3 2 7 5
51 43 8 1 7 2 6 3 0 4 5
51 43 8 2 4 0 5 1 3 7 6
51 43 8 2 3 4 5 1 0 7 6
51 43 8 6 2 4 5 1 3 0 7
51 43 8 2 6 7 1 5 0 3 4
51 43 8 2 3 6 1 4 5 7 0
51 43 8 0 5 6 1 3 2 7 4
51 43 8 2 0 6 7 1 5 3 4
51 43 8 5 1 6 7 0 2 3 4
51 43 8 5 6 4 2 0 3 7 1
51 43 8 4 2 6 0 1 5 7 3
51 43 8 1 7 6 3 0 2 5 4
51 43 8 2 1 4 3 0 7 6 5
51 43 8 5 1 4 3 2 7 6 0
51 43 8 6 2 4 1 3 7 0 5
51 43 8 3 6 4 1 5 2 0 7
51 43 8 5 1 6 4 3 7 0 2
51 43 8 2 0 6 4 7 3 5 1
51 43 8 7 2 6 0 1 3 5 4
51 43 8 7 0 2 4 3 5 6 1
51 43 8 7 2 4 0 3 5 6 1
51 43 8 2 0 6 1 3 5 7 4
51 43 8 3 2 6 1 4 5 0 7
51 43 8 3 0 2 1 5 7 6 4
51 43 8 5 3 6 1 0 2 7 4
51 43 8 3 6 7 1 5 2 0 4
51 43 8 5 4 2 6 0 3 7 1
51 43 8 6 4 2 0 5 3 7 1
51 43 8 4 3 2 6 0 5 7 1
51 43 8 4 3 2 6 5 7 0 1
51 43 8 4 2 7 6 0 5 3 1
51 43 8 4 0 7 6 5 2 3 1
51 43 8 0 1 2 4 7 5 6 3
51 43 8 1 2 4 7 0 5 6 3
51 43 8 0 2 4 6 1 5 3 7
51 43 8 0 1 4 6 5 2 3 7
51 43 8 0 1 2 6 5 3 4 7
51 43 8 6 1 5 4 3 2 7 0
51 43 8 4 1 3 0 2 7 6 5
51 43 8 5 1 3 4 2 7 6 0
51 43 8 1 3 2 0 4 7 6 5
51 43 8 3 2 0 1 5 4 7 6
51 43 8 0 2 6 1 5 4 7 3
51 43 8 1 3 4 7 5 2 0 6
51 43 8 1 3 0 4 7 5 6 2
51 44 7 4 2 6 5 1 0 7 3
51 44 7 4 2 6 5 1 7 3 0
51 44 7 3 2 6 7 4 1 5 0
51 44 7 3 2 0 7 4 1 6 5
51 44 7 5 3 4 1 2 0 7 6
51 44 7 1 4 0 3 2 7 5 6
51 44 7 1 7 4 3 2 0 5 6
51 44 7 1 4 0 2 6 3 7 5
51 44 7 1 3 4 2 6 0 7 5
51 44 7 4 1 6 3 2 7 5 0
51 44 7 1 2 0 6 7 3 4 5
51 44 7 3 2 4 5 0 1 7 6
51 44 7 1 2 0 6 7 4 3 5
51 44 7 3 2 6 5 4 7 1 0
51 44 7 2 3 6 7 5 0 4 1
51 44 7 7 2 0 6 5 3 4 1
51 44 7 3 2 4 1 7 6 0 5
51 44 7 3 0 4 1 2 6 7 5
51 44 7 6 2 4 3 1 0 7 5
51 44 7 2 6 5 4 3 0 7 1
51 44 7 2 6 5 4 3 7 1 0
51 44 7 2 7 6 4 3 5 1 0
51 44 7 0 1 6 7 2 3 5 4
51 44 7 4 1 0 5 2 3 6 7
51 44 7 5 1 6 4 2 7 3 0
51 44 7 5 1 0 4 2 7 6 3
51 44 7 2 6 4 5 3 1 7 0
51 44 7 2 6 7 4 3 1 5 0
51 44 7 2 0 5 1 3 7 6 4
51 44 7 3 2 5 1 0 7 6 4
51 44 7 0 2 5 3 1 7 6 4
51 44 7 1 0 5 3 2 7 6 4
51 44 7 7 1 0 4 3 6 2 5
51 44 7 0 5 1 4 2 3 7 6
51 44 7 5 3 1 4 2 0 7 6
51 44 7 1 4 7 5 2 3 0 6
51 44 7 2 3 6 1 5 4 7 0
51 44 7 1 2 6 0 3 4 7 5
51 44 7 3 5 1 4 0 2 7 6
51 44 7 2 0 5 4 1 7 6 3
51 44 7 2 0 4 7 1 3 6 5
51 44 7 1 7 0 4 3 2 6 5
51 44 7 1 3 2 4 6 0 5 7
51 44 7 1 3 0 4 6 5 2 7
51 44 7 1 3 0 2 6 5 7 4
51 44 7 1 2 0 7 6 5 3 4
51 44 7 1 2 5 6 4 0 3 7
51 44 7 0 2 5 6 1 3 7 4
51 44 7 1 7 0 2 3 6 5 4
51 44 7 1 7 2 4 6 0 5 3
51 44 7 0 7 2 4 1 6 5 3
51 44 7 4 1 7 0 2 3 6 5
51 44 7 5 2 6 4 1 7 0 3
51 44 7 0 1 3 4 2 7 5 6
51 44 7 1 3 2 0 5 7 4 6
51 44 7 0 6 3 1 5 2 7 4
51 44 7 0 3 2 1 5 6 7 4
51 45 6 5 1 6 7 2 3 4 0
51 45 6 5 1 0 7 2 3 6 4
51 45 6 3 2 6 7 5 1 4 0
51 45 6 5 1 7 4 2 3 6 0
51 45 6 5 1 4 7 3 2 6 0
51 45 6 1 3 0 2 4 5 6 7
51 45 6 1 0 7 4 3 6 5 2
51 45 6 1 7 5 4 3 6 0 2
51 45 6 7 2 4 1 3 6 5 0
51 45 6 0 2 4 1 3 6 7 5
51 45 6 5 2 1 6 4 3 7 0
51 45 6 1 5 6 4 0 2 7 3
51 45 6 1 6 7 5 2 3 4 0
51 45 6 5 3 6 4 2 7 1 0
51 45 6 5 3 0 4 2 7 6 1
51 45 6 1 6 5 4 7 2 3 0
51 45 6 1 2 3 6 7 5 0 4
51 45 6 1 0 3 6 5 7 2 4
51 45 6 1 7 3 6 5 2 0 4
51 45 6 1 7 4 5 3 6 2 0
51 45 6 1 7 4 0 2 3 6 5
51 45 6 1 7 2 4 5 0 3 6
51 45 6 1 7 0 4 5 3 2 6
51 45 6 1 6 7 4 5 0 3 2
51 45 6 1 3 2 6 5 4 0 7
51 45 6 1 3 2 0 5 4 7 6
51 45 6 1 3 0 7 4 6 2 5
51 45 6 1 3 0 7 5 6 2 4
51 45 6 1 3 0 5 2 7 4 6
51 45 6 0 6 3 4 1 2 7 5
51 45 6 1 3 2 4 6 0 7 5
51 45 6 0 3 2 4 1 6 7 5
51 45 6 3 2 1 4 0 5 7 6
51 45 6 1 6 5 0 2 7 3 4
51 45 6 1 2 4 3 0 5 7 6
51 45 6 1 0 4 3 5 2 7 6
51 45 6 1 0 2 4 5 7 6 3
51 46 5 2 0 3 4 5 1 7 6
51 46 5 6 0 3 4 5 2 7 1
51 46 5 3 0 2 4 5 6 7 1
51 46 5 1 2 5 7 0 4 3 6
51 46 5 1 2 4 5 7 6 3 0
51 46 5 1 6 5 7 3 2 4 0
51 46 5 1 0 5 4 2 6 7 3
51 46 5 1 2 3 0 5 7 4 6
51 46 5 1 3 6 4 5 0 7 2
51 46 5 1 0 2 4 3 6 7 5
51 46 5 1 2 4 0 3 6 7 5
51 47 4 3 1 2 4 5 6 7 0
51 47 4 1 6 3 4 2 5 7 0
51 47 4 1 2 3 6 4 5 7 0
51 47 4 1 2 4 5 3 6 7 0
51 47 4 1 2 3 4 5 0 6 7
51 47 4 1 2 3 6 5 0 7 4
51 47 4 1 3 5 6 2 7 4 0
51 47 4 1 7 3 4 2 6 5 0
52 41 11 4 1 6 5 0 2 3 7
52 42 10 7 2 4 6 3 0 5 1
52 42 10 3 2 7 6 4 0 5 1
52 42 10 3 6 4 2 1 0 7 5
52 42 10 6 1 2 0 3 7 5 4
52 42 10 4 1 2 6 3 7 5 0
52 42 10 1 7 2 6 4 3 0 5
52 42 10 0 6 4 1 3 2 5 7
52 42 10 1 6 4 3 0 2 5 7
52 42 10 3 2 4 5 1 0 6 7
52 42 10 3 4 2 6 1 0 7 5
52 42 10 4 1 2 0 6 3 7 5
52 42 10 4 1 6 7 5 2 0 3
52 42 10 3 0 6 4 2 7 1 5
52 42 10 3 2 6 0 4 7 1 5
52 42 10 0 2 4 3 6 7 5 1
52 42 10 3 1 0 4 2 7 5 6
52 42 10 3 0 4 1 2 5 7 6
52 42 10 1 6 4 0 7 3 2 5
52 42 10 2 6 1 5 0 3 7 4
52 42 10 2 6 1 7 5 3 0 4
52 42 10 3 2 6 7 1 5 0 4
52 42 10 5 3 6 0 4 2 7 1
52 42 10 3 6 4 7 5 2 0 1
52 42 10 0 2 6 5 4 7 3 1
52 43 9 6 0 7 1 3 2 5 4
52 43 9 3 6 7 1 0 2 5 4
52 43 9 0 6 7 3 1 2 5 4
52 43 9 2 0 6 5 3 7 4 1
52 43 9 5 2 6 0 3 7 4 1
52 43 9 2 0 6 3 4 7 5 1
52 43 9 5 3 6 1 4 2 7 0
52 43 9 2 0 6 1 4 5 3 7
52 43 9 7 2 6 1 4 5 3 0
52 43 9 6 1 2 4 0 7 5 3
52 43 9 5 1 2 6 4 3 0 7
52 43 9 7 2 4 3 5 0 6 1
52 43 9 2 6 4 3 5 0 7 1
52 43 9 3 2 4 5 6 0 7 1
52 43 9 3 0 4 5 2 7 6 1
52 43 9 2 0 4 3 1 7 5 6
52 43 9 6 2 4 3 1 7 5 0
52 43 9 3 0 6 1 7 2 5 4
52 43 9 2 6 7 5 4 3 0 1
52 43 9 7 2 6 0 1 3 4 5
52 43 9 0 1 2 6 3 7 4 5
52 43 9 6 2 0 5 1 3 7 4
52 43 9 3 6 4 2 5 0 7 1
52 43 9 4 2 6 3 0 5 7 1
52 43 9 4 3 6 7 5 2 0 1
52 43 9 1 0 4 2 3 7 6 5
52 43 9 3 0 6 5 2 4 7 1
52 43 9 4 1 2 5 3 7 0 6
52 43 9 4 1 2 5 0 7 6 3
52 43 9 7 1 4 3 2 0 6 5
52 43 9 4 2 6 0 7 3 5 1
52 43 9 7 2 0 4 1 3 5 6
52 43 9 3 2 0 1 4 5 7 6
52 43 9 0 2 6 1 4 5 7 3
52 43 9 3 4 2 6 5 0 7 1
52 43 9 0 2 4 1 7 5 6 3
52 43 9 1 2 4 6 7 5 0 3
52 43 9 1 0 4 6 2 5 3 7
52 43 9 1 2 4 0 6 5 3 7
52 43 9 2 1 5 4 3 0 7 6
52 43 9 7 1 3 4 2 0 6 5
52 43 9 3 2 4 7 5 1 0 6
52 43 9 5 2 6 0 4 1 7 3
52 43 9 0 3 2 4 7 5 6 1
52 44 8 4 2 6 1 7 0 5 3
52 44 8 4 2 0 5 1 7 6 3
52 44 8 3 2 6 7 4 0 1 5
52 44 8 7 1 2 4 0 3 5 6
52 44 8 7 1 2 4 3 5 0 6
52 44 8 7 0 2 4 3 1 5 6
52 44 8 3 1 2 6 0 4 7 5
52 44 8 4 1 2 5 3 0 7 6
52 44 8 4 1 2 5 6 3 7 0
52 44 8 4 1 2 7 5 0 3 6
52 44 8 4 1 0 7 5 3 2 6
52 44 8 0 5 4 1 2 3 7 6
52 44 8 5 4 0 1 2 3 7 6
52 44 8 6 0 4 7 3 2 5 1
52 44 8 3 6 4 7 0 2 5 1
52 44 8 0 1 4 3 2 7 5 6
52 44 8 5 6 4 1 2 3 0 7
52 44 8 0 1 4 2 6 3 7 5
52 44 8 4 1 0 6 2 7 5 3
52 44 8 1 2 6 4 7 3 0 5
52 44 8 3 2 4 5 1 7 0 6
52 44 8 3 0 4 5 1 2 7 6
52 44 8 4 2 6 1 0 3 5 7
52 44 8 2 0 7 1 4 3 6 5
52 44 8 4 2 7 1 0 3 6 5
52 44 8 3 2 0 5 4 7 6 1
52 44 8 3 6 0 5 4 2 7 1
52 44 8 4 0 1 2 3 7 6 5
52 44 8 5 1 0 4 3 7 2 6
52 44 8 5 1 0 2 3 7 6 4
52 44 8 2 6 0 7 5 3 4 1
52 44 8 5 2 6 7 3 0 4 1
52 44 8 7 2 6 4 5 3 0 1
52 44 8 2 4 1 0 3 7 6 5
52 44 8 2 7 4 1 0 3 6 5
52 44 8 2 7 4 1 3 6 0 5
52 44 8 3 0 4 1 7 2 6 5
52 44 8 2 4 0 3 1 7 6 5
52 44 8 2 7 4 3 1 0 6 5
52 44 8 6 4 1 0 3 2 7 5
52 44 8 3 6 4 1 2 7 0 5
52 44 8 6 4 0 3 1 2 7 5
52 44 8 0 7 6 4 2 3 5 1
52 44 8 2 7 6 4 1 3 5 0
52 44 8 2 7 0 4 3 5 6 1
52 44 8 5 0 1 6 2 3 7 4
52 44 8 5 1 7 6 2 3 0 4
52 44 8 2 0 6 7 1 3 5 4
52 44 8 4 1 6 5 2 0 3 7
52 44 8 4 1 6 7 0 2 3 5
52 44 8 2 6 7 4 3 0 1 5
52 44 8 4 2 5 1 3 7 6 0
52 44 8 2 3 6 1 0 7 5 4
52 44 8 4 3 6 1 2 7 5 0
52 44 8 2 0 7 1 5 3 4 6
52 44 8 5 2 7 1 0 3 4 6
52 44 8 6 2 7 1 5 3 4 0
52 44 8 1 4 7 3 6 2 0 5
52 44 8 0 1 2 7 4 3 5 6
52 44 8 2 0 6 1 3 4 7 5
52 44 8 5 2 6 1 3 4 7 0
52 44 8 6 5 1 4 3 2 7 0
52 44 8 4 2 5 0 1 7 6 3
52 44 8 3 2 5 4 1 7 6 0
52 44 8 0 3 6 5 1 2 7 4
52 44 8 0 1 7 4 3 2 6 5
52 44 8 3 0 2 4 1 5 6 7
52 44 8 4 3 2 0 1 5 6 7
52 44 8 7 3 2 4 1 5 6 0
52 44 8 1 3 2 7 6 5 0 4
52 44 8 1 0 5 6 2 3 7 4
52 44 8 1 0 2 4 7 6 5 3
52 44 8 4 1 6 0 2 3 5 7
52 44 8 0 3 4 1 2 7 5 6
52 44 8 0 6 5 1 2 3 7 4
52 44 8 1 3 2 6 0 7 4 5
52 44 8 1 0 2 7 3 5 6 4
52 44 8 1 6 3 5 0 2 7 4
52 44 8 1 3 2 5 0 6 7 4
52 45 7 7 2 4 5 3 6 0 1
52 45 7 2 0 4 5 3 6 7 1
52 45 7 2 0 7 4 3 6 5 1
52 45 7 3 1 2 5 4 7 6 0
52 45 7 2 6 4 7 5 3 1 0
52 45 7 3 2 6 7 5 4 0 1
52 45 7 3 4 0 1 2 7 6 5
52 45 7 3 7 4 1 2 0 6 5
52 45 7 5 1 6 7 2 0 3 4
52 45 7 0 5 6 4 1 3 7 2
52 45 7 5 6 0 4 1 3 7 2
52 45 7 5 3 6 4 1 0 7 2
52 45 7 1 2 0 6 7 3 5 4
52 45 7 0 2 6 5 3 1 7 4
52 45 7 3 2 6 7 5 0 1 4
52 45 7 3 2 0 7 5 1 6 4
52 45 7 1 3 6 2 7 0 5 4
52 45 7 1 3 6 2 4 7 5 0
52 45 7 1 2 7 5 3 0 4 6
52 45 7 1 2 7 5 6 3 4 0
52 45 7 5 3 2 4 0 7 6 1
52 45 7 7 2 6 1 3 5 4 0
52 45 7 7 2 0 4 3 1 6 5
52 45 7 3 6 5 4 2 7 0 1
52 45 7 5 1 4 6 2 3 7 0
52 45 7 4 2 6 7 5 1 3 0
52 45 7 4 2 5 6 3 0 7 1
52 45 7 4 2 5 6 3 7 1 0
52 45 7 4 3 1 6 2 0 7 5
52 45 7 4 1 7 6 2 3 5 0
52 45 7 2 6 1 5 4 3 7 0
52 45 7 2 3 6 1 4 7 5 0
52 45 7 2 3 0 1 4 7 6 5
52 45 7 0 1 6 4 5 3 2 7
52 45 7 5 2 1 4 3 0 6 7
52 45 7 5 2 1 6 3 0 7 4
52 45 7 1 3 4 0 6 5 7 2
52 45 7 1 3 7 4 6 5 0 2
52 45 7 1 0 2 4 6 5 3 7
52 45 7 1 7 4 0 3 6 5 2
52 45 7 4 3 6 1 2 7 0 5
52 45 7 7 2 0 1 3 6 4 5
52 45 7 2 4 0 1 3 6 7 5
52 45 7 5 3 6 1 2 7 0 4
52 45 7 4 0 6 7 2 1 3 5
52 45 7 4 2 1 6 0 3 7 5
52 45 7 1 3 6 4 7 5 0 2
52 45 7 1 0 6 4 7 3 5 2
52 45 7 1 2 7 6 3 4 0 5
52 45 7 1 6 7 5 2 0 3 4
52 45 7 2 5 6 4 1 3 7 0
52 45 7 1 5 6 0 2 3 7 4
52 45 7 1 5 6 4 0 3 7 2
52 45 7 1 6 5 4 7 0 2 3
52 45 7 5 2 6 4 3 0 1 7
52 45 7 5 2 0 4 3 1 6 7
52 45 7 5 2 0 6 3 1 7 4
52 45 7 1 3 2 6 4 5 0 7
52 45 7 1 3 6 0 5 7 2 4
52 45 7 1 2 7 6 4 5 0 3
52 45 7 1 7 6 0 5 2 3 4
52 45 7 0 2 6 4 5 3 1 7
52 45 7 2 3 6 4 5 0 1 7
52 45 7 2 3 0 4 5 1 6 7
52 45 7 2 3 0 6 5 1 7 4
52 45 7 1 5 0 6 3 2 7 4
52 45 7 1 7 6 4 2 3 0 5
52 45 7 1 5 2 4 3 7 0 6
52 45 7 7 2 6 4 5 1 3 0
52 45 7 1 3 2 5 4 6 0 7
52 45 7 1 7 4 0 2 6 3 5
52 45 7 1 0 3 4 6 2 7 5
52 46 6 1 2 0 4 3 5 6 7
52 46 6 6 2 0 4 1 3 7 5
52 46 6 3 0 6 4 5 1 7 2
52 46 6 1 2 5 4 3 0 6 7
52 46 6 1 2 5 4 7 3 6 0
52 46 6 1 2 7 5 3 6 0 4
52 46 6 2 3 4 7 5 0 6 1
52 46 6 4 3 2 7 5 0 6 1
52 46 6 2 3 7 4 5 6 0 1
52 46 6 5 2 7 4 3 6 0 1
52 46 6 3 1 7 4 5 6 2 0
52 46 6 1 6 5 0 2 3 4 7
52 46 6 1 3 4 5 7 0 6 2
52 46 6 1 0 3 5 2 7 6 4
52 46 6 5 6 3 4 0 2 7 1
52 46 6 5 3 2 4 0 6 7 1
52 46 6 1 0 5 7 4 2 3 6
52 46 6 1 2 0 5 7 6 4 3
52 46 6 1 4 0 5 2 6 7 3
52 46 6 1 6 5 7 3 0 2 4
52 46 6 1 7 0 4 2 6 5 3
52 46 6 1 5 2 4 6 3 7 0
52 46 6 1 3 2 5 6 4 7 0
52 46 6 1 2 7 6 5 4 0 3
52 46 6 1 2 7 0 5 4 3 6
52 46 6 1 2 6 3 0 4 7 5
52 46 6 1 4 0 7 2 6 3 5
52 46 6 1 6 5 4 0 2 7 3
52 46 6 1 2 5 4 6 0 3 7
52 46 6 1 2 0 4 6 3 5 7
52 46 6 1 2 4 0 7 6 5 3
52 46 6 5 1 3 4 0 2 7 6
52 46 6 6 1 3 4 5 2 7 0
52 46 6 1 2 7 0 3 6 5 4
52 46 6 1 2 7 4 0 6 5 3
52 46 6 1 7 3 0 5 2 6 4
52 46 6 1 3 5 4 0 7 6 2
52 47 5 1 3 7 5 2 0 6 4
52 47 5 1 3 2 5 4 7 6 0
52 47 5 1 4 5 0 2 7 6 3
52 47 5 1 2 3 6 4 0 7 5
52 47 5 1 3 2 7 5 4 0 6
52 47 5 1 2 3 0 7 6 4 5
52 47 5 1 4 3 0 2 6 7 5
52 47 5 1 2 0 7 5 4 6 3
52 47 5 1 3 4 7 5 6 2 0
52 47 5 1 6 3 7 2 4 0 5
52 47 5 1 3 5 6 2 0 7 4
52 47 5 1 3 2 0 5 4 6 7
52 48 4 3 2 4 1 5 6 7 0
52 48 4 6 2 1 4 5 3 7 0
52 48 4 1 3 4 7 5 2 6 0
52 48 4 1 3 6 7 2 4 0 5
52 48 4 1 2 4 3 5 6 7 0
52 48 4 1 2 6 4 5 7 3 0
52 48 4 1 2 5 4 7 6 3 0
52 48 4 1 2 3 4 6 5 7 0
52 48 4 0 1 3 4 5 6 7 2
52 48 4 1 6 3 4 5 0 7 2
53 42 11 7 1 2 6 3 0 5 4
53 42 11 3 1 2 0 4 7 5 6
53 43 10 2 0 4 1 6 3 7 5
53 43 10 4 6 7 1 3 2 5 0
53 43 10 1 0 7 3 6 2 5 4
53 43 10 0 6 7 1 4 2 5 3
53 43 10 1 6 7 5 4 2 0 3
53 43 10 0 6 7 1 4 3 2 5
53 43 10 1 6 7 2 4 3 0 5
53 43 10 5 1 2 7 4 3 0 6
53 43 10 7 2 6 5 3 0 4 1
53 43 10 7 2 6 3 4 0 5 1
53 43 10 6 1 0 4 3 7 5 2
53 43 10 6 1 2 7 4 3 0 5
53 43 10 5 1 0 6 4 3 7 2
53 43 10 3 0 4 5 6 2 7 1
53 43 10 3 0 7 4 6 2 5 1
53 43 10 3 0 4 1 2 7 5 6
53 43 10 7 2 4 3 1 0 5 6
53 43 10 3 2 0 1 4 7 5 6
53 43 10 3 2 6 7 1 0 4 5
53 43 10 0 6 7 1 3 2 4 5
53 43 10 1 6 7 3 0 2 4 5
53 43 10 2 1 6 7 5 0 3 4
53 43 10 4 2 6 7 3 5 0 1
53 43 10 4 3 6 5 0 2 7 1
53 43 10 4 1 0 5 3 7 6 2
53 44 9 4 1 0 2 3 7 5 6
53 44 9 3 1 2 6 4 7 0 5
53 44 9 2 4 0 1 3 7 5 6
53 44 9 2 7 4 1 3 0 5 6
53 44 9 6 2 4 1 0 7 5 3
53 44 9 5 6 4 1 0 3 7 2
53 44 9 2 6 0 3 1 7 5 4
53 44 9 2 7 6 3 1 0 5 4
53 44 9 0 2 6 1 7 3 4 5
53 44 9 2 0 6 1 4 3 5 7
53 44 9 7 2 6 1 4 3 5 0
53 44 9 5 2 7 1 4 3 6 0
53 44 9 0 2 6 1 7 4 3 5
53 44 9 1 2 6 3 7 4 0 5
53 44 9 2 1 6 3 0 7 5 4
53 44 9 4 1 6 2 3 7 0 5
53 44 9 5 0 6 7 2 3 4 1
53 44 9 2 4 6 1 3 7 0 5
53 44 9 6 4 7 1 3 2 0 5
53 44 9 5 1 6 7 4 2 3 0
53 44 9 0 6 4 2 3 1 7 5
53 44 9 7 2 5 1 3 0 6 4
53 44 9 7 3 6 1 2 0 5 4
53 44 9 3 2 7 1 5 0 4 6
53 44 9 2 1 6 5 4 3 0 7
53 44 9 2 3 6 0 1 4 7 5
53 44 9 4 5 1 0 3 2 7 6
53 44 9 2 5 1 4 3 0 7 6
53 44 9 4 2 6 5 0 1 7 3
53 44 9 4 2 6 7 5 1 0 3
53 44 9 7 2 5 4 1 0 6 3
53 44 9 7 2 4 0 1 3 6 5
53 44 9 3 2 4 7 1 0 6 5
53 44 9 0 3 2 1 6 5 7 4
53 44 9 0 3 4 1 5 7 2 6
53 44 9 1 3 4 5 0 7 2 6
53 44 9 1 3 4 2 5 7 0 6
53 44 9 0 2 7 1 6 5 3 4
53 44 9 1 2 7 3 6 5 0 4
53 44 9 0 7 4 1 5 2 3 6
53 44 9 1 7 4 3 5 2 0 6
53 44 9 0 7 2 1 3 6 5 4
53 44 9 1 7 2 3 0 6 5 4
53 44 9 1 7 2 5 3 6 0 4
53 44 9 1 7 2 0 4 6 5 3
53 44 9 4 1 6 7 0 3 5 2
53 44 9 4 1 0 7 2 3 5 6
53 44 9 1 3 4 2 0 7 5 6
53 44 9 1 6 5 2 0 3 7 4
53 44 9 1 3 0 6 5 7 4 2
53 45 8 7 2 4 5 0 3 6 1
53 45 8 7 0 4 5 3 2 6 1
53 45 8 4 6 0 7 3 2 5 1
53 45 8 2 6 7 4 3 5 0 1
53 45 8 7 2 4 1 0 3 5 6
53 45 8 7 2 4 1 3 5 0 6
53 45 8 3 6 0 1 2 7 5 4
53 45 8 3 7 6 1 2 0 5 4
53 45 8 7 2 6 3 0 1 5 4
53 45 8 7 2 6 3 1 5 0 4
53 45 8 7 1 6 4 2 5 0 3
53 45 8 3 1 0 2 4 7 6 5
53 45 8 2 6 4 7 5 0 3 1
53 45 8 2 3 0 6 4 5 7 1
53 45 8 2 6 5 1 3 7 0 4
53 45 8 5 1 2 4 7 0 6 3
53 45 8 3 2 6 7 0 5 4 1
53 45 8 3 0 6 7 5 2 4 1
53 45 8 5 2 4 3 1 7 0 6
53 45 8 2 6 4 1 3 7 5 0
53 45 8 4 2 6 7 3 0 5 1
53 45 8 4 1 6 5 3 0 7 2
53 45 8 0 1 6 5 4 3 7 2
53 45 8 0 3 6 2 1 7 5 4
53 45 8 0 2 7 5 1 3 4 6
53 45 8 4 3 2 0 5 7 6 1
53 45 8 0 2 6 1 7 3 5 4
53 45 8 7 2 0 1 3 5 6 4
53 45 8 0 7 2 4 3 1 6 5
53 45 8 3 6 4 0 2 7 5 1
53 45 8 3 7 6 4 0 2 5 1
53 45 8 3 7 6 4 2 5 0 1
53 45 8 3 2 5 6 4 7 0 1
53 45 8 2 0 1 6 4 3 7 5
53 45 8 5 2 0 1 3 7 4 6
53 45 8 6 1 4 3 0 2 7 5
53 45 8 5 1 7 4 2 0 3 6
53 45 8 2 1 4 5 0 3 7 6
53 45 8 0 2 6 7 4 1 3 5
53 45 8 0 4 6 7 1 2 3 5
53 45 8 4 6 0 7 1 2 3 5
53 45 8 7 6 5 4 3 2 0 1
53 45 8 0 4 1 6 2 3 7 5
53 45 8 4 1 7 6 2 0 3 5
53 45 8 5 2 6 1 0 4 3 7
53 45 8 5 0 2 1 4 3 6 7
53 45 8 5 2 1 0 4 3 6 7
53 45 8 5 1 6 4 7 3 2 0
53 45 8 0 5 6 4 3 1 2 7
53 45 8 5 6 0 4 3 1 2 7
53 45 8 0 5 1 4 3 2 6 7
53 45 8 0 5 1 6 3 2 7 4
53 45 8 2 6 5 0 1 3 7 4
53 45 8 2 3 6 5 0 1 7 4
53 45 8 2 3 6 5 1 7 0 4
53 45 8 0 2 5 1 4 7 6 3
53 45 8 0 3 2 1 4 5 6 7
53 45 8 0 2 1 5 4 3 7 6
53 45 8 3 5 6 4 1 2 7 0
53 45 8 5 6 7 4 1 2 0 3
53 45 8 3 6 4 0 2 5 7 1
53 45 8 3 6 7 4 2 5 0 1
53 45 8 3 5 6 4 2 7 0 1
53 45 8 3 0 2 6 4 5 7 1
53 45 8 3 2 7 6 4 5 0 1
53 45 8 5 1 7 0 3 2 6 4
53 45 8 4 2 1 6 3 7 0 5
53 45 8 1 0 7 6 3 2 4 5
53 45 8 1 0 2 6 7 5 3 4
53 45 8 0 3 6 2 5 1 7 4
53 45 8 0 1 5 6 3 2 7 4
53 45 8 4 2 6 5 3 1 0 7
53 45 8 4 2 6 0 5 1 3 7
53 45 8 1 3 0 6 5 4 7 2
53 45 8 1 6 3 0 4 2 7 5
53 45 8 1 3 2 0 4 6 7 5
53 45 8 1 6 5 4 0 7 3 2
53 46 7 7 2 4 3 1 6 0 5
53 46 7 3 2 4 1 6 0 7 5
53 46 7 2 0 4 3 1 6 7 5
53 46 7 5 1 6 2 4 3 7 0
53 46 7 4 1 5 0 2 3 7 6
53 46 7 1 0 6 2 4 3 7 5
53 46 7 3 6 0 1 2 4 7 5
53 46 7 3 2 0 6 1 4 7 5
53 46 7 1 5 2 4 3 0 6 7
53 46 7 3 0 2 4 6 5 7 1
53 46 7 6 3 2 4 0 5 7 1
53 46 7 6 2 7 4 0 5 3 1
53 46 7 4 2 5 6 0 3 7 1
53 46 7 7 0 2 4 3 6 5 1
53 46 7 3 7 2 4 0 6 5 1
53 46 7 2 3 6 7 4 0 5 1
53 46 7 4 1 5 0 3 2 6 7
53 46 7 3 2 6 5 1 7 4 0
53 46 7 3 2 1 6 4 0 7 5
53 46 7 0 2 1 4 3 7 6 5
53 46 7 2 1 4 5 3 7 6 0
53 46 7 2 3 7 1 5 0 6 4
53 46 7 5 6 7 4 2 3 1 0
53 46 7 5 2 7 6 4 3 1 0
53 46 7 1 6 4 3 7 2 5 0
53 46 7 2 3 7 4 1 0 6 5
53 46 7 5 2 4 0 3 1 7 6
53 46 7 5 2 7 4 3 1 0 6
53 46 7 6 2 7 4 1 5 0 3
53 46 7 6 1 7 4 5 2 0 3
53 46 7 2 3 4 0 5 1 7 6
53 46 7 2 3 7 4 5 1 0 6
53 46 7 5 3 6 4 0 1 7 2
53 46 7 1 2 5 6 7 0 4 3
53 46 7 2 0 5 1 4 3 6 7
53 46 7 4 2 5 1 0 3 6 7
53 46 7 0 2 5 4 1 3 6 7
53 46 7 1 0 5 4 2 3 6 7
53 46 7 5 0 1 7 3 2 6 4
53 46 7 1 6 0 3 4 2 7 5
53 46 7 1 0 7 5 3 2 6 4
53 46 7 2 7 5 4 3 0 6 1
53 46 7 3 2 5 4 7 0 6 1
53 46 7 2 4 0 7 5 3 6 1
53 46 7 5 2 4 7 3 0 6 1
53 46 7 1 5 2 4 7 0 3 6
53 46 7 0 4 1 7 3 2 6 5
53 46 7 4 2 1 7 3 0 6 5
53 46 7 0 4 2 7 5 3 6 1
53 46 7 2 4 6 0 5 3 7 1
53 46 7 2 7 6 4 5 3 0 1
53 46 7 2 3 7 4 0 5 6 1
53 46 7 5 2 6 4 7 1 0 3
53 46 7 1 2 6 5 7 4 0 3
53 46 7 1 0 4 5 2 6 3 7
53 46 7 1 7 0 2 5 3 6 4
53 46 7 1 6 0 7 5 3 2 4
53 46 7 2 1 7 4 0 6 3 5
53 46 7 0 3 4 5 1 7 6 2
53 46 7 4 6 3 0 5 2 7 1
53 46 7 2 6 3 4 5 0 7 1
53 46 7 4 3 2 0 5 6 7 1
53 46 7 1 3 4 6 0 2 7 5
53 46 7 0 1 4 5 2 6 7 3
53 46 7 0 1 7 4 2 6 5 3
53 46 7 0 3 2 5 1 4 7 6
53 46 7 1 7 2 0 3 5 6 4
53 46 7 1 3 2 0 4 7 5 6
53 46 7 0 1 4 7 2 6 3 5
53 46 7 5 3 1 4 0 2 7 6
53 46 7 6 3 1 4 5 2 7 0
53 46 7 6 3 2 4 5 1 7 0
53 46 7 1 0 2 3 5 7 4 6
53 46 7 1 2 4 3 0 6 5 7
53 46 7 4 1 3 0 5 2 7 6
53 46 7 2 1 3 4 5 0 7 6
53 46 7 1 2 0 4 3 6 5 7
53 46 7 0 3 5 4 2 7 6 1
53 47 6 3 2 7 1 5 6 0 4
53 47 6 1 3 7 6 2 0 4 5
53 47 6 3 2 7 4 1 6 0 5
53 47 6 1 2 0 6 3 5 7 4
53 47 6 1 7 0 5 2 3 6 4
53 47 6 7 2 0 4 5 3 6 1
53 47 6 4 3 6 5 2 1 7 0
53 47 6 1 6 0 5 2 4 3 7
53 47 6 1 2 0 6 5 4 3 7
53 47 6 1 2 7 4 3 0 5 6
53 47 6 1 2 7 4 6 3 5 0
53 47 6 1 0 7 4 5 3 6 2
53 47 6 1 7 6 4 5 3 0 2
53 47 6 1 6 2 4 5 3 0 7
53 47 6 1 3 0 2 6 4 7 5
53 47 6 7 2 6 4 5 0 3 1
53 47 6 1 0 3 2 4 5 7 6
53 47 6 1 7 3 4 2 5 0 6
53 47 6 1 2 3 7 4 5 0 6
53 47 6 3 2 4 6 5 7 1 0
53 47 6 1 0 4 5 3 6 7 2
53 47 6 0 2 3 4 1 7 6 5
53 47 6 2 3 4 5 1 7 6 0
53 47 6 1 6 4 5 2 7 3 0
53 47 6 1 6 7 4 2 5 3 0
53 47 6 1 6 0 4 2 5 7 3
53 47 6 0 2 7 4 5 1 3 6
53 47 6 3 2 1 4 5 0 6 7
53 47 6 3 2 1 6 5 0 7 4
53 47 6 1 2 3 0 4 7 6 5
53 47 6 1 3 0 5 4 2 6 7
53 47 6 1 2 0 7 4 5 6 3
53 47 6 3 1 0 4 5 6 2 7
53 47 6 1 6 5 4 2 0 3 7
53 47 6 0 6 1 4 5 3 7 2
53 47 6 6 3 1 4 5 0 7 2
53 47 6 2 3 1 4 5 0 7 6
53 47 6 1 6 3 4 2 0 5 7
53 47 6 1 2 3 6 4 0 5 7
53 47 6 1 2 0 5 3 6 4 7
53 47 6 1 0 7 4 2 5 6 3
53 47 6 1 7 4 0 2 5 6 3
53 47 6 1 2 5 6 0 4 7 3
53 47 6 1 3 2 7 0 5 4 6
53 47 6 1 2 6 7 5 0 4 3
53 47 6 1 6 3 4 7 5 2 0
53 47 6 1 0 3 7 4 2 6 5
53 47 6 1 3 7 0 4 2 6 5
53 47 6 1 3 4 5 0 2 6 7
53 47 6 1 3 4 5 2 6 0 7
53 47 6 1 6 7 0 2 4 3 5
53 47 6 0 1 3 4 5 2 6 7
53 47 6 0 1 3 6 5 2 7 4
53 47 6 1 7 3 4 0 5 2 6
53 47 6 1 3 0 7 5 4 6 2
53 48 5 1 2 4 6 5 0 7 3
53 48 5 1 2 4 6 5 7 3 0
53 48 5 4 2 5 7 1 3 6 0
53 48 5 1 6 4 7 2 5 3 0
53 48 5 1 2 4 5 0 6 7 3
53 48 5 1 2 3 6 4 7 5 0
53 48 5 1 3 6 7 0 4 2 5
53 48 5 1 4 5 0 2 3 6 7
53 48 5 1 2 6 3 5 7 4 0
53 48 5 3 2 1 4 5 7 6 0
53 48 5 1 2 6 7 3 4 5 0
53 48 5 1 2 0 7 3 4 6 5
53 48 5 1 6 3 7 5 2 4 0
53 48 5 0 2 7 4 5 6 3 1
53 48 5 0 2 3 4 5 7 6 1
53 48 5 1 4 3 5 2 7 6 0
53 48 5 1 2 5 7 3 0 6 4
53 48 5 1 2 0 4 7 6 5 3
53 48 5 1 3 4 7 0 2 6 5
53 48 5 1 3 4 7 2 6 0 5
53 48 5 0 2 3 4 1 5 7 6
53 48 5 1 2 0 4 5 7 3 6
53 49 4 1 0 3 2 5 6 7 4
54 43 11 2 6 7 1 3 0 5 4
54 43 11 3 6 7 0 4 2 5 1
54 43 11 2 1 6 0 4 7 5 3
54 44 10 4 0 6 1 2 7 5 3
54 44 10 7 6 4 0 3 2 5 1
54 44 10 2 6 4 7 3 0 5 1
54 44 10 5 2 4 6 3 7 0 1
54 44 10 5 6 4 7 3 2 0 1
54 44 10 6 2 0 1 3 7 5 4
54 44 10 4 1 6 5 2 7 0 3
54 44 10 3 2 6 1 4 0 5 7
54 44 10 3 2 7 1 4 0 6 5
54 44 10 7 1 6 3 2 0 5 4
54 44 10 5 1 2 3 0 7 6 4
54 44 10 5 2 6 0 7 3 4 1
54 44 10 7 2 6 5 0 3 4 1
54 44 10 3 2 6 7 1 0 5 4
54 44 10 7 1 6 0 4 2 3 5
54 44 10 2 1 6 7 4 0 3 5
54 44 10 2 6 4 3 0 1 7 5
54 44 10 2 6 4 7 3 1 0 5
54 44 10 2 1 0 5 4 3 7 6
54 44 10 1 7 4 5 0 2 3 6
54 44 10 0 6 4 7 5 2 3 1
54 44 10 0 3 2 6 5 7 4 1
54 45 9 2 6 4 5 3 7 0 1
54 45 9 7 0 4 1 3 2 5 6
54 45 9 7 0 6 3 1 2 5 4
54 45 9 0 1 2 3 4 7 6 5
54 45 9 0 3 6 2 4 5 7 1
54 45 9 2 3 6 7 4 5 0 1
54 45 9 2 6 1 0 3 7 5 4
54 45 9 2 7 6 1 0 3 5 4
54 45 9 2 7 6 1 3 5 0 4
54 45 9 2 6 0 1 4 7 5 3
54 45 9 2 7 6 1 4 0 5 3
54 45 9 5 6 4 3 1 2 0 7
54 45 9 1 2 6 5 7 3 0 4
54 45 9 4 0 6 7 2 3 5 1
54 45 9 1 0 7 5 2 3 4 6
54 45 9 7 3 2 4 5 0 6 1
54 45 9 3 0 2 6 4 7 5 1
54 45 9 2 1 7 6 4 3 0 5
54 45 9 3 1 4 0 6 2 7 5
54 45 9 5 1 4 3 6 2 7 0
54 45 9 5 1 4 7 2 3 0 6
54 45 9 6 1 4 5 2 3 7 0
54 45 9 0 6 1 2 4 3 7 5
54 45 9 2 6 1 4 0 3 7 5
54 45 9 5 0 6 1 4 2 3 7
54 45 9 0 1 4 5 3 2 6 7
54 45 9 2 6 7 5 1 3 0 4
54 45 9 4 5 6 0 1 2 7 3
54 45 9 2 5 6 4 1 0 7 3
54 45 9 5 1 4 6 3 2 0 7
54 45 9 5 1 4 6 0 2 7 3
54 45 9 5 1 7 4 0 2 6 3
54 45 9 1 3 0 6 4 5 7 2
54 45 9 2 3 6 7 5 1 0 4
54 45 9 0 2 5 1 3 7 4 6
54 45 9 1 2 5 3 0 7 4 6
54 45 9 0 7 4 1 3 6 2 5
54 45 9 1 7 4 3 0 6 2 5
54 45 9 1 7 4 2 3 6 0 5
54 45 9 4 2 0 5 3 1 7 6
54 45 9 0 3 2 6 5 4 7 1
54 45 9 1 6 0 4 2 7 3 5
54 45 9 0 6 5 4 2 7 3 1
54 46 8 4 2 1 0 3 7 5 6
54 46 8 4 2 5 1 3 7 0 6
54 46 8 7 2 6 1 0 4 5 3
54 46 8 7 2 6 1 4 5 0 3
54 46 8 4 1 2 3 7 0 6 5
54 46 8 4 1 2 3 5 7 6 0
54 46 8 5 0 1 4 3 7 6 2
54 46 8 5 1 4 0 3 7 6 2
54 46 8 7 2 4 3 0 1 6 5
54 46 8 7 0 4 3 1 2 6 5
54 46 8 0 3 4 1 6 2 7 5
54 46 8 3 4 0 1 6 2 7 5
54 46 8 5 1 6 2 3 0 7 4
54 46 8 4 0 2 7 1 3 5 6
54 46 8 7 6 0 4 2 3 5 1
54 46 8 7 2 0 6 4 3 5 1
54 46 8 4 0 1 5 2 3 7 6
54 46 8 4 1 7 5 2 3 0 6
54 46 8 3 6 0 1 2 5 7 4
54 46 8 3 5 6 1 2 0 7 4
54 46 8 5 2 4 1 7 0 6 3
54 46 8 5 6 4 1 2 0 7 3
54 46 8 2 6 7 1 4 3 5 0
54 46 8 5 1 7 6 3 2 4 0
54 46 8 3 1 0 5 4 2 6 7
54 46 8 3 4 6 1 2 0 7 5
54 46 8 0 2 6 3 1 4 7 5
54 46 8 0 1 2 4 3 5 6 7
54 46 8 2 0 7 4 6 5 3 1
54 46 8 2 0 5 6 4 3 7 1
54 46 8 6 2 5 0 4 3 7 1
54 46 8 2 4 6 1 0 3 7 5
54 46 8 1 4 6 0 2 3 7 5
54 46 8 4 6 1 0 2 3 7 5
54 46 8 4 6 7 1 2 3 0 5
54 46 8 0 2 4 1 7 3 6 5
54 46 8 0 7 4 1 3 2 6 5
54 46 8 7 4 0 1 3 2 6 5
54 46 8 2 5 6 1 0 3 7 4
54 46 8 5 6 1 0 2 3 7 4
54 46 8 5 6 7 1 2 3 0 4
54 46 8 2 6 0 7 4 3 5 1
54 46 8 0 5 2 1 4 3 7 6
54 46 8 5 3 2 1 4 0 7 6
54 46 8 5 2 7 1 4 0 3 6
54 46 8 4 0 1 5 3 2 6 7
54 46 8 4 0 6 5 2 1 7 3
54 46 8 3 2 0 5 1 7 6 4
54 46 8 3 6 0 5 1 2 7 4
54 46 8 2 0 6 3 4 5 7 1
54 46 8 0 3 1 6 4 2 7 5
54 46 8 3 0 2 1 4 7 6 5
54 46 8 3 2 1 0 4 7 6 5
54 46 8 3 6 1 0 4 2 7 5
54 46 8 5 1 7 4 0 3 2 6
54 46 8 5 0 7 4 3 1 2 6
54 46 8 3 4 1 6 0 2 7 5
54 46 8 2 7 1 4 3 0 6 5
54 46 8 2 7 0 1 5 3 6 4
54 46 8 5 2 7 1 3 0 6 4
54 46 8 3 0 6 4 1 7 5 2
54 46 8 5 6 7 4 2 0 3 1
54 46 8 0 5 2 6 4 3 7 1
54 46 8 5 3 2 6 4 0 7 1
54 46 8 5 2 7 6 4 0 3 1
54 46 8 2 4 0 6 1 3 7 5
54 46 8 2 3 4 6 1 0 7 5
54 46 8 2 7 0 4 1 3 6 5
54 46 8 3 0 2 6 1 5 7 4
54 46 8 6 3 2 4 1 5 0 7
54 46 8 6 3 2 0 1 5 7 4
54 46 8 2 7 0 4 1 5 3 6
54 46 8 2 5 7 4 1 0 3 6
54 46 8 6 2 7 0 1 5 3 4
54 46 8 5 1 7 4 6 2 3 0
54 46 8 6 1 7 0 5 2 3 4
54 46 8 4 3 6 0 5 1 7 2
54 46 8 0 2 5 6 1 7 4 3
54 46 8 1 0 5 6 2 7 4 3
54 46 8 7 2 5 1 4 3 6 0
54 46 8 4 2 6 0 3 7 1 5
54 46 8 4 1 6 2 5 3 0 7
54 46 8 2 5 0 4 3 7 6 1
54 46 8 3 0 5 4 2 7 6 1
54 46 8 5 0 4 7 2 3 6 1
54 46 8 2 1 7 4 0 3 6 5
54 46 8 4 0 2 6 3 1 7 5
54 46 8 4 2 7 6 3 1 0 5
54 46 8 0 1 2 4 7 5 3 6
54 46 8 6 1 2 4 3 5 7 0
54 46 8 2 4 7 6 5 3 0 1
54 46 8 2 3 4 6 0 5 7 1
54 46 8 2 3 4 6 5 7 0 1
54 46 8 5 0 4 6 3 2 7 1
54 46 8 2 7 4 0 5 3 6 1
54 46 8 5 0 7 4 3 2 6 1
54 46 8 5 2 6 0 7 1 3 4
54 46 8 3 1 7 4 6 0 2 5
54 46 8 5 1 7 4 2 6 3 0
54 46 8 3 0 2 6 1 4 7 5
54 46 8 6 3 2 0 1 4 7 5
54 46 8 5 3 2 6 1 4 7 0
54 46 8 6 3 2 4 5 0 7 1
54 46 8 1 7 2 4 0 5 6 3
54 46 8 1 3 2 6 0 7 5 4
54 46 8 4 3 1 0 5 2 7 6
54 46 8 4 3 2 0 5 1 7 6
54 46 8 0 2 5 1 6 3 7 4
54 46 8 1 2 5 7 6 3 0 4
54 46 8 1 2 0 3 7 6 5 4
54 46 8 0 2 7 4 3 6 5 1
54 46 8 1 7 0 4 5 2 6 3
54 46 8 0 7 3 4 5 2 6 1
54 47 7 2 1 6 7 4 3 5 0
54 47 7 2 1 0 7 4 3 6 5
54 47 7 1 6 0 4 3 7 5 2
54 47 7 1 7 6 4 3 0 5 2
54 47 7 1 3 0 6 4 7 5 2
54 47 7 1 7 0 6 2 3 4 5
54 47 7 1 2 0 7 6 3 4 5
54 47 7 4 5 6 1 2 3 7 0
54 47 7 3 2 4 6 0 1 7 5
54 47 7 3 2 7 4 0 1 6 5
54 47 7 1 5 2 6 3 0 7 4
54 47 7 1 7 0 6 2 5 3 4
54 47 7 1 5 7 6 2 0 3 4
54 47 7 4 3 2 6 1 5 7 0
54 47 7 4 2 7 6 1 5 3 0
54 47 7 4 1 7 6 5 2 3 0
54 47 7 2 0 7 4 5 1 3 6
54 47 7 4 2 1 5 3 0 7 6
54 47 7 4 1 5 6 3 2 7 0
54 47 7 0 1 7 5 2 3 6 4
54 47 7 4 3 0 6 2 7 5 1
54 47 7 6 2 0 7 5 3 4 1
54 47 7 4 1 7 5 3 2 6 0
54 47 7 4 3 0 6 2 1 7 5
54 47 7 5 3 6 4 2 1 0 7
54 47 7 5 3 6 0 2 1 7 4
54 47 7 0 1 6 5 2 4 3 7
54 47 7 1 4 6 5 2 0 3 7
54 47 7 5 1 7 4 3 6 0 2
54 47 7 0 2 7 4 1 3 5 6
54 47 7 1 7 4 0 5 3 6 2
54 47 7 1 6 4 0 5 3 2 7
54 47 7 1 3 2 7 6 4 0 5
54 47 7 1 6 4 7 3 0 5 2
54 47 7 2 3 4 5 0 7 6 1
54 47 7 5 3 4 0 2 7 6 1
54 47 7 3 0 1 7 4 2 6 5
54 47 7 1 4 7 6 2 3 0 5
54 47 7 1 3 7 2 4 5 0 6
54 47 7 1 7 4 0 2 5 3 6
54 47 7 1 5 7 4 0 2 3 6
54 47 7 1 5 7 4 2 3 0 6
54 47 7 1 0 2 7 4 5 3 6
54 47 7 0 2 4 6 3 5 7 1
54 47 7 3 2 4 6 1 5 7 0
54 47 7 3 2 0 6 5 7 4 1
54 47 7 0 3 4 6 5 2 7 1
54 47 7 3 4 0 6 5 2 7 1
54 47 7 0 2 7 4 3 5 6 1
54 47 7 3 2 7 4 1 5 6 0
54 47 7 0 3 7 4 5 2 6 1
54 47 7 3 7 0 4 5 2 6 1
54 47 7 5 3 2 4 0 1 6 7
54 47 7 5 3 2 4 1 6 0 7
54 47 7 7 1 6 4 5 0 2 3
54 47 7 7 1 0 4 5 2 6 3
54 47 7 7 1 2 4 5 0 3 6
54 47 7 7 1 0 4 5 3 2 6
54 47 7 6 0 1 2 5 3 7 4
54 47 7 4 2 5 1 3 0 7 6
54 47 7 4 2 5 1 6 3 7 0
54 47 7 1 6 7 4 3 5 0 2
54 47 7 1 2 7 6 3 5 0 4
54 47 7 2 7 3 4 1 0 6 5
54 47 7 1 4 0 5 7 2 6 3
54 47 7 1 6 0 5 2 7 4 3
54 47 7 5 3 2 4 6 1 7 0
54 47 7 5 2 7 4 6 1 3 0
54 47 7 1 3 0 5 4 7 2 6
54 47 7 1 2 7 5 6 4 3 0
54 47 7 1 7 2 4 6 3 0 5
54 47 7 1 0 7 4 3 5 2 6
54 47 7 1 0 3 6 4 7 2 5
54 47 7 1 3 6 0 4 7 2 5
54 47 7 0 3 6 4 5 1 2 7
54 47 7 3 6 0 4 5 1 2 7
54 47 7 0 3 1 4 5 2 6 7
54 47 7 0 3 1 6 5 2 7 4
54 47 7 0 5 2 4 3 1 7 6
54 47 7 6 0 2 4 5 1 3 7
54 47 7 6 0 1 4 5 3 2 7
54 47 7 1 0 2 3 4 7 6 5
54 47 7 2 0 1 4 5 3 6 7
54 47 7 2 0 1 6 5 3 7 4
54 47 7 1 3 6 5 4 0 2 7
54 47 7 1 2 6 7 4 0 5 3
54 47 7 1 4 6 5 2 7 0 3
54 47 7 1 7 4 5 0 2 6 3
54 47 7 1 7 4 5 2 6 0 3
54 47 7 0 1 3 6 4 2 7 5
54 47 7 1 2 6 0 7 5 4 3
54 47 7 1 7 6 0 2 5 3 4
54 47 7 1 0 5 6 4 2 7 3
54 47 7 1 2 5 0 4 7 3 6
54 47 7 1 0 2 3 7 6 4 5
54 47 7 1 4 7 3 2 6 0 5
54 47 7 0 6 3 4 1 5 2 7
54 47 7 1 3 6 0 4 2 5 7
54 47 7 1 3 6 7 0 2 5 4
54 47 7 0 2 3 1 5 7 6 4
54 47 7 1 2 3 6 5 7 0 4
54 47 7 2 6 1 4 5 3 0 7
54 47 7 4 2 1 6 5 3 0 7
54 47 7 0 3 2 7 5 4 6 1
54 48 6 7 2 5 4 3 6 0 1
54 48 6 3 2 4 7 5 6 0 1
54 48 6 1 2 4 7 6 3 5 0
54 48 6 5 2 0 4 6 3 7 1
54 48 6 6 2 4 7 5 3 1 0
54 48 6 5 3 7 4 2 0 6 1
54 48 6 1 2 0 6 3 4 7 5
54 48 6 1 3 0 7 4 5 2 6
54 48 6 5 3 2 4 1 7 6 0
54 48 6 1 7 0 6 2 4 3 5
54 48 6 3 1 4 7 5 2 6 0
54 48 6 1 0 6 2 5 3 7 4
54 48 6 1 2 0 6 5 7 4 3
54 48 6 6 2 5 4 0 3 7 1
54 48 6 1 3 6 4 2 0 5 7
54 48 6 0 2 7 4 1 6 3 5
54 48 6 6 1 4 2 5 3 7 0
54 48 6 6 1 7 4 5 3 2 0
54 48 6 2 1 4 6 5 3 7 0
54 48 6 2 1 7 4 5 3 6 0
54 48 6 1 0 5 4 3 6 2 7
54 48 6 1 3 7 6 4 2 5 0
54 48 6 1 5 0 4 2 3 6 7
54 48 6 1 2 3 0 7 5 6 4
54 48 6 2 4 1 6 5 3 7 0
54 48 6 1 0 4 3 5 6 2 7
54 48 6 1 6 3 0 5 2 4 7
54 48 6 1 2 4 5 0 6 3 7
54 48 6 1 4 3 7 5 2 0 6
54 48 6 3 2 0 1 5 6 4 7
54 48 6 1 3 2 4 7 6 0 5
54 48 6 1 6 4 7 2 5 0 3
54 48 6 1 0 4 7 2 6 5 3
54 48 6 1 4 0 2 3 6 7 5
54 48 6 1 6 3 7 5 0 2 4
54 48 6 2 7 0 4 5 6 3 1
54 48 6 2 7 3 4 5 0 6 1
54 48 6 1 4 6 7 2 3 0 5
54 48 6 1 2 6 5 3 4 7 0
54 48 6 1 0 3 2 5 7 6 4
54 48 6 0 2 5 7 1 3 6 4
54 48 6 1 0 5 7 2 3 6 4
54 48 6 1 2 6 0 4 5 7 3
54 48 6 1 3 6 7 0 2 4 5
54 48 6 1 3 5 4 0 2 7 6
54 48 6 0 2 4 3 1 6 7 5
54 48 6 1 3 7 0 5 2 6 4
54 48 6 1 3 6 0 2 7 4 5
54 48 6 1 0 2 4 6 5 7 3
54 48 6 1 2 4 0 6 5 7 3
54 48 6 3 0 2 7 1 4 6 5
54 48 6 5 3 2 7 1 4 6 0
54 48 6 1 2 3 4 0 5 6 7
54 49 5 1 2 3 7 5 4 0 6
54 49 5 1 6 5 3 2 7 4 0
54 49 5 1 2 4 7 3 6 5 0
54 49 5 1 3 6 7 2 5 0 4
54 49 5 1 7 3 4 5 0 6 2
54 49 5 1 2 3 4 0 7 5 6
54 49 5 3 2 4 0 5 6 7 1
54 50 4 1 3 2 5 7 4 6 0
54 50 4 1 6 5 7 2 3 4 0
54 50 4 1 0 3 4 2 6 7 5
54 50 4 1 3 4 2 5 6 7 0
54 50 4 1 3 7 4 5 6 2 0
54 51 3 1 2 3 4 5 6 0 7
55 44 11 4 1 2 3 0 7 5 6
55 44 11 4 1 6 2 0 7 5 3
55 44 11 5 1 2 6 3 7 0 4
55 44 11 2 7 6 0 4 3 5 1
55 45 10 5 0 2 4 1 7 6 3
55 45 10 5 1 2 0 4 7 6 3
55 45 10 5 2 0 3 1 7 6 4
55 45 10 5 6 0 3 1 2 7 4
55 45 10 0 6 4 2 3 7 5 1
55 45 10 4 0 6 5 1 3 7 2
55 45 10 3 0 6 5 2 1 7 4
55 45 10 1 0 6 2 3 7 5 4
55 45 10 7 0 6 1 2 3 5 4
55 45 10 2 1 4 3 6 0 7 5
55 45 10 5 1 4 2 0 3 7 6
55 45 10 3 1 4 5 2 0 7 6
55 45 10 4 2 6 0 7 1 3 5
55 45 10 4 7 6 0 3 2 5 1
55 45 10 2 6 1 7 4 3 0 5
55 45 10 5 0 6 4 1 3 2 7
55 45 10 5 1 4 3 0 2 6 7
55 45 10 5 2 1 7 4 3 0 6
55 45 10 2 5 6 0 4 3 7 1
55 45 10 5 2 6 7 3 1 0 4
55 45 10 0 3 2 6 4 5 7 1
55 45 10 0 2 7 6 4 5 3 1
55 45 10 4 2 6 5 0 3 1 7
55 46 9 4 0 2 1 3 7 5 6
55 46 9 7 0 6 1 4 2 5 3
55 46 9 2 6 4 3 1 7 0 5
55 46 9 0 7 6 1 3 2 5 4
55 46 9 7 6 0 1 3 2 5 4
55 46 9 5 0 4 1 2 7 6 3
55 46 9 5 6 4 1 3 0 2 7
55 46 9 5 6 0 1 3 2 4 7
55 46 9 0 4 2 6 3 7 5 1
55 46 9 4 7 2 6 3 0 5 1
55 46 9 2 6 7 1 4 0 3 5
55 46 9 5 1 7 6 3 0 2 4
55 46 9 3 1 6 5 4 0 2 7
55 46 9 3 2 6 7 1 4 0 5
55 46 9 2 1 0 6 3 7 5 4
55 46 9 1 2 4 6 7 3 0 5
55 46 9 4 3 2 0 6 5 7 1
55 46 9 5 3 2 4 6 0 7 1
55 46 9 4 2 7 0 6 5 3 1
55 46 9 5 2 7 4 6 0 3 1
55 46 9 3 2 5 6 4 0 7 1
55 46 9 4 7 2 0 3 6 5 1
55 46 9 5 4 6 1 2 3 7 0
55 46 9 7 0 4 1 2 3 6 5
55 46 9 5 2 6 3 4 0 7 1
55 46 9 3 6 7 1 4 2 0 5
55 46 9 5 4 1 6 3 2 7 0
55 46 9 0 1 4 2 3 7 6 5
55 46 9 5 0 7 1 2 3 6 4
55 46 9 4 3 6 0 1 7 5 2
55 46 9 2 0 7 6 1 3 4 5
55 46 9 6 2 7 0 1 3 4 5
55 46 9 5 6 4 7 2 3 0 1
55 46 9 2 0 7 6 1 5 3 4
55 46 9 5 1 7 6 0 2 3 4
55 46 9 6 3 0 4 1 5 7 2
55 46 9 6 2 0 4 1 5 3 7
55 46 9 6 1 7 4 0 2 3 5
55 46 9 6 1 0 4 5 2 3 7
55 46 9 1 2 5 0 6 7 4 3
55 46 9 3 2 5 1 4 0 6 7
55 46 9 4 2 6 5 0 7 1 3
55 46 9 5 1 6 0 3 2 4 7
55 46 9 5 1 6 7 0 2 4 3
55 46 9 5 1 6 3 4 2 0 7
55 46 9 3 2 5 0 4 7 6 1
55 46 9 3 1 7 4 2 0 6 5
55 46 9 0 2 4 1 7 5 3 6
55 46 9 4 1 2 0 3 5 7 6
55 46 9 5 2 0 4 7 1 3 6
55 46 9 0 2 6 4 7 1 3 5
55 46 9 1 2 0 5 7 4 3 6
55 46 9 3 0 7 4 1 6 2 5
55 46 9 0 7 2 1 5 3 6 4
55 46 9 1 7 2 5 0 3 6 4
55 46 9 1 7 2 6 5 3 0 4
55 46 9 0 6 7 1 5 3 2 4
55 46 9 1 6 7 2 5 3 0 4
55 46 9 4 1 7 0 2 6 3 5
55 46 9 0 6 4 1 2 3 5 7
55 46 9 1 0 4 5 3 7 6 2
55 46 9 1 5 2 0 4 3 7 6
55 46 9 1 0 2 5 3 4 7 6
55 46 9 1 7 0 4 3 5 6 2
55 46 9 0 6 7 4 5 2 3 1
55 46 9 0 2 7 6 5 4 3 1
55 46 9 0 6 5 4 3 2 7 1
55 46 9 0 2 4 3 7 6 5 1
55 47 8 5 0 2 1 3 7 6 4
55 47 8 5 2 1 0 3 7 6 4
55 47 8 5 6 1 0 3 2 7 4
55 47 8 3 0 1 5 4 2 7 6
55 47 8 3 1 5 0 4 2 7 6
55 47 8 2 0 1 4 3 7 5 6
55 47 8 2 1 5 4 3 7 0 6
55 47 8 3 1 7 6 4 2 5 0
55 47 8 3 2 7 1 0 5 6 4
55 47 8 3 0 7 1 5 2 6 4
55 47 8 0 1 7 6 2 3 4 5
55 47 8 4 5 0 6 2 3 7 1
55 47 8 3 0 4 6 1 2 7 5
55 47 8 3 0 7 4 1 2 6 5
55 47 8 7 2 6 1 0 5 3 4
55 47 8 6 0 4 1 5 2 3 7
55 47 8 0 1 2 6 3 5 7 4
55 47 8 0 1 7 6 2 5 3 4
55 47 8 4 3 0 2 1 5 7 6
55 47 8 4 2 0 7 1 5 3 6
55 47 8 4 1 0 7 5 2 3 6
55 47 8 2 1 7 4 0 5 3 6
55 47 8 4 2 6 7 3 0 1 5
55 47 8 0 2 6 7 4 3 1 5
55 47 8 4 0 2 7 5 3 1 6
55 47 8 2 0 6 7 5 3 1 4
55 47 8 5 2 6 7 0 3 1 4
55 47 8 7 2 6 0 5 3 1 4
55 47 8 4 2 6 3 7 5 0 1
55 47 8 4 0 2 5 3 7 6 1
55 47 8 4 0 6 2 3 1 7 5
55 47 8 5 1 6 3 2 7 0 4
55 47 8 5 0 6 3 2 1 7 4
55 47 8 5 1 6 7 0 3 2 4
55 47 8 5 0 6 7 3 1 2 4
55 47 8 5 0 1 6 4 2 7 3
55 47 8 0 4 1 5 3 2 7 6
55 47 8 2 0 7 5 1 3 6 4
55 47 8 2 3 6 4 7 0 5 1
55 47 8 2 7 0 6 5 3 4 1
55 47 8 2 3 7 6 5 0 4 1
55 47 8 5 2 7 6 3 0 4 1
55 47 8 7 1 6 4 3 2 5 0
55 47 8 4 1 6 3 5 0 2 7
55 47 8 4 1 0 3 5 2 6 7
55 47 8 0 4 6 5 3 2 7 1
55 47 8 4 6 0 5 3 2 7 1
55 47 8 0 4 6 7 5 2 3 1
55 47 8 4 6 0 7 5 2 3 1
55 47 8 4 3 6 7 2 1 0 5
55 47 8 2 0 6 5 1 4 3 7
55 47 8 0 2 6 1 5 4 3 7
55 47 8 1 2 6 3 5 4 0 7
55 47 8 1 7 2 5 3 0 4 6
55 47 8 5 1 7 0 3 6 2 4
55 47 8 5 1 7 4 0 6 2 3
55 47 8 5 2 4 6 1 0 3 7
55 47 8 5 2 0 6 1 3 4 7
55 47 8 0 3 2 1 6 4 7 5
55 47 8 0 6 4 7 1 3 5 2
55 47 8 7 3 4 5 2 0 6 1
55 47 8 3 1 7 0 4 2 6 5
55 47 8 5 2 7 0 1 3 4 6
55 47 8 6 1 7 2 5 3 0 4
55 47 8 1 0 4 6 7 2 5 3
55 47 8 1 6 4 5 3 7 0 2
55 47 8 1 0 7 6 3 2 5 4
55 47 8 0 1 4 5 7 2 6 3
55 47 8 0 2 7 5 1 4 3 6
55 47 8 1 0 7 5 2 4 3 6
55 47 8 1 7 2 0 6 3 5 4
55 47 8 1 7 4 0 3 5 2 6
55 47 8 6 1 2 4 0 5 3 7
55 47 8 6 1 4 0 5 3 2 7
55 47 8 2 1 4 0 5 3 6 7
55 47 8 2 1 7 6 5 3 0 4
55 47 8 0 6 4 7 1 2 3 5
55 47 8 4 2 5 6 1 3 0 7
55 47 8 3 1 4 6 5 2 0 7
55 47 8 3 1 7 0 5 2 6 4
55 47 8 1 2 6 3 0 5 4 7
55 47 8 1 7 6 4 0 5 3 2
55 47 8 1 2 5 6 0 7 3 4
55 47 8 3 2 6 0 7 5 1 4
55 47 8 1 2 6 3 0 5 7 4
55 47 8 1 0 6 4 2 5 7 3
55 47 8 1 0 3 4 6 5 2 7
55 47 8 0 3 4 1 5 6 2 7
55 47 8 1 3 4 2 5 6 0 7
55 47 8 1 3 0 7 4 2 5 6
55 47 8 1 2 3 5 0 7 6 4
55 47 8 0 2 1 6 5 3 7 4
55 48 7 3 2 6 7 0 4 5 1
55 48 7 3 2 6 7 4 5 1 0
55 48 7 3 2 0 7 4 5 6 1
55 48 7 7 2 5 4 0 3 6 1
55 48 7 7 0 5 4 3 2 6 1
55 48 7 7 3 6 4 2 5 0 1
55 48 7 3 2 4 7 0 5 6 1
55 48 7 3 0 4 7 5 2 6 1
55 48 7 3 2 7 6 5 4 0 1
55 48 7 1 2 4 7 6 0 3 5
55 48 7 4 0 1 3 5 2 7 6
55 48 7 4 1 6 7 2 0 5 3
55 48 7 6 2 4 7 5 0 3 1
55 48 7 0 5 7 4 2 3 6 1
55 48 7 5 7 0 4 2 3 6 1
55 48 7 4 1 7 5 3 6 2 0
55 48 7 7 0 2 4 5 3 6 1
55 48 7 6 0 7 4 5 3 2 1
55 48 7 1 4 2 6 3 0 7 5
55 48 7 6 0 4 7 2 3 5 1
55 48 7 3 1 6 7 0 4 2 5
55 48 7 4 1 0 3 2 7 6 5
55 48 7 5 6 3 4 1 2 0 7
55 48 7 1 5 2 4 0 3 6 7
55 48 7 1 5 2 6 0 3 7 4
55 48 7 1 6 5 0 4 2 3 7
55 48 7 1 6 3 5 4 2 0 7
55 48 7 5 3 0 4 1 2 6 7
55 48 7 2 6 3 4 1 5 0 7
55 48 7 5 1 2 4 3 6 0 7
55 48 7 2 3 5 1 4 0 7 6
55 48 7 0 1 7 6 2 4 3 5
55 48 7 1 4 7 6 2 0 3 5
55 48 7 3 1 7 6 5 2 4 0
55 48 7 6 0 4 1 5 2 7 3
55 48 7 2 0 5 4 6 3 7 1
55 48 7 5 0 2 7 4 3 6 1
55 48 7 2 6 0 4 5 1 3 7
55 48 7 0 3 2 4 5 1 6 7
55 48 7 0 3 2 6 5 1 7 4
55 48 7 2 7 0 4 1 6 3 5
55 48 7 1 4 0 5 3 6 2 7
55 48 7 2 3 4 1 0 5 6 7
55 48 7 2 3 4 1 5 6 0 7
55 48 7 7 2 4 1 5 0 3 6
55 48 7 7 2 0 1 5 3 4 6
55 48 7 6 0 2 4 3 1 7 5
55 48 7 6 1 7 4 5 0 3 2
55 48 7 7 2 6 4 3 1 0 5
55 48 7 1 6 5 4 0 3 2 7
55 48 7 1 3 7 6 4 0 2 5
55 48 7 1 5 6 4 7 2 3 0
55 48 7 1 4 0 5 3 2 6 7
55 48 7 1 2 4 5 7 0 3 6
55 48 7 1 2 0 5 7 3 4 6
55 48 7 3 0 7 4 5 1 2 6
55 48 7 0 4 1 2 5 3 7 6
55 48 7 4 3 1 2 5 0 7 6
55 48 7 3 0 1 4 5 7 2 6
55 48 7 1 0 2 3 7 5 6 4
55 48 7 1 7 6 4 3 2 0 5
55 48 7 6 2 1 0 5 3 4 7
55 48 7 1 4 6 0 3 2 7 5
55 48 7 1 0 6 3 5 2 4 7
55 48 7 1 4 5 0 3 2 7 6
55 48 7 1 2 5 0 6 3 4 7
55 48 7 1 2 4 7 6 5 0 3
55 48 7 1 4 7 0 5 2 3 6
55 48 7 4 1 2 7 3 0 6 5
55 48 7 5 1 2 7 3 0 6 4
55 48 7 3 2 1 6 5 7 0 4
55 48 7 1 6 4 2 5 0 3 7
55 48 7 1 6 0 2 5 3 4 7
55 48 7 2 1 4 3 0 6 7 5
55 48 7 2 5 0 4 1 3 7 6
55 48 7 2 3 5 4 1 0 7 6
55 48 7 6 2 5 4 1 3 0 7
55 48 7 6 2 5 0 1 3 7 4
55 48 7 1 2 4 5 6 7 0 3
55 48 7 1 0 6 7 4 3 2 5
55 48 7 1 4 6 5 2 3 0 7
55 48 7 0 1 4 2 3 6 7 5
55 48 7 2 1 6 7 0 4 3 5
55 48 7 5 1 6 7 2 4 3 0
55 48 7 1 4 6 7 0 2 3 5
55 48 7 0 2 6 5 1 4 7 3
55 48 7 1 2 6 0 5 4 7 3
55 48 7 0 7 3 4 1 2 6 5
55 48 7 1 3 6 2 5 7 0 4
55 48 7 5 1 3 4 0 7 2 6
55 48 7 6 1 3 4 5 7 2 0
55 48 7 3 2 4 6 5 1 0 7
55 48 7 3 2 7 0 5 1 6 4
55 48 7 1 3 4 6 5 2 0 7
55 48 7 7 3 2 0 1 4 6 5
55 48 7 1 0 3 4 2 5 7 6
55 48 7 1 2 3 0 4 5 7 6
55 49 6 1 2 7 3 4 5 6 0
55 49 6 1 2 0 3 4 5 7 6
55 49 6 5 0 3 4 1 2 7 6
55 49 6 7 2 3 4 1 5 0 6
55 49 6 7 1 3 4 5 2 0 6
55 49 6 1 2 0 4 6 7 5 3
55 49 6 1 3 7 6 2 0 5 4
55 49 6 1 2 0 4 7 3 5 6
55 49 6 1 2 7 4 6 0 3 5
55 49 6 1 2 0 7 6 4 3 5
55 49 6 1 0 3 5 4 2 7 6
55 49 6 1 3 5 0 4 2 7 6
55 49 6 2 3 4 1 5 7 6 0
55 49 6 1 4 0 7 2 5 3 6
55 49 6 1 5 4 7 2 0 3 6
55 49 6 1 6 2 0 5 3 7 4
55 49 6 1 0 2 7 5 4 3 6
55 49 6 3 2 5 4 0 1 7 6
55 49 6 1 3 7 4 0 6 2 5
55 49 6 1 2 5 3 4 0 7 6
55 49 6 2 1 6 4 5 7 3 0
55 49 6 1 6 7 3 5 2 4 0
55 49 6 5 3 2 7 1 0 6 4
55 49 6 0 3 1 4 2 7 6 5
55 49 6 3 1 4 5 2 7 6 0
55 49 6 4 2 1 7 5 3 6 0
55 49 6 1 3 6 4 2 5 0 7
55 49 6 1 3 6 0 2 5 7 4
55 49 6 3 7 2 4 5 6 0 1
55 49 6 3 0 7 4 5 6 2 1
55 49 6 1 4 6 3 2 7 5 0
55 49 6 1 7 4 3 2 6 5 0
55 49 6 3 2 4 7 5 1 6 0
55 49 6 3 2 7 6 5 1 4 0
55 49 6 1 5 4 6 3 2 7 0
55 49 6 1 5 7 4 3 2 6 0
55 49 6 1 3 7 6 5 2 4 0
55 49 6 1 6 3 7 2 5 0 4
55 49 6 1 5 6 7 2 3 0 4
55 49 6 1 6 5 3 2 0 7 4
55 49 6 4 3 2 7 0 1 6 5
55 49 6 3 2 0 6 5 4 7 1
55 49 6 5 2 1 4 6 3 7 0
55 49 6 1 0 7 4 5 3 2 6
55 49 6 1 2 0 7 3 6 4 5
55 49 6 1 4 0 7 3 2 6 5
55 49 6 1 3 0 2 7 5 6 4
55 49 6 1 0 3 7 5 2 6 4
55 49 6 0 1 3 4 5 7 6 2
55 49 6 1 7 5 4 0 2 6 3
55 49 6 1 7 5 4 2 6 0 3
55 49 6 1 4 7 0 2 3 6 5
55 49 6 1 0 3 4 7 2 5 6
55 49 6 1 3 7 2 5 6 0 4
55 49 6 3 2 7 0 5 6 1 4
55 50 5 1 6 3 4 2 7 5 0
55 50 5 5 1 4 7 2 3 6 0
55 50 5 3 6 1 4 5 2 7 0
55 50 5 1 3 0 2 7 4 6 5
55 50 5 1 3 6 4 5 7 2 0
55 50 5 1 4 3 5 6 2 7 0
55 50 5 1 4 5 6 2 3 7 0
55 50 5 1 3 2 7 0 4 5 6
55 50 5 4 3 1 7 2 0 6 5
55 50 5 1 3 7 4 2 6 5 0
55 50 5 1 3 0 4 2 6 7 5
55 50 5 1 2 4 6 3 5 7 0
55 50 5 1 2 7 4 3 5 6 0
55 50 5 6 2 7 4 5 3 1 0
55 50 5 1 5 3 4 6 0 7 2
55 50 5 1 2 3 4 6 0 5 7
55 50 5 1 6 5 7 2 0 3 4
55 51 4 0 2 3 4 5 1 7 6
55 51 4 6 2 3 4 5 0 7 1
55 51 4 1 2 3 6 5 7 4 0
55 52 3 1 3 6 7 2 4 5 0
55 52 3 1 3 0 7 2 4 6 5
55 54 1 1 2 3 4 5 6 7 0