0 0 0 1 5 0 3 4 7 2 6
11 0 11 1 0 5 3 4 7 2 6
11 0 11 1 5 3 0 4 7 2 6
11 0 11 1 5 2 3 4 7 0 6
20 11 9 1 5 2 3 4 7 6 0
22 11 11 1 7 5 3 4 0 2 6
22 11 11 1 5 3 6 4 7 2 0
23 11 12 1 5 3 4 0 7 2 6
23 11 12 1 5 2 3 4 0 7 6
24 11 13 0 1 5 3 4 7 2 6
24 11 13 1 5 3 2 4 7 0 6
26 11 15 0 5 3 1 4 7 2 6
31 20 11 1 5 2 0 4 7 6 3
31 22 9 1 7 5 3 4 2 0 6
31 23 8 1 5 3 4 6 7 2 0
32 20 12 1 5 2 3 0 7 6 4
32 22 10 1 7 5 3 0 4 2 6
33 20 13 1 5 0 3 4 7 6 2
33 23 10 1 0 3 4 5 7 2 6
33 24 9 1 5 3 2 4 7 6 0
34 22 12 1 5 3 6 4 7 0 2
34 23 11 1 5 3 4 7 0 2 6
34 23 11 1 5 2 3 0 4 7 6
34 23 11 1 0 2 3 4 5 7 6
35 22 13 1 5 3 6 0 7 2 4
36 23 13 0 5 3 4 1 7 2 6
36 24 12 3 1 5 0 4 7 2 6
36 24 12 1 5 3 2 4 0 7 6
37 20 17 0 5 2 3 4 7 6 1
37 24 13 6 1 5 3 4 7 2 0
37 24 13 1 5 0 2 4 7 3 6
38 22 16 1 5 0 6 4 7 2 3
38 24 14 4 1 5 3 0 7 2 6
38 24 14 7 1 5 3 4 0 2 6
38 31 7 1 7 5 3 4 2 6 0
39 31 8 1 5 3 4 6 7 0 2
40 26 14 5 0 3 1 4 7 2 6
40 26 14 4 5 3 1 0 7 2 6
40 26 14 6 5 3 1 4 7 2 0
41 22 19 0 5 3 6 4 7 2 1
41 26 15 7 5 3 1 4 0 2 6
42 31 11 1 5 3 0 6 7 2 4
42 32 10 1 7 5 3 6 4 2 0
42 33 9 1 3 0 4 5 7 2 6
42 33 9 1 7 3 4 5 0 2 6
43 31 12 1 5 0 2 4 7 6 3
43 31 12 1 7 0 3 4 2 5 6
43 32 11 1 0 2 3 5 7 6 4
43 33 10 1 0 5 3 4 7 6 2
43 33 10 1 5 3 0 4 7 6 2
43 33 10 0 1 3 4 5 7 2 6
43 34 9 1 5 2 3 6 4 7 0
44 31 13 1 5 2 4 0 7 6 3
44 32 12 1 5 2 3 7 0 6 4
44 34 10 1 5 3 4 7 2 0 6
44 34 10 1 0 3 4 7 5 2 6
44 34 10 1 2 0 3 4 5 7 6
45 31 14 1 5 0 4 6 7 2 3
45 32 13 0 7 5 3 1 4 2 6
45 32 13 1 0 5 3 7 4 2 6
45 32 13 1 7 5 0 3 4 2 6
45 33 12 1 5 6 3 4 7 0 2
45 33 12 1 5 3 2 0 7 6 4
45 34 11 1 0 2 3 5 4 7 6
46 31 15 0 5 2 1 4 7 6 3
46 31 15 1 5 2 6 4 7 0 3
46 31 15 0 5 3 4 6 7 2 1
46 32 14 0 5 2 3 1 7 6 4
46 32 14 1 5 2 0 3 7 6 4
46 34 12 1 5 3 6 4 0 7 2
47 34 13 0 1 2 3 4 5 7 6
47 35 12 1 0 3 6 5 7 2 4
47 36 11 3 1 5 6 4 7 2 0
47 36 11 1 5 3 2 0 4 7 6
47 36 11 1 0 3 2 4 5 7 6
47 38 9 1 7 5 0 4 2 6 3
47 39 8 1 5 3 4 6 0 7 2
48 34 14 1 5 0 6 4 7 3 2
48 34 14 0 5 2 3 1 4 7 6
48 34 14 1 5 2 0 3 4 7 6
48 35 13 1 5 3 6 7 0 2 4
48 36 12 5 0 3 4 1 7 2 6
48 36 12 3 1 0 5 4 7 2 6
48 38 10 7 1 5 3 4 2 0 6
49 36 13 6 5 3 4 1 7 2 0
49 36 13 3 1 5 2 4 7 0 6
49 37 12 6 1 5 3 4 7 0 2
49 37 12 1 0 5 2 4 7 3 6
49 37 12 1 5 2 0 4 7 3 6
49 38 11 7 1 5 3 0 4 2 6
49 38 11 1 7 5 3 0 2 6 4
49 42 7 1 3 2 4 5 7 0 6
50 33 17 0 5 3 2 4 7 6 1
50 35 15 0 5 3 6 1 7 2 4
50 36 14 3 1 5 4 0 7 2 6
50 37 13 6 1 5 0 4 7 2 3
50 38 12 4 1 5 3 6 7 2 0
50 39 11 1 5 0 4 6 7 3 2
50 42 8 1 7 3 4 5 2 0 6
51 36 15 4 5 3 0 1 7 2 6
51 36 15 7 5 3 4 1 0 2 6
51 37 14 4 5 2 3 0 7 6 1
51 37 14 3 5 2 0 4 7 6 1
51 38 13 1 0 5 6 4 7 2 3
51 38 13 1 5 6 0 4 7 2 3
51 38 13 7 0 5 3 4 1 2 6
51 43 8 1 2 0 3 5 7 6 4
52 37 15 5 0 2 3 4 7 6 1
52 37 15 6 1 5 3 0 7 2 4
52 38 14 1 7 0 3 4 2 6 5
52 40 12 4 5 3 1 6 7 2 0
52 41 11 7 5 3 1 4 2 0 6
52 42 10 1 7 5 3 6 4 0 2
52 42 10 1 3 4 0 5 7 2 6
52 42 10 1 7 3 4 0 5 2 6
52 44 8 1 5 3 4 7 2 6 0
53 37 16 7 5 2 3 4 0 6 1
53 38 15 4 1 5 3 7 0 2 6
53 38 15 0 7 5 3 4 2 6 1
53 40 13 5 3 0 1 4 7 2 6
53 40 13 6 5 3 1 4 7 0 2
53 41 12 7 5 3 1 0 4 2 6
53 42 11 1 7 5 0 6 4 2 3
53 43 10 1 7 2 3 5 0 6 4
53 43 10 1 7 5 3 4 0 6 2
53 43 10 6 1 3 4 5 7 2 0
53 43 10 1 5 2 3 6 4 0 7
53 44 9 1 5 2 4 3 7 6 0
53 44 9 1 2 3 0 4 5 7 6
53 45 8 1 2 0 3 5 4 7 6
54 40 14 5 7 3 1 4 0 2 6
54 40 14 4 0 3 1 5 7 2 6
54 42 12 1 5 0 3 6 7 2 4
54 42 12 1 5 3 2 6 7 0 4
54 43 11 1 0 5 2 4 7 6 3
54 43 11 1 0 7 3 4 2 5 6
54 43 11 1 7 3 0 4 2 5 6
54 43 11 0 1 2 3 5 7 6 4
54 43 11 1 5 3 4 0 7 6 2
54 43 11 5 1 3 4 0 7 2 6
54 44 10 1 5 2 3 7 6 0 4
54 45 9 1 4 2 3 5 0 7 6
54 47 7 1 5 3 4 0 6 7 2
54 47 7 1 0 3 4 6 5 7 2
54 49 5 1 3 2 4 5 7 6 0
55 37 18 6 1 0 3 4 7 2 5
55 38 17 4 0 5 3 1 7 2 6
55 38 17 4 1 5 0 3 7 2 6
55 40 15 4 5 3 1 7 0 2 6
55 40 15 6 5 3 0 4 7 2 1
55 41 14 7 0 3 1 4 5 2 6
55 43 12 0 1 5 3 4 7 6 2
55 43 12 4 1 3 0 5 7 2 6
55 43 12 7 1 3 4 5 0 2 6
55 43 12 1 5 2 0 6 4 7 3
55 44 11 1 0 2 4 5 7 6 3
55 44 11 1 0 2 3 7 5 6 4
55 44 11 1 3 0 4 7 5 2 6
55 44 11 1 2 7 3 4 5 0 6
55 45 10 1 5 2 4 6 7 0 3
56 40 16 6 5 3 1 0 7 2 4
56 41 15 4 5 3 6 0 7 2 1
56 43 13 1 5 6 2 4 7 0 3
56 43 13 1 5 0 3 6 4 7 2
56 44 12 1 5 2 4 7 0 6 3
56 44 12 0 1 3 4 7 5 2 6
56 45 11 1 7 5 6 3 4 2 0
56 45 11 1 5 6 3 4 7 2 0
56 45 11 1 0 3 2 5 7 6 4
56 45 11 1 5 3 0 2 7 6 4
56 45 11 0 1 2 3 5 4 7 6
56 47 9 1 5 3 2 6 4 7 0
56 48 8 7 1 5 3 4 2 6 0
56 49 7 1 3 2 4 5 0 7 6
56 50 6 1 7 3 4 5 2 6 0
57 40 17 6 5 0 1 4 7 2 3
57 41 16 5 0 3 6 4 7 2 1
57 42 15 0 5 3 1 6 7 2 4
57 42 15 1 7 0 3 6 4 2 5
57 43 14 0 5 3 1 4 7 6 2
57 44 13 1 5 0 4 7 2 3 6
57 45 12 1 0 5 4 6 7 2 3
57 45 12 7 0 5 3 1 4 2 6
57 45 12 3 7 5 0 1 4 2 6
57 45 12 1 5 0 3 7 4 2 6
57 45 12 1 7 0 5 3 4 2 6
57 45 12 1 5 3 2 7 0 6 4
57 46 11 1 5 3 6 0 4 7 2
57 46 11 1 0 3 6 4 5 7 2
57 47 10 1 5 3 0 2 4 7 6
57 47 10 1 7 0 5 4 2 6 3
58 44 14 0 5 2 4 1 7 6 3
58 45 13 1 5 4 0 6 7 2 3
58 45 13 6 7 5 3 1 4 2 0
58 45 13 0 1 5 3 7 4 2 6
58 45 13 1 4 5 3 7 0 2 6
58 45 13 1 7 5 2 3 4 0 6
58 45 13 1 5 6 3 4 0 7 2
58 46 12 3 5 2 1 4 7 6 0
58 46 12 1 5 2 6 4 7 3 0
58 46 12 5 0 3 4 6 7 2 1
58 47 11 4 1 2 3 0 5 7 6
58 47 11 1 3 0 6 5 7 2 4
58 47 11 1 7 3 6 5 0 2 4
58 47 11 1 0 3 2 5 4 7 6
58 48 10 1 5 2 6 3 4 7 0
58 49 9 3 1 5 2 4 7 6 0
58 49 9 1 7 5 3 2 0 6 4
58 51 7 1 2 3 0 5 7 6 4
59 41 18 7 5 3 6 4 0 2 1
59 42 17 0 7 5 3 6 4 2 1
59 43 16 0 5 2 3 6 4 7 1
59 45 14 0 5 3 2 1 7 6 4
59 46 13 5 0 2 3 1 7 6 4
59 46 13 4 5 2 3 1 7 6 0
59 46 13 1 5 0 2 3 7 6 4
59 47 12 0 1 3 6 5 7 2 4
59 47 12 3 1 5 6 4 7 0 2
59 47 12 1 3 0 2 4 5 7 6
59 47 12 1 7 5 4 0 2 6 3
59 48 11 1 5 2 7 3 4 0 6
59 48 11 3 1 2 5 4 7 0 6
59 51 8 1 2 6 3 5 7 0 4
60 45 15 0 7 5 1 3 4 2 6
60 46 14 5 0 2 1 4 7 6 3
60 46 14 1 5 2 6 4 0 7 3
60 46 14 6 5 3 4 0 7 2 1
60 46 14 3 5 2 0 1 7 6 4
60 46 14 1 5 2 6 3 7 0 4
60 47 13 6 1 2 3 4 5 7 0
60 47 13 0 1 3 2 4 5 7 6
60 47 13 0 7 5 1 4 2 6 3
60 47 13 1 7 5 6 4 2 0 3
60 48 12 1 5 3 6 7 2 0 4
60 48 12 1 0 3 6 7 5 2 4
60 49 11 7 1 5 3 6 4 2 0
60 52 8 1 3 4 6 5 7 2 0
60 52 8 1 7 3 4 6 5 2 0
60 53 7 1 2 3 6 4 5 7 0
60 53 7 1 2 3 0 5 4 7 6
61 46 15 4 5 2 1 0 7 6 3
61 46 15 7 5 2 1 4 0 6 3
61 46 15 4 5 3 0 6 7 2 1
61 46 15 7 5 3 4 6 0 2 1
61 47 14 3 1 2 0 4 5 7 6
61 47 14 0 5 3 2 1 4 7 6
61 48 13 1 0 5 6 4 7 3 2
61 48 13 1 5 6 0 4 7 3 2
61 48 13 5 0 2 3 1 4 7 6
61 48 13 3 5 2 0 1 4 7 6
61 48 13 1 5 0 2 3 4 7 6
61 48 13 5 3 0 4 1 7 2 6
61 48 13 5 7 3 4 1 0 2 6
61 48 13 3 0 1 5 4 7 2 6
61 48 13 7 1 0 3 4 2 5 6
61 49 12 6 5 3 4 1 7 0 2
61 49 12 3 1 5 2 4 0 7 6
61 49 12 1 7 5 2 4 0 3 6
61 50 11 3 1 5 4 6 7 2 0
61 50 11 1 0 5 4 6 7 3 2
61 50 11 1 7 0 4 5 2 3 6
61 52 9 7 5 3 1 4 2 6 0
61 53 8 1 7 2 3 5 6 0 4
61 53 8 1 2 3 4 0 5 7 6
61 54 7 1 5 3 4 2 6 7 0
61 54 7 1 0 3 4 5 6 7 2
61 58 3 1 2 3 4 5 7 6 0
62 45 17 4 7 5 3 1 0 2 6
62 46 16 7 5 2 3 1 0 6 4
62 46 16 0 5 2 1 3 7 6 4
62 47 15 5 1 2 3 4 0 7 6
62 47 15 3 1 5 6 0 7 2 4
62 48 14 6 5 2 3 1 4 7 0
62 49 13 6 1 5 3 4 0 7 2
62 49 13 1 5 2 4 0 7 3 6
62 49 13 0 7 5 3 1 2 6 4
62 49 13 1 0 5 3 7 2 6 4
62 49 13 1 7 5 0 3 2 6 4
62 50 12 4 1 5 3 6 7 0 2
62 50 12 1 5 4 0 6 7 3 2
62 52 10 1 5 3 4 0 2 6 7
62 53 9 1 7 5 3 0 4 6 2
62 53 9 6 1 3 4 5 7 0 2
62 53 9 1 2 7 3 5 4 0 6
62 54 8 1 5 3 4 2 7 6 0
62 54 8 1 3 0 4 6 5 7 2
63 48 15 4 5 2 3 1 0 7 6
63 49 14 3 1 0 2 4 7 5 6
63 49 14 0 1 5 2 4 7 3 6
63 49 14 7 1 5 0 3 4 2 6
63 50 13 3 1 5 4 7 0 2 6
63 51 12 4 5 3 6 1 7 2 0
63 51 12 7 5 3 4 1 2 0 6
63 51 12 7 0 3 4 1 5 2 6
63 52 11 1 0 7 3 4 2 6 5
63 52 11 1 7 3 0 4 2 6 5
63 52 11 1 3 4 2 5 7 0 6
63 52 11 1 5 3 0 7 2 6 4
63 53 10 1 7 5 3 4 6 0 2
63 53 10 1 5 2 4 3 7 0 6
63 54 9 1 5 3 2 6 7 4 0
63 54 9 1 0 3 4 5 7 6 2
63 54 9 5 1 3 4 6 7 2 0
63 54 9 1 5 2 3 7 6 4 0
63 54 9 1 4 2 3 5 7 0 6
63 54 9 0 1 3 4 6 5 7 2
63 54 9 1 3 2 0 5 7 6 4
63 55 8 1 2 0 4 5 7 6 3
63 55 8 1 5 2 4 6 7 3 0
64 47 17 0 1 5 6 4 7 2 3
64 48 16 0 5 2 1 3 4 7 6
64 49 15 6 5 3 0 1 7 2 4
64 49 15 6 1 0 3 4 7 5 2
64 50 14 4 5 3 2 0 7 6 1
64 50 14 2 5 3 0 4 7 6 1
64 50 14 5 0 3 6 1 7 2 4
64 50 14 0 1 5 4 3 7 2 6
64 50 14 6 1 0 5 4 7 2 3
64 51 13 7 5 3 4 0 1 2 6
64 51 13 1 7 5 6 4 0 2 3
64 52 12 4 5 3 1 6 7 0 2
64 52 12 1 7 5 3 6 0 4 2
64 53 11 1 7 2 3 0 5 6 4
64 53 11 1 5 2 3 6 0 4 7
64 53 11 1 2 3 7 4 5 0 6
64 54 10 1 5 2 3 6 7 0 4
64 54 10 1 5 3 2 6 0 7 4
64 54 10 4 1 2 3 5 7 6 0
64 54 10 1 5 3 4 7 0 6 2
64 54 10 1 4 2 3 0 5 7 6
64 54 10 0 5 3 4 1 6 7 2
64 54 10 1 3 2 4 0 7 6 5
64 54 10 1 3 0 4 5 7 6 2
64 55 9 4 1 3 6 5 7 2 0
64 55 9 7 1 3 4 5 2 0 6
64 55 9 1 3 2 4 7 5 0 6
64 55 9 1 2 7 3 4 5 6 0
64 56 8 1 3 2 4 0 5 7 6
64 56 8 1 0 2 4 5 3 7 6
64 57 7 1 5 3 7 2 4 0 6
65 47 18 3 1 0 6 4 7 2 5
65 49 16 0 5 2 1 4 7 3 6
65 50 15 5 0 3 2 4 7 6 1
65 50 15 3 0 5 4 1 7 2 6
65 50 15 6 1 5 2 4 7 0 3
65 50 15 4 1 5 0 6 7 2 3
65 50 15 4 1 0 3 6 7 2 5
65 51 14 4 0 2 3 5 7 6 1
65 51 14 3 5 0 2 4 7 6 1
65 51 14 0 7 5 3 4 1 2 6
65 51 14 7 5 0 3 4 1 2 6
65 52 13 1 7 6 3 4 2 0 5
65 52 13 7 5 0 1 4 2 3 6
65 52 13 1 7 0 3 6 4 5 2
65 52 13 1 3 4 5 0 7 2 6
65 52 13 0 7 3 4 1 5 2 6
65 53 12 7 0 5 3 4 2 6 1
65 53 12 3 7 5 0 4 2 6 1
65 53 12 5 3 2 1 4 7 0 6
65 53 12 7 5 3 1 6 4 2 0
65 53 12 1 7 0 5 6 4 2 3
65 53 12 6 1 3 0 5 7 2 4
65 53 12 1 5 0 3 6 4 2 7
65 54 11 1 7 5 2 4 0 6 3
65 54 11 1 7 3 6 4 2 5 0
65 54 11 1 7 3 5 4 2 0 6
65 55 10 1 7 2 4 5 0 6 3
65 55 10 1 2 0 3 7 5 6 4
65 55 10 1 5 2 4 6 0 7 3
65 57 8 1 5 3 6 2 4 7 0
65 60 5 1 2 3 6 5 4 7 0
65 61 4 1 2 3 4 6 5 7 0
66 50 16 7 5 3 2 4 0 6 1
66 50 16 6 1 5 4 0 7 2 3
66 50 16 0 1 5 3 6 7 2 4
66 51 15 4 5 0 3 1 7 2 6
66 51 15 4 5 3 2 1 7 0 6
66 51 15 4 5 2 3 7 0 6 1
66 51 15 3 5 2 4 0 7 6 1
66 51 15 1 5 6 4 0 7 2 3
66 52 14 5 2 0 3 4 7 6 1
66 52 14 0 3 4 1 5 7 2 6
66 52 14 1 7 3 0 4 5 2 6
66 52 14 1 5 0 4 7 2 6 3
66 53 13 7 5 2 3 0 4 6 1
66 53 13 4 1 5 3 7 2 0 6
66 53 13 5 3 1 0 4 7 2 6
66 53 13 1 7 5 2 6 4 0 3
66 53 13 6 1 3 4 0 7 2 5
66 53 13 1 5 0 4 3 7 6 2
66 53 13 0 2 3 1 4 5 7 6
66 54 12 5 7 3 1 4 2 0 6
66 54 12 1 0 5 3 6 7 2 4
66 54 12 1 2 7 3 4 0 5 6
66 54 12 5 1 2 3 0 7 6 4
66 54 12 3 1 2 0 5 7 6 4
66 54 12 0 5 3 4 1 7 6 2
66 54 12 5 1 3 4 7 0 2 6
66 54 12 1 5 0 3 7 6 2 4
66 54 12 1 5 3 0 4 6 7 2
66 55 11 3 1 5 0 4 7 6 2
66 55 11 2 1 5 3 4 7 6 0
66 55 11 7 1 3 4 0 5 2 6
66 55 11 7 0 3 4 5 1 2 6
66 55 11 1 5 2 7 6 4 0 3
66 55 11 0 1 2 4 5 7 6 3
66 56 10 1 5 3 0 6 4 7 2
66 56 10 1 5 7 3 6 4 0 2
66 56 10 1 5 2 4 7 6 0 3
66 56 10 1 3 0 2 5 7 6 4
66 56 10 1 7 3 2 5 0 6 4
66 56 10 1 5 0 3 2 7 6 4
66 56 10 1 5 3 2 6 4 0 7
66 56 10 7 1 5 0 4 2 6 3
66 56 10 1 7 3 0 5 2 6 4
66 57 9 1 5 0 3 2 4 7 6
66 57 9 1 0 7 5 4 2 6 3
66 59 7 1 5 2 7 3 4 6 0
66 59 7 1 2 6 3 5 7 4 0
66 61 5 1 2 3 4 5 0 7 6
66 61 5 1 2 3 4 5 7 0 6
67 49 18 6 5 0 4 1 7 2 3
67 50 17 7 5 3 6 1 0 2 4
67 52 15 5 7 2 3 4 0 6 1
67 52 15 6 1 5 3 7 0 2 4
67 53 14 7 5 2 3 4 6 0 1
67 53 14 4 7 5 3 0 2 6 1
67 53 14 6 5 3 1 4 0 7 2
67 53 14 0 5 3 1 7 4 2 6
67 53 14 7 5 3 0 1 4 2 6
67 53 14 1 7 5 6 0 4 2 3
67 54 13 5 7 3 1 0 4 2 6
67 54 13 0 4 3 1 5 7 2 6
67 54 13 4 3 0 1 5 7 2 6
67 54 13 4 7 3 1 5 0 2 6
67 54 13 1 5 0 2 6 7 3 4
67 54 13 0 1 5 2 4 7 6 3
67 54 13 0 1 7 3 4 2 5 6
67 54 13 1 7 3 4 0 2 5 6
67 54 13 7 1 2 3 5 0 6 4
67 54 13 0 3 2 4 5 7 6 1
67 55 12 4 1 0 3 5 7 2 6
67 55 12 4 1 3 2 5 7 0 6
67 55 12 1 3 4 0 7 5 2 6
67 56 11 1 0 5 3 6 4 7 2
67 56 11 1 0 2 4 7 5 6 3
67 56 11 0 1 3 2 5 7 6 4
67 56 11 6 1 2 3 5 4 7 0
67 56 11 1 7 3 4 0 2 6 5
67 57 10 1 5 3 2 7 6 0 4
67 58 9 1 5 4 3 6 7 2 0
67 58 9 1 7 5 2 3 4 6 0
67 58 9 4 1 2 3 6 5 7 0
67 58 9 1 3 2 6 5 7 0 4
67 58 9 1 4 3 2 5 0 7 6
67 58 9 1 7 5 3 2 6 0 4
67 58 9 1 0 5 3 2 7 6 4
67 58 9 1 2 3 6 5 7 0 4
67 59 8 1 2 6 3 5 0 7 4
67 61 6 1 3 0 4 5 6 7 2
67 64 3 1 5 3 7 2 4 6 0
68 51 17 4 5 2 0 3 7 6 1
68 51 17 3 5 2 6 4 7 0 1
68 51 17 0 5 6 1 4 7 2 3
68 52 16 0 5 3 4 7 2 6 1
68 53 15 7 0 2 3 4 5 6 1
68 53 15 2 7 5 3 4 0 6 1
68 53 15 6 5 0 1 4 7 3 2
68 53 15 7 0 3 1 5 4 2 6
68 53 15 0 7 5 1 6 4 2 3
68 53 15 6 1 0 4 5 7 2 3
68 55 13 4 1 5 6 3 7 2 0
68 55 13 7 3 0 1 4 5 2 6
68 55 13 4 1 5 3 0 7 6 2
68 55 13 7 1 5 3 4 0 6 2
68 55 13 1 5 0 2 6 4 7 3
68 55 13 0 1 2 3 7 5 6 4
68 56 12 1 5 6 2 4 7 3 0
68 56 12 6 1 3 4 7 5 2 0
68 56 12 1 7 5 6 3 4 0 2
68 56 12 5 1 2 3 0 4 7 6
68 56 12 3 1 2 0 5 4 7 6
68 56 12 4 1 2 3 5 0 7 6
68 56 12 7 1 5 3 0 2 6 4
68 57 11 1 7 2 3 6 4 0 5
68 57 11 3 7 5 6 1 4 2 0
68 57 11 1 5 3 0 7 4 2 6
68 57 11 1 5 2 3 7 4 0 6
68 57 11 1 0 7 5 3 4 2 6
68 57 11 1 7 2 5 3 4 0 6
68 57 11 1 0 3 2 7 5 6 4
68 57 11 1 0 3 6 5 4 7 2
68 57 11 1 7 6 5 4 2 0 3
68 58 10 1 7 3 6 5 2 0 4
68 58 10 1 3 0 2 5 4 7 6
68 59 9 1 7 5 4 2 0 6 3
68 59 9 3 1 2 5 4 7 6 0
68 60 8 1 7 3 4 6 5 0 2
68 61 7 1 7 2 3 5 6 4 0
68 61 7 0 1 3 4 5 6 7 2
68 61 7 1 6 3 4 5 0 7 2
68 62 6 1 7 5 3 2 4 6 0
69 52 17 6 0 5 3 1 7 2 4
69 52 17 6 1 5 0 3 7 2 4
69 53 16 4 0 5 3 7 1 2 6
69 53 16 0 5 2 4 3 7 6 1
69 54 15 0 7 3 1 4 2 5 6
69 54 15 5 1 3 0 4 7 2 6
69 55 14 6 1 2 3 4 7 0 5
69 55 14 4 5 3 1 7 2 0 6
69 55 14 4 0 3 1 7 5 2 6
69 56 13 0 5 3 1 2 7 6 4
69 56 13 1 5 3 6 2 7 0 4
69 56 13 0 1 5 3 4 2 6 7
69 56 13 1 7 0 4 5 2 6 3
69 57 12 1 7 3 0 6 4 2 5
69 57 12 2 5 3 1 4 7 6 0
69 57 12 1 0 5 4 7 2 3 6
69 57 12 3 7 0 5 1 4 2 6
69 57 12 1 3 0 6 4 5 7 2
69 57 12 0 5 3 1 2 4 7 6
69 58 11 1 4 5 3 7 2 0 6
69 58 11 1 3 6 0 5 7 2 4
69 58 11 0 1 3 2 5 4 7 6
69 58 11 0 2 3 1 5 7 6 4
69 59 10 1 3 7 2 4 5 0 6
69 59 10 1 7 5 4 3 2 6 0
69 59 10 1 5 0 7 3 4 2 6
69 60 9 1 3 4 6 5 7 0 2
69 60 9 1 2 3 6 4 5 0 7
69 60 9 1 2 3 6 0 5 7 4
69 61 8 1 5 3 4 2 6 0 7
69 61 8 1 2 3 4 0 7 6 5
69 62 7 1 2 7 3 5 4 6 0
70 52 18 4 5 0 1 6 7 2 3
70 55 15 6 1 3 0 4 7 2 5
70 55 15 0 4 5 3 1 7 2 6
70 55 15 0 7 3 1 4 5 2 6
70 55 15 1 5 2 6 0 4 7 3
70 56 14 1 5 6 2 4 0 7 3
70 56 14 4 1 3 0 7 5 2 6
70 56 14 1 5 6 3 0 7 2 4
70 56 14 0 7 3 4 5 2 6 1
70 57 13 5 0 3 1 6 7 2 4
70 57 13 1 0 7 3 6 4 2 5
70 57 13 5 0 3 1 4 7 6 2
70 57 13 4 5 3 1 0 7 6 2
70 57 13 1 5 4 0 7 2 3 6
70 57 13 1 7 5 4 6 0 2 3
70 57 13 7 5 0 3 1 4 2 6
70 57 13 3 7 5 1 0 4 2 6
70 57 13 3 7 5 2 1 4 0 6
70 57 13 0 1 3 6 4 5 7 2
70 58 12 3 5 2 4 1 7 6 0
70 58 12 6 7 5 3 1 4 0 2
70 58 12 3 1 5 0 7 4 2 6
70 58 12 1 4 5 3 0 7 2 6
70 58 12 1 5 6 3 0 4 7 2
70 58 12 1 0 6 3 4 5 7 2
70 58 12 3 5 2 1 4 7 0 6
70 58 12 1 7 3 6 0 5 2 4
70 58 12 1 5 2 6 3 4 0 7
70 58 12 1 2 3 5 0 7 6 4
70 59 11 1 3 2 0 4 5 7 6
70 59 11 1 5 2 7 3 0 4 6
70 60 10 3 7 5 1 4 2 6 0
70 60 10 1 7 5 6 4 2 3 0
70 60 10 1 2 3 7 5 4 0 6
70 61 9 0 2 3 4 1 5 7 6
70 63 7 1 7 3 5 4 2 6 0
70 63 7 1 3 4 2 5 7 6 0
70 63 7 1 4 2 3 5 7 6 0
70 63 7 2 1 3 4 6 5 7 0
70 64 6 1 3 2 4 6 5 7 0
70 65 5 1 2 3 4 6 5 0 7
71 55 16 4 1 0 5 3 7 2 6
71 55 16 4 1 5 2 3 7 0 6
71 55 16 6 5 0 3 4 7 2 1
71 55 16 4 1 3 5 0 7 2 6
71 55 16 0 5 2 1 6 4 7 3
71 56 15 6 0 3 1 5 7 2 4
71 56 15 4 0 3 6 5 7 2 1
71 56 15 7 1 0 3 4 2 6 5
71 57 14 6 0 5 1 4 7 2 3
71 57 14 6 5 2 1 4 7 0 3
71 57 14 7 5 3 1 4 0 6 2
71 57 14 0 1 5 4 6 7 2 3
71 57 14 7 4 5 3 1 0 2 6
71 57 14 0 5 3 6 1 4 7 2
71 58 13 5 0 2 4 1 7 6 3
71 58 13 6 7 5 0 1 4 2 3
71 58 13 6 1 5 3 7 4 2 0
71 58 13 1 7 5 2 3 0 4 6
71 58 13 5 3 0 4 6 7 2 1
71 58 13 5 7 3 4 6 0 2 1
71 58 13 3 1 5 2 0 7 6 4
71 59 12 5 2 0 3 1 7 6 4
71 59 12 3 1 2 5 4 0 7 6
71 60 11 1 5 2 6 3 7 4 0
71 60 11 4 1 3 2 0 5 7 6
71 60 11 7 0 5 1 4 2 6 3
71 60 11 1 5 3 6 7 2 4 0
71 60 11 7 1 5 3 6 4 0 2
71 60 11 1 7 3 0 6 5 2 4
71 60 11 0 2 3 1 5 4 7 6
71 61 10 1 7 0 3 5 6 2 4
71 61 10 1 5 3 0 2 6 7 4
71 62 9 1 5 3 4 2 0 6 7
71 62 9 1 0 3 4 5 2 6 7
71 62 9 6 1 3 4 5 0 7 2
71 62 9 1 5 3 4 2 7 0 6
71 62 9 1 3 4 0 6 5 7 2
71 62 9 1 3 7 4 6 5 0 2
71 63 8 1 7 3 4 5 0 6 2
71 63 8 1 2 6 4 5 7 0 3
71 64 7 1 2 3 7 4 5 6 0
71 64 7 7 1 3 4 5 2 6 0
71 64 7 1 3 2 4 7 5 6 0
71 64 7 1 2 0 4 5 3 7 6
71 64 7 1 5 3 7 2 0 4 6
71 64 7 1 5 0 7 2 4 3 6
72 55 17 6 0 1 3 4 7 2 5
72 55 17 6 5 3 2 4 7 0 1
72 56 16 6 5 3 1 7 0 2 4
72 56 16 4 5 3 6 7 0 2 1
72 56 16 0 5 3 2 6 4 7 1
72 57 15 6 5 1 0 4 7 2 3
72 58 14 1 5 4 2 6 7 0 3
72 58 14 1 7 0 2 3 4 5 6
72 58 14 3 5 2 1 0 7 6 4
72 58 14 3 5 0 1 4 7 6 2
72 58 14 1 5 2 6 0 7 3 4
72 58 14 4 0 2 3 1 5 7 6
72 58 14 4 1 2 0 3 5 7 6
72 59 13 5 0 2 3 6 4 7 1
72 59 13 5 0 3 2 1 7 6 4
72 59 13 2 5 3 0 1 7 6 4
72 59 13 4 5 3 2 1 7 6 0
72 59 13 4 5 2 3 1 7 0 6
72 59 13 1 0 5 2 3 7 6 4
72 59 13 1 5 6 2 3 7 0 4
72 59 13 5 1 3 6 0 7 2 4
72 59 13 3 1 5 6 4 0 7 2
72 59 13 0 7 5 4 1 2 6 3
72 59 13 1 0 5 4 7 2 6 3
72 60 12 1 5 2 6 3 0 7 4
72 60 12 2 1 3 0 4 5 7 6
72 60 12 7 1 5 0 6 4 2 3
72 60 12 1 2 3 5 0 4 7 6
72 61 11 3 1 2 6 4 5 7 0
72 61 11 3 5 2 7 1 4 0 6
72 61 11 1 5 7 2 3 4 0 6
72 61 11 5 3 2 4 1 7 0 6
72 61 11 3 1 5 2 0 4 7 6
72 61 11 1 7 5 2 0 4 3 6
72 61 11 1 7 5 2 4 3 0 6
72 61 11 3 1 5 4 6 7 0 2
72 61 11 1 0 7 4 5 2 3 6
72 61 11 1 0 3 4 2 5 7 6
72 61 11 0 2 3 4 5 7 6 1
72 62 10 1 5 4 2 6 7 3 0
72 62 10 1 2 7 3 5 0 4 6
72 63 9 1 3 4 2 5 0 7 6
72 63 9 1 7 5 3 4 6 2 0
72 63 9 0 1 3 4 5 7 6 2
72 63 9 5 1 3 4 6 7 0 2
72 63 9 1 2 4 0 5 7 6 3
72 64 8 1 5 3 4 7 6 0 2
72 64 8 1 4 2 3 6 5 7 0
72 64 8 2 5 3 4 1 6 7 0
72 64 8 1 3 6 4 5 7 0 2
72 65 7 1 2 3 6 5 4 0 7
72 65 7 1 2 3 0 6 5 7 4
73 56 17 1 7 0 6 3 4 2 5
73 57 16 5 3 0 6 4 7 2 1
73 57 16 7 5 3 1 6 0 2 4
73 58 15 6 7 5 3 0 4 2 1
73 58 15 1 5 0 6 3 4 7 2
73 59 14 7 5 3 6 4 2 0 1
73 59 14 7 0 5 3 6 4 2 1
73 59 14 3 7 5 0 6 4 2 1
73 59 14 5 7 2 3 1 0 6 4
73 59 14 7 1 3 6 5 0 2 4
73 60 13 7 0 5 1 3 4 2 6
73 60 13 1 0 2 6 4 5 7 3
73 60 13 6 1 2 3 4 5 0 7
73 60 13 6 1 2 3 0 5 7 4
73 60 13 6 1 3 2 4 5 7 0
73 60 13 4 7 5 1 0 2 6 3
73 60 13 1 3 0 6 7 5 2 4
73 60 13 1 3 4 6 0 7 2 5
73 61 12 7 5 2 1 0 4 6 3
73 61 12 7 5 3 4 0 6 2 1
73 61 12 7 5 3 4 6 2 0 1
73 61 12 7 0 3 4 6 5 2 1
73 61 12 3 1 2 4 0 5 7 6
73 61 12 3 1 2 7 4 5 0 6
73 61 12 5 2 0 3 1 4 7 6
73 61 12 3 5 2 6 1 4 7 0
73 61 12 1 0 5 2 3 4 7 6
73 61 12 5 7 3 4 1 2 0 6
73 61 12 7 1 3 0 4 2 5 6
73 61 12 6 5 3 4 1 0 7 2
73 61 12 1 7 5 4 6 0 3 2
73 61 12 1 7 4 0 5 2 3 6
73 61 12 7 5 3 0 4 2 6 1
73 62 11 1 0 2 4 5 7 3 6
73 62 11 1 2 5 3 7 0 6 4
73 62 11 1 5 3 0 4 2 6 7
73 63 10 7 5 3 4 1 2 6 0
73 63 10 1 5 3 7 0 2 6 4
73 63 10 1 5 2 4 3 0 7 6
73 63 10 6 1 3 4 0 5 7 2
73 64 9 1 5 2 3 6 7 4 0
73 64 9 1 5 3 2 0 6 7 4
73 64 9 1 0 3 2 6 5 7 4
73 64 9 1 0 3 4 7 5 6 2
73 64 9 5 0 3 4 1 6 7 2
73 64 9 1 3 4 0 5 7 6 2
73 65 8 1 7 2 4 5 6 0 3
73 66 7 3 1 2 4 5 7 6 0
73 66 7 1 5 7 3 2 4 0 6
73 66 7 1 0 3 4 5 2 7 6
73 67 6 1 2 3 6 5 7 4 0
73 68 5 2 1 3 4 5 6 7 0
74 57 17 5 7 3 6 4 0 2 1
74 58 16 4 5 2 0 1 7 6 3
74 58 16 7 5 2 4 1 0 6 3
74 58 16 1 5 4 6 0 7 2 3
74 58 16 3 1 0 2 4 7 6 5
74 59 15 7 5 3 6 0 4 2 1
74 59 15 6 5 2 3 0 4 7 1
74 59 15 3 5 2 0 6 4 7 1
74 59 15 4 5 2 3 6 0 7 1
74 59 15 3 1 0 6 4 7 5 2
74 60 14 6 7 5 1 3 4 2 0
74 60 14 5 2 0 1 4 7 6 3
74 60 14 5 7 2 1 4 0 6 3
74 60 14 6 0 3 4 5 7 2 1
74 60 14 3 5 0 2 1 7 6 4
74 60 14 1 5 0 6 3 7 2 4
74 60 14 2 7 5 1 4 0 6 3
74 60 14 1 7 0 6 4 2 5 3
74 60 14 0 1 3 6 7 5 2 4
74 60 14 1 7 0 4 6 5 2 3
74 60 14 1 2 0 6 4 5 7 3
74 61 13 4 5 2 1 3 7 6 0
74 61 13 7 5 2 1 4 6 0 3
74 61 13 5 0 3 2 1 4 7 6
74 61 13 2 5 3 0 1 4 7 6
74 61 13 1 7 5 6 4 0 3 2
74 61 13 5 4 2 3 1 0 7 6
74 61 13 3 5 0 2 1 4 7 6
74 61 13 5 7 3 4 0 1 2 6
74 61 13 0 3 1 5 4 7 2 6
74 61 13 3 7 1 5 4 0 2 6
74 61 13 3 0 5 2 4 1 7 6
74 61 13 3 1 5 0 6 7 2 4
74 61 13 0 1 5 4 6 7 3 2
74 61 13 7 5 3 1 0 2 6 4
74 61 13 1 5 0 4 2 6 7 3
74 62 12 7 5 2 3 1 6 0 4
74 62 12 6 1 5 3 0 4 7 2
74 62 12 1 5 2 4 7 0 3 6
74 62 12 7 0 5 3 1 2 6 4
74 62 12 3 7 5 0 1 2 6 4
74 62 12 1 5 0 3 7 2 6 4
74 62 12 1 7 0 5 3 2 6 4
74 62 12 4 1 5 3 6 0 7 2
74 62 12 1 5 4 3 6 7 0 2
74 62 12 0 5 3 4 1 2 6 7
74 62 12 0 7 5 3 1 4 6 2
74 62 12 1 0 5 3 7 4 6 2
74 62 12 1 7 5 0 3 4 6 2
74 62 12 6 1 0 4 5 7 3 2
74 62 12 1 5 0 4 2 7 6 3
74 63 11 3 1 5 4 7 2 0 6
74 63 11 1 3 0 2 5 7 4 6
74 63 11 1 5 3 0 6 7 4 2
74 63 11 1 5 2 3 0 6 4 7
74 63 11 1 4 0 3 5 7 2 6
74 63 11 4 1 3 0 6 5 7 2
74 63 11 5 1 3 4 6 0 7 2
74 64 10 1 0 2 3 6 5 4 7
74 64 10 1 2 3 7 4 0 5 6
74 64 10 1 5 2 3 6 0 7 4
74 64 10 4 1 2 3 5 7 0 6
74 64 10 1 3 2 4 7 0 6 5
74 64 10 4 1 3 6 5 7 0 2
74 64 10 0 1 2 4 5 3 7 6
74 65 9 1 2 3 0 7 5 6 4
74 65 9 1 5 2 4 0 6 7 3
74 65 9 1 0 2 4 6 5 7 3
74 65 9 1 5 3 6 2 4 0 7
74 66 8 1 5 3 2 4 6 7 0
74 66 8 1 5 2 7 6 4 3 0
74 66 8 1 5 2 4 7 6 3 0
74 66 8 1 7 3 2 5 6 0 4
74 66 8 1 0 5 3 2 4 7 6
74 66 8 1 2 0 4 5 7 3 6
74 67 7 1 7 5 3 2 6 4 0
74 67 7 1 2 3 6 5 0 7 4
74 67 7 1 3 4 0 5 6 7 2
74 67 7 1 3 7 4 5 6 0 2
74 67 7 1 5 3 0 2 4 6 7
75 56 19 0 7 5 6 3 4 2 1
75 56 19 0 5 6 3 4 7 2 1
75 58 17 0 5 4 1 6 7 2 3
75 59 16 7 0 3 6 4 5 2 1
75 59 16 7 5 3 2 1 0 6 4
75 59 16 4 5 0 3 1 7 6 2
75 60 15 6 5 3 4 7 0 2 1
75 60 15 6 1 2 0 4 5 7 3
75 60 15 5 1 3 2 4 0 7 6
75 60 15 1 5 0 6 7 2 3 4
75 60 15 0 1 5 3 6 4 2 7
75 60 15 0 7 3 4 6 5 2 1
75 60 15 0 2 3 6 4 5 7 1
75 61 14 7 0 2 1 4 5 6 3
75 61 14 3 1 0 2 4 5 7 6
75 61 14 6 5 3 2 1 4 7 0
75 61 14 1 5 6 4 0 7 3 2
75 61 14 3 5 2 1 0 4 7 6
75 61 14 5 3 4 0 1 7 2 6
75 61 14 7 0 1 3 4 2 5 6
75 61 14 3 1 0 4 6 7 2 5
75 61 14 7 5 0 1 4 2 6 3
75 61 14 0 5 3 1 4 2 6 7
75 61 14 0 5 3 4 2 6 7 1
75 62 13 4 7 5 3 1 2 0 6
75 62 13 7 0 2 3 1 5 6 4
75 62 13 5 1 2 3 4 7 0 6
75 62 13 6 5 2 3 1 4 0 7
75 62 13 4 7 5 3 1 2 6 0
75 62 13 0 1 5 3 7 2 6 4
75 62 13 4 1 0 3 6 7 5 2
75 63 12 7 1 5 6 3 4 2 0
75 63 12 0 1 5 7 3 4 2 6
75 63 12 1 2 7 3 4 0 6 5
75 63 12 1 5 0 4 3 7 2 6
75 63 12 5 1 3 0 6 7 2 4
75 63 12 1 3 2 5 0 7 6 4
75 63 12 1 5 2 0 6 7 3 4
75 64 11 7 5 3 4 6 1 2 0
75 64 11 1 7 5 3 0 6 4 2
75 64 11 1 7 2 3 4 5 6 0
75 64 11 1 2 0 7 4 5 3 6
75 64 11 1 3 2 4 7 0 5 6
75 64 11 1 2 7 0 4 5 6 3
75 64 11 1 2 7 3 0 5 6 4
75 64 11 0 3 2 4 1 5 7 6
75 64 11 1 0 2 4 3 5 7 6
75 65 10 5 3 2 1 4 7 6 0
75 65 10 1 7 5 2 0 4 6 3
75 65 10 1 2 6 3 7 5 0 4
75 65 10 1 2 3 6 0 4 7 5
75 65 10 1 2 0 4 6 5 7 3
75 66 9 7 1 3 4 6 5 2 0
75 66 9 1 5 7 3 6 4 2 0
75 66 9 1 5 2 7 0 4 6 3
75 67 8 4 1 3 2 5 7 6 0
75 67 8 1 3 2 6 5 7 4 0
75 67 8 1 5 3 7 0 4 6 2
75 67 8 1 5 0 7 2 4 6 3
75 68 7 1 6 3 4 5 7 0 2
75 68 7 1 7 5 3 2 4 0 6
75 68 7 1 7 5 0 2 4 6 3
76 58 18 6 7 0 3 1 4 2 5
76 58 18 0 5 2 6 3 4 7 1
76 60 16 3 5 2 6 1 7 0 4
76 60 16 6 1 0 3 4 5 7 2
76 60 16 7 1 0 3 6 4 2 5
76 60 16 0 3 4 6 5 7 2 1
76 61 15 4 0 2 1 5 7 6 3
76 61 15 4 5 0 3 6 7 2 1
76 61 15 4 5 3 2 6 7 0 1
76 61 15 4 5 3 2 1 0 7 6
76 61 15 0 1 5 6 4 7 3 2
76 61 15 6 5 0 4 1 7 3 2
76 62 14 7 5 2 3 0 1 6 4
76 62 14 5 0 2 1 3 7 6 4
76 62 14 5 0 2 3 4 1 7 6
76 62 14 6 5 2 0 1 4 7 3
76 62 14 6 0 5 3 4 1 7 2
76 62 14 0 5 2 4 1 7 3 6
76 63 13 4 5 2 3 0 1 7 6
76 63 13 3 1 2 0 4 7 5 6
76 63 13 2 1 5 0 4 7 3 6
76 63 13 7 1 0 5 3 4 2 6
76 63 13 4 5 3 6 1 7 0 2
76 63 13 7 3 0 4 1 5 2 6
76 63 13 0 1 7 3 4 2 6 5
76 63 13 1 7 0 3 4 6 5 2
76 63 13 1 5 3 2 0 7 4 6
76 63 13 0 1 3 4 6 7 2 5
76 63 13 1 5 2 0 7 6 4 3
76 63 13 0 3 2 1 5 7 6 4
76 64 12 1 0 5 4 3 7 2 6
76 64 12 4 5 3 1 6 0 7 2
76 64 12 1 0 5 3 6 7 4 2
76 64 12 4 1 2 0 5 7 6 3
76 64 12 4 5 3 0 1 6 7 2
76 64 12 0 3 2 4 1 7 6 5
76 64 12 1 0 2 4 3 7 6 5
76 64 12 7 1 0 4 5 2 3 6
76 64 12 1 2 0 3 4 5 6 7
76 65 11 4 1 2 3 6 7 0 5
76 65 11 4 2 0 3 5 7 6 1
76 65 11 1 7 6 3 4 2 5 0
76 65 11 1 3 4 5 6 7 2 0
76 65 11 1 0 7 5 6 4 2 3
76 65 11 1 7 2 5 6 4 0 3
76 65 11 1 0 5 3 6 4 2 7
76 65 11 1 5 3 0 6 4 2 7
76 65 11 1 7 5 2 4 6 0 3
76 65 11 1 7 3 5 4 0 2 6
76 65 11 1 7 0 5 4 2 3 6
76 65 11 1 7 2 4 0 5 6 3
76 65 11 0 2 3 4 6 5 7 1
76 66 10 1 7 5 2 6 4 3 0
76 66 10 4 2 3 1 0 5 7 6
76 66 10 5 7 3 1 4 2 6 0
76 66 10 2 5 3 4 1 7 6 0
76 66 10 1 5 3 7 4 6 0 2
76 66 10 1 5 0 7 6 4 2 3
76 66 10 1 5 3 7 6 4 0 2
76 66 10 1 3 6 2 5 7 0 4
76 66 10 0 1 5 7 4 2 6 3
76 66 10 1 2 7 5 4 0 6 3
76 67 9 1 7 3 4 6 2 5 0
76 67 9 7 1 2 3 5 6 0 4
76 67 9 1 5 3 2 7 6 4 0
76 67 9 1 3 2 6 5 0 7 4
76 67 9 1 4 3 2 5 7 0 6
76 67 9 1 2 6 3 0 5 7 4
76 68 8 5 1 3 4 0 6 7 2
76 68 8 1 6 3 4 0 5 7 2
76 69 7 1 3 6 4 5 7 2 0
76 70 6 1 2 3 7 5 4 6 0
76 71 5 1 2 3 4 5 0 6 7
77 59 18 4 7 5 3 6 0 2 1
77 61 16 4 5 2 1 7 0 6 3
77 62 15 4 7 5 3 0 1 2 6
77 62 15 3 1 5 6 7 0 2 4
77 62 15 2 7 5 3 1 0 6 4
77 62 15 0 7 5 1 3 2 6 4
77 62 15 1 7 5 6 3 2 0 4
77 62 15 1 5 4 6 0 7 3 2
77 62 15 0 5 3 4 2 7 6 1
77 63 14 6 1 5 2 4 7 3 0
77 63 14 7 1 5 2 3 4 0 6
77 63 14 3 0 5 4 7 1 2 6
77 63 14 7 5 0 4 1 2 3 6
77 63 14 1 5 0 3 7 6 4 2
77 64 13 2 5 3 4 0 7 6 1
77 64 13 6 1 2 5 4 7 0 3
77 64 13 4 1 2 3 0 7 6 5
77 64 13 4 1 0 3 5 7 6 2
77 64 13 0 4 2 3 1 5 7 6
77 64 13 1 4 2 0 3 5 7 6
77 64 13 1 3 2 0 4 7 6 5
77 65 12 4 1 3 0 6 7 2 5
77 65 12 7 0 5 1 4 2 3 6
77 65 12 1 0 7 3 6 4 5 2
77 65 12 1 7 3 0 6 4 5 2
77 65 12 1 3 4 5 7 0 2 6
77 65 12 3 7 0 5 4 2 6 1
77 65 12 7 5 3 1 6 4 0 2
77 65 12 1 2 0 6 5 4 7 3
77 66 11 1 5 6 4 3 7 2 0
77 66 11 1 7 3 6 4 5 2 0
77 66 11 7 5 2 3 1 4 6 0
77 66 11 4 1 5 3 7 2 6 0
77 66 11 1 0 5 4 3 7 6 2
77 66 11 1 5 6 4 3 7 0 2
77 66 11 1 2 7 3 0 4 5 6
77 66 11 5 0 3 4 1 7 6 2
77 66 11 5 1 3 4 7 2 0 6
77 66 11 1 5 3 0 7 6 2 4
77 66 11 1 5 0 3 4 6 7 2
77 66 11 3 1 0 5 4 7 6 2
77 66 11 2 1 5 3 4 7 0 6
77 66 11 2 1 5 0 4 7 6 3
77 66 11 1 5 2 7 6 0 4 3
77 66 11 1 7 3 2 0 5 6 4
77 66 11 1 5 6 3 2 7 0 4
77 66 11 1 5 3 2 6 0 4 7
77 66 11 7 1 0 5 4 2 6 3
77 66 11 1 7 0 3 5 2 6 4
77 66 11 0 1 7 5 4 2 6 3
77 66 11 1 5 2 0 3 4 6 7
77 66 11 1 5 0 7 3 4 6 2
77 66 11 1 2 6 0 5 7 4 3
77 66 11 1 2 0 3 5 7 4 6
77 67 10 4 1 3 2 5 0 7 6
77 67 10 1 3 4 6 7 5 2 0
77 67 10 1 2 0 4 7 5 6 3
77 67 10 2 1 3 0 5 7 6 4
77 67 10 4 1 2 3 6 5 0 7
77 67 10 1 4 3 2 0 5 7 6
77 67 10 1 2 0 6 5 7 3 4
77 67 10 1 0 6 3 5 2 7 4
77 68 9 3 1 2 6 5 4 7 0
77 68 9 1 5 2 3 7 4 6 0
77 68 9 1 7 2 5 3 4 6 0
77 68 9 1 4 3 6 5 0 7 2
77 68 9 1 7 3 6 5 2 4 0
77 68 9 1 3 2 0 5 4 7 6
77 68 9 1 3 7 2 5 4 0 6
77 68 9 1 7 5 4 2 6 0 3
77 68 9 1 0 5 4 2 7 6 3
77 68 9 4 1 3 0 5 6 7 2
77 69 8 1 3 7 2 4 5 6 0
77 69 8 1 2 3 4 7 0 6 5
77 70 7 2 1 3 4 6 5 0 7
77 70 7 1 3 2 4 6 5 0 7
77 70 7 1 2 3 4 6 0 5 7
77 71 6 1 7 3 4 5 6 0 2
77 71 6 1 2 6 4 5 7 3 0
77 71 6 1 0 5 7 2 4 3 6
77 72 5 1 2 4 3 5 7 6 0
78 58 20 0 5 2 6 4 7 3 1
78 60 18 4 7 5 1 3 0 2 6
78 61 17 0 5 6 1 4 7 3 2
78 62 16 0 1 5 6 3 7 2 4
78 62 16 6 5 0 3 1 4 7 2
78 62 16 0 5 4 1 6 7 3 2
78 63 15 3 0 1 2 4 7 5 6
78 63 15 4 1 5 2 0 7 3 6
78 63 15 7 1 5 2 4 0 3 6
78 63 15 0 7 3 1 4 2 6 5
78 63 15 1 7 3 6 4 2 0 5
78 63 15 0 5 3 1 7 2 6 4
78 63 15 5 1 0 4 6 7 2 3
78 64 14 5 0 2 1 3 4 7 6
78 64 14 6 1 3 0 4 7 5 2
78 64 14 4 0 3 2 5 7 6 1
78 64 14 2 5 0 3 4 7 6 1
78 64 14 6 1 5 4 3 7 2 0
78 64 14 0 5 3 4 7 1 2 6
78 64 14 0 7 2 3 1 5 6 4
78 64 14 1 7 2 0 3 5 6 4
78 64 14 4 1 3 6 0 7 2 5
78 65 13 0 3 5 4 1 7 2 6
78 65 13 3 7 5 4 1 0 2 6
78 65 13 0 4 2 3 5 7 6 1
78 65 13 4 7 2 3 5 0 6 1
78 65 13 3 0 5 2 4 7 6 1
78 65 13 3 7 5 0 4 1 2 6
78 65 13 7 5 3 0 4 1 2 6
78 65 13 7 5 2 3 4 1 0 6
78 65 13 7 5 1 0 4 2 3 6
78 65 13 6 7 3 4 1 5 2 0
78 65 13 7 5 0 3 4 2 6 1
78 65 13 7 2 5 3 4 0 6 1
78 65 13 5 3 2 1 4 0 7 6
78 65 13 6 1 0 3 5 7 2 4
78 65 13 6 1 3 2 5 7 0 4
78 65 13 1 5 0 6 2 4 7 3
78 65 13 0 2 3 6 5 4 7 1
78 66 12 1 5 4 0 7 2 6 3
78 66 12 1 5 4 0 3 7 6 2
78 66 12 2 0 3 1 4 5 7 6
78 66 12 6 2 3 1 4 5 7 0
78 66 12 5 1 2 3 4 7 6 0
78 66 12 3 1 0 2 5 7 6 4
78 66 12 1 0 5 3 7 6 2 4
78 66 12 0 7 3 4 5 1 2 6
78 66 12 7 3 0 4 5 1 2 6
78 66 12 5 1 2 4 0 7 6 3
78 66 12 1 5 7 3 6 0 4 2
78 66 12 1 5 0 4 7 6 2 3
78 66 12 1 7 3 5 0 2 6 4
78 66 12 1 2 6 3 0 7 4 5
78 67 11 1 4 3 0 5 7 2 6
78 67 11 4 3 2 1 5 7 0 6
78 67 11 1 7 3 4 2 0 5 6
78 67 11 3 0 2 4 5 7 6 1
78 67 11 1 4 5 3 6 0 7 2
78 67 11 6 1 2 3 5 4 0 7
78 67 11 1 7 3 4 2 0 6 5
78 67 11 0 1 5 3 2 7 6 4
78 67 11 0 5 3 7 2 4 6 1
78 68 10 4 1 5 3 2 7 6 0
78 68 10 7 1 5 3 0 4 6 2
78 68 10 5 1 2 3 6 4 7 0
78 68 10 7 1 5 3 2 0 6 4
78 68 10 1 7 2 3 6 4 5 0
78 68 10 1 5 3 7 0 4 2 6
78 68 10 1 3 0 6 5 4 7 2
78 68 10 1 7 6 5 4 2 3 0
78 68 10 1 7 3 4 6 0 5 2
78 69 9 1 5 3 6 2 7 4 0
78 69 9 1 0 5 3 4 2 6 7
78 69 9 1 7 3 5 6 4 2 0
78 69 9 1 4 5 3 7 2 6 0
78 69 9 4 2 3 1 5 7 6 0
78 69 9 1 0 5 7 3 4 2 6
78 69 9 1 3 4 6 5 0 7 2
78 70 8 1 2 0 4 6 5 3 7
78 71 7 1 3 4 2 6 5 7 0
78 73 5 1 5 3 7 4 2 6 0
78 73 5 1 5 7 3 2 4 6 0
78 73 5 2 1 3 4 5 6 0 7
79 62 17 7 5 2 1 3 0 6 4
79 62 17 3 0 5 6 1 7 2 4
79 63 16 1 5 0 2 6 7 4 3
79 63 16 0 5 2 4 6 7 3 1
79 64 15 6 5 2 1 3 4 7 0
79 64 15 4 5 3 2 7 0 6 1
79 64 15 4 5 3 0 2 7 6 1
79 64 15 5 3 0 6 1 7 2 4
79 64 15 5 7 3 6 1 0 2 4
79 64 15 6 0 1 5 4 7 2 3
79 64 15 4 5 0 1 6 7 3 2
79 65 14 3 1 2 6 4 7 0 5
79 65 14 5 3 0 2 4 7 6 1
79 65 14 3 5 0 4 1 7 2 6
79 65 14 6 1 5 2 4 0 7 3
79 65 14 4 0 1 3 6 7 2 5
79 65 14 6 7 5 3 4 1 2 0
79 65 14 0 3 4 5 1 7 2 6
79 65 14 3 7 5 4 0 2 6 1
79 65 14 7 5 3 0 6 4 2 1
79 65 14 1 7 3 6 0 2 5 4
79 66 13 7 5 3 2 0 4 6 1
79 66 13 4 5 2 3 7 6 0 1
79 66 13 1 0 6 4 5 7 2 3
79 66 13 5 2 3 0 4 7 6 1
79 66 13 3 0 4 1 5 7 2 6
79 66 13 6 3 4 1 5 7 2 0
79 66 13 1 7 0 3 4 5 2 6
79 66 13 1 5 6 4 7 2 0 3
79 66 13 5 3 1 6 4 7 2 0
79 66 13 1 7 5 2 6 0 4 3
79 66 13 6 1 3 4 7 0 2 5
79 66 13 1 7 5 3 6 0 2 4
79 66 13 5 1 2 3 7 0 6 4
79 66 13 3 1 2 6 5 7 0 4
79 66 13 5 0 3 4 7 1 2 6
79 66 13 3 1 5 4 0 7 6 2
79 66 13 2 1 5 3 0 7 6 4
79 66 13 7 1 2 4 5 0 6 3
79 66 13 1 5 0 2 6 4 3 7
79 66 13 7 1 5 4 0 2 6 3
79 67 12 7 5 2 3 4 6 1 0
79 67 12 7 5 3 6 1 4 2 0
79 67 12 0 5 3 7 1 4 2 6
79 67 12 4 7 3 1 5 2 0 6
79 67 12 3 1 7 0 4 2 5 6
79 67 12 7 1 2 3 0 5 6 4
79 67 12 7 0 2 3 5 1 6 4
79 67 12 5 3 2 4 0 7 6 1
79 67 12 1 3 4 7 0 5 2 6
79 67 12 5 1 3 2 0 7 6 4
79 67 12 1 0 3 4 7 2 6 5
79 67 12 4 1 2 0 6 5 7 3
79 67 12 1 7 0 3 2 6 5 4
79 68 11 6 1 2 4 5 7 0 3
79 68 11 7 1 5 3 4 6 0 2
79 68 11 1 5 7 2 6 4 0 3
79 68 11 6 1 3 4 7 5 0 2
79 68 11 3 1 2 7 5 4 0 6
79 68 11 4 0 2 3 5 1 7 6
79 68 11 1 5 3 6 7 4 2 0
79 68 11 0 1 3 6 5 4 7 2
79 68 11 1 7 0 4 6 5 3 2
79 68 11 1 7 2 0 5 6 4 3
79 69 10 3 1 5 0 4 2 6 7
79 69 10 2 1 3 0 5 4 7 6
79 69 10 2 0 3 1 5 7 6 4
79 69 10 0 2 3 4 1 7 6 5
79 69 10 1 2 7 0 5 4 6 3
79 69 10 1 2 0 3 5 4 6 7
79 70 9 3 7 5 2 1 4 6 0
79 70 9 1 5 6 3 2 4 7 0
79 70 9 1 2 3 5 4 7 6 0
79 70 9 1 3 2 6 4 5 7 0
79 70 9 2 0 3 4 1 5 7 6
79 70 9 6 2 3 4 1 5 7 0
79 70 9 2 1 3 0 6 5 7 4
79 70 9 2 1 3 4 0 5 7 6
79 70 9 1 3 2 0 6 5 7 4
79 71 8 1 3 0 4 5 2 6 7
79 71 8 1 3 7 4 6 5 2 0
79 71 8 1 2 6 4 5 0 7 3
79 71 8 1 2 4 0 5 3 7 6
79 71 8 1 2 7 4 5 3 0 6
79 71 8 1 5 3 7 0 2 4 6
79 71 8 1 0 3 7 2 5 4 6
79 71 8 1 5 7 0 2 4 3 6
79 72 7 3 5 2 7 1 4 6 0
79 72 7 2 1 3 4 5 7 6 0
79 72 7 1 5 3 4 7 6 2 0
79 73 6 1 7 2 4 5 6 3 0
79 74 5 1 2 3 4 7 5 6 0
79 74 5 1 3 4 2 5 6 7 0
79 76 3 1 2 3 4 5 6 0 7
80 63 17 0 5 3 2 6 7 4 1
80 63 17 0 5 2 3 7 6 4 1
80 64 16 4 1 5 6 0 7 2 3
80 64 16 7 1 5 6 4 0 2 3
80 64 16 4 5 2 1 3 0 7 6
80 64 16 6 5 0 3 1 7 2 4
80 64 16 6 5 3 2 1 7 0 4
80 64 16 6 0 1 3 4 7 5 2
80 64 16 2 5 3 6 4 7 0 1
80 64 16 7 1 5 4 3 0 2 6
80 64 16 4 1 0 6 5 7 2 3
80 65 15 3 1 6 0 4 7 2 5
80 65 15 5 0 2 1 4 7 3 6
80 65 15 4 5 2 1 0 7 3 6
80 65 15 6 5 2 1 4 7 3 0
80 65 15 5 7 3 2 4 0 6 1
80 65 15 3 5 6 2 4 7 0 1
80 65 15 1 7 6 3 4 0 2 5
80 65 15 4 7 3 0 1 5 2 6
80 65 15 3 7 5 6 4 2 0 1
80 66 14 7 5 3 2 4 6 0 1
80 66 14 4 0 2 3 7 5 6 1
80 66 14 3 5 2 4 7 0 6 1
80 66 14 1 5 6 4 7 0 2 3
80 66 14 5 2 6 3 4 7 0 1
80 66 14 5 3 4 1 0 7 2 6
80 66 14 1 7 3 2 4 5 0 6
80 66 14 1 7 0 2 6 4 5 3
80 66 14 5 2 3 1 4 0 7 6
80 66 14 5 7 0 1 4 2 3 6
80 66 14 3 1 2 5 0 7 6 4
80 66 14 4 5 3 0 1 7 6 2
80 66 14 7 5 3 4 1 0 6 2
80 66 14 0 5 3 1 4 6 7 2
80 66 14 0 5 3 1 6 4 7 2
80 66 14 7 1 5 6 4 2 0 3
80 66 14 0 7 3 1 5 2 6 4
80 67 13 6 1 5 3 7 2 0 4
80 67 13 4 7 5 3 2 0 6 1
80 67 13 6 5 3 1 0 4 7 2
80 67 13 5 7 3 1 6 4 2 0
80 67 13 6 4 3 1 5 7 2 0
80 67 13 4 3 1 0 5 7 2 6
80 67 13 1 0 5 2 6 7 3 4
80 67 13 6 1 7 3 4 2 5 0
80 67 13 1 0 3 4 7 2 5 6
80 67 13 4 3 2 0 5 7 6 1
80 67 13 7 3 2 4 5 0 6 1
80 67 13 4 0 1 3 5 7 2 6
80 67 13 4 1 0 2 5 7 3 6
80 67 13 1 3 4 2 7 5 0 6
80 67 13 0 1 5 3 6 4 7 2
80 67 13 0 1 2 4 7 5 6 3
80 67 13 7 1 3 2 5 0 6 4
80 67 13 6 1 2 0 5 4 7 3
80 67 13 0 7 3 4 1 2 6 5
80 67 13 1 5 0 2 7 6 3 4
80 67 13 1 5 4 3 0 7 2 6
80 67 13 4 1 0 3 6 5 7 2
80 67 13 0 1 2 3 6 5 7 4
80 68 12 2 7 5 3 0 4 6 1
80 68 12 7 3 0 1 5 4 2 6
80 68 12 3 7 5 1 6 4 2 0
80 68 12 7 3 2 1 4 5 0 6
80 68 12 7 0 5 3 4 1 6 2
80 68 12 1 0 5 2 6 4 7 3
80 68 12 4 1 2 3 7 5 6 0
80 68 12 6 1 3 4 0 5 2 7
80 68 12 3 1 0 2 5 4 7 6
80 68 12 1 7 2 3 6 0 4 5
80 68 12 3 7 5 6 1 4 0 2
80 68 12 1 3 0 2 7 5 6 4
80 68 12 1 7 2 3 0 6 4 5
80 68 12 1 7 0 3 5 6 4 2
80 68 12 1 7 0 3 2 4 6 5
80 69 11 1 0 7 4 5 2 6 3
80 69 11 1 7 6 4 5 2 0 3
80 69 11 1 2 5 4 7 0 3 6
80 69 11 3 0 7 5 1 4 2 6
80 69 11 3 7 2 5 1 4 0 6
80 69 11 1 3 7 6 4 5 0 2
80 69 11 5 0 3 1 2 4 7 6
80 69 11 6 5 3 1 2 4 7 0
80 69 11 6 1 3 2 5 4 7 0
80 69 11 5 2 3 1 0 7 6 4
80 69 11 1 3 7 2 4 0 5 6
80 69 11 1 7 5 4 3 2 0 6
80 69 11 1 5 7 0 3 4 2 6
80 69 11 1 3 0 6 5 7 4 2
80 69 11 1 2 3 6 4 0 5 7
80 69 11 0 2 3 6 1 5 7 4
80 69 11 1 5 0 4 2 6 3 7
80 70 10 3 1 5 7 0 4 2 6
80 70 10 1 3 2 7 4 5 0 6
80 70 10 1 5 2 7 0 3 4 6
80 70 10 3 7 5 1 4 2 0 6
80 70 10 1 7 5 0 4 2 3 6
80 70 10 1 2 3 7 5 0 4 6
80 70 10 1 2 0 7 5 4 3 6
80 71 9 4 1 3 2 6 5 7 0
80 71 9 1 7 3 0 5 6 2 4
80 71 9 1 5 3 7 2 6 0 4
80 71 9 1 0 3 4 2 5 6 7
80 71 9 0 1 3 4 5 2 6 7
80 71 9 1 7 3 4 0 5 6 2
80 71 9 1 2 3 0 4 5 6 7
80 71 9 1 3 2 4 0 5 6 7
80 72 8 1 2 3 5 6 4 7 0
80 72 8 2 5 3 4 1 6 0 7
80 72 8 1 3 6 4 5 0 7 2
80 72 8 1 2 3 6 5 0 4 7
80 72 8 1 2 0 3 6 5 7 4
80 73 7 1 5 3 7 2 0 6 4
80 73 7 2 1 3 0 5 6 7 4
80 74 6 1 3 7 4 5 6 2 0
80 75 5 1 0 5 7 2 4 6 3
80 79 1 1 2 3 4 5 6 7 0