0 0 0 7 1 6 0 5 3 2 4
10 0 10 7 1 6 4 5 3 2 0
14 0 14 7 1 0 6 5 3 2 4
15 0 15 7 1 6 2 5 3 0 4
16 0 16 0 1 6 7 5 3 2 4
17 0 17 7 1 6 5 0 3 2 4
21 10 11 7 1 6 4 5 3 0 2
24 10 14 7 1 0 4 5 3 2 6
24 10 14 0 1 6 4 5 3 2 7
25 10 15 7 1 6 4 0 3 2 5
26 14 12 7 1 2 6 5 3 0 4
27 15 12 7 1 6 2 5 3 4 0
28 15 13 7 1 0 2 5 3 6 4
29 14 15 7 0 1 6 5 3 2 4
29 15 14 7 1 6 2 5 0 3 4
29 16 13 1 0 6 7 5 3 2 4
30 16 14 5 1 6 7 0 3 2 4
30 17 13 7 1 6 5 4 3 2 0
31 16 15 4 1 6 7 5 3 2 0
31 16 15 3 1 6 7 5 0 2 4
32 21 11 7 1 0 4 5 3 6 2
33 17 16 7 1 6 5 3 0 2 4
33 21 12 7 1 6 4 5 0 3 2
34 17 17 0 1 6 5 7 3 2 4
34 24 10 7 1 2 4 5 3 0 6
34 24 10 1 0 6 4 5 3 2 7
35 17 18 7 0 6 5 1 3 2 4
37 24 13 7 0 1 4 5 3 2 6
37 24 13 7 1 4 0 5 3 2 6
37 24 13 5 1 6 4 0 3 2 7
37 24 13 3 1 6 4 5 0 2 7
37 26 11 7 1 2 6 5 3 4 0
38 24 14 4 1 6 0 5 3 2 7
39 25 14 7 1 6 4 3 0 2 5
39 26 13 7 1 2 6 5 0 3 4
40 25 15 0 1 6 4 7 3 2 5
40 28 12 7 1 2 0 5 3 6 4
40 29 11 1 3 6 7 5 0 2 4
41 27 14 7 1 6 0 5 3 4 2
42 25 17 7 0 6 4 1 3 2 5
42 28 14 7 0 1 2 5 3 6 4
42 29 13 1 6 0 7 5 3 2 4
42 30 12 5 1 6 7 4 3 2 0
42 31 11 3 1 6 7 5 2 0 4
42 34 8 7 1 2 4 5 3 6 0
43 25 18 7 1 6 0 4 3 2 5
43 27 16 7 1 0 2 5 3 4 6
43 27 16 0 1 6 2 5 3 4 7
43 29 14 7 3 1 6 5 0 2 4
43 30 13 7 1 6 5 4 3 0 2
43 34 9 1 3 6 4 5 0 2 7
44 27 17 7 1 6 2 0 3 4 5
44 29 15 7 1 6 2 0 5 3 4
44 29 15 7 0 6 2 5 1 3 4
44 31 13 3 1 6 7 0 5 2 4
44 32 12 7 0 1 4 5 3 6 2
44 32 12 7 1 4 0 5 3 6 2
44 34 10 1 6 0 4 5 3 2 7
45 29 16 0 7 1 6 5 3 2 4
45 30 15 5 1 6 7 3 0 2 4
45 30 15 7 1 0 5 4 3 2 6
45 31 14 4 1 6 7 5 3 0 2
45 31 14 3 0 6 7 5 1 2 4
45 34 11 7 1 2 4 5 0 3 6
46 33 13 7 1 6 4 0 5 3 2
46 33 13 7 0 6 4 5 1 3 2
47 30 17 5 0 6 7 1 3 2 4
47 30 17 0 1 6 5 4 3 2 7
47 31 16 4 1 0 7 5 3 2 6
47 33 14 7 1 6 5 3 2 0 4
47 37 10 3 1 6 4 5 2 0 7
48 30 18 5 1 6 0 7 3 2 4
48 31 17 4 1 6 7 0 3 2 5
48 37 11 7 1 4 6 5 3 2 0
49 34 15 1 0 6 5 7 3 2 4
49 35 14 7 3 6 5 1 0 2 4
49 37 12 7 3 1 4 5 0 2 6
49 37 12 3 1 6 4 0 5 2 7
49 37 12 3 0 6 4 5 1 2 7
49 40 9 1 3 6 7 5 2 0 4
50 33 17 7 0 6 5 3 1 2 4
50 37 13 5 1 6 4 3 0 2 7
50 37 13 5 1 6 4 7 3 2 0
50 37 13 7 1 2 0 5 3 4 6
51 34 17 4 1 6 5 7 3 2 0
51 34 17 3 1 6 5 7 0 2 4
51 35 16 7 6 0 5 1 3 2 4
51 37 14 0 7 1 4 5 3 2 6
51 37 14 7 1 4 2 5 3 0 6
51 38 13 4 1 0 6 5 3 2 7
51 40 11 1 3 6 7 0 5 2 4
51 42 9 3 1 6 7 5 2 4 0
51 43 8 1 3 6 4 5 2 0 7
52 35 17 0 7 6 5 1 3 2 4
52 37 15 0 1 4 7 5 3 2 6
52 37 15 0 1 2 6 5 3 4 7
52 38 14 4 1 6 2 5 3 0 7
52 39 13 7 1 6 4 3 2 0 5
52 42 10 3 1 0 7 5 2 6 4
52 44 8 1 6 2 4 5 3 0 7
53 37 16 7 1 4 5 0 3 2 6
53 37 16 5 0 6 4 1 3 2 7
53 37 16 7 1 2 6 0 3 4 5
53 37 16 7 1 0 6 5 3 4 2
53 39 14 7 1 2 6 0 5 3 4
53 39 14 7 0 2 6 5 1 3 4
53 40 13 1 0 6 4 7 3 2 5
53 43 10 1 3 6 4 0 5 2 7
54 37 17 5 1 6 0 4 3 2 7
54 39 15 7 0 6 4 3 1 2 5
54 40 14 0 1 2 7 5 3 6 4
54 42 12 1 6 2 7 5 3 0 4
54 42 12 5 1 6 7 4 3 0 2
54 42 12 0 1 2 4 5 3 6 7
54 44 10 7 1 4 2 5 3 6 0
55 40 15 7 1 2 5 0 3 6 4
55 42 13 7 3 1 2 5 0 6 4
55 42 13 1 6 7 0 5 3 2 4
55 42 13 7 1 2 4 0 3 6 5
55 43 12 1 0 6 2 5 3 4 7
55 43 12 7 1 0 5 4 3 6 2
55 44 11 3 1 6 7 4 5 2 0
55 44 11 7 3 1 4 5 0 6 2
55 44 11 1 6 4 0 5 3 2 7
55 47 8 3 1 6 4 5 2 7 0
56 38 18 4 1 6 5 0 3 2 7
56 40 16 3 1 6 4 7 0 2 5
56 41 15 0 1 6 7 5 3 4 2
56 42 14 7 3 6 4 1 0 2 5
56 42 14 5 1 0 7 4 3 2 6
56 43 13 2 1 6 0 5 3 4 7
56 43 13 7 3 1 6 5 2 0 4
56 49 7 1 3 6 7 5 2 4 0
57 40 17 4 1 6 0 7 3 2 5
57 41 16 7 1 6 5 0 3 4 2
57 42 15 7 6 0 4 1 3 2 5
57 42 15 0 7 1 2 5 3 6 4
57 43 14 7 1 6 5 4 0 3 2
57 44 13 0 7 1 4 5 3 6 2
57 45 12 7 1 5 0 4 3 2 6
57 45 12 7 1 2 5 4 3 0 6
57 45 12 7 1 2 4 0 5 3 6
57 45 12 7 0 2 4 5 1 3 6
57 47 10 3 1 0 4 5 2 6 7
57 49 8 1 3 0 7 5 2 6 4
57 51 6 1 3 6 4 5 2 7 0
58 42 16 0 7 6 4 1 3 2 5
58 43 15 7 0 1 2 5 3 4 6
58 43 15 5 1 6 2 0 3 4 7
58 43 15 3 1 6 2 5 0 4 7
58 43 15 7 3 1 6 0 5 2 4
58 44 14 0 1 4 7 5 3 6 2
58 44 14 7 1 4 6 5 3 0 2
58 45 13 5 1 6 7 3 2 0 4
58 45 13 4 1 0 7 5 3 6 2
58 52 6 1 6 2 4 5 3 7 0
59 42 17 0 1 6 7 4 3 2 5
59 44 15 7 1 6 2 4 5 3 0
59 44 15 7 6 0 2 5 1 3 4
59 44 15 7 1 4 5 0 3 6 2
59 45 14 7 0 1 5 4 3 2 6
59 45 14 0 3 6 7 5 1 2 4
59 45 14 3 6 0 7 5 1 2 4
59 46 13 7 1 6 4 2 5 3 0
59 46 13 7 6 0 4 5 1 3 2
59 47 12 7 1 6 5 3 2 4 0
59 51 8 1 3 0 4 5 2 6 7
60 43 17 7 1 0 6 4 3 2 5
60 44 16 7 1 6 2 3 0 4 5
60 44 16 7 1 6 0 2 3 4 5
60 44 16 0 1 6 2 7 5 3 4
60 44 16 7 1 6 0 2 5 3 4
60 44 16 0 7 6 2 5 1 3 4
60 44 16 0 1 6 7 3 5 2 4
60 44 16 3 0 6 7 1 5 2 4
60 45 15 4 7 1 6 5 3 2 0
60 45 15 4 1 6 7 5 0 3 2
60 46 14 0 1 6 4 7 5 3 2
60 46 14 0 7 6 4 5 1 3 2
60 47 13 5 3 6 7 1 0 2 4
60 47 13 1 0 6 5 4 3 2 7
60 47 13 4 1 2 7 5 3 0 6
60 47 13 7 1 0 5 3 2 6 4
60 49 11 7 3 1 4 5 2 0 6
60 51 9 1 3 6 7 4 5 2 0
61 43 18 7 1 6 2 4 3 0 5
61 44 17 0 1 6 2 7 3 4 5
61 44 17 3 1 6 0 7 5 2 4
61 45 16 5 0 6 7 3 1 2 4
61 47 14 4 1 7 0 5 3 2 6
61 49 12 7 3 6 5 1 2 0 4
61 49 12 3 1 6 4 7 5 2 0
61 49 12 0 3 6 4 5 1 2 7
61 49 12 3 6 0 4 5 1 2 7
61 52 9 1 6 2 4 5 0 3 7
62 44 18 7 0 6 2 1 5 3 4
62 45 17 5 7 1 6 0 3 2 4
62 45 17 6 7 1 0 5 3 2 4
62 45 17 3 7 1 6 5 0 2 4
62 46 16 7 0 6 4 1 5 3 2
62 47 15 0 5 6 7 1 3 2 4
62 47 15 5 6 0 7 1 3 2 4
62 47 15 3 1 6 5 4 0 2 7
62 47 15 4 0 1 7 5 3 2 6
62 49 13 1 3 6 5 7 0 2 4
62 49 13 7 3 1 4 0 5 2 6
62 49 13 0 1 6 4 3 5 2 7
62 50 12 5 1 6 4 3 2 0 7
62 51 11 4 1 2 6 5 3 0 7
62 52 10 4 1 6 2 5 3 7 0
62 54 8 1 0 2 4 5 3 6 7
63 44 19 7 0 6 2 1 3 4 5
63 46 17 7 1 6 0 4 5 3 2
63 48 15 0 1 4 6 5 3 2 7
63 49 14 7 3 6 5 0 1 2 4
63 50 13 5 1 6 4 7 3 0 2
63 51 12 3 1 0 7 5 2 4 6
63 52 11 1 0 2 6 5 3 4 7
63 52 11 3 0 1 7 5 2 6 4
63 52 11 3 1 7 0 5 2 6 4
63 53 10 1 3 6 4 7 5 2 0
64 48 16 5 1 0 6 7 3 2 4
64 48 16 7 1 4 6 0 3 2 5
64 49 15 1 6 0 5 7 3 2 4
64 49 15 3 0 6 4 1 5 2 7
64 50 14 5 0 6 4 3 1 2 7
64 50 14 0 1 2 7 5 3 4 6
64 51 13 3 1 6 5 7 2 0 4
64 51 13 7 1 4 2 5 0 3 6
64 51 13 3 1 6 0 5 2 4 7
64 51 13 3 1 6 7 0 2 4 5
64 52 12 1 0 4 7 5 3 2 6
64 52 12 4 1 0 2 5 3 6 7
64 52 12 7 1 6 4 3 2 5 0
64 54 10 1 6 2 7 5 3 4 0
64 55 9 1 6 7 4 5 3 2 0
64 55 9 7 3 1 4 5 6 0 2
65 48 17 5 1 6 2 7 3 0 4
65 48 17 4 1 6 7 3 0 2 5
65 49 16 3 1 6 0 4 5 2 7
65 50 15 7 1 2 5 0 3 4 6
65 51 14 3 1 6 5 0 7 2 4
65 51 14 6 7 1 4 5 3 2 0
65 51 14 4 0 1 6 5 3 2 7
65 51 14 0 3 6 7 1 5 2 4
65 52 13 5 1 4 7 0 3 2 6
65 52 13 4 1 6 2 5 0 3 7
65 52 13 7 1 0 4 3 2 6 5
65 53 12 1 3 6 4 7 0 2 5
65 54 11 1 0 2 7 5 3 6 4
65 54 11 5 1 0 7 4 3 6 2
65 54 11 5 1 2 4 0 3 6 7
65 54 11 3 1 2 4 5 0 6 7
66 50 16 5 1 0 4 7 3 2 6
66 51 15 7 6 5 0 1 3 2 4
66 51 15 7 6 2 5 1 3 0 4
66 51 15 5 7 1 4 0 3 2 6
66 51 15 3 7 1 4 5 0 2 6
66 51 15 1 3 6 0 7 5 2 4
66 51 15 0 1 6 7 5 2 4 3
66 52 14 1 7 6 5 0 3 2 4
66 52 14 6 1 4 7 5 3 2 0
66 52 14 3 1 4 7 5 0 2 6
66 52 14 5 1 2 6 0 3 4 7
66 52 14 6 1 2 0 5 3 4 7
66 52 14 3 1 2 6 5 0 4 7
66 53 13 5 3 6 4 1 0 2 7
66 53 13 7 2 0 6 5 1 3 4
66 53 13 1 6 0 4 7 3 2 5
66 53 13 0 3 6 4 1 5 2 7
66 53 13 1 0 6 4 3 5 2 7
66 54 12 5 1 2 7 0 3 6 4
66 54 12 4 1 2 0 5 3 6 7
66 55 11 7 1 2 5 4 3 6 0
66 55 11 7 3 1 2 5 6 0 4
66 55 11 1 3 6 2 5 0 4 7
66 55 11 7 1 5 0 4 3 6 2
66 55 11 3 1 6 7 4 5 0 2
66 55 11 1 6 4 7 5 3 2 0
66 56 10 1 3 0 7 5 2 4 6
66 57 9 1 0 3 7 5 2 6 4
66 57 9 1 3 7 0 5 2 6 4
66 59 7 1 0 3 4 5 2 6 7
67 48 19 4 0 6 7 1 3 2 5
67 50 17 7 6 0 5 3 1 2 4
67 51 16 4 1 6 5 7 3 0 2
67 51 16 3 0 6 5 7 1 2 4
67 51 16 4 7 1 0 5 3 2 6
67 51 16 1 0 6 7 3 5 2 4
67 53 14 7 1 4 5 6 3 2 0
67 53 14 5 6 0 4 1 3 2 7
67 53 14 7 1 2 6 4 5 3 0
67 53 14 1 3 6 0 4 5 2 7
67 54 13 4 1 2 7 5 3 6 0
67 54 13 3 1 2 7 5 0 6 4
67 54 13 1 6 2 7 5 0 3 4
67 54 13 5 1 6 7 4 0 3 2
67 55 12 7 1 2 4 3 0 6 5
67 55 12 1 6 0 2 5 3 4 7
67 55 12 7 3 1 4 0 5 6 2
67 55 12 1 6 4 2 5 3 0 7
67 55 12 3 1 6 0 5 2 7 4
67 55 12 3 1 0 4 5 2 7 6
67 56 11 5 1 2 7 4 3 0 6
67 56 11 2 1 6 7 5 3 4 0
67 56 11 2 1 6 4 5 3 0 7
67 56 11 1 3 6 0 5 2 4 7
67 56 11 1 3 6 7 0 2 4 5
67 57 10 7 1 2 4 6 5 3 0
67 57 10 1 3 6 0 5 2 7 4
67 57 10 1 3 0 4 5 2 7 6
68 50 18 0 7 6 5 3 1 2 4
68 53 15 7 1 4 5 3 0 2 6
68 53 15 0 5 6 4 1 3 2 7
68 53 15 7 1 2 6 3 0 4 5
68 53 15 7 0 1 6 5 3 4 2
68 53 15 0 1 2 6 7 5 3 4
68 53 15 7 1 2 0 6 5 3 4
68 53 15 0 7 2 6 5 1 3 4
68 54 14 0 1 4 2 5 3 6 7
68 55 13 0 1 2 4 7 3 6 5
68 55 13 7 0 1 5 4 3 6 2
68 55 13 3 1 0 7 4 5 2 6
68 55 13 3 1 6 4 0 2 7 5
68 56 12 1 0 6 7 5 3 4 2
68 56 12 2 1 0 6 5 3 4 7
68 56 12 7 3 1 6 5 2 4 0
68 57 11 7 1 6 5 2 3 4 0
68 57 11 2 7 1 4 5 3 6 0
68 57 11 7 2 0 4 5 1 3 6
68 57 11 3 0 1 4 5 2 6 7
68 57 11 3 1 4 0 5 2 6 7
68 57 11 1 3 6 4 0 2 7 5
68 58 10 1 6 2 0 5 3 7 4
68 59 9 1 3 4 0 5 2 6 7
68 61 7 1 0 2 4 5 6 3 7
69 51 18 4 1 0 5 7 3 2 6
69 52 17 4 7 6 5 1 3 2 0
69 52 17 3 7 6 5 1 0 2 4
69 53 16 0 1 4 5 7 3 2 6
69 53 16 0 1 2 6 7 3 4 5
69 53 16 7 1 2 0 6 3 4 5
69 54 15 7 6 0 4 3 1 2 5
69 54 15 7 1 4 2 0 3 6 5
69 55 14 7 1 2 5 3 0 6 4
69 55 14 7 3 1 2 0 5 6 4
69 55 14 1 6 7 2 5 3 0 4
69 55 14 0 1 6 4 5 2 7 3
69 56 13 3 1 6 4 0 7 2 5
69 56 13 3 1 6 4 7 2 0 5
69 56 13 5 1 6 7 0 3 4 2
69 56 13 7 3 6 4 1 2 0 5
69 56 13 5 0 1 7 4 3 2 6
69 56 13 5 1 7 0 4 3 2 6
69 57 12 7 1 5 6 4 3 2 0
69 57 12 0 1 5 7 4 3 2 6
69 58 11 1 0 4 7 5 3 6 2
69 58 11 5 1 6 7 3 2 4 0
69 58 11 1 6 2 4 0 3 7 5
69 58 11 1 6 0 4 5 3 7 2
69 59 10 7 1 4 5 2 3 6 0
69 59 10 7 6 3 4 5 1 0 2
69 60 9 7 3 1 4 5 2 6 0
69 60 9 1 3 6 7 4 5 0 2
69 62 7 1 2 0 4 5 3 6 7
69 62 7 1 3 2 4 5 0 6 7
70 52 18 5 7 6 0 1 3 2 4
70 53 17 7 0 4 5 1 3 2 6
70 53 17 7 0 2 6 1 5 3 4
70 54 16 5 1 0 6 4 3 2 7
70 54 16 0 7 6 4 3 1 2 5
70 55 15 0 1 2 5 7 3 6 4
70 55 15 1 6 7 5 0 3 2 4
70 55 15 7 0 2 4 1 3 6 5
70 55 15 0 6 4 1 5 3 2 7
70 56 14 3 1 6 7 5 0 4 2
70 56 14 7 3 6 4 0 1 2 5
70 56 14 7 3 0 6 5 2 1 4
70 57 13 7 6 2 4 1 3 0 5
70 57 13 7 1 6 5 0 4 3 2
70 57 13 7 1 2 5 4 0 3 6
70 57 13 0 1 2 4 7 5 3 6
70 57 13 0 7 2 4 5 1 3 6
70 58 12 3 1 6 2 5 4 0 7
70 58 12 5 1 4 7 0 3 6 2
70 58 12 2 1 4 7 5 3 6 0
70 58 12 5 1 0 7 3 2 6 4
71 53 18 7 0 2 6 1 3 4 5
71 54 17 5 1 6 2 4 3 0 7
71 55 16 7 0 2 5 1 3 6 4
71 55 16 7 1 2 0 4 3 6 5
71 55 16 0 1 6 7 4 5 2 3
71 55 16 1 6 4 5 0 3 2 7
71 56 15 3 0 6 4 7 1 2 5
71 56 15 0 3 6 7 5 2 4 1
71 57 14 2 7 1 0 5 3 6 4
71 57 14 4 7 1 2 5 3 6 0
71 57 14 5 7 1 4 0 3 6 2
71 57 14 3 7 1 4 5 0 6 2
71 57 14 7 1 5 2 4 3 0 6
71 57 14 0 3 6 4 5 2 7 1
71 58 13 1 7 6 4 0 3 2 5
71 58 13 3 1 4 7 5 0 6 2
71 58 13 7 1 4 6 5 0 3 2
71 58 13 4 1 7 0 5 3 6 2
71 59 12 7 6 3 2 5 1 0 4
71 59 12 7 3 1 5 4 0 2 6
71 60 11 5 3 6 7 1 2 0 4
71 60 11 1 3 6 5 4 0 2 7
71 60 11 1 3 0 7 4 5 2 6
71 61 10 7 3 6 5 1 2 4 0
71 61 10 3 6 2 4 5 1 0 7
71 61 10 1 6 2 4 0 5 3 7
71 62 9 4 1 2 6 5 3 7 0
71 66 5 1 2 3 4 5 0 6 7
72 55 17 0 6 7 1 5 3 2 4
72 56 16 4 1 6 5 3 0 2 7
72 56 16 2 1 6 5 0 3 4 7
72 57 15 7 1 6 5 3 0 4 2
72 57 15 7 0 6 5 4 1 3 2
72 57 15 4 7 1 0 5 3 6 2
72 57 15 7 1 5 4 0 3 2 6
72 57 15 7 0 2 4 1 5 3 6
72 58 14 7 3 1 2 5 0 4 6
72 58 14 3 1 6 2 0 5 4 7
72 58 14 3 0 6 2 5 1 4 7
72 58 14 7 3 1 6 4 5 2 0
72 58 14 4 0 1 7 5 3 6 2
72 58 14 0 6 2 4 5 3 7 1
72 59 13 1 0 6 7 4 3 2 5
72 59 13 5 3 6 7 0 1 2 4
72 59 13 3 6 2 7 5 1 0 4
72 59 13 7 1 6 4 2 5 0 3
72 60 12 1 0 6 4 7 5 3 2
72 60 12 2 1 6 4 7 5 3 0
72 60 12 2 7 6 4 5 1 3 0
72 60 12 7 1 5 0 3 2 6 4
72 60 12 7 3 0 4 5 2 1 6
72 61 11 7 3 0 5 1 2 6 4
72 62 10 5 1 6 4 3 2 7 0
72 63 9 3 1 7 4 5 2 6 0
72 64 8 7 3 1 4 5 6 2 0
72 65 7 3 1 2 4 5 6 0 7
73 57 16 4 1 0 6 7 3 2 5
73 57 16 0 1 6 5 7 3 4 2
73 57 16 7 6 4 0 1 3 2 5
73 57 16 5 7 1 2 0 3 6 4
73 57 16 3 7 1 2 5 0 6 4
73 57 16 7 1 2 0 4 5 3 6
73 58 15 5 7 6 4 1 3 2 0
73 58 15 5 1 6 2 3 0 4 7
73 58 15 5 1 6 2 7 3 4 0
73 58 15 5 1 6 0 2 3 4 7
73 59 14 7 6 2 0 5 1 3 4
73 59 14 7 1 4 5 3 0 6 2
73 59 14 4 3 6 7 5 1 2 0
73 59 14 7 6 4 0 5 1 3 2
73 59 14 7 1 6 5 0 2 4 3
73 60 13 3 5 6 7 1 0 2 4
73 60 13 1 7 6 4 5 0 3 2
73 60 13 1 6 0 5 4 3 2 7
73 61 12 4 1 7 6 5 3 2 0
73 61 12 3 1 6 4 7 5 0 2
73 61 12 7 3 6 4 5 1 2 0
73 62 11 3 1 6 5 4 2 0 7
73 62 11 1 3 6 5 7 2 0 4
73 62 11 7 3 1 4 6 5 2 0
73 63 10 3 1 4 7 5 2 0 6
73 63 10 1 2 0 6 5 3 4 7
73 63 10 1 3 2 6 5 0 4 7
73 63 10 1 3 6 4 7 5 0 2
73 66 7 1 3 7 4 5 2 6 0
74 57 17 4 1 6 2 7 3 0 5
74 57 17 7 0 6 5 1 3 4 2
74 58 16 0 7 1 2 5 3 4 6
74 58 16 0 3 1 6 7 5 2 4
74 58 16 7 3 1 0 6 5 2 4
74 59 15 3 1 6 7 4 0 2 5
74 59 15 7 1 6 2 4 5 0 3
74 59 15 0 1 4 5 7 3 6 2
74 59 15 0 7 1 5 4 3 2 6
74 59 15 7 3 6 0 5 1 2 4
74 59 15 3 6 7 0 5 1 2 4
74 59 15 7 1 0 4 2 5 3 6
74 59 15 7 1 0 5 3 2 4 6
74 60 14 0 1 6 7 2 3 4 5
74 60 14 1 0 6 2 7 5 3 4
74 60 14 0 1 6 7 2 5 3 4
74 60 14 3 6 0 7 1 5 2 4
74 60 14 4 7 1 6 5 3 0 2
74 60 14 4 1 2 7 5 0 3 6
74 60 14 7 0 1 5 3 2 6 4
74 61 13 5 3 6 4 0 1 2 7
74 61 13 3 6 4 0 5 1 2 7
74 62 12 1 5 6 7 0 3 2 4
74 62 12 3 1 6 5 0 4 2 7
74 62 12 1 3 6 5 0 7 2 4
74 62 12 5 1 0 4 3 2 6 7
74 62 12 4 1 2 6 5 0 3 7
74 62 12 4 1 6 0 5 3 7 2
74 63 11 1 0 4 6 5 3 2 7
74 63 11 3 0 1 7 5 2 4 6
74 63 11 3 1 7 0 5 2 4 6
74 63 11 0 3 1 7 5 2 6 4
74 64 10 1 3 4 7 5 0 2 6
74 64 10 1 6 7 4 5 3 0 2
74 64 10 7 3 0 4 5 6 1 2
74 65 9 1 3 2 7 5 0 6 4
74 66 8 1 3 4 7 5 2 0 6
74 67 7 2 1 6 4 5 3 7 0
74 67 7 1 0 3 4 5 2 7 6
74 68 6 1 3 4 7 5 2 6 0
74 68 6 1 2 0 4 5 6 3 7
74 69 5 1 3 2 4 5 6 0 7
74 71 3 1 2 3 4 5 6 0 7
75 56 19 4 0 6 5 1 3 2 7
75 58 17 3 7 6 4 1 0 2 5
75 59 16 7 0 4 5 1 3 6 2
75 59 16 0 1 6 4 2 5 3 7
75 59 16 7 1 6 0 3 2 4 5
75 60 15 7 1 2 6 4 3 0 5
75 60 15 7 1 6 2 3 4 0 5
75 60 15 7 1 0 6 2 3 4 5
75 60 15 2 1 6 0 7 5 3 4
75 60 15 4 1 6 2 7 5 3 0
75 60 15 7 1 0 6 2 5 3 4
75 60 15 7 1 6 3 2 5 0 4
75 60 15 2 7 6 0 5 1 3 4
75 60 15 4 7 6 2 5 1 3 0
75 60 15 1 7 6 2 5 0 3 4
75 60 15 4 1 6 7 0 5 3 2
75 60 15 5 7 6 4 0 1 3 2
75 61 14 7 1 6 2 4 3 5 0
75 61 14 0 1 7 4 5 3 2 6
75 61 14 4 3 6 0 5 1 2 7
75 62 13 4 3 1 7 5 0 2 6
75 62 13 7 1 6 4 3 5 2 0
75 63 12 7 3 6 5 4 1 2 0
75 63 12 3 2 1 7 5 0 6 4
75 63 12 3 1 7 5 0 2 6 4
75 64 11 1 0 2 7 5 3 4 6
75 64 11 3 1 6 5 7 2 4 0
75 64 11 3 1 6 7 2 0 4 5
75 64 11 1 6 2 0 5 3 4 7
75 65 10 3 1 2 4 0 5 6 7
75 65 10 3 0 2 4 5 1 6 7
75 66 9 1 0 3 7 5 2 4 6
75 66 9 1 3 7 0 5 2 4 6
75 66 9 1 2 3 7 5 0 6 4
75 66 9 0 1 3 4 5 2 6 7
75 67 8 1 6 4 2 5 3 7 0
75 74 1 1 2 3 4 5 6 7 0