0 0 0 7 1 6 0 5 3 2 4
6 0 6 7 1 6 4 5 3 2 0
8 0 8 7 1 0 6 5 3 2 4
9 0 9 0 1 6 7 5 3 2 4
10 0 10 7 1 6 2 5 3 0 4
11 0 11 7 1 6 5 0 3 2 4
13 6 7 7 1 6 4 5 3 0 2
15 6 9 7 1 6 4 0 3 2 5
15 6 9 7 1 0 4 5 3 2 6
15 6 9 0 1 6 4 5 3 2 7
16 8 8 7 0 1 6 5 3 2 4
16 8 8 7 1 2 6 5 3 0 4
16 9 7 1 0 6 7 5 3 2 4
17 9 8 5 1 6 7 0 3 2 4
17 10 7 7 1 6 2 5 3 4 0
18 9 9 4 1 6 7 5 3 2 0
18 10 8 7 1 6 2 5 0 3 4
18 10 8 7 1 0 2 5 3 6 4
19 9 10 3 1 6 7 5 0 2 4
20 11 9 7 1 6 5 3 0 2 4
20 11 9 0 1 6 5 7 3 2 4
20 11 9 7 1 6 5 4 3 2 0
20 13 7 7 1 6 4 5 0 3 2
20 13 7 7 1 0 4 5 3 6 2
21 15 6 1 0 6 4 5 3 2 7
22 11 11 7 0 6 5 1 3 2 4
22 15 7 7 0 1 4 5 3 2 6
22 15 7 7 1 2 4 5 3 0 6
22 16 6 1 3 6 7 5 0 2 4
23 15 8 7 1 6 4 3 0 2 5
23 15 8 0 1 6 4 7 3 2 5
23 15 8 7 1 4 0 5 3 2 6
23 15 8 5 1 6 4 0 3 2 7
23 16 7 7 1 2 6 5 3 4 0
23 16 7 1 6 0 7 5 3 2 4
24 15 9 4 1 6 0 5 3 2 7
24 15 9 3 1 6 4 5 0 2 7
24 16 8 0 7 1 6 5 3 2 4
24 16 8 7 3 1 6 5 0 2 4
24 16 8 7 1 2 6 5 0 3 4
25 15 10 7 0 6 4 1 3 2 5
25 17 8 5 1 6 7 3 0 2 4
25 17 8 5 1 6 7 4 3 2 0
25 17 8 7 1 6 0 5 3 4 2
26 15 11 7 1 6 0 4 3 2 5
26 18 8 4 1 6 7 5 3 0 2
26 18 8 7 0 6 2 5 1 3 4
26 18 8 7 0 1 2 5 3 6 4
26 18 8 7 1 2 0 5 3 6 4
27 17 10 5 0 6 7 1 3 2 4
27 17 10 7 1 6 2 0 3 4 5
27 17 10 7 1 0 2 5 3 4 6
27 17 10 0 1 6 2 5 3 4 7
27 18 9 4 1 6 7 0 3 2 5
27 18 9 7 1 6 2 0 5 3 4
27 19 8 3 1 6 7 0 5 2 4
27 19 8 3 1 6 7 5 2 0 4
27 19 8 3 0 6 7 5 1 2 4
27 20 7 7 0 6 4 5 1 3 2
27 20 7 7 0 1 4 5 3 6 2
27 21 6 1 6 0 4 5 3 2 7
27 21 6 1 3 6 4 5 0 2 7
28 17 11 5 1 6 0 7 3 2 4
28 18 10 4 1 0 7 5 3 2 6
28 20 8 1 0 6 5 7 3 2 4
28 20 8 7 1 6 4 0 5 3 2
28 20 8 7 1 4 0 5 3 6 2
28 22 6 7 1 2 4 5 3 6 0
28 22 6 1 3 6 7 0 5 2 4
28 22 6 1 3 6 7 5 2 0 4
29 20 9 7 1 6 5 3 2 0 4
29 20 9 7 0 6 5 3 1 2 4
29 20 9 7 1 6 5 4 3 0 2
29 22 7 0 7 1 4 5 3 2 6
29 22 7 7 3 1 4 5 0 2 6
29 22 7 7 1 2 4 5 0 3 6
30 20 10 4 1 6 5 7 3 2 0
30 22 8 7 3 6 5 1 0 2 4
30 23 7 1 0 6 4 7 3 2 5
30 23 7 7 1 4 6 5 3 2 0
30 23 7 1 6 7 0 5 3 2 4
30 23 7 1 6 2 7 5 3 0 4
31 20 11 3 1 6 5 7 0 2 4
31 20 11 7 1 0 5 4 3 2 6
31 20 11 0 1 6 5 4 3 2 7
31 22 9 0 7 6 5 1 3 2 4
31 22 9 7 6 0 5 1 3 2 4
31 23 8 7 1 6 4 3 2 0 5
31 23 8 7 0 6 4 3 1 2 5
31 23 8 5 1 6 4 3 0 2 7
31 23 8 5 1 6 4 7 3 2 0
31 23 8 7 1 2 0 5 3 4 6
31 24 7 3 1 6 4 5 2 0 7
31 24 7 3 0 6 4 5 1 2 7
32 23 9 0 1 4 7 5 3 2 6
32 24 8 4 1 0 6 5 3 2 7
32 24 8 3 1 6 4 0 5 2 7
32 24 8 7 3 1 6 0 5 2 4
32 24 8 7 3 1 6 5 2 0 4
32 24 8 7 0 2 6 5 1 3 4
33 23 10 4 1 6 0 7 3 2 5
33 23 10 3 1 6 4 7 0 2 5
33 23 10 7 1 4 2 5 3 0 6
33 23 10 5 0 6 4 1 3 2 7
33 23 10 7 1 2 6 0 3 4 5
33 23 10 7 1 0 6 5 3 4 2
33 23 10 0 1 2 6 5 3 4 7
33 24 9 5 7 1 6 0 3 2 4
33 24 9 6 7 1 0 5 3 2 4
33 24 9 4 7 1 6 5 3 2 0
33 24 9 7 1 2 6 0 5 3 4
33 25 8 0 7 6 4 1 3 2 5
33 25 8 7 6 0 4 1 3 2 5
33 25 8 7 3 6 4 1 0 2 5
33 25 8 5 1 6 7 3 2 0 4
33 25 8 5 0 6 7 3 1 2 4
33 25 8 5 1 6 7 4 3 0 2
33 26 7 4 1 0 7 5 3 6 2
33 26 7 7 3 1 2 5 0 6 4
33 27 6 1 6 2 4 5 3 0 7
33 27 6 1 3 6 4 5 2 0 7
33 28 5 1 3 6 7 5 2 4 0
33 28 5 1 3 0 7 5 2 6 4
34 23 11 7 1 4 5 0 3 2 6
34 23 11 5 1 6 0 4 3 2 7
34 24 10 4 1 6 2 5 3 0 7
34 24 10 3 7 1 6 5 0 2 4
34 25 9 0 1 6 7 5 3 4 2
34 26 8 4 1 6 7 5 0 3 2
34 26 8 0 7 6 2 5 1 3 4
34 26 8 7 6 0 2 5 1 3 4
34 26 8 0 7 1 2 5 3 6 4
34 26 8 0 1 2 7 5 3 6 4
34 27 7 5 3 6 7 1 0 2 4
34 27 7 1 0 6 2 5 3 4 7
34 27 7 3 1 6 7 5 2 4 0
34 27 7 3 1 0 7 5 2 6 4
34 27 7 0 3 6 7 5 1 2 4
34 27 7 0 7 6 4 5 1 3 2
34 27 7 7 6 0 4 5 1 3 2
34 27 7 0 7 1 4 5 3 6 2
34 27 7 7 3 1 4 5 0 6 2
34 27 7 1 6 4 0 5 3 2 7
34 27 7 1 3 6 4 0 5 2 7
34 28 6 1 3 6 7 4 5 2 0
35 24 11 4 1 6 5 0 3 2 7
35 25 10 5 1 0 7 4 3 2 6
35 25 10 0 1 6 7 4 3 2 5
35 26 9 7 1 0 6 4 3 2 5
35 27 8 0 5 6 7 1 3 2 4
35 27 8 5 6 0 7 1 3 2 4
35 27 8 7 0 1 2 5 3 4 6
35 27 8 4 1 6 7 3 0 2 5
35 27 8 0 1 6 7 3 5 2 4
35 27 8 3 1 6 7 4 5 2 0
35 27 8 3 6 0 7 5 1 2 4
35 28 7 1 3 6 5 7 0 2 4
35 28 7 7 1 4 2 5 3 6 0
35 28 7 0 3 6 7 1 5 2 4
35 30 5 1 6 7 4 5 3 2 0
36 25 11 7 1 6 5 0 3 4 2
36 26 10 7 1 2 5 0 3 6 4
36 27 9 7 1 6 2 3 0 4 5
36 27 9 0 1 6 2 7 3 4 5
36 27 9 5 1 6 2 0 3 4 7
36 27 9 2 1 6 0 5 3 4 7
36 27 9 0 1 6 2 7 5 3 4
36 27 9 7 1 6 2 4 5 3 0
36 28 8 4 0 1 7 5 3 2 6
36 28 8 4 1 7 0 5 3 2 6
36 28 8 4 1 2 7 5 3 0 6
36 28 8 1 6 0 5 7 3 2 4
36 28 8 0 1 6 4 7 5 3 2
36 28 8 7 1 6 4 2 5 3 0
36 28 8 0 1 4 7 5 3 6 2
36 29 7 7 3 1 4 5 2 0 6
36 29 7 7 0 2 4 5 1 3 6
36 30 6 1 6 2 7 5 3 4 0
36 31 5 3 1 6 4 5 2 7 0
37 26 11 7 1 6 2 4 3 0 5
37 27 10 7 1 6 0 2 3 4 5
37 27 10 3 1 6 2 5 0 4 7
37 27 10 4 0 6 7 1 3 2 5
37 27 10 7 1 6 0 2 5 3 4
37 27 10 3 0 6 7 1 5 2 4
37 28 9 5 1 0 6 7 3 2 4
37 28 9 7 1 2 4 0 3 6 5
37 28 9 0 1 2 4 5 3 6 7
37 28 9 1 0 6 7 3 5 2 4
37 28 9 1 3 6 0 7 5 2 4
37 29 8 7 1 6 5 3 2 4 0
37 29 8 7 1 0 5 3 2 6 4
37 29 8 7 1 0 5 4 3 6 2
37 29 8 5 7 1 4 0 3 2 6
37 29 8 6 7 1 4 5 3 2 0
37 29 8 7 3 1 4 0 5 2 6
37 29 8 7 1 2 4 0 5 3 6
37 30 7 1 6 0 4 7 3 2 5
37 30 7 1 3 6 4 7 0 2 5
37 30 7 1 6 2 7 5 0 3 4
37 33 4 1 6 2 4 5 3 7 0
37 33 4 1 3 6 4 5 2 7 0
38 27 11 7 0 6 2 1 3 4 5
38 27 11 7 0 6 2 1 5 3 4
38 27 11 3 1 6 0 7 5 2 4
38 28 10 7 0 6 4 1 5 3 2
38 28 10 7 1 4 5 0 3 6 2
38 28 10 7 1 4 6 5 3 0 2
38 29 9 0 7 6 5 3 1 2 4
38 29 9 7 6 0 5 3 1 2 4
38 29 9 7 1 6 5 4 0 3 2
38 29 9 4 7 1 0 5 3 2 6
38 29 9 3 7 1 4 5 0 2 6
38 30 8 7 3 6 5 0 1 2 4
38 30 8 7 3 6 5 1 2 0 4
38 31 7 7 1 6 4 3 2 5 0
38 31 7 3 1 0 4 5 2 6 7
38 31 7 0 3 6 4 5 1 2 7
38 31 7 3 6 0 4 5 1 2 7
39 28 11 5 1 6 2 7 3 0 4
39 28 11 7 1 6 0 4 5 3 2
39 30 9 4 1 6 5 7 3 0 2
39 30 9 0 6 7 1 5 3 2 4
39 30 9 1 6 7 2 5 3 0 4
39 31 8 7 1 5 0 4 3 2 6
39 31 8 1 0 6 5 4 3 2 7
39 31 8 1 7 6 5 0 3 2 4
39 31 8 7 6 5 0 1 3 2 4
39 31 8 7 1 0 4 3 2 6 5
39 31 8 0 7 6 4 3 1 2 5
39 31 8 7 6 0 4 3 1 2 5
39 31 8 5 1 6 4 3 2 0 7
39 31 8 5 0 6 4 3 1 2 7
39 31 8 5 1 6 4 7 3 0 2
39 32 7 1 0 4 7 5 3 2 6
39 32 7 7 3 1 6 5 2 4 0
39 32 7 7 2 0 6 5 1 3 4
39 33 6 1 6 2 4 5 0 3 7
39 33 6 1 3 0 4 5 2 6 7
39 33 6 1 0 3 7 5 2 6 4
39 33 6 1 3 7 0 5 2 6 4
40 30 10 7 1 4 6 0 3 2 5
40 30 10 0 1 4 6 5 3 2 7
40 30 10 1 6 7 5 0 3 2 4
40 31 9 3 1 6 5 0 7 2 4
40 31 9 3 1 6 5 7 2 0 4
40 31 9 3 0 6 5 7 1 2 4
40 31 9 7 0 1 5 4 3 2 6
40 31 9 7 1 2 5 4 3 0 6
40 31 9 7 6 2 5 1 3 0 4
40 31 9 0 1 2 7 5 3 4 6
40 32 8 5 1 4 7 0 3 2 6
40 32 8 4 0 1 6 5 3 2 7
40 32 8 4 1 2 6 5 3 0 7
40 32 8 0 1 6 4 3 5 2 7
40 32 8 3 1 6 4 7 5 2 0
40 32 8 0 3 1 6 7 5 2 4
40 32 8 7 3 1 6 4 5 2 0
40 32 8 7 3 0 6 5 2 1 4
40 32 8 0 7 2 6 5 1 3 4
40 33 7 1 0 2 6 5 3 4 7
40 33 7 1 7 6 4 0 3 2 5
40 33 7 5 1 6 7 3 2 4 0
40 33 7 5 1 0 7 3 2 6 4
40 33 7 5 1 0 7 4 3 6 2
40 33 7 4 0 1 7 5 3 6 2
40 33 7 7 3 1 2 0 5 6 4
40 33 7 7 3 1 2 5 6 0 4
40 33 7 1 3 6 0 5 2 4 7
40 33 7 1 3 6 7 0 2 4 5
40 34 6 4 1 6 2 5 3 7 0
40 34 6 1 0 2 7 5 3 6 4
40 34 6 7 6 3 4 5 1 0 2
40 34 6 7 3 1 4 5 6 0 2
40 34 6 1 6 4 7 5 3 2 0
40 34 6 1 3 6 7 4 5 0 2
41 30 11 4 1 0 5 7 3 2 6
41 31 10 5 7 6 0 1 3 2 4
41 31 10 4 7 6 5 1 3 2 0
41 31 10 5 1 0 4 7 3 2 6
41 32 9 6 1 4 7 5 3 2 0
41 33 8 3 1 6 4 0 7 2 5
41 33 8 3 1 6 4 7 2 0 5
41 33 8 3 0 6 4 7 1 2 5
41 33 8 7 1 4 2 5 0 3 6
41 33 8 0 5 6 4 1 3 2 7
41 33 8 5 6 0 4 1 3 2 7
41 33 8 5 3 6 4 1 0 2 7
41 33 8 7 0 1 6 5 3 4 2
41 33 8 6 7 0 1 5 3 2 4
41 33 8 4 7 1 6 5 3 0 2
41 33 8 7 6 2 4 1 3 0 5
41 33 8 7 3 6 4 0 1 2 5
41 33 8 7 3 6 4 1 2 0 5
41 33 8 0 5 6 7 3 1 2 4
41 33 8 5 6 0 7 3 1 2 4
41 33 8 5 1 6 7 4 0 3 2
41 33 8 4 1 7 0 5 3 6 2
41 33 8 1 3 0 7 5 2 4 6
41 34 7 1 0 6 7 5 3 4 2
41 34 7 7 6 3 2 5 1 0 4
41 34 7 5 1 2 7 0 3 6 4
41 34 7 5 3 6 7 0 1 2 4
41 34 7 5 3 6 7 1 2 0 4
41 34 7 1 6 0 2 5 3 4 7
41 34 7 1 3 6 2 5 0 4 7
41 34 7 3 0 1 7 5 2 6 4
41 34 7 7 3 1 4 0 5 6 2
41 34 7 1 3 6 4 7 5 2 0
41 34 7 1 3 6 0 4 5 2 7
41 35 6 1 6 7 4 5 3 0 2
42 31 11 3 1 6 5 4 0 2 7
42 31 11 3 7 6 5 1 0 2 4
42 31 11 7 1 2 5 0 3 4 6
42 32 10 3 1 4 7 5 0 2 6
42 32 10 3 0 6 4 1 5 2 7
42 32 10 7 3 1 0 6 5 2 4
42 33 9 4 1 0 6 7 3 2 5
42 33 9 7 1 2 6 3 0 4 5
42 33 9 0 1 2 6 7 3 4 5
42 33 9 5 1 2 6 0 3 4 7
42 33 9 6 1 2 0 5 3 4 7
42 33 9 5 7 1 6 3 0 2 4
42 33 9 5 7 1 6 4 3 2 0
42 33 9 0 1 2 6 7 5 3 4
42 33 9 7 1 2 6 4 5 3 0
42 33 9 5 7 6 4 1 3 2 0
42 33 9 7 6 4 0 1 3 2 5
42 33 9 0 3 6 7 5 2 4 1
42 34 8 4 1 6 2 5 0 3 7
42 34 8 4 1 0 2 5 3 6 7
42 34 8 3 7 1 6 5 2 0 4
42 34 8 3 0 1 6 5 7 2 4
42 34 8 5 1 6 7 0 3 4 2
42 34 8 4 1 6 7 0 5 3 2
42 34 8 4 0 6 7 5 1 3 2
42 34 8 7 6 2 0 5 1 3 4
42 34 8 5 7 1 2 0 3 6 4
42 34 8 4 1 2 7 5 3 6 0
42 34 8 3 1 6 0 5 2 4 7
42 34 8 3 1 7 0 5 2 6 4
42 34 8 4 3 6 7 5 1 2 0
42 34 8 5 7 6 4 0 1 3 2
42 34 8 2 7 6 4 5 1 3 0
42 34 8 1 7 6 4 5 0 3 2
42 34 8 7 6 4 0 5 1 3 2
42 34 8 5 7 1 4 0 3 6 2
42 34 8 2 7 1 4 5 3 6 0
42 34 8 0 3 6 4 1 5 2 7
42 34 8 1 3 0 7 4 5 2 6
42 35 7 1 0 6 7 4 3 2 5
42 35 7 1 5 6 7 0 3 2 4
42 35 7 1 3 6 5 0 7 2 4
42 35 7 1 3 6 5 7 2 0 4
42 36 6 1 0 4 7 5 3 6 2
42 36 6 7 3 1 4 5 2 6 0
42 36 6 7 2 0 4 5 1 3 6
43 32 11 3 1 6 0 4 5 2 7
43 32 11 7 0 1 6 3 5 2 4
43 33 10 3 1 2 6 5 0 4 7
43 33 10 6 7 1 2 5 3 0 4
43 33 10 4 7 1 6 0 3 2 5
43 33 10 4 7 0 6 5 3 2 1
43 33 10 4 7 6 0 1 3 2 5
43 33 10 3 7 6 4 1 0 2 5
43 34 9 7 1 4 5 3 0 2 6
43 34 9 0 1 4 5 7 3 2 6
43 34 9 7 1 4 5 6 3 2 0
43 34 9 5 1 0 6 4 3 2 7
43 34 9 3 7 1 6 0 5 2 4
43 34 9 2 1 6 7 5 3 4 0
43 34 9 5 7 6 2 0 1 3 4
43 34 9 2 7 6 0 5 1 3 4
43 34 9 4 7 6 2 5 1 3 0
43 34 9 1 7 6 2 5 0 3 4
43 34 9 2 7 1 0 5 3 6 4
43 34 9 4 7 1 2 5 3 6 0
43 34 9 3 1 2 7 5 0 6 4
43 34 9 3 1 6 7 0 2 4 5
43 34 9 7 3 6 0 5 1 2 4
43 34 9 4 7 6 0 5 1 3 2
43 34 9 4 7 1 0 5 3 6 2
43 34 9 3 7 1 4 5 0 6 2
43 34 9 0 6 4 1 5 3 2 7
43 34 9 1 6 4 2 5 3 0 7
43 34 9 1 0 6 4 3 5 2 7
43 34 9 0 3 6 7 4 5 2 1
43 35 8 5 0 1 7 4 3 2 6
43 35 8 5 1 2 7 4 3 0 6
43 35 8 5 6 2 7 1 3 0 4
43 35 8 0 7 1 2 5 3 4 6
43 35 8 7 3 1 2 5 0 4 6
43 35 8 4 1 6 7 3 2 0 5
43 35 8 4 0 6 7 3 1 2 5
43 35 8 3 1 6 7 4 5 0 2
43 35 8 3 6 7 0 5 1 2 4
43 35 8 3 6 2 7 5 1 0 4
43 35 8 4 3 6 7 1 5 2 0
43 35 8 1 6 7 4 0 3 2 5
43 36 7 4 3 1 7 5 0 2 6
43 36 7 4 1 7 6 5 3 2 0
43 36 7 1 6 5 0 7 3 2 4
43 36 7 1 0 6 4 7 5 3 2
43 36 7 5 1 4 7 0 3 6 2
43 36 7 7 3 0 4 5 2 1 6
43 36 7 0 7 2 4 5 1 3 6
43 36 7 1 6 2 0 5 3 4 7
43 36 7 3 1 6 0 5 2 7 4
43 37 6 1 0 2 4 5 3 6 7
43 37 6 1 0 2 7 5 6 3 4
43 37 6 1 6 2 0 5 3 7 4
43 37 6 1 3 6 0 5 2 7 4
44 33 11 4 1 6 2 7 3 0 5
44 33 11 7 0 2 6 1 3 4 5
44 33 11 7 1 2 0 6 3 4 5
44 33 11 5 0 1 6 7 3 2 4
44 33 11 5 7 1 0 6 3 2 4
44 33 11 6 7 1 5 0 3 2 4
44 33 11 7 0 2 6 1 5 3 4
44 33 11 7 1 2 0 6 5 3 4
44 34 10 3 1 6 7 5 0 4 2
44 34 10 3 7 1 2 5 0 6 4
44 34 10 3 1 0 7 5 2 4 6
44 34 10 0 1 6 7 5 2 4 3
44 34 10 1 6 4 5 0 3 2 7
44 35 9 4 1 6 5 3 0 2 7
44 35 9 5 1 7 0 4 3 2 6
44 35 9 7 0 1 6 4 3 2 5
44 35 9 7 1 2 6 4 3 0 5
44 35 9 4 5 6 7 1 3 2 0
44 35 9 5 6 7 0 1 3 2 4
44 35 9 4 1 6 7 3 5 2 0
44 35 9 7 1 4 2 0 3 6 5
44 35 9 7 3 6 0 1 5 2 4
44 35 9 0 6 7 4 5 3 2 1
44 36 8 7 1 6 5 2 3 4 0
44 36 8 7 1 2 5 3 0 6 4
44 36 8 0 1 2 5 7 3 6 4
44 36 8 7 1 2 5 4 3 6 0
44 36 8 7 1 6 2 3 4 0 5
44 36 8 1 0 6 2 7 3 4 5
44 36 8 2 1 0 6 5 3 4 7
44 36 8 1 0 6 2 7 5 3 4
44 36 8 0 4 1 7 5 3 2 6
44 36 8 0 1 7 4 5 3 2 6
44 36 8 4 1 2 7 5 0 3 6
44 36 8 1 6 2 5 7 3 0 4
44 36 8 7 1 6 4 2 5 0 3
44 36 8 2 1 4 7 5 3 6 0
44 36 8 1 6 2 7 0 3 4 5
44 36 8 3 1 6 4 0 2 7 5
44 36 8 3 1 0 4 5 2 7 6
44 36 8 0 1 6 4 5 2 7 3
44 37 7 4 3 6 7 1 0 2 5
44 37 7 1 6 0 7 3 5 2 4
44 37 7 1 5 6 7 3 0 2 4
44 37 7 1 3 0 6 7 5 2 4
44 37 7 7 1 5 0 3 2 6 4
44 37 7 7 1 5 0 4 3 6 2
44 37 7 6 7 1 4 5 3 0 2
44 37 7 1 6 2 4 7 3 0 5
44 37 7 1 3 6 4 0 7 2 5
44 37 7 1 3 6 4 7 2 0 5
44 37 7 1 6 2 7 0 5 3 4
44 37 7 1 6 2 4 0 3 7 5
44 37 7 1 6 0 4 5 3 7 2
44 37 7 1 3 6 4 0 2 7 5
44 37 7 1 3 0 4 5 2 7 6
44 39 5 1 0 2 4 5 6 3 7
44 39 5 1 0 3 4 5 2 6 7
44 39 5 1 2 3 7 5 0 6 4
44 39 5 1 3 7 4 5 2 6 0
45 34 11 7 0 4 5 1 3 2 6
45 34 11 5 1 6 2 4 3 0 7
45 35 10 3 1 6 7 4 0 2 5
45 35 10 7 5 6 0 1 3 2 4
45 35 10 3 5 6 7 1 0 2 4
45 35 10 7 1 6 0 3 5 2 4
45 35 10 3 1 0 7 4 5 2 6
45 35 10 0 1 6 7 4 5 2 3
45 35 10 0 1 4 2 5 3 6 7
45 36 9 7 1 6 5 3 0 4 2
45 36 9 0 1 6 5 7 3 4 2
45 36 9 7 0 6 2 3 1 4 5
45 36 9 5 1 6 2 3 0 4 7
45 36 9 5 1 6 2 7 3 4 0
45 36 9 2 1 6 4 5 3 0 7
45 36 9 7 1 6 2 4 5 0 3
45 36 9 2 1 6 4 7 5 3 0
45 36 9 3 1 4 7 5 0 6 2
45 36 9 1 6 0 7 5 3 4 2
45 37 8 7 1 6 2 4 3 5 0
45 37 8 7 1 0 2 4 3 6 5
45 37 8 7 1 0 6 2 3 4 5
45 37 8 0 1 6 7 2 3 4 5
45 37 8 3 1 6 2 5 4 0 7
45 37 8 3 0 6 2 5 1 4 7
45 37 8 0 4 6 7 1 3 2 5
45 37 8 4 6 0 7 1 3 2 5
45 37 8 7 1 0 6 2 5 3 4
45 37 8 0 1 6 7 2 5 3 4
45 37 8 3 6 0 7 1 5 2 4
45 37 8 7 1 2 4 3 0 6 5
45 37 8 0 1 2 4 7 3 6 5
45 37 8 5 1 2 4 0 3 6 7
45 37 8 7 0 1 5 3 2 6 4
45 37 8 7 0 1 5 4 3 6 2
45 37 8 5 7 1 4 3 0 2 6
45 37 8 5 7 1 4 6 3 2 0
45 37 8 0 3 1 4 7 5 2 6
45 37 8 7 3 1 4 6 5 2 0
45 37 8 0 1 2 4 7 5 3 6
45 37 8 7 1 2 4 6 5 3 0
45 37 8 1 6 4 0 7 3 2 5
45 37 8 0 6 2 4 5 3 7 1
45 37 8 0 3 6 4 5 2 7 1
45 38 7 7 1 4 5 2 3 6 0
45 38 7 3 7 1 4 5 2 0 6
45 38 7 3 0 1 4 5 7 2 6
45 38 7 7 3 6 5 1 2 4 0
45 38 7 7 3 0 5 1 2 6 4
45 38 7 3 0 1 4 5 2 6 7
45 38 7 3 6 2 4 5 1 0 7
45 39 6 1 6 7 2 5 3 4 0
45 39 6 1 6 0 2 5 3 7 4
45 39 6 5 1 6 4 3 2 7 0
45 39 6 1 3 4 7 5 0 2 6
45 39 6 7 2 3 6 5 1 0 4
45 39 6 1 3 4 0 5 2 6 7
45 40 5 1 3 6 7 2 0 4 5
45 40 5 1 3 2 7 5 0 6 4
45 40 5 7 6 3 4 5 1 2 0
45 40 5 7 3 1 4 5 6 2 0
45 40 5 1 3 0 7 4 5 6 2
46 35 11 4 0 6 5 1 3 2 7
46 36 10 7 0 2 5 1 3 6 4
46 36 10 2 1 6 0 7 3 4 5
46 36 10 5 1 6 0 2 3 4 7
46 36 10 2 1 6 0 7 5 3 4
46 36 10 4 1 6 2 7 5 3 0
46 36 10 4 1 7 2 5 3 0 6
46 36 10 4 1 6 0 7 5 3 2
46 36 10 5 1 6 4 7 0 3 2
46 36 10 7 1 0 4 2 5 3 6
46 36 10 0 1 6 4 2 5 3 7
46 36 10 0 6 2 7 5 3 4 1
46 37 9 7 1 6 2 4 0 3 5
46 37 9 3 1 6 2 0 5 4 7
46 37 9 5 1 2 6 7 3 0 4
46 37 9 4 1 2 0 5 3 6 7
46 37 9 3 1 2 4 5 0 6 7
46 37 9 0 3 6 1 7 5 2 4
46 37 9 1 3 6 2 7 5 0 4
46 37 9 7 1 6 0 3 2 4 5
46 37 9 6 7 1 4 0 3 2 5
46 37 9 6 7 0 4 5 3 2 1
46 38 8 7 3 6 2 1 0 4 5
46 38 8 0 7 6 4 1 5 3 2
46 38 8 7 6 0 4 1 5 3 2
46 38 8 7 5 6 4 1 0 3 2
46 38 8 7 1 4 5 3 0 6 2
46 38 8 0 1 4 5 7 3 6 2
46 38 8 7 1 4 6 5 0 3 2
46 38 8 7 6 5 0 3 1 2 4
46 38 8 7 1 6 5 0 4 3 2
46 38 8 4 7 0 1 5 3 2 6
46 38 8 3 7 1 4 0 5 2 6
46 38 8 0 3 6 5 7 1 2 4
46 38 8 7 3 6 5 4 1 2 0
46 38 8 3 1 4 0 5 2 6 7
46 38 8 5 3 6 4 0 1 2 7
46 38 8 7 3 6 4 5 1 2 0
46 38 8 3 6 4 0 5 1 2 7
46 39 7 1 6 7 2 5 0 3 4
46 39 7 7 1 5 6 4 3 2 0
46 39 7 1 3 6 5 4 0 2 7
46 39 7 7 6 5 4 1 3 2 0
46 39 7 1 4 0 7 5 3 2 6
46 39 7 7 2 6 0 5 1 3 4
46 39 7 1 6 2 4 0 5 3 7
46 39 7 0 1 3 7 5 2 6 4
46 40 6 4 1 2 6 5 3 7 0
46 40 6 1 2 0 6 5 3 4 7
46 40 6 1 7 6 4 5 3 2 0
46 40 6 4 3 1 7 5 0 6 2
46 40 6 7 3 1 2 5 6 4 0
46 40 6 1 2 0 7 5 3 6 4
46 40 6 7 6 3 4 5 0 1 2
46 40 6 7 3 0 4 5 6 1 2
46 40 6 1 3 6 7 4 0 5 2
47 36 11 7 0 6 5 1 3 4 2
47 36 11 3 1 6 2 7 0 4 5
47 36 11 5 0 6 2 1 3 4 7
47 36 11 2 1 6 5 0 3 4 7
47 36 11 5 1 6 2 7 0 3 4
47 36 11 7 1 0 2 4 5 3 6
47 36 11 0 1 6 2 4 5 3 7
47 36 11 4 1 7 5 0 3 2 6
47 37 10 7 1 6 4 2 3 0 5
47 37 10 7 1 6 3 2 5 0 4
47 37 10 7 0 2 4 1 3 6 5
47 37 10 7 1 2 0 4 3 6 5
47 37 10 7 1 6 5 0 2 4 3
47 37 10 5 0 1 4 7 3 2 6
47 37 10 7 0 1 4 3 5 2 6
47 37 10 7 3 1 0 4 5 2 6
47 37 10 7 0 2 4 1 5 3 6
47 38 9 0 7 6 2 1 3 4 5
47 38 9 7 6 0 2 1 3 4 5
47 38 9 0 7 6 2 1 5 3 4
47 38 9 7 6 0 2 1 5 3 4
47 38 9 7 5 6 2 1 0 3 4
47 38 9 3 1 0 6 7 5 2 4
47 38 9 3 7 6 5 0 1 2 4
47 38 9 7 6 2 5 3 1 0 4
47 38 9 7 0 6 5 4 1 3 2
47 38 9 7 1 6 0 3 2 5 4
47 38 9 7 1 6 4 0 2 5 3
47 38 9 4 3 6 0 5 1 2 7
47 39 8 5 1 0 2 7 3 6 4
47 39 8 4 1 0 5 7 3 6 2
47 39 8 6 0 7 1 5 3 2 4
47 39 8 0 1 5 7 4 3 2 6
47 39 8 1 6 0 5 4 3 2 7
47 39 8 1 7 6 5 3 0 2 4
47 39 8 1 7 6 5 4 3 2 0
47 39 8 0 6 5 7 1 3 2 4
47 39 8 7 0 1 4 3 2 6 5
47 39 8 7 1 4 0 3 2 6 5
47 39 8 3 7 6 4 0 1 2 5
47 39 8 7 6 2 4 3 1 0 5
47 39 8 5 1 0 4 3 2 6 7
47 39 8 0 5 6 4 3 1 2 7
47 39 8 5 6 0 4 3 1 2 7
47 39 8 5 1 0 4 7 3 6 2
47 39 8 7 3 1 0 5 2 4 6
47 39 8 0 3 7 1 5 2 6 4
47 39 8 1 3 7 5 0 2 6 4
47 40 7 1 0 4 6 5 3 2 7
47 40 7 1 0 2 7 5 3 4 6
47 40 7 7 0 3 6 5 2 1 4
47 40 7 1 3 2 6 5 0 4 7
47 40 7 1 7 6 4 3 0 2 5
47 40 7 5 0 1 7 3 2 6 4
47 40 7 5 0 1 7 4 3 6 2
47 40 7 0 4 1 7 5 3 6 2
47 40 7 0 3 1 2 7 5 6 4
47 40 7 7 3 1 2 4 5 6 0
47 40 7 7 3 0 2 5 6 1 4
47 40 7 1 3 0 6 5 2 4 7
47 40 7 0 3 6 7 1 2 4 5
47 40 7 4 1 6 0 5 3 7 2
47 40 7 1 6 4 7 5 3 0 2
47 41 6 1 0 3 7 5 2 4 6
47 41 6 1 3 4 7 5 2 0 6
47 41 6 1 3 6 7 5 0 4 2
47 41 6 7 6 3 2 5 1 4 0
47 41 6 5 3 6 7 1 2 4 0
47 41 6 5 3 0 7 1 2 6 4
47 41 6 1 3 6 2 5 4 0 7
47 41 6 0 3 1 7 5 2 6 4
47 41 6 7 3 1 4 2 5 6 0
47 41 6 1 6 7 4 5 0 3 2
47 42 5 1 3 4 7 5 0 6 2
47 42 5 7 2 3 4 5 1 0 6
48 37 11 7 1 0 5 3 2 4 6
48 37 11 0 1 6 5 3 2 4 7
48 37 11 5 7 1 0 4 3 2 6
48 37 11 7 1 2 0 4 5 3 6
48 38 10 0 1 6 3 7 5 2 4
48 38 10 7 0 4 5 1 3 6 2
48 38 10 5 7 6 0 3 1 2 4
48 38 10 4 7 6 5 3 1 2 0
48 38 10 4 7 1 2 5 3 0 6
48 38 10 7 1 0 4 3 2 5 6
48 38 10 0 1 6 4 3 2 5 7
48 39 9 7 1 0 6 4 5 3 2
48 39 9 0 1 6 7 4 5 3 2
48 39 9 4 1 6 5 7 0 3 2
48 39 9 5 6 7 1 0 3 2 4
48 39 9 4 6 7 1 5 3 2 0
48 39 9 1 7 6 0 5 3 2 4
48 39 9 5 7 6 4 3 1 2 0
48 39 9 7 6 4 0 3 1 2 5
48 39 9 7 3 1 6 0 2 4 5
48 39 9 1 3 7 6 5 2 0 4
48 40 8 1 6 7 5 3 0 2 4
48 40 8 1 6 7 5 4 3 2 0
48 40 8 3 1 6 5 7 2 4 0
48 40 8 3 1 0 5 7 2 6 4
48 40 8 7 3 1 5 4 0 2 6
48 40 8 7 6 2 5 1 3 4 0
48 40 8 5 1 2 7 0 3 4 6
48 40 8 5 1 4 7 3 0 2 6
48 40 8 5 1 4 7 6 3 2 0
48 40 8 0 4 1 6 5 3 2 7
48 40 8 4 3 1 6 5 0 2 7
48 40 8 4 1 2 6 5 0 3 7
48 40 8 3 1 6 4 7 5 0 2
48 40 8 7 3 1 6 4 5 0 2
48 40 8 7 3 6 0 5 2 1 4
48 40 8 5 1 7 0 3 2 6 4
48 40 8 5 1 7 0 4 3 6 2
48 40 8 7 3 1 0 2 5 6 4
48 40 8 1 6 4 7 0 3 2 5
48 41 7 3 1 6 4 5 7 2 0
48 41 7 3 1 6 4 7 2 5 0
48 41 7 1 5 6 4 0 3 2 7
48 41 7 7 6 2 4 1 3 5 0
48 41 7 7 3 6 4 1 2 5 0
48 41 7 7 3 0 4 1 2 6 5
48 41 7 5 1 6 7 0 4 3 2
48 41 7 4 1 7 2 5 3 6 0
48 41 7 1 3 7 0 5 2 4 6
48 41 7 7 6 3 2 5 0 1 4
48 41 7 5 1 2 7 3 0 6 4
48 41 7 5 1 2 7 4 3 6 0
48 41 7 5 3 6 7 4 1 2 0
48 41 7 1 3 6 2 0 5 4 7
48 41 7 3 2 1 7 5 0 6 4
48 41 7 0 3 1 4 7 5 6 2
48 41 7 1 3 6 4 7 5 0 2
48 41 7 1 3 0 6 4 5 2 7
48 42 6 7 6 2 4 5 1 3 0
48 42 6 3 1 7 4 5 2 6 0
48 42 6 1 7 6 4 5 3 0 2
48 42 6 1 0 6 4 5 7 3 2
48 42 6 1 3 2 7 4 5 0 6
48 42 6 1 3 6 7 4 0 2 5
48 42 6 1 3 6 5 7 2 4 0
48 42 6 1 3 0 5 7 2 6 4
48 42 6 1 4 0 7 5 3 6 2
48 43 5 1 6 4 2 5 3 7 0
48 43 5 1 2 0 4 5 3 6 7
48 43 5 1 2 0 7 5 6 3 4
48 44 4 1 0 3 4 5 2 7 6
48 44 4 1 2 0 4 5 6 3 7
48 44 4 1 2 3 4 5 0 6 7
48 44 4 1 2 3 7 5 6 0 4
49 38 11 3 1 6 2 7 5 0 4
49 38 11 4 7 1 5 0 3 2 6
49 39 10 3 6 7 1 5 0 2 4
49 39 10 7 1 5 4 0 3 2 6
49 39 10 7 1 5 2 4 3 0 6
49 39 10 7 6 5 1 0 3 2 4
49 39 10 7 6 5 2 1 3 0 4
49 39 10 4 7 6 0 3 1 2 5
49 39 10 7 3 0 6 5 2 4 1
49 39 10 0 3 1 6 5 2 4 7
49 40 9 7 1 4 6 3 0 2 5
49 40 9 0 1 4 6 7 3 2 5
49 40 9 5 1 4 6 0 3 2 7
49 40 9 6 1 4 0 5 3 2 7
49 40 9 0 6 7 5 1 3 2 4
49 40 9 0 1 6 5 3 7 2 4
49 40 9 3 1 6 5 4 7 2 0
49 40 9 3 6 0 5 7 1 2 4
49 40 9 0 7 1 5 4 3 2 6
49 40 9 7 1 2 5 4 0 3 6
49 40 9 7 6 2 5 1 0 3 4
49 40 9 6 1 2 7 5 3 4 0
49 40 9 7 1 6 4 3 5 2 0
49 40 9 3 0 1 6 7 5 2 4
49 40 9 6 3 1 0 7 5 2 4
49 40 9 4 3 1 6 7 5 2 0
49 40 9 5 7 2 6 0 1 3 4
49 40 9 6 7 2 0 5 1 3 4
49 40 9 4 7 2 6 5 1 3 0
49 40 9 1 7 2 6 5 0 3 4
49 40 9 5 1 6 0 3 2 4 7
49 40 9 5 1 6 7 0 2 4 3
49 40 9 0 3 6 1 5 2 4 7
49 40 9 1 3 6 5 0 2 4 7
49 40 9 1 0 6 7 3 2 4 5
49 40 9 1 3 6 0 7 2 4 5
49 40 9 4 1 6 2 0 3 7 5
49 40 9 4 1 0 2 5 3 7 6
49 40 9 0 1 6 2 5 3 7 4
49 41 8 4 1 5 0 7 3 2 6
49 41 8 5 1 2 4 7 3 0 6
49 41 8 6 1 4 7 5 3 0 2
49 41 8 0 1 6 4 3 7 2 5
49 41 8 3 1 0 4 7 2 6 5
49 41 8 0 3 6 4 7 1 2 5
49 41 8 3 6 0 4 7 1 2 5
49 41 8 7 0 4 2 5 1 3 6
49 41 8 5 6 2 4 1 3 0 7
49 41 8 5 3 6 4 1 2 0 7
49 41 8 0 7 1 6 5 3 4 2
49 41 8 7 3 1 6 5 0 4 2
49 41 8 6 7 2 1 5 3 0 4
49 41 8 4 7 1 6 5 0 3 2
49 41 8 4 7 0 6 5 3 1 2
49 41 8 7 6 2 4 1 0 3 5
49 41 8 3 5 6 7 0 1 2 4
49 41 8 5 6 2 7 3 1 0 4
49 41 8 5 0 6 7 4 1 3 2
49 41 8 0 1 7 4 5 3 6 2
49 42 7 5 3 6 7 0 2 4 1
49 42 7 3 7 1 6 5 2 4 0
49 42 7 5 1 6 7 2 3 4 0
49 42 7 4 1 6 7 2 5 3 0
49 42 7 4 3 6 7 5 1 0 2
49 42 7 2 7 6 4 5 1 0 3
49 42 7 1 7 6 4 0 5 3 2
49 42 7 7 6 4 2 5 1 3 0
49 42 7 5 7 1 4 2 3 6 0
49 42 7 2 7 1 4 5 3 0 6
49 42 7 1 0 3 7 4 5 2 6
49 42 7 1 3 7 0 4 5 2 6
49 42 7 1 6 0 7 4 3 2 5
49 42 7 1 5 6 7 4 3 2 0
49 42 7 1 3 6 5 4 7 2 0
49 42 7 7 3 1 0 5 2 6 4
49 42 7 7 2 4 0 5 1 3 6
49 43 6 3 7 1 4 5 6 0 2
49 43 6 3 6 7 4 5 1 2 0
49 43 6 1 6 5 4 7 3 2 0
49 43 6 5 1 4 7 2 3 6 0
49 43 6 7 0 3 4 5 2 1 6
49 43 6 1 3 2 4 5 0 6 7
49 43 6 1 3 0 6 5 2 7 4
49 44 5 1 0 6 4 5 2 7 3
49 44 5 1 0 6 4 5 3 7 2
49 45 4 1 3 4 7 5 2 6 0
49 45 4 1 3 6 7 2 4 0 5
50 39 11 7 1 6 3 4 5 0 2
50 40 10 3 1 4 6 5 0 2 7
50 40 10 1 0 7 5 6 3 2 4
50 40 10 3 1 6 0 5 7 2 4
50 40 10 3 1 2 7 5 0 4 6
50 40 10 5 0 4 7 1 3 2 6
50 40 10 4 1 6 0 3 5 2 7
50 40 10 3 1 0 4 7 5 2 6
50 40 10 0 1 6 4 7 5 2 3
50 40 10 5 3 1 6 7 0 2 4
50 40 10 7 3 0 6 4 5 2 1
50 40 10 0 3 1 6 4 5 2 7
50 40 10 1 7 6 0 4 3 2 5
50 40 10 5 1 0 7 3 2 4 6
50 40 10 0 1 6 7 3 2 4 5
50 40 10 7 0 1 2 3 5 6 4
50 40 10 0 6 4 7 5 3 2 1
50 41 9 4 0 1 5 7 3 2 6
50 41 9 4 1 2 5 7 3 0 6
50 41 9 5 7 0 6 1 3 2 4
50 41 9 4 7 6 5 1 3 0 2
50 41 9 5 1 4 0 7 3 2 6
50 41 9 6 1 4 7 0 3 2 5
50 41 9 7 1 4 2 0 5 3 6
50 41 9 7 5 6 4 1 3 2 0
50 41 9 5 6 4 0 1 3 2 7
50 41 9 4 5 6 7 3 1 2 0
50 41 9 5 6 7 0 3 1 2 4
50 41 9 5 0 2 7 1 3 6 4
50 41 9 7 3 1 0 4 5 6 2
50 41 9 1 3 0 4 7 5 2 6
50 41 9 0 3 6 1 4 5 2 7
50 41 9 1 3 6 2 4 5 0 7
50 42 8 3 1 6 5 0 4 2 7
50 42 8 3 1 4 7 0 5 2 6
50 42 8 3 1 4 7 5 2 0 6
50 42 8 3 0 4 7 5 1 2 6
50 42 8 3 6 0 4 1 5 2 7
50 42 8 3 5 6 4 1 0 2 7
50 42 8 7 3 0 1 6 5 2 4
50 42 8 0 3 1 7 6 5 2 4
50 42 8 7 1 2 6 3 4 0 5
50 42 8 1 0 2 6 7 3 4 5
50 42 8 6 1 0 2 5 3 4 7
50 42 8 1 0 2 6 7 5 3 4
50 42 8 5 7 6 4 1 3 0 2
50 42 8 7 6 4 5 1 3 2 0
50 42 8 3 0 6 7 5 2 4 1
50 42 8 4 0 6 2 5 1 3 7
50 42 8 4 0 1 2 5 3 6 7
50 42 8 3 7 0 6 5 2 1 4
50 42 8 0 3 1 6 5 7 2 4
50 42 8 3 1 0 6 5 7 2 4
50 42 8 5 1 6 7 3 0 4 2
50 42 8 0 4 6 7 5 1 3 2
50 42 8 4 6 0 7 5 1 3 2
50 42 8 5 7 1 2 3 0 6 4
50 42 8 5 7 1 2 4 3 6 0
50 42 8 4 1 2 7 0 3 6 5
50 42 8 3 1 0 6 5 2 4 7
50 42 8 4 3 6 7 0 1 2 5
50 42 8 5 7 6 4 1 0 3 2
50 42 8 5 7 6 4 2 1 3 0
50 42 8 5 7 1 4 3 0 6 2
50 42 8 0 3 6 5 1 7 2 4
50 42 8 7 3 1 4 0 2 6 5
50 43 7 6 7 1 2 5 3 4 0
50 43 7 1 7 6 2 5 3 0 4
50 43 7 1 0 6 2 5 7 3 4
50 43 7 3 1 2 7 0 5 6 4
50 43 7 3 1 2 7 5 6 0 4
50 43 7 3 0 2 7 5 1 6 4
50 43 7 3 1 6 7 2 0 4 5
50 43 7 3 0 1 4 5 7 6 2
50 43 7 1 6 4 2 5 0 3 7
50 43 7 1 6 0 4 3 5 2 7
50 43 7 1 5 6 4 3 0 2 7
50 43 7 4 3 6 7 0 5 2 1
50 43 7 5 3 1 7 4 0 2 6
50 43 7 5 6 2 7 1 3 4 0
50 43 7 7 3 1 2 5 4 0 6
50 43 7 4 1 6 7 3 2 5 0
50 43 7 4 1 0 7 3 2 6 5
50 43 7 3 1 0 7 4 5 6 2
50 43 7 3 6 2 7 5 1 4 0
50 43 7 4 3 6 7 1 5 0 2
50 43 7 1 6 7 4 3 0 2 5
50 43 7 4 3 1 7 0 5 2 6
50 43 7 4 3 1 7 5 2 0 6
50 43 7 1 6 0 4 7 5 3 2
50 43 7 1 5 6 4 7 0 3 2
50 43 7 5 1 4 7 3 0 6 2
50 43 7 3 1 0 6 5 2 7 4
50 43 7 0 1 2 7 5 6 3 4
50 44 6 1 0 7 4 5 3 2 6
50 44 6 3 0 1 4 5 2 7 6
50 44 6 7 1 5 4 3 2 6 0
50 44 6 7 1 5 2 4 3 6 0
50 44 6 1 6 2 4 7 3 5 0
50 44 6 1 3 6 4 5 7 2 0
50 44 6 1 3 6 4 7 2 5 0
50 44 6 1 3 0 4 7 2 6 5
50 44 6 1 6 2 4 3 0 7 5
50 44 6 1 6 4 0 5 3 7 2
50 44 6 1 3 6 4 2 0 7 5
50 44 6 1 3 4 0 5 2 7 6
50 44 6 1 3 7 4 5 2 0 6
50 44 6 0 1 2 4 5 6 3 7
50 44 6 0 1 3 4 5 2 6 7
50 44 6 1 2 3 7 0 5 6 4
50 45 5 2 1 6 4 5 3 7 0
50 45 5 3 6 2 4 5 1 7 0
50 45 5 7 2 3 6 5 1 4 0
50 45 5 1 3 2 7 0 5 6 4
51 40 11 7 0 4 6 1 3 2 5
51 40 11 7 1 4 0 6 3 2 5
51 40 11 3 0 6 5 1 7 2 4
51 41 10 4 7 6 5 0 3 2 1
51 41 10 6 1 0 7 5 3 2 4
51 41 10 3 0 6 4 1 7 2 5
51 41 10 4 5 6 0 1 3 2 7
51 41 10 7 3 6 0 4 1 2 5
51 41 10 7 5 6 0 3 1 2 4
51 41 10 4 1 7 5 0 3 6 2
51 41 10 4 1 7 6 5 3 0 2
51 41 10 5 1 2 0 7 3 6 4
51 41 10 5 3 6 0 7 1 2 4
51 41 10 7 0 1 4 3 5 6 2
51 41 10 0 3 6 4 7 5 2 1
51 42 9 3 1 6 5 4 2 0 7
51 42 9 3 0 6 5 4 1 2 7
51 42 9 3 7 6 5 1 2 0 4
51 42 9 7 1 2 5 3 0 4 6
51 42 9 0 1 2 5 7 3 4 6
51 42 9 7 1 2 5 6 3 4 0
51 42 9 4 0 1 6 7 3 2 5
51 42 9 4 1 2 6 7 3 0 5
51 42 9 7 0 2 6 3 1 4 5
51 42 9 5 1 2 6 3 0 4 7
51 42 9 5 1 2 6 7 3 4 0
51 42 9 6 1 2 4 5 3 0 7
51 42 9 5 7 1 6 3 2 0 4
51 42 9 5 0 1 6 3 7 2 4
51 42 9 5 7 1 6 4 3 0 2
51 42 9 7 1 2 6 4 5 0 3
51 42 9 5 7 6 4 0 3 2 1
51 42 9 0 6 4 7 1 3 2 5
51 42 9 7 3 6 0 5 2 4 1
51 42 9 2 3 6 7 5 0 4 1
51 42 9 4 1 6 2 0 5 3 7
51 42 9 0 6 2 7 5 1 3 4
51 42 9 5 7 1 0 2 3 6 4
51 42 9 0 1 6 3 5 2 4 7
51 42 9 0 1 7 3 5 2 6 4
51 42 9 4 3 0 7 5 1 2 6
51 42 9 2 7 6 4 0 1 3 5
51 42 9 2 7 0 4 5 1 3 6
51 42 9 0 6 4 7 5 1 3 2
51 42 9 2 7 1 4 0 3 6 5
51 42 9 2 7 0 4 5 3 6 1
51 42 9 4 3 6 0 1 5 2 7
51 42 9 7 3 6 4 1 5 2 0
51 42 9 1 3 6 0 5 7 2 4
51 42 9 7 3 0 4 5 2 6 1
51 42 9 0 3 1 4 5 2 6 7
51 43 8 3 1 2 6 5 4 0 7
51 43 8 3 0 2 6 5 1 4 7
51 43 8 6 7 1 2 5 0 3 4
51 43 8 6 7 0 2 5 3 1 4
51 43 8 4 0 7 6 5 3 2 1
51 43 8 4 7 6 0 5 3 2 1
51 43 8 4 7 2 6 5 3 0 1
51 43 8 3 7 6 4 1 2 0 5
51 43 8 1 0 4 5 7 3 2 6
51 43 8 2 1 6 7 5 3 0 4
51 43 8 2 7 0 6 5 1 3 4
51 43 8 4 7 6 2 5 1 0 3
51 43 8 1 7 6 2 0 5 3 4
51 43 8 2 7 0 1 5 3 6 4
51 43 8 7 3 0 6 5 1 2 4
51 43 8 4 7 0 6 5 1 3 2
51 43 8 4 7 0 1 5 3 6 2
51 43 8 3 7 1 4 0 5 6 2
51 43 8 6 0 4 1 5 3 2 7
51 43 8 3 0 6 7 4 5 2 1
51 43 8 0 5 1 7 4 3 2 6
51 43 8 5 1 2 7 4 0 3 6
51 43 8 5 6 2 7 1 0 3 4
51 43 8 7 3 1 2 0 5 4 6
51 43 8 0 4 6 7 3 1 2 5
51 43 8 4 6 0 7 3 1 2 5
51 43 8 3 1 6 7 4 0 5 2
51 43 8 3 6 2 7 5 0 1 4
51 43 8 0 6 7 4 1 3 2 5
51 43 8 1 6 5 7 0 3 2 4
51 43 8 7 3 4 0 5 2 1 6
51 43 8 5 7 2 4 0 1 3 6
51 43 8 6 7 2 4 5 1 3 0
51 43 8 1 7 2 4 5 0 3 6
51 43 8 0 1 6 3 5 2 7 4
51 43 8 0 6 2 1 5 3 7 4
51 43 8 0 3 6 1 5 2 7 4
51 44 7 3 1 6 7 5 4 0 2
51 44 7 3 7 1 2 5 6 0 4
51 44 7 1 0 6 7 5 2 4 3
51 44 7 5 6 7 4 1 3 2 0
51 44 7 6 0 7 4 5 3 2 1
51 44 7 1 0 2 5 7 3 6 4
51 44 7 7 1 6 2 3 4 5 0
51 44 7 7 1 0 2 3 4 6 5
51 44 7 1 3 6 2 7 0 4 5
51 44 7 1 6 2 5 7 3 4 0
51 44 7 7 1 0 4 2 5 6 3
51 44 7 1 6 2 7 3 0 4 5
51 44 7 3 1 6 4 2 0 7 5
51 44 7 0 1 6 4 3 2 7 5
51 44 7 3 1 4 0 5 2 7 6
51 44 7 3 1 7 4 5 2 0 6
51 44 7 5 1 6 4 0 2 7 3
51 44 7 4 3 6 7 1 2 0 5
51 44 7 1 6 2 7 3 5 0 4
51 44 7 1 5 6 7 3 2 0 4
51 44 7 1 0 3 6 7 5 2 4
51 44 7 1 3 2 6 7 5 0 4
51 44 7 0 1 5 7 3 2 6 4
51 44 7 0 1 5 7 4 3 6 2
51 44 7 6 7 1 4 5 0 3 2
51 44 7 6 7 0 4 5 3 1 2
51 44 7 1 6 2 4 7 0 3 5
51 44 7 1 6 2 7 4 5 3 0
51 44 7 0 6 2 4 1 3 7 5
51 44 7 0 3 6 4 1 2 7 5
51 44 7 1 3 7 4 0 2 6 5
51 45 6 1 0 6 7 2 3 4 5
51 45 6 3 1 6 2 5 4 7 0
51 45 6 1 0 6 7 2 5 3 4
51 45 6 6 0 2 4 5 3 7 1
51 45 6 3 0 6 4 5 2 7 1
51 45 6 3 7 1 4 5 2 6 0
51 45 6 7 3 5 0 1 2 6 4
51 45 6 3 2 1 4 5 0 6 7
51 45 6 1 0 6 2 5 3 7 4
51 45 6 1 3 4 7 0 5 2 6
51 45 6 7 2 3 6 5 0 1 4
51 45 6 1 3 2 7 5 6 0 4
51 45 6 1 0 3 7 4 5 6 2
51 45 6 1 3 7 0 4 5 6 2
51 46 5 7 2 6 4 5 1 3 0
51 46 5 7 0 3 4 5 6 1 2
51 46 5 1 3 6 7 0 4 5 2
51 47 4 7 2 3 4 5 1 6 0
51 48 3 1 2 3 4 5 0 7 6
51 48 3 1 2 3 4 5 6 0 7
51 48 3 1 2 3 7 5 6 4 0
52 41 11 5 7 6 1 0 3 2 4
52 41 11 5 7 6 2 1 3 0 4
52 41 11 4 7 0 5 1 3 2 6
52 41 11 3 1 6 0 4 7 2 5
52 42 10 7 3 1 2 6 5 0 4
52 42 10 6 1 2 0 7 3 4 5
52 42 10 6 1 2 0 7 5 3 4
52 42 10 4 1 2 6 7 5 3 0
52 42 10 5 7 0 4 1 3 2 6
52 42 10 5 0 6 7 1 3 4 2
52 42 10 4 0 6 7 1 5 3 2
52 42 10 7 6 2 3 5 1 0 4
52 42 10 5 0 1 2 7 3 6 4
52 42 10 3 1 7 5 0 2 6 4
52 42 10 3 1 7 6 5 2 0 4
52 42 10 5 0 6 4 7 1 3 2
52 42 10 7 6 4 3 5 1 0 2
52 42 10 5 0 1 4 7 3 6 2
52 42 10 5 7 1 0 4 3 6 2
52 42 10 1 5 6 0 7 3 2 4
52 42 10 1 0 6 5 3 7 2 4
52 43 9 3 1 0 6 4 5 2 7
52 43 9 0 7 1 6 3 5 2 4
52 43 9 7 1 0 6 3 5 2 4
52 43 9 7 5 1 6 3 0 2 4
52 43 9 3 1 2 6 0 5 4 7
52 43 9 4 7 1 6 3 0 2 5
52 43 9 0 7 1 6 4 3 2 5
52 43 9 4 7 0 6 1 3 2 5
52 43 9 7 1 4 5 3 2 0 6
52 43 9 7 0 4 5 3 1 2 6
52 43 9 7 1 4 5 6 3 0 2
52 43 9 5 0 1 6 4 3 2 7
52 43 9 5 1 2 6 4 3 0 7
52 43 9 3 7 1 6 4 5 2 0
52 43 9 2 1 6 7 0 3 4 5
52 43 9 5 7 6 2 1 0 3 4
52 43 9 5 7 6 2 4 1 3 0
52 43 9 4 7 1 2 0 3 6 5
52 43 9 5 6 4 1 0 3 2 7
52 43 9 7 6 4 1 5 3 2 0
52 43 9 7 3 6 0 4 5 2 1
52 43 9 5 3 6 7 4 0 2 1
52 43 9 5 7 1 2 0 3 4 6
52 43 9 2 7 1 0 5 3 4 6
52 43 9 0 6 7 3 5 1 2 4
52 43 9 4 3 0 7 1 5 2 6
52 43 9 1 0 7 4 6 3 2 5
52 43 9 0 6 5 1 7 3 2 4
52 43 9 1 6 5 2 7 3 0 4
52 43 9 5 0 4 7 1 3 6 2
52 43 9 4 7 2 0 5 1 3 6
52 43 9 0 6 2 1 5 3 4 7
52 43 9 1 6 2 5 0 3 7 4
52 43 9 1 3 6 5 0 2 7 4
52 44 8 4 1 6 2 7 3 5 0
52 44 8 4 1 0 2 7 3 6 5
52 44 8 7 2 0 6 1 3 4 5
52 44 8 7 3 2 6 1 0 4 5
52 44 8 7 2 0 6 1 5 3 4
52 44 8 3 1 6 7 0 5 4 2
52 44 8 3 0 6 7 5 1 4 2
52 44 8 3 7 1 2 0 5 6 4
52 44 8 3 0 1 2 5 7 6 4
52 44 8 3 0 1 7 5 2 4 6
52 44 8 3 1 7 0 5 2 4 6
52 44 8 1 6 4 5 3 0 2 7
52 44 8 1 6 4 5 7 3 2 0
52 44 8 5 1 7 6 4 3 2 0
52 44 8 7 3 1 6 4 0 2 5
52 44 8 7 1 2 6 4 3 5 0
52 44 8 4 5 6 7 1 3 0 2
52 44 8 4 1 6 7 3 5 0 2
52 44 8 7 1 4 2 3 0 6 5
52 44 8 0 1 4 2 7 3 6 5
52 44 8 7 3 0 6 1 5 2 4
52 44 8 5 6 7 4 0 3 2 1
52 44 8 7 1 6 5 2 3 0 4
52 44 8 7 1 2 5 3 6 0 4
52 44 8 7 0 2 5 3 1 6 4
52 44 8 1 6 0 2 7 3 4 5
52 44 8 2 0 1 6 5 3 4 7
52 44 8 2 1 4 6 5 3 0 7
52 44 8 1 6 0 2 7 5 3 4
52 44 8 1 5 6 2 7 0 3 4
52 44 8 5 4 1 7 0 3 2 6
52 44 8 5 1 7 4 0 3 2 6
52 44 8 6 1 7 4 5 3 2 0
52 44 8 4 1 2 7 0 5 3 6
52 44 8 4 0 2 7 5 1 3 6
52 44 8 1 6 2 5 7 0 3 4
52 44 8 7 1 6 4 2 0 5 3
52 44 8 2 1 4 7 5 3 0 6
52 44 8 2 1 4 0 5 3 6 7
52 44 8 2 1 4 7 0 3 6 5
52 44 8 0 6 2 7 1 3 4 5
52 44 8 4 1 6 0 5 2 7 3
52 44 8 2 1 6 4 5 0 7 3
52 44 8 1 6 7 0 3 5 2 4
52 44 8 0 3 6 4 1 7 2 5
52 44 8 0 6 2 7 1 5 3 4
52 44 8 1 0 2 4 6 3 7 5
52 44 8 1 0 6 4 3 2 7 5
52 45 7 5 1 6 2 4 3 7 0
52 45 7 3 1 6 7 0 4 2 5
52 45 7 1 0 6 7 4 5 2 3
52 45 7 1 0 4 2 5 3 6 7
52 45 7 2 1 6 4 5 0 3 7
52 45 7 2 1 0 4 5 3 6 7
52 45 7 3 1 4 7 0 5 6 2
52 45 7 3 1 4 7 5 6 0 2
52 45 7 3 0 4 7 5 1 6 2
52 45 7 1 6 7 0 5 3 4 2
52 45 7 3 1 0 2 5 4 6 7
52 45 7 1 4 6 7 0 3 2 5
52 45 7 7 1 2 4 3 6 0 5
52 45 7 1 0 2 4 7 3 6 5
52 45 7 7 3 1 5 4 0 6 2
52 45 7 1 0 2 4 7 5 3 6
52 45 7 5 6 2 4 0 3 7 1
52 45 7 5 3 6 4 0 2 7 1
52 45 7 7 1 4 0 2 3 6 5
52 45 7 3 7 0 4 5 2 1 6
52 45 7 0 3 1 4 5 7 2 6
52 45 7 3 1 0 4 5 7 2 6
52 45 7 3 6 2 4 5 0 1 7
52 45 7 7 6 3 0 5 1 2 4
52 45 7 7 3 1 0 5 6 2 4
52 46 6 3 1 2 4 5 6 0 7
52 46 6 1 3 6 2 7 5 4 0
52 46 6 1 3 0 2 7 5 6 4
52 46 6 3 1 4 7 5 2 6 0
52 46 6 1 0 7 2 5 6 3 4
52 46 6 1 3 6 5 0 4 2 7
52 46 6 1 2 6 0 5 3 4 7
52 46 6 1 2 4 6 5 3 0 7
52 46 6 4 3 1 7 0 5 6 2
52 46 6 1 2 7 0 5 3 6 4
52 46 6 1 2 6 7 5 3 0 4
52 47 5 1 3 7 5 2 0 6 4
52 47 5 1 2 3 7 5 0 4 6
52 47 5 1 3 6 7 5 4 0 2
52 47 5 1 3 6 2 5 4 7 0
52 47 5 1 3 0 2 5 4 6 7
52 47 5 1 0 7 4 5 6 3 2
52 47 5 1 3 4 7 0 5 6 2
52 47 5 7 2 3 4 5 0 1 6
52 48 4 1 3 2 7 4 5 6 0
52 49 3 1 3 6 7 2 4 5 0
52 49 3 1 3 0 7 2 4 6 5
52 51 1 1 2 3 4 5 6 7 0