0 0 0 0 4 3 2 7 1 6 5
14 0 14 4 0 3 2 7 1 6 5
14 0 14 7 4 3 2 0 1 6 5
14 0 14 2 4 3 0 7 1 6 5
14 0 14 5 4 3 2 7 1 6 0
14 0 14 1 4 3 2 7 0 6 5
24 14 10 1 4 3 2 7 6 0 5
25 14 11 7 4 3 2 5 1 6 0
25 14 11 1 4 3 2 0 7 6 5
26 14 12 2 4 3 5 7 1 6 0
26 14 12 1 0 3 2 7 4 6 5
27 14 13 4 1 3 2 7 0 6 5
28 14 14 7 4 3 2 1 0 6 5
28 14 14 2 4 0 3 7 1 6 5
28 14 14 5 4 3 2 7 1 0 6
28 14 14 5 4 3 0 7 1 6 2
28 14 14 5 4 3 2 0 1 6 7
29 14 15 4 3 0 2 7 1 6 5
29 14 15 7 4 3 0 2 1 6 5
29 14 15 2 4 3 7 0 1 6 5
29 14 15 2 4 3 6 7 1 0 5
31 14 17 7 0 3 2 4 1 6 5
33 14 19 5 4 0 2 7 1 6 3
33 24 9 1 4 3 2 7 6 5 0
33 25 8 1 4 3 2 5 7 6 0
37 24 13 1 4 0 2 7 6 3 5
37 25 12 7 4 3 2 5 1 0 6
37 25 12 7 4 3 0 5 1 6 2
38 25 13 1 4 3 0 2 7 6 5
38 26 12 1 3 0 2 7 4 6 5
38 27 11 4 1 3 2 7 6 0 5
38 29 9 7 4 3 5 2 1 6 0
39 25 14 0 4 3 2 5 1 6 7
39 25 14 0 4 3 2 1 7 6 5
39 25 14 1 0 3 2 4 7 6 5
39 27 12 4 1 3 2 0 7 6 5
40 26 14 2 4 3 5 7 1 0 6
40 26 14 2 4 3 5 0 1 6 7
40 26 14 0 1 3 2 7 4 6 5
40 28 12 7 4 3 2 1 6 0 5
40 29 11 2 4 3 7 5 1 6 0
41 28 13 2 0 4 3 7 1 6 5
41 28 13 5 4 3 2 1 0 6 7
41 29 12 0 4 3 7 2 1 6 5
41 29 12 2 4 3 6 7 1 5 0
42 25 17 7 4 0 2 5 1 6 3
42 28 14 7 0 3 2 1 4 6 5
42 28 14 2 4 6 3 7 1 0 5
42 28 14 5 4 3 7 0 1 6 2
42 28 14 5 4 3 0 2 1 6 7
42 29 13 2 4 3 7 1 0 6 5
42 33 9 1 4 3 2 5 7 0 6
42 33 9 1 4 3 0 5 7 6 2
43 26 17 2 4 0 5 7 1 6 3
43 26 17 0 4 3 5 7 1 6 2
43 28 15 5 4 3 2 7 0 1 6
43 28 15 5 4 0 3 7 1 6 2
43 29 14 4 3 2 0 7 1 6 5
43 29 14 7 4 0 3 2 1 6 5
43 29 14 2 0 3 7 4 1 6 5
43 29 14 2 4 3 6 7 0 1 5
44 28 16 5 4 3 6 7 1 0 2
44 28 16 5 0 3 2 4 1 6 7
44 29 15 4 3 6 2 7 1 0 5
44 33 11 1 4 3 0 7 6 5 2
44 33 11 1 4 3 2 0 6 5 7
45 28 17 5 4 0 2 7 1 3 6
45 29 16 2 4 0 6 7 1 3 5
45 31 14 7 3 0 2 4 1 6 5
45 31 14 7 1 3 2 4 0 6 5
45 38 7 1 4 3 5 2 7 6 0
46 29 17 7 4 3 6 2 1 0 5
47 31 16 0 7 3 2 4 1 6 5
47 33 14 1 4 0 2 5 7 6 3
48 33 15 0 4 3 2 5 7 6 1
48 38 10 4 1 3 2 7 6 5 0
48 39 9 4 1 3 2 5 7 6 0
49 33 16 5 0 4 2 7 1 6 3
49 33 16 5 4 2 0 7 1 6 3
49 33 16 1 4 0 2 7 6 5 3
49 37 12 1 0 4 2 7 6 3 5
49 37 12 1 4 2 0 7 6 3 5
49 38 11 1 3 2 0 7 4 6 5
49 38 11 7 4 3 5 2 1 0 6
50 33 17 5 4 6 2 7 1 0 3
50 33 17 0 4 3 2 7 6 5 1
50 37 13 7 4 3 2 5 0 1 6
50 37 13 7 4 0 3 5 1 6 2
50 38 12 1 4 0 3 2 7 6 5
50 39 11 4 0 3 2 5 1 6 7
50 39 11 2 4 3 0 5 1 6 7
50 39 11 1 4 3 2 5 0 6 7
50 42 8 5 4 3 7 2 1 6 0
51 37 14 0 4 3 7 5 1 6 2
51 37 14 7 4 3 6 5 1 0 2
51 38 13 1 3 6 2 7 4 0 5
51 39 12 1 3 0 2 4 7 6 5
51 40 11 7 4 3 2 1 6 5 0
51 42 9 1 4 3 2 5 0 7 6
52 37 15 7 4 0 2 5 1 3 6
52 37 15 7 4 3 5 0 1 6 2
52 38 14 1 4 3 6 2 7 0 5
52 38 14 4 1 0 2 7 6 3 5
52 38 14 7 4 0 5 2 1 6 3
52 38 14 0 4 3 5 2 1 6 7
52 39 13 4 0 3 2 1 7 6 5
52 39 13 2 4 3 0 1 7 6 5
52 39 13 5 4 3 2 1 7 6 0
52 39 13 1 7 3 2 4 0 6 5
52 40 12 2 4 3 7 5 1 0 6
52 41 11 5 4 3 2 1 6 0 7
52 41 11 1 4 3 7 2 0 6 5
52 42 10 1 4 0 3 5 7 6 2
53 38 15 0 4 3 1 2 7 6 5
53 39 14 0 1 3 2 4 7 6 5
53 40 13 2 4 3 5 1 0 6 7
53 40 13 7 1 3 2 0 4 6 5
53 40 13 2 1 3 0 7 4 6 5
53 40 13 5 1 3 2 7 4 6 0
53 41 12 2 1 4 3 7 0 6 5
53 41 12 4 0 3 7 2 1 6 5
53 42 11 2 0 3 7 1 4 6 5
53 42 11 1 4 3 6 5 7 0 2
54 39 15 4 1 3 0 2 7 6 5
54 40 14 2 0 3 5 4 1 6 7
54 41 13 0 2 4 3 7 1 6 5
54 41 13 5 0 3 2 1 4 6 7
54 42 12 5 4 3 7 1 0 6 2
54 42 12 2 4 3 7 1 6 0 5
54 42 12 1 4 0 2 5 7 3 6
54 43 11 2 3 0 7 4 1 6 5
54 43 11 2 1 3 7 4 0 6 5
54 45 9 1 4 3 5 2 7 0 6
55 40 15 2 4 3 5 7 0 1 6
55 40 15 7 4 0 2 1 6 3 5
55 40 15 2 4 0 7 5 1 6 3
55 41 14 2 4 3 0 7 1 5 6
55 41 14 2 4 3 6 0 1 5 7
55 42 13 7 3 0 2 1 4 6 5
55 42 13 2 4 6 3 7 1 5 0
55 42 13 5 0 3 7 4 1 6 2
55 42 13 5 4 0 3 2 1 6 7
55 42 13 0 4 3 1 5 7 6 2
55 42 13 1 4 3 5 0 7 6 2
55 43 12 4 3 2 5 7 1 6 0
55 44 11 1 4 3 2 6 0 5 7
56 40 16 2 4 0 5 7 1 3 6
56 42 14 7 0 4 2 5 1 6 3
56 42 14 7 4 2 0 5 1 6 3
56 43 13 0 2 3 7 4 1 6 5
56 43 13 2 4 3 6 0 7 1 5
56 44 12 1 4 0 3 7 6 5 2
56 49 7 1 3 2 5 7 4 6 0
57 42 15 7 4 6 2 5 1 0 3
57 42 15 0 7 3 2 1 4 6 5
57 42 15 2 4 6 3 7 0 1 5
57 43 14 2 4 5 0 7 1 6 3
57 43 14 1 4 3 5 7 0 6 2
57 43 14 5 4 3 2 0 7 1 6
57 43 14 5 0 4 3 7 1 6 2
57 43 14 0 3 2 4 7 1 6 5
57 43 14 7 0 4 3 2 1 6 5
57 43 14 2 0 3 6 7 4 1 5
57 44 13 5 4 3 6 7 1 2 0
57 44 13 5 3 0 2 4 1 6 7
57 44 13 5 1 3 2 4 0 6 7
57 44 13 1 4 3 7 0 6 5 2
57 44 13 1 4 3 5 7 6 0 2
57 44 13 0 4 3 2 1 6 5 7
57 44 13 1 0 3 2 4 6 5 7
57 44 13 1 4 3 0 2 6 5 7
57 45 12 7 1 3 2 4 6 0 5
57 45 12 1 4 0 5 2 7 6 3
57 50 7 1 4 3 2 5 6 0 7
58 42 16 5 4 3 6 2 1 0 7
58 43 15 2 0 4 5 7 1 6 3
58 43 15 4 0 3 5 7 1 6 2
58 43 15 5 0 3 2 7 4 1 6
58 43 15 5 4 6 3 7 1 0 2
58 43 15 4 3 2 7 0 1 6 5
58 43 15 7 4 6 3 2 1 0 5
58 44 14 0 5 3 2 4 1 6 7
58 44 14 4 3 6 2 7 1 5 0
58 45 13 7 3 2 0 4 1 6 5
58 47 11 1 0 4 2 5 7 6 3
58 47 11 1 4 2 0 5 7 6 3
58 48 10 4 1 3 2 5 7 0 6
58 48 10 4 1 3 0 5 7 6 2
59 41 18 0 4 3 6 7 1 5 2
59 43 16 2 4 6 5 7 1 0 3
59 43 16 4 3 2 6 7 1 0 5
59 44 15 5 4 3 6 7 0 1 2
59 44 15 0 4 3 1 7 6 5 2
59 46 13 7 4 3 6 2 1 5 0
59 47 12 1 4 6 2 5 7 0 3
59 49 10 1 3 2 7 0 4 6 5
59 50 9 1 0 3 2 5 4 6 7
59 52 7 1 0 3 7 2 4 6 5
60 41 19 2 4 0 6 7 1 5 3
60 44 16 4 3 6 2 7 0 1 5
60 45 15 2 0 4 6 7 1 3 5
60 45 15 7 3 6 2 4 1 0 5
60 45 15 0 4 3 5 2 7 6 1
60 48 12 4 0 3 2 5 7 6 1
60 48 12 2 4 3 0 5 7 6 1
60 48 12 4 1 3 0 7 6 5 2
60 48 12 4 1 3 2 0 6 5 7
60 49 11 1 4 2 5 7 6 3 0
60 50 10 4 1 3 2 5 0 6 7
60 50 10 1 4 3 2 0 5 6 7
60 50 10 5 4 3 7 2 1 0 6
60 51 9 1 0 3 2 5 4 7 6
61 44 17 5 4 0 6 7 1 3 2
61 45 16 5 0 4 2 7 1 3 6
61 45 16 5 4 2 0 7 1 3 6
61 45 16 2 4 6 0 7 1 3 5
61 47 14 4 7 3 2 0 1 6 5
61 47 14 5 7 3 2 4 1 6 0
61 48 13 0 1 3 2 5 7 6 4
61 49 12 5 4 2 3 7 1 6 0
61 49 12 1 4 2 3 7 6 0 5
61 49 12 7 4 3 5 2 0 1 6
61 50 11 2 4 0 3 5 1 6 7
61 51 10 1 4 3 2 0 5 7 6
61 52 9 5 4 3 2 1 6 7 0
61 52 9 1 4 3 7 2 6 0 5
61 52 9 1 0 4 3 5 7 6 2
61 53 8 1 4 3 6 5 7 2 0
62 46 16 7 4 3 6 2 0 1 5
62 47 15 2 7 3 0 4 1 6 5
62 48 14 5 4 3 2 0 7 6 1
62 49 13 1 0 4 2 7 6 5 3
62 49 13 1 4 2 0 7 6 5 3
62 49 13 1 4 5 2 7 6 0 3
62 49 13 7 4 0 5 2 1 3 6
62 50 12 7 0 4 3 5 1 6 2
62 50 12 1 0 4 3 2 7 6 5
62 50 12 4 3 0 2 5 1 6 7
62 50 12 2 4 3 6 5 1 0 7
62 51 11 7 4 3 6 5 1 2 0
62 51 11 1 3 6 2 7 4 5 0
62 51 11 1 3 2 0 4 7 6 5
62 52 10 1 4 3 7 0 2 6 5
62 52 10 1 4 6 3 5 7 0 2
62 53 9 2 1 3 5 7 4 6 0
62 53 9 1 4 3 6 5 0 7 2
62 57 5 1 4 3 2 5 6 7 0
63 46 17 7 4 0 6 2 1 3 5
63 48 15 7 4 3 2 5 0 6 1
63 48 15 0 1 3 2 7 6 5 4
63 48 15 4 1 0 2 5 7 6 3
63 49 14 0 1 4 2 7 6 3 5
63 49 14 1 6 4 2 7 0 3 5
63 49 14 1 3 2 6 7 4 0 5
63 50 13 7 0 3 2 5 4 1 6
63 50 13 7 4 6 3 5 1 0 2
63 50 13 1 4 6 3 2 7 0 5
63 50 13 5 4 0 7 2 1 6 3
63 51 12 1 4 3 7 5 0 6 2
63 52 11 1 4 3 6 2 7 5 0
63 52 11 7 4 5 0 2 1 6 3
63 52 11 1 4 3 5 2 0 6 7
63 52 11 2 4 3 5 1 7 6 0
63 52 11 1 7 3 2 4 6 0 5
63 53 10 7 1 3 2 5 4 6 0
63 53 10 2 1 4 3 7 6 0 5
63 53 10 2 3 0 7 1 4 6 5
63 54 9 4 1 3 5 2 7 6 0
64 49 15 5 1 4 2 7 0 6 3
64 49 15 5 4 2 7 0 1 6 3
64 49 15 1 4 2 7 0 6 3 5
64 49 15 0 3 2 1 7 4 6 5
64 50 14 4 0 3 2 7 6 5 1
64 50 14 7 4 3 2 0 6 5 1
64 50 14 2 4 3 0 7 6 5 1
64 50 14 7 4 3 2 0 5 1 6
64 51 13 4 0 3 7 5 1 6 2
64 51 13 7 4 3 6 5 0 1 2
64 51 13 1 3 6 2 4 7 0 5
64 51 13 7 4 3 0 1 6 5 2
64 52 12 1 4 3 6 2 0 7 5
64 52 12 7 0 4 5 2 1 6 3
64 52 12 4 0 3 5 2 1 6 7
64 52 12 1 7 3 2 0 4 6 5
64 53 11 2 4 3 5 1 6 0 7
64 53 11 2 0 3 5 1 4 6 7
64 53 11 2 1 4 3 0 7 6 5
64 53 11 4 3 0 7 2 1 6 5
64 53 11 4 1 3 7 2 0 6 5
64 54 10 5 0 3 7 1 4 6 2
64 54 10 2 1 3 7 0 4 6 5
64 54 10 1 4 3 5 2 0 7 6
64 55 9 1 4 3 2 6 5 0 7
64 57 7 1 4 3 7 2 6 5 0
65 48 17 4 1 0 2 7 6 5 3
65 49 16 0 4 2 1 7 6 3 5
65 50 15 5 4 6 2 7 1 3 0
65 51 14 1 3 6 2 7 0 4 5
65 52 13 7 4 3 5 1 0 6 2
65 52 13 4 1 2 0 7 6 3 5
65 52 13 7 4 6 5 2 1 0 3
65 52 13 2 4 0 3 1 7 6 5
65 52 13 5 4 3 2 1 7 0 6
65 52 13 5 4 3 0 1 7 6 2
65 52 13 2 4 3 7 5 0 1 6
65 53 12 2 4 3 1 0 7 6 5
65 53 12 5 4 3 1 2 7 6 0
65 53 12 7 1 3 0 2 4 6 5
65 53 12 5 1 3 0 7 4 6 2
65 53 12 0 2 3 7 1 4 6 5
65 53 12 1 4 0 6 5 7 3 2
65 54 11 2 3 0 5 4 1 6 7
65 54 11 2 1 3 5 4 0 6 7
65 54 11 2 4 3 7 1 6 5 0
65 54 11 1 0 4 2 5 7 3 6
65 54 11 1 4 2 0 5 7 3 6
65 54 11 2 1 3 7 4 6 0 5
65 54 11 1 4 0 5 2 7 3 6
65 55 10 5 3 0 7 4 1 6 2
65 55 10 5 1 3 7 4 0 6 2
65 55 10 2 4 3 1 5 7 6 0
65 56 9 1 3 2 5 7 4 0 6
65 56 9 1 3 2 5 0 4 6 7
65 58 7 1 4 2 3 5 7 6 0
65 59 6 1 3 2 7 5 4 6 0
65 59 6 1 3 0 7 2 4 6 5
66 49 17 0 5 4 2 7 1 6 3
66 49 17 0 4 2 5 7 1 6 3
66 51 15 7 4 0 6 5 1 3 2
66 52 14 7 0 4 2 5 1 3 6
66 52 14 7 4 2 0 5 1 3 6
66 52 14 7 0 3 5 4 1 6 2
66 52 14 4 3 0 2 1 7 6 5
66 52 14 4 7 3 2 1 0 6 5
66 52 14 2 4 3 6 1 7 0 5
66 52 14 2 4 0 7 5 1 3 6
66 52 14 5 4 0 2 1 6 3 7
66 53 13 2 1 3 0 4 7 6 5
66 53 13 5 1 3 2 4 7 6 0
66 53 13 2 1 0 3 7 4 6 5
66 53 13 5 1 3 2 7 4 0 6
66 53 13 5 1 3 2 0 4 6 7
66 54 12 7 2 4 3 0 1 6 5
66 54 12 5 2 4 3 7 1 6 0
66 54 12 1 2 4 3 7 0 6 5
66 54 12 5 3 0 2 1 4 6 7
66 54 12 5 4 3 7 1 6 0 2
66 54 12 2 3 7 0 4 1 6 5
66 54 12 2 3 6 7 4 1 0 5
66 55 11 0 5 3 7 4 1 6 2
66 55 11 4 0 3 1 5 7 6 2
66 55 11 1 0 3 2 6 4 5 7
66 56 10 7 4 2 3 5 1 6 0
66 56 10 2 4 3 6 5 7 1 0
66 57 9 1 4 5 0 2 7 6 3
67 49 18 5 4 2 6 7 1 0 3
67 52 15 1 4 0 6 2 7 3 5
67 52 15 4 0 1 2 7 6 3 5
67 53 14 4 0 3 1 2 7 6 5
67 53 14 2 1 3 6 7 4 0 5
67 54 13 0 1 3 4 2 7 6 5
67 54 13 0 2 3 5 4 1 6 7
67 54 13 0 5 3 2 1 4 6 7
67 55 12 7 3 2 0 1 4 6 5
67 55 12 1 0 3 5 4 7 6 2
67 56 11 5 2 3 7 4 1 6 0
67 56 11 1 0 4 3 7 6 5 2
67 56 11 1 4 5 3 7 6 0 2
67 56 11 1 3 0 5 7 4 6 2
67 57 10 1 0 3 5 7 4 6 2
67 57 10 1 4 3 5 7 6 2 0
67 57 10 1 0 4 5 2 7 6 3
67 57 10 1 4 0 2 5 6 3 7
67 58 9 7 3 2 5 4 1 6 0
68 50 18 5 4 6 2 7 0 1 3
68 53 15 7 4 3 1 2 0 6 5
68 54 14 4 1 0 3 2 7 6 5
68 54 14 3 2 4 0 7 1 6 5
68 55 13 2 0 3 5 7 4 1 6
68 55 13 2 0 4 7 5 1 6 3
68 55 13 2 4 3 6 1 0 5 7
68 55 13 5 0 4 3 2 1 6 7
68 55 13 5 4 3 1 0 7 6 2
68 56 12 1 2 3 7 4 0 6 5
68 57 11 5 1 3 2 4 6 0 7
68 57 11 1 4 3 5 2 6 0 7
68 57 11 7 1 3 2 4 6 5 0
68 57 11 1 4 6 5 2 7 0 3
68 58 10 4 1 3 2 5 0 7 6
68 58 10 0 1 3 4 5 7 6 2
68 59 9 1 3 2 7 4 0 6 5
68 59 9 0 1 3 7 2 4 6 5
68 60 8 4 1 3 2 5 6 0 7
69 50 19 6 4 3 2 7 0 5 1
69 51 18 7 4 0 2 1 6 5 3
69 53 16 5 1 0 2 7 4 6 3
69 54 15 4 1 3 6 2 7 0 5
69 54 15 2 4 0 7 1 6 3 5
69 55 14 2 4 3 5 0 7 1 6
69 55 14 7 0 4 2 1 6 3 5
69 55 14 7 4 2 0 1 6 3 5
69 55 14 2 4 7 0 5 1 6 3
69 55 14 2 4 6 7 5 1 0 3
69 55 14 2 4 3 0 6 1 5 7
69 55 14 7 3 6 2 1 4 0 5
69 55 14 5 4 6 3 2 1 0 7
69 55 14 7 4 3 1 5 0 6 2
69 55 14 0 4 3 5 1 7 6 2
69 55 14 4 3 2 5 7 1 0 6
69 55 14 4 3 2 5 0 1 6 7
69 56 13 7 1 4 2 5 0 6 3
69 56 13 4 2 3 7 0 1 6 5
69 57 12 2 4 5 3 7 1 6 0
69 57 12 5 4 3 2 6 7 1 0
69 57 12 7 3 2 4 0 1 6 5
69 57 12 5 3 2 4 7 1 6 0
69 57 12 1 3 2 4 7 0 6 5
69 57 12 5 3 2 0 4 1 6 7
69 57 12 1 4 3 7 6 0 5 2
69 57 12 1 0 3 7 4 6 5 2
69 57 12 4 0 3 2 1 6 5 7
69 57 12 2 4 3 0 1 6 5 7
69 57 12 1 3 0 2 4 6 5 7
69 57 12 1 4 0 3 2 6 5 7
69 58 11 4 3 2 7 5 1 6 0
69 58 11 4 1 0 3 5 7 6 2
69 59 10 1 4 6 2 5 7 3 0
69 59 10 1 3 0 2 5 4 6 7
69 61 8 1 4 3 2 6 5 7 0
69 62 7 1 3 2 5 4 7 6 0
69 62 7 1 4 3 0 5 6 7 2
70 52 18 5 4 0 2 1 7 6 3
70 55 15 2 4 0 3 7 1 5 6
70 55 15 2 4 3 7 0 1 5 6
70 55 15 2 4 6 3 0 1 5 7
70 56 14 7 2 3 0 4 1 6 5
70 56 14 2 4 3 0 6 7 1 5
70 57 13 7 4 6 2 5 1 3 0
70 57 13 5 7 3 2 1 4 6 0
70 57 13 2 4 5 7 0 1 6 3
70 57 13 0 4 3 2 5 7 1 6
70 57 13 5 1 4 3 7 0 6 2
70 57 13 3 0 2 4 7 1 6 5
70 57 13 7 1 4 3 2 0 6 5
70 57 13 0 1 3 2 4 6 5 7
70 57 13 1 6 3 2 4 0 5 7
70 58 12 5 4 3 6 2 1 7 0
70 58 12 0 3 2 7 4 1 6 5
70 58 12 1 7 4 2 5 0 6 3
70 58 12 4 1 3 6 5 7 0 2
70 59 11 0 3 2 7 1 4 6 5
70 59 11 0 1 3 2 5 4 6 7
70 60 10 1 4 3 2 7 5 6 0
70 60 10 1 3 0 2 5 4 7 6
70 61 9 1 0 3 2 5 7 6 4
70 61 9 1 4 2 3 7 6 5 0
70 62 8 2 4 3 6 5 1 7 0
70 62 8 1 4 3 7 5 2 6 0
70 63 7 1 0 3 5 2 4 6 7
71 55 16 0 4 3 6 2 1 5 7
71 55 16 2 0 3 6 4 1 5 7
71 55 16 4 3 0 5 7 1 6 2
71 55 16 0 3 2 5 7 1 6 4
71 56 15 2 4 5 0 7 1 3 6
71 56 15 0 7 4 2 5 1 6 3
71 56 15 0 4 2 7 5 1 6 3
71 56 15 0 3 2 5 7 4 6 1
71 57 14 2 7 3 0 1 4 6 5
71 57 14 2 4 6 3 0 7 1 5
71 57 14 0 2 3 6 7 4 1 5
71 57 14 5 3 6 2 4 1 0 7
71 57 14 0 4 3 7 1 6 5 2
71 57 14 1 4 0 5 7 6 3 2
71 58 13 4 3 2 7 1 0 6 5
71 58 13 7 4 6 3 2 1 5 0
71 58 13 4 5 3 2 0 1 6 7
71 58 13 2 5 3 0 4 1 6 7
71 58 13 7 5 3 2 4 1 6 0
71 58 13 1 5 3 2 4 0 6 7
71 58 13 0 1 4 2 5 7 6 3
71 58 13 1 4 2 6 5 7 0 3
71 58 13 4 1 0 2 5 7 3 6
71 59 12 2 4 3 1 7 6 5 0
71 59 12 1 4 6 2 5 0 7 3
71 60 11 4 1 3 2 0 5 6 7
71 60 11 5 4 3 7 2 0 1 6
71 60 11 0 1 3 2 5 4 7 6
71 61 10 2 1 3 0 5 7 6 4
71 61 10 7 0 3 5 2 4 1 6
71 61 10 2 0 4 3 5 1 6 7
71 61 10 1 7 4 3 5 0 6 2
71 61 10 1 4 3 0 5 7 2 6
71 62 9 1 4 6 3 5 7 2 0
71 62 9 1 0 3 6 5 4 7 2
71 63 8 1 0 3 7 5 4 6 2
71 65 6 7 1 3 5 2 4 6 0
72 55 17 0 4 3 2 7 1 5 6
72 55 17 2 4 6 0 7 1 5 3
72 56 16 2 0 4 5 7 1 3 6
72 56 16 7 4 2 5 0 1 6 3
72 56 16 7 4 2 6 5 1 0 3
72 56 16 0 4 3 6 2 7 1 5
72 56 16 2 0 3 6 4 7 1 5
72 57 15 2 0 6 3 7 4 1 5
72 57 15 5 4 3 0 2 7 1 6
72 57 15 0 5 4 3 7 1 6 2
72 57 15 0 7 4 3 2 1 6 5
72 57 15 2 3 0 6 7 4 1 5
72 57 15 5 4 3 0 7 1 2 6
72 57 15 5 4 3 6 0 1 2 7
72 57 15 0 4 3 1 2 6 5 7
72 57 15 7 1 0 2 4 6 3 5
72 58 14 2 1 4 5 7 0 6 3
72 58 14 4 1 3 5 7 0 6 2
72 58 14 5 3 0 2 7 4 1 6
72 58 14 5 4 6 3 7 1 2 0
72 58 14 1 4 2 5 0 7 6 3
72 59 13 4 3 2 6 7 1 5 0
72 59 13 4 0 3 1 7 6 5 2
72 59 13 7 4 3 1 0 6 5 2
72 59 13 7 4 3 0 2 1 5 6
72 59 13 1 0 2 7 3 4 6 5
72 60 12 2 4 0 3 5 7 6 1
72 60 12 0 1 3 4 7 6 5 2
72 60 12 4 1 3 2 6 0 5 7
72 60 12 1 4 3 0 2 5 6 7
72 60 12 5 4 0 7 2 1 3 6
72 61 11 4 7 3 2 5 1 6 0
72 61 11 2 4 6 3 5 1 0 7
72 61 11 5 4 3 0 1 6 7 2
72 61 11 1 4 0 7 2 6 3 5
72 61 11 0 1 4 3 5 7 6 2
72 62 10 2 7 3 5 4 1 6 0
72 62 10 1 4 6 3 5 0 7 2
72 62 10 1 4 3 6 0 5 7 2
72 62 10 1 4 3 2 0 6 7 5
72 63 9 1 4 3 7 5 6 0 2
72 63 9 7 4 5 3 2 1 6 0
72 63 9 2 1 4 3 7 6 5 0
72 64 8 2 1 4 3 5 7 6 0
72 64 8 2 1 3 7 5 4 6 0
72 64 8 1 0 3 5 2 4 7 6
72 65 7 1 3 2 7 5 4 0 6
72 65 7 1 3 7 0 2 4 6 5
72 65 7 1 3 6 7 2 4 0 5
73 57 16 7 4 6 2 5 0 1 3
73 58 15 5 4 3 6 2 0 1 7
73 58 15 0 5 3 2 7 4 1 6
73 58 15 0 4 2 1 5 7 6 3
73 58 15 4 1 3 5 0 7 6 2
73 59 14 5 4 3 6 0 7 1 2
73 60 13 7 3 6 2 4 1 5 0
73 60 13 4 0 3 5 2 7 6 1
73 60 13 4 3 0 2 5 7 6 1
73 60 13 4 7 3 2 5 0 6 1
73 60 13 2 4 3 6 5 7 0 1
73 60 13 4 1 0 3 7 6 5 2
73 60 13 1 4 2 5 7 6 0 3
73 60 13 1 4 2 5 0 6 3 7
73 60 13 0 4 3 2 1 5 6 7
73 60 13 1 0 3 2 4 5 6 7
73 61 12 5 1 3 2 0 7 6 4
73 61 12 1 4 2 3 7 0 6 5
73 61 12 1 4 0 3 7 6 2 5
73 62 11 1 4 5 2 7 6 3 0
73 62 11 7 1 4 3 5 0 6 2
73 62 11 4 3 2 0 5 1 6 7
73 62 11 2 4 3 6 5 0 1 7
73 62 11 1 3 2 4 0 7 6 5
73 62 11 1 0 3 7 4 2 6 5
73 62 11 2 1 3 5 7 4 0 6
73 62 11 2 1 3 5 0 4 6 7
73 63 10 1 4 3 7 0 5 6 2
73 63 10 1 4 3 5 0 2 6 7
73 63 10 1 7 3 2 4 6 5 0
73 64 9 1 7 3 2 5 4 6 0
73 64 9 2 4 3 5 1 6 7 0
73 64 9 5 3 0 7 1 4 6 2
73 66 7 1 4 5 3 2 7 6 0
74 55 19 0 4 6 3 7 1 5 2
74 57 17 0 4 5 2 7 1 6 3
74 57 17 5 0 3 2 4 7 1 6
74 57 17 6 4 3 2 1 0 5 7
74 58 16 5 4 0 6 2 1 3 7
74 58 16 0 2 4 5 7 1 6 3
74 58 16 5 4 6 3 7 0 1 2
74 58 16 7 4 6 3 2 0 1 5
74 58 16 4 3 6 0 7 1 5 2
74 58 16 4 3 6 2 0 1 5 7
74 59 15 4 0 3 6 7 1 5 2
74 59 15 7 4 3 6 0 1 5 2
74 59 15 1 4 3 6 7 0 5 2
74 59 15 2 4 6 5 7 1 3 0
74 59 15 4 3 2 6 7 0 1 5
74 59 15 5 0 3 6 7 4 1 2
74 60 14 2 1 4 6 7 0 3 5
74 60 14 2 4 3 5 0 7 6 1
74 60 14 5 4 3 0 2 7 6 1
74 60 14 7 4 3 5 2 0 6 1
74 60 14 4 1 3 5 7 6 0 2
74 60 14 4 1 3 0 2 6 5 7
74 61 13 5 7 3 0 4 1 6 2
74 61 13 7 1 3 2 5 0 6 4
74 61 13 7 4 3 5 0 2 1 6
74 61 13 0 4 3 2 1 5 7 6
74 61 13 1 0 3 2 4 5 7 6
74 61 13 1 4 3 0 2 5 7 6
74 61 13 5 4 3 2 0 6 7 1
74 61 13 1 4 3 6 0 7 2 5
74 62 12 7 4 5 0 2 1 3 6
74 62 12 1 7 4 3 2 0 6 5
74 62 12 4 3 6 2 5 1 0 7
74 62 12 1 3 6 0 7 4 5 2
74 62 12 1 4 0 2 5 6 7 3
74 63 11 7 4 3 2 5 6 0 1
74 63 11 1 0 3 2 7 6 5 4
74 63 11 1 3 2 6 7 4 5 0
74 63 11 1 4 6 3 2 7 5 0
74 63 11 5 0 4 7 2 1 6 3
74 63 11 1 4 3 0 2 7 5 6
74 63 11 0 4 5 7 2 1 6 3
74 63 11 7 1 3 2 5 4 0 6
74 63 11 7 1 3 0 5 4 6 2
74 63 11 2 3 7 0 1 4 6 5
74 63 11 2 3 6 7 1 4 0 5
74 63 11 4 1 3 5 2 7 0 6
74 64 10 1 4 2 7 5 6 3 0
74 64 10 2 3 0 5 1 4 6 7
74 64 10 0 5 3 7 1 4 6 2
74 65 9 1 2 3 7 0 4 6 5
74 65 9 1 4 2 6 5 7 3 0
74 65 9 2 1 3 7 4 6 5 0
74 65 9 5 1 3 7 0 4 6 2
74 65 9 1 3 2 5 4 0 6 7
74 65 9 1 4 2 3 5 7 0 6
74 65 9 1 3 2 0 5 4 6 7
74 65 9 1 3 0 7 5 4 6 2
74 66 8 1 2 4 3 7 6 0 5
74 66 8 2 3 7 5 4 1 6 0
74 68 6 4 1 3 2 5 6 7 0
75 57 18 2 4 5 6 7 1 0 3
75 57 18 0 4 3 6 7 1 2 5
75 58 17 7 3 2 6 4 1 0 5
75 59 16 4 3 0 6 7 1 2 5
75 60 15 4 3 6 2 0 7 1 5
75 60 15 0 2 4 6 7 1 3 5
75 60 15 4 1 3 7 0 6 5 2
75 61 14 5 4 2 6 7 1 3 0
75 61 14 5 7 3 2 4 1 0 6
75 61 14 5 4 2 3 7 1 0 6
75 61 14 5 4 2 3 0 1 6 7
75 61 14 0 4 3 2 1 6 7 5
75 62 13 2 7 3 4 0 1 6 5
75 62 13 1 4 5 2 7 0 6 3
75 62 13 7 0 4 5 2 1 3 6
75 62 13 0 7 4 3 5 1 6 2
75 62 13 2 4 0 6 5 1 3 7
75 62 13 7 4 3 0 5 1 2 6
75 62 13 1 3 6 2 0 4 5 7
75 62 13 0 4 3 7 1 2 6 5
75 62 13 0 4 3 2 5 6 7 1
75 63 12 7 1 3 2 0 6 5 4
75 63 12 2 1 3 0 7 6 5 4
75 63 12 4 1 2 0 5 7 6 3
75 63 12 7 4 6 3 5 1 2 0
75 63 12 5 4 7 0 2 1 6 3
75 63 12 5 4 6 7 2 1 0 3
75 63 12 2 1 0 3 7 6 4 5
75 64 11 1 3 6 2 4 7 5 0
75 64 11 1 4 3 6 0 2 7 5
75 64 11 7 1 4 5 2 0 6 3
75 64 11 4 3 0 5 2 1 6 7
75 64 11 4 1 3 5 2 0 6 7
75 64 11 1 7 3 0 2 4 6 5
75 64 11 4 1 3 7 2 6 0 5
75 64 11 1 4 3 5 0 2 7 6
75 65 10 5 2 3 7 1 4 6 0
75 65 10 2 3 5 0 4 1 6 7
75 65 10 1 4 5 0 2 7 3 6
75 65 10 5 1 3 7 4 6 0 2
75 65 10 2 4 3 1 5 7 0 6
75 65 10 1 3 0 5 7 4 2 6
75 66 9 2 1 3 5 4 7 6 0
75 66 9 7 2 4 3 5 1 6 0
75 66 9 1 2 4 3 0 7 6 5
75 67 8 7 3 2 5 1 4 6 0
75 67 8 1 3 5 0 7 4 6 2
75 68 7 1 0 3 4 5 7 6 2
75 68 7 2 1 3 4 5 7 6 0
75 68 7 5 1 3 7 2 4 6 0
75 72 3 1 3 7 5 2 4 6 0
76 58 18 4 0 2 7 3 1 6 5
76 58 18 4 3 0 2 7 1 5 6
76 59 17 6 4 3 0 7 1 5 2
76 59 17 2 4 6 5 7 0 1 3
76 60 16 2 0 4 6 7 1 5 3
76 60 16 7 3 6 2 4 0 1 5
76 61 15 5 1 4 2 7 0 3 6
76 61 15 5 7 3 2 0 1 6 4
76 61 15 1 4 0 6 5 7 2 3
76 62 14 7 0 3 6 2 4 1 5
76 62 14 1 4 2 7 0 6 5 3
76 62 14 0 1 4 3 2 7 6 5
76 62 14 1 3 0 2 7 4 5 6
76 62 14 1 3 2 6 4 7 0 5
76 62 14 1 4 3 0 7 2 6 5
76 62 14 2 1 0 5 7 4 6 3
76 62 14 0 1 3 5 7 4 6 2
76 63 13 7 0 3 2 5 4 6 1
76 63 13 4 1 6 2 5 7 0 3
76 63 13 7 1 4 2 0 6 3 5
76 63 13 2 1 4 0 7 6 3 5
76 63 13 5 1 4 2 7 6 3 0
76 63 13 1 6 4 2 0 7 3 5
76 63 13 1 6 4 2 7 3 0 5
76 63 13 1 3 2 6 7 0 4 5
76 63 13 7 3 0 2 5 4 1 6
76 63 13 1 4 6 3 2 0 7 5
76 63 13 1 4 3 6 0 7 5 2
76 63 13 2 4 3 5 1 7 0 6
76 63 13 0 1 3 5 2 7 6 4
76 64 12 7 3 2 1 0 4 6 5
76 64 12 5 3 2 1 7 4 6 0
76 64 12 7 4 3 2 6 5 1 0
76 64 12 4 3 0 7 5 1 6 2
76 64 12 4 1 3 7 5 0 6 2
76 64 12 1 0 3 6 2 4 7 5
76 64 12 0 2 3 5 1 4 6 7
76 64 12 4 3 7 0 2 1 6 5
76 64 12 4 3 6 7 2 1 0 5
76 64 12 4 1 3 7 0 2 6 5
76 64 12 1 4 0 2 6 5 3 7
76 64 12 1 4 0 7 2 6 5 3
76 65 11 7 0 3 5 1 4 6 2
76 65 11 2 0 3 7 5 4 1 6
76 65 11 7 1 0 3 2 4 6 5
76 65 11 1 0 4 6 5 7 3 2
76 65 11 2 1 3 5 4 6 0 7
76 65 11 1 0 4 5 2 7 3 6
76 65 11 5 3 7 0 4 1 6 2
76 65 11 5 3 6 7 4 1 0 2
76 65 11 1 3 2 5 7 0 4 6
76 65 11 0 3 2 5 1 4 6 7
76 66 10 2 3 6 7 4 1 5 0
76 66 10 2 5 3 7 4 1 6 0
76 66 10 1 5 3 7 4 0 6 2
76 67 9 2 1 3 4 0 7 6 5
76 67 9 1 3 0 5 4 7 6 2
76 67 9 1 0 4 2 5 6 3 7
76 67 9 1 4 2 0 5 6 3 7
76 68 8 1 4 3 5 2 6 7 0
76 70 6 1 3 0 5 2 4 6 7
77 57 20 5 4 0 6 7 1 2 3
77 58 19 0 3 6 2 7 1 5 4
77 59 18 6 4 3 1 7 0 5 2
77 59 18 7 4 0 6 2 1 5 3
77 60 17 4 0 6 2 7 3 1 5
77 61 16 5 0 4 6 7 1 3 2
77 61 16 5 4 2 7 0 1 3 6
77 61 16 4 7 3 0 2 1 6 5
77 61 16 5 4 0 2 1 6 7 3
77 61 16 0 4 3 6 5 7 2 1
77 62 15 7 4 3 6 0 2 1 5
77 62 15 2 7 0 3 4 1 6 5
77 62 15 5 4 3 2 7 0 6 1
77 62 15 0 1 4 2 7 6 5 3
77 62 15 1 6 4 2 7 0 5 3
77 62 15 0 4 3 6 5 1 2 7
77 62 15 0 3 2 1 4 7 6 5
77 63 14 7 4 3 2 0 5 6 1
77 63 14 4 0 1 2 5 7 6 3
77 63 14 1 3 0 6 7 4 2 5
77 63 14 0 7 3 2 5 4 1 6
77 63 14 7 4 6 3 5 0 1 2
77 63 14 1 7 0 2 4 6 3 5
77 63 14 4 1 0 5 2 7 6 3
77 64 13 5 1 4 2 7 6 0 3
77 64 13 5 4 2 7 1 0 6 3
77 64 13 5 4 2 7 3 1 6 0
77 64 13 7 0 3 6 5 4 1 2
77 64 13 1 3 6 2 4 0 7 5
77 64 13 0 7 4 5 2 1 6 3
77 65 12 4 1 2 5 7 6 3 0
77 65 12 7 4 6 5 2 1 3 0
77 65 12 2 0 4 3 1 7 6 5
77 65 12 5 4 3 1 2 7 0 6
77 65 12 1 4 6 0 5 7 3 2
77 65 12 2 3 6 5 4 1 0 7
77 65 12 1 7 4 2 5 0 3 6
77 65 12 1 4 2 3 0 7 6 5
77 66 11 7 3 0 5 4 1 6 2
77 66 11 7 1 3 5 4 0 6 2
77 66 11 2 4 3 6 1 7 5 0
77 66 11 5 1 3 0 2 4 6 7
77 66 11 5 3 2 0 1 4 6 7
77 66 11 5 4 3 7 1 6 2 0
77 66 11 2 4 3 0 5 7 1 6
77 67 10 1 0 3 4 2 7 6 5
77 67 10 1 5 3 2 0 4 6 7
77 67 10 1 7 3 5 4 0 6 2
77 67 10 1 4 5 3 7 6 2 0
77 67 10 1 3 6 5 7 4 0 2
77 67 10 1 7 4 5 2 0 6 3
77 68 9 5 1 3 2 4 6 7 0
77 68 9 1 3 2 7 4 6 0 5
77 69 8 1 3 2 4 7 6 0 5
77 69 8 5 3 2 7 4 1 6 0
77 69 8 1 4 0 3 5 6 7 2
77 72 5 1 3 6 7 2 4 5 0
78 61 17 5 4 6 0 7 1 3 2
78 61 17 0 5 4 2 7 1 3 6
78 61 17 5 7 0 2 4 1 6 3
78 61 17 0 4 2 3 7 1 6 5
78 62 16 2 7 3 6 4 1 0 5
78 62 16 7 4 3 6 0 1 2 5
78 63 15 7 4 5 6 2 1 0 3
78 63 15 7 1 0 2 5 4 6 3
78 64 14 5 1 4 2 0 7 6 3
78 64 14 5 0 2 7 4 1 6 3
78 64 14 1 4 2 7 6 0 3 5
78 64 14 1 0 2 7 4 6 3 5
78 64 14 3 0 2 1 7 4 6 5
78 64 14 2 4 0 3 7 6 5 1
78 64 14 7 4 3 6 0 5 1 2
78 64 14 7 4 0 3 1 6 5 2
78 64 14 2 4 0 5 1 6 3 7
78 64 14 2 1 4 0 3 7 6 5
78 65 13 1 3 6 2 0 7 4 5
78 65 13 7 4 3 5 1 6 0 2
78 65 13 0 1 2 4 7 6 3 5
78 65 13 4 1 2 3 7 6 0 5
78 65 13 2 4 6 3 1 7 0 5
78 65 13 5 4 3 2 1 0 7 6
78 65 13 2 4 3 7 0 5 1 6
78 65 13 2 4 3 1 7 0 6 5
78 65 13 5 1 0 3 7 4 6 2
78 65 13 7 2 3 0 1 4 6 5
78 65 13 0 1 4 2 5 7 3 6
78 65 13 2 1 0 7 4 6 3 5
78 65 13 1 0 2 5 3 4 6 7
78 65 13 0 3 2 7 5 4 6 1
78 66 12 7 4 2 6 5 1 3 0
78 66 12 4 7 3 2 1 6 0 5
78 66 12 2 4 3 6 1 0 7 5
78 66 12 5 1 3 0 4 7 6 2
78 66 12 7 2 4 3 1 0 6 5
78 66 12 5 2 4 3 7 1 0 6
78 66 12 5 2 4 3 0 1 6 7
78 66 12 1 0 4 3 7 2 6 5
78 66 12 4 5 3 7 0 1 6 2
78 66 12 4 3 0 1 5 7 6 2
78 66 12 4 7 3 1 5 0 6 2
78 66 12 1 3 0 2 6 4 5 7
78 66 12 7 4 2 3 5 1 0 6
78 67 11 2 1 3 6 7 4 5 0
78 67 11 5 1 3 4 2 7 6 0
78 67 11 5 2 3 7 4 1 0 6
78 67 11 1 4 3 0 7 6 2 5
78 67 11 7 3 2 5 4 1 0 6
78 68 10 1 2 3 7 4 6 0 5
78 68 10 1 4 6 5 2 7 3 0
78 68 10 5 1 3 4 0 7 6 2
78 69 9 7 3 2 4 5 1 6 0
78 69 9 1 3 0 7 4 6 5 2
78 69 9 1 3 5 2 4 6 0 7
78 69 9 1 4 5 3 2 6 0 7
78 69 9 1 4 3 0 6 5 7 2
78 69 9 1 3 2 5 4 7 0 6
78 72 6 1 4 3 7 2 5 6 0
79 60 19 0 4 2 5 7 6 3 1
79 61 18 0 4 2 5 7 1 3 6
79 61 18 2 4 6 7 0 1 3 5
79 62 17 5 0 3 2 4 7 6 1
79 62 17 0 4 2 1 7 6 5 3
79 63 16 7 4 6 0 2 1 3 5
79 63 16 1 4 0 6 2 7 5 3
79 63 16 7 4 5 2 0 1 6 3
79 63 16 2 4 0 5 1 7 6 3
79 64 15 4 3 0 2 7 6 5 1
79 64 15 7 4 3 2 6 0 5 1
79 64 15 2 4 3 5 7 6 0 1
79 64 15 0 4 3 2 7 5 1 6
79 64 15 7 4 3 0 2 5 1 6
79 64 15 0 4 3 7 2 6 5 1
79 65 14 4 1 2 0 7 6 5 3
79 65 14 4 1 5 2 7 6 0 3
79 65 14 4 0 2 1 7 6 3 5
79 65 14 7 4 2 1 0 6 3 5
79 65 14 5 4 2 1 7 6 3 0
79 65 14 7 4 6 5 2 0 1 3
79 65 14 5 4 0 3 1 7 6 2
79 65 14 7 1 3 6 2 4 0 5
79 66 13 7 1 4 2 5 0 3 6
79 66 13 0 7 3 5 4 1 6 2
79 66 13 4 3 2 0 1 7 6 5
79 66 13 5 0 4 2 1 6 3 7
79 66 13 5 4 2 0 1 6 3 7
79 66 13 2 1 0 3 4 7 6 5
79 66 13 5 1 3 2 4 7 0 6
79 66 13 2 1 6 3 7 4 0 5
79 66 13 5 3 6 2 1 4 0 7
79 66 13 2 3 6 7 4 0 1 5
79 66 13 7 5 3 0 4 1 6 2
79 66 13 0 1 3 2 6 4 5 7
79 66 13 0 4 5 1 2 7 6 3
79 66 13 1 4 5 6 2 7 0 3
79 67 12 4 2 3 5 0 1 6 7
79 67 12 7 2 3 5 4 1 6 0
79 67 12 1 2 3 5 4 0 6 7
79 67 12 2 5 3 0 1 4 6 7
79 67 12 7 5 3 2 1 4 6 0
79 67 12 0 1 3 5 4 7 6 2
79 67 12 5 2 3 0 4 1 6 7
79 67 12 1 4 5 3 7 0 6 2
79 67 12 1 4 3 5 0 6 2 7
79 67 12 0 1 4 5 2 7 6 3
79 68 11 7 0 3 1 2 4 6 5
79 68 11 2 4 3 6 1 5 0 7
79 68 11 1 4 0 5 2 6 3 7
79 68 11 4 1 3 2 0 5 7 6
79 68 11 4 0 3 2 5 1 7 6
79 68 11 7 1 3 4 5 0 6 2
79 68 11 1 0 2 7 4 3 6 5
79 68 11 4 1 0 2 5 6 3 7
79 69 10 2 4 7 3 5 1 6 0
79 69 10 7 4 3 1 5 6 0 2
79 69 10 4 2 3 7 5 1 6 0
79 69 10 1 0 3 7 6 4 5 2
79 69 10 1 3 6 2 5 4 0 7
79 70 9 4 1 3 6 5 7 2 0
79 70 9 5 3 2 7 1 4 6 0
79 70 9 1 3 2 0 5 4 7 6
79 70 9 1 3 7 2 5 4 0 6
79 70 9 1 4 3 7 5 2 0 6
79 70 9 1 4 3 0 5 2 6 7
79 70 9 0 1 3 5 2 4 6 7
79 71 8 1 7 4 3 5 6 0 2
79 71 8 7 1 3 5 2 4 0 6
79 72 7 1 3 0 5 2 4 7 6
79 73 6 1 3 2 4 5 7 6 0
80 61 19 0 4 6 2 7 1 3 5
80 62 18 7 4 0 6 5 1 2 3
80 63 17 7 0 4 6 2 1 3 5
80 63 17 6 1 3 2 7 0 5 4
80 64 16 0 4 2 7 1 6 3 5
80 64 16 4 3 2 1 7 0 6 5
80 64 16 4 6 3 2 7 0 5 1
80 64 16 7 4 3 0 2 6 5 1
80 64 16 2 4 3 7 0 6 5 1
80 65 15 1 0 6 2 7 3 4 5
80 65 15 5 4 3 6 1 7 0 2
80 65 15 2 0 3 1 4 7 6 5
80 65 15 5 4 0 1 2 7 6 3
80 65 15 5 1 3 6 7 4 0 2
80 65 15 4 2 3 7 1 0 6 5
80 65 15 0 4 2 1 5 7 3 6
80 65 15 1 4 2 5 0 7 3 6
80 65 15 2 4 0 1 5 7 6 3
80 65 15 0 4 2 3 5 7 6 1
80 66 14 3 4 2 5 7 1 6 0
80 66 14 7 0 4 6 5 1 3 2
80 66 14 4 3 6 2 1 7 0 5
80 66 14 2 0 4 7 5 1 3 6
80 66 14 2 4 7 0 5 1 3 6
80 66 14 2 1 3 6 4 7 0 5
80 66 14 2 0 1 3 7 4 6 5
80 66 14 5 1 3 2 7 0 4 6
80 66 14 5 2 4 0 7 1 6 3
80 66 14 5 4 0 7 1 6 3 2
80 66 14 2 3 7 4 0 1 6 5
80 66 14 0 4 2 3 5 1 6 7
80 66 14 1 4 5 2 0 7 6 3
80 67 13 4 3 0 1 2 7 6 5
80 67 13 2 1 3 6 7 0 4 5
80 67 13 5 2 3 7 0 1 6 4
80 67 13 0 1 4 3 7 6 5 2
80 67 13 1 6 4 3 7 0 5 2
80 67 13 7 3 2 5 0 1 6 4
80 68 12 3 2 0 4 7 1 6 5
80 68 12 3 2 4 5 7 1 6 0
80 68 12 2 3 0 5 7 4 1 6
80 68 12 2 1 4 7 5 0 6 3
80 68 12 5 1 4 3 2 0 6 7
80 68 12 1 4 6 5 2 0 7 3
80 69 11 7 1 4 2 5 6 0 3
80 69 11 1 0 2 4 7 3 6 5
80 69 11 1 4 3 7 6 5 0 2
80 69 11 1 6 3 7 4 0 5 2
80 69 11 1 3 2 0 4 6 5 7
80 69 11 1 0 4 3 2 6 5 7
80 69 11 4 1 6 3 5 7 0 2
80 69 11 1 3 2 5 0 7 6 4
80 69 11 0 4 3 1 5 6 7 2
80 70 10 1 7 4 2 5 6 0 3
80 70 10 4 1 3 6 5 0 7 2
80 70 10 2 1 3 0 5 4 6 7
80 70 10 1 3 0 2 5 7 6 4
80 70 10 1 7 3 2 5 0 6 4
80 70 10 2 4 3 0 5 1 7 6
80 71 9 2 7 3 5 1 4 6 0
80 71 9 5 0 3 7 2 4 1 6
80 71 9 7 3 0 5 2 4 1 6
80 71 9 2 1 4 3 5 0 6 7
80 72 8 1 4 3 7 5 6 2 0
80 72 8 1 3 0 7 5 4 2 6
80 75 5 1 7 3 5 2 4 6 0
80 75 5 1 3 7 5 2 4 0 6
81 62 19 0 3 6 2 7 4 5 1
81 63 18 6 1 4 2 7 0 3 5
81 64 17 7 0 3 2 4 6 5 1
81 64 17 7 0 3 2 4 5 1 6
81 65 16 4 0 1 2 7 6 5 3
81 65 16 4 1 2 7 0 6 3 5
81 65 16 5 4 0 2 1 7 3 6
81 65 16 2 4 0 7 1 6 5 3
81 66 15 7 5 4 2 0 1 6 3
81 66 15 3 5 4 2 7 1 6 0
81 66 15 1 4 2 5 7 0 6 3
81 66 15 7 4 6 0 5 1 3 2
81 66 15 0 7 4 2 5 1 3 6
81 66 15 2 4 0 6 1 7 3 5
81 66 15 5 1 0 2 7 4 3 6
81 66 15 7 2 4 0 3 1 6 5
81 66 15 5 2 0 3 7 1 6 4
81 66 15 0 3 7 2 4 1 6 5
81 66 15 7 4 2 3 0 1 6 5
81 66 15 0 4 3 6 5 7 1 2
81 67 14 1 0 4 6 2 7 3 5
81 67 14 1 4 6 0 2 7 3 5
81 67 14 4 7 3 1 2 0 6 5
81 67 14 7 1 3 4 2 0 6 5
81 67 14 5 2 0 7 4 1 6 3
81 67 14 0 3 2 5 4 1 6 7
81 68 13 7 4 3 1 2 6 0 5
81 68 13 2 0 3 6 1 4 5 7
81 68 13 0 5 4 3 2 1 6 7
81 68 13 7 1 3 0 4 6 5 2
81 69 12 4 1 3 6 2 7 5 0
81 69 12 2 4 3 5 6 7 1 0
81 69 12 2 4 3 7 6 1 5 0
81 69 12 7 3 6 2 1 4 5 0
81 69 12 7 0 3 1 5 4 6 2
81 69 12 7 3 2 4 1 0 6 5
81 69 12 5 3 2 4 7 1 0 6
81 69 12 5 3 2 4 0 1 6 7
81 69 12 0 1 3 7 4 6 5 2
81 69 12 2 4 0 3 1 6 5 7
81 69 12 4 3 2 7 5 1 0 6
81 69 12 4 0 1 3 5 7 6 2
81 69 12 1 4 3 5 0 6 7 2
81 70 11 2 4 5 7 1 0 6 3
81 70 11 2 4 5 7 3 1 6 0
81 70 11 5 1 4 3 7 6 0 2
81 70 11 1 6 3 2 4 5 0 7
81 70 11 3 0 2 7 1 4 6 5
81 70 11 1 4 3 2 7 5 0 6
81 70 11 1 4 3 0 7 5 6 2
81 70 11 1 4 2 3 0 6 5 7
81 71 10 1 5 3 2 4 6 0 7
81 71 10 2 1 3 0 5 4 7 6
81 71 10 2 1 0 3 5 7 6 4
81 71 10 0 2 4 3 5 1 6 7
81 71 10 1 3 0 6 5 4 7 2
81 71 10 0 1 3 7 5 4 6 2
81 72 9 1 0 3 4 7 6 5 2
81 72 9 2 1 3 4 7 6 5 0
81 72 9 2 4 6 3 5 1 7 0
81 72 9 2 1 4 3 5 7 0 6
81 72 9 2 1 3 7 5 4 0 6
81 72 9 1 3 2 7 5 0 4 6
81 72 9 1 3 6 7 2 0 4 5
81 73 8 1 3 0 7 4 2 6 5
81 74 7 2 3 7 5 1 4 6 0
81 74 7 1 5 3 7 0 4 6 2
81 74 7 1 2 3 7 5 4 6 0
81 74 7 1 2 4 3 7 6 5 0
81 75 6 2 3 5 7 4 1 6 0
81 75 6 1 2 4 3 5 7 6 0
81 76 5 1 3 5 0 2 4 6 7
82 63 19 0 4 3 6 2 7 5 1
82 65 17 5 4 6 2 0 1 3 7
82 66 16 2 5 4 0 7 1 6 3
82 66 16 1 5 4 2 7 0 6 3
82 66 16 4 0 2 5 7 1 6 3
82 66 16 0 4 2 7 5 1 3 6
82 66 16 5 1 0 2 4 7 6 3
82 66 16 2 3 7 6 4 1 0 5
82 66 16 2 4 0 6 5 7 1 3
82 67 15 2 1 0 6 7 4 3 5
82 67 15 4 5 3 2 1 0 6 7
82 68 14 7 4 3 1 0 2 6 5
82 68 14 4 1 6 3 2 7 0 5
82 68 14 0 2 3 5 7 4 1 6
82 68 14 0 2 4 7 5 1 6 3
82 68 14 5 4 3 1 7 0 6 2
82 68 14 5 1 0 2 4 6 3 7
82 69 13 5 1 2 0 7 4 6 3
82 69 13 4 1 3 6 2 0 7 5
82 69 13 0 4 3 5 2 7 1 6
82 69 13 7 4 2 5 1 6 3 0
82 69 13 2 4 6 7 5 1 3 0
82 69 13 2 4 0 3 6 1 5 7
82 69 13 5 4 6 3 2 1 7 0
82 69 13 7 4 3 1 0 5 6 2
82 69 13 4 3 2 5 1 0 6 7
82 69 13 5 4 3 2 6 7 0 1
82 69 13 5 4 3 0 6 7 1 2
82 69 13 4 3 0 2 1 6 5 7
82 69 13 2 4 3 1 0 6 5 7
82 70 12 0 4 3 7 2 1 5 6
82 70 12 7 2 3 4 0 1 6 5
82 70 12 5 7 3 0 1 4 6 2
82 70 12 2 0 5 7 4 1 6 3
82 70 12 4 0 3 2 5 7 1 6
82 70 12 5 1 4 3 0 7 6 2
82 70 12 3 1 2 4 7 0 6 5
82 70 12 7 1 4 3 2 6 0 5
82 70 12 2 1 3 0 4 6 5 7
82 70 12 1 6 3 2 0 4 5 7
82 70 12 3 0 2 7 4 1 6 5
82 70 12 1 4 0 7 5 2 6 3
82 71 11 7 3 2 5 0 4 6 1
82 71 11 2 4 6 3 5 7 1 0
82 71 11 3 1 4 2 5 7 6 0
82 71 11 1 4 2 6 5 0 7 3
82 71 11 2 4 3 1 7 6 0 5
82 71 11 4 1 3 2 7 5 6 0
82 71 11 6 1 3 2 5 4 7 0
82 71 11 2 1 3 6 5 7 0 4
82 71 11 0 7 3 5 2 4 1 6
82 71 11 1 7 4 3 0 5 6 2
82 71 11 1 4 0 3 5 7 2 6
82 71 11 0 1 3 6 5 4 7 2
82 71 11 7 1 3 5 0 4 6 2
82 71 11 7 1 0 5 2 4 6 3
82 72 10 7 1 3 4 0 6 5 2
82 72 10 4 1 3 2 6 5 0 7
82 72 10 1 0 6 3 5 4 7 2
82 72 10 1 4 3 6 2 5 7 0
82 72 10 1 4 3 2 6 0 7 5
82 72 10 0 1 3 5 2 4 7 6
82 73 9 7 1 4 3 5 6 0 2
82 73 9 1 4 5 3 2 7 0 6
82 74 8 3 4 5 7 2 1 6 0
82 74 8 1 3 7 0 5 4 6 2
82 74 8 1 3 6 7 5 4 0 2
82 74 8 4 1 3 0 5 6 7 2
82 75 7 1 3 5 2 7 4 6 0
82 75 7 1 3 5 7 0 4 6 2
82 75 7 2 1 3 4 5 7 0 6
82 75 7 5 1 3 7 2 4 0 6
82 81 1 1 3 5 7 2 4 6 0