0 0 0 0 4 3 2 7 1 6 5
8 0 8 4 0 3 2 7 1 6 5
8 0 8 7 4 3 2 0 1 6 5
9 0 9 2 4 3 0 7 1 6 5
9 0 9 5 4 3 2 7 1 6 0
9 0 9 1 4 3 2 7 0 6 5
15 8 7 4 3 0 2 7 1 6 5
15 8 7 7 4 3 2 5 1 6 0
15 9 6 1 4 3 2 7 6 0 5
15 9 6 1 0 3 2 7 4 6 5
16 8 8 4 1 3 2 7 0 6 5
16 8 8 7 4 3 2 1 0 6 5
16 9 7 2 4 3 5 7 1 6 0
16 9 7 1 4 3 2 0 7 6 5
17 8 9 7 4 3 0 2 1 6 5
17 9 8 2 4 0 3 7 1 6 5
17 9 8 5 4 3 2 7 1 0 6
17 9 8 5 4 3 0 7 1 6 2
18 8 10 7 0 3 2 4 1 6 5
18 9 9 2 4 3 7 0 1 6 5
18 9 9 5 4 3 2 0 1 6 7
19 9 10 2 4 3 6 7 1 0 5
19 9 10 5 4 0 2 7 1 6 3
20 15 5 1 4 3 2 7 6 5 0
20 15 5 1 3 0 2 7 4 6 5
22 15 7 4 3 2 0 7 1 6 5
22 15 7 7 4 3 2 5 1 0 6
22 15 7 7 4 3 0 5 1 6 2
22 15 7 1 4 0 2 7 6 3 5
22 15 7 0 1 3 2 7 4 6 5
22 16 6 1 4 3 2 5 7 6 0
23 15 8 4 3 6 2 7 1 0 5
23 16 7 4 1 3 2 7 6 0 5
23 16 7 7 4 3 2 1 6 0 5
23 16 7 7 0 3 2 1 4 6 5
23 17 6 7 4 3 5 2 1 6 0
24 15 9 0 4 3 2 5 1 6 7
24 16 8 4 1 3 2 0 7 6 5
24 16 8 2 4 3 5 7 1 0 6
24 16 8 0 4 3 2 1 7 6 5
24 16 8 1 4 3 0 2 7 6 5
24 17 7 7 4 0 3 2 1 6 5
24 17 7 0 4 3 7 2 1 6 5
25 15 10 7 4 0 2 5 1 6 3
25 16 9 2 4 3 5 0 1 6 7
25 16 9 1 0 3 2 4 7 6 5
25 17 8 2 0 4 3 7 1 6 5
25 17 8 5 4 3 2 7 0 1 6
25 17 8 5 4 0 3 7 1 6 2
25 18 7 7 3 0 2 4 1 6 5
25 18 7 2 4 3 7 1 0 6 5
25 18 7 2 4 3 7 5 1 6 0
25 20 5 1 3 2 0 7 4 6 5
26 16 10 2 4 0 5 7 1 6 3
26 16 10 0 4 3 5 7 1 6 2
26 17 9 2 4 6 3 7 1 0 5
26 17 9 5 4 0 2 7 1 3 6
26 17 9 5 4 3 7 0 1 6 2
26 18 8 0 7 3 2 4 1 6 5
26 18 8 7 1 3 2 4 0 6 5
26 18 8 5 4 3 2 1 0 6 7
26 19 7 2 4 3 6 7 1 5 0
26 20 6 1 4 3 0 7 6 5 2
26 20 6 1 3 6 2 7 4 0 5
27 17 10 7 4 3 6 2 1 0 5
27 17 10 5 4 3 6 7 1 0 2
27 18 9 2 0 3 7 4 1 6 5
27 18 9 5 4 3 0 2 1 6 7
27 19 8 2 4 3 6 7 0 1 5
27 19 8 5 0 4 2 7 1 6 3
27 19 8 5 4 2 0 7 1 6 3
27 20 7 1 4 3 2 0 6 5 7
28 18 10 5 0 3 2 4 1 6 7
28 19 9 2 4 0 6 7 1 3 5
28 19 9 5 4 6 2 7 1 0 3
28 22 6 4 3 2 5 7 1 6 0
28 22 6 1 4 3 2 5 7 0 6
28 22 6 1 4 3 0 5 7 6 2
29 20 9 1 4 0 2 7 6 5 3
29 20 9 0 4 3 2 7 6 5 1
29 22 7 7 4 3 2 5 0 1 6
29 22 7 1 0 4 2 7 6 3 5
29 22 7 1 4 2 0 7 6 3 5
29 22 7 7 1 3 2 0 4 6 5
29 23 6 4 1 3 2 7 6 5 0
29 23 6 7 4 3 2 1 6 5 0
29 23 6 7 3 0 2 1 4 6 5
29 24 5 1 4 3 5 2 7 6 0
29 25 4 1 3 2 5 7 4 6 0
30 22 8 0 3 2 4 7 1 6 5
30 22 8 4 3 2 7 0 1 6 5
30 22 8 7 4 0 2 5 1 3 6
30 22 8 7 4 0 3 5 1 6 2
30 22 8 0 4 3 7 5 1 6 2
30 22 8 2 1 3 0 7 4 6 5
30 22 8 5 1 3 2 7 4 6 0
30 23 7 4 3 6 2 7 1 5 0
30 23 7 0 7 3 2 1 4 6 5
30 24 6 1 4 0 3 2 7 6 5
30 24 6 4 0 3 7 2 1 6 5
31 22 9 7 4 3 6 5 1 0 2
31 22 9 1 4 0 2 5 7 6 3
31 22 9 0 4 3 2 5 7 6 1
31 23 8 4 3 6 2 7 0 1 5
31 23 8 4 1 0 2 7 6 3 5
31 23 8 7 4 0 2 1 6 3 5
31 23 8 7 4 3 5 2 1 0 6
31 24 7 4 0 3 2 5 1 6 7
31 24 7 4 1 3 2 5 7 6 0
31 24 7 7 0 4 3 2 1 6 5
31 24 7 5 4 3 7 2 1 6 0
31 24 7 1 4 3 7 2 0 6 5
31 25 6 1 3 0 2 4 7 6 5
31 25 6 2 0 3 7 1 4 6 5
31 25 6 1 3 2 7 0 4 6 5
31 26 5 1 3 6 2 7 4 5 0
32 22 10 4 3 2 6 7 1 0 5
32 22 10 7 4 3 5 0 1 6 2
32 23 9 7 4 0 5 2 1 6 3
32 23 9 0 4 3 5 2 1 6 7
32 24 8 2 4 3 0 5 1 6 7
32 24 8 1 4 3 2 5 0 6 7
32 24 8 0 1 3 2 4 7 6 5
32 24 8 2 4 3 5 7 0 1 6
32 24 8 4 0 3 2 1 7 6 5
32 24 8 0 4 3 1 2 7 6 5
32 24 8 7 4 6 3 2 1 0 5
32 25 7 1 7 3 2 4 0 6 5
32 25 7 7 3 2 0 4 1 6 5
32 25 7 2 4 3 7 1 6 0 5
32 25 7 2 4 3 7 5 1 0 6
32 25 7 0 3 2 1 7 4 6 5
33 24 9 4 1 3 0 2 7 6 5
33 24 9 2 4 0 5 7 1 3 6
33 24 9 2 4 3 0 1 7 6 5
33 24 9 5 4 3 2 1 7 6 0
33 24 9 1 4 3 6 2 7 0 5
33 25 8 7 0 4 2 5 1 6 3
33 25 8 7 4 2 0 5 1 6 3
33 25 8 7 4 6 2 5 1 0 3
33 25 8 2 4 3 5 1 0 6 7
33 25 8 0 2 4 3 7 1 6 5
33 25 8 2 1 4 3 7 0 6 5
33 25 8 5 4 3 2 0 7 1 6
33 25 8 5 0 3 2 7 4 1 6
33 25 8 5 0 4 3 7 1 6 2
33 25 8 7 3 6 2 4 1 0 5
33 25 8 1 3 2 6 7 4 0 5
33 26 7 2 4 5 0 7 1 6 3
33 26 7 5 4 3 7 1 0 6 2
33 26 7 7 1 3 2 4 6 0 5
33 26 7 5 4 3 2 1 6 0 7
33 26 7 5 0 3 2 1 4 6 7
33 26 7 1 4 0 3 7 6 5 2
33 26 7 1 3 6 2 7 0 4 5
33 27 6 2 3 0 7 4 1 6 5
33 28 5 1 4 3 2 5 0 7 6
34 25 9 5 4 6 3 7 1 0 2
34 25 9 2 4 0 7 5 1 6 3
34 26 8 2 0 4 5 7 1 6 3
34 26 8 4 0 3 5 7 1 6 2
34 26 8 2 4 6 3 7 1 5 0
34 26 8 4 7 3 2 0 1 6 5
34 26 8 2 4 3 0 7 1 5 6
34 26 8 0 4 3 1 7 6 5 2
34 26 8 1 4 3 7 0 6 5 2
34 26 8 1 4 3 5 7 6 0 2
34 27 7 7 4 3 6 2 1 5 0
34 27 7 5 4 3 6 7 1 2 0
34 27 7 0 2 3 7 4 1 6 5
34 27 7 2 1 3 7 4 0 6 5
34 27 7 5 4 0 3 2 1 6 7
34 27 7 5 4 2 3 7 1 6 0
34 27 7 1 4 3 2 6 0 5 7
34 27 7 0 4 3 2 1 6 5 7
35 25 10 2 0 3 5 4 1 6 7
35 26 9 2 4 6 5 7 1 0 3
35 26 9 1 4 3 5 7 0 6 2
35 26 9 2 4 6 3 7 0 1 5
35 26 9 5 0 4 2 7 1 3 6
35 26 9 5 4 2 0 7 1 3 6
35 26 9 5 0 3 7 4 1 6 2
35 26 9 2 7 3 0 4 1 6 5
35 26 9 5 7 3 2 4 1 6 0
35 26 9 2 4 3 6 0 1 5 7
35 27 8 7 4 3 6 2 0 1 5
35 27 8 7 4 0 6 2 1 3 5
35 27 8 5 4 3 6 7 0 1 2
35 27 8 2 4 3 6 0 7 1 5
35 27 8 2 0 3 6 7 4 1 5
35 27 8 0 5 4 2 7 1 6 3
35 27 8 5 1 4 2 7 0 6 3
35 27 8 1 0 3 2 4 6 5 7
35 27 8 1 4 3 0 2 6 5 7
35 28 7 5 3 0 2 4 1 6 7
35 28 7 1 4 0 2 5 7 3 6
35 28 7 1 4 0 3 5 7 6 2
35 29 6 1 4 2 5 7 6 3 0
35 29 6 7 3 2 0 1 4 6 5
35 29 6 1 3 2 5 7 4 0 6
35 29 6 1 3 2 5 0 4 6 7
35 30 5 4 3 0 7 2 1 6 5
35 31 4 1 0 3 7 2 4 6 5
35 31 4 1 3 2 7 5 4 6 0
36 26 10 0 4 3 6 7 1 5 2
36 27 9 5 4 0 6 7 1 3 2
36 27 9 0 4 2 5 7 1 6 3
36 27 9 5 4 2 7 0 1 6 3
36 28 8 0 5 3 2 4 1 6 7
36 28 8 5 1 3 2 4 0 6 7
36 28 8 5 4 6 2 7 1 3 0
36 28 8 4 3 2 5 7 1 0 6
36 28 8 4 3 2 5 0 1 6 7
36 28 8 0 4 3 1 5 7 6 2
36 28 8 1 4 3 6 5 7 0 2
36 29 7 1 0 4 2 7 6 5 3
36 29 7 1 4 2 0 7 6 5 3
36 29 7 1 4 5 2 7 6 0 3
36 29 7 4 0 3 2 7 6 5 1
36 29 7 7 4 3 2 0 6 5 1
36 29 7 7 0 3 2 5 4 1 6
36 29 7 7 1 3 2 5 4 6 0
36 29 7 4 1 3 0 7 6 5 2
36 29 7 7 4 3 0 1 6 5 2
36 29 7 7 3 6 2 1 4 0 5
36 29 7 1 4 3 5 2 7 0 6
36 29 7 1 3 0 5 7 4 6 2
36 30 6 4 3 2 7 1 0 6 5
36 30 6 0 3 2 7 4 1 6 5
36 30 6 4 3 2 7 5 1 6 0
36 30 6 2 1 3 5 7 4 6 0
36 30 6 1 7 3 2 0 4 6 5
36 30 6 1 0 4 3 2 7 6 5
36 30 6 4 1 3 7 2 0 6 5
36 31 5 2 3 0 7 1 4 6 5
36 31 5 1 3 2 7 4 0 6 5
36 31 5 0 3 2 7 1 4 6 5
37 26 11 2 4 0 6 7 1 5 3
37 27 10 5 4 3 6 2 1 0 7
37 28 9 2 0 4 6 7 1 3 5
37 28 9 2 4 6 0 7 1 3 5
37 28 9 5 4 6 2 7 0 1 3
37 28 9 4 3 0 5 7 1 6 2
37 28 9 0 3 2 5 7 1 6 4
37 28 9 1 4 3 5 0 7 6 2
37 29 8 2 4 3 0 7 6 5 1
37 29 8 7 4 3 2 0 5 1 6
37 29 8 0 1 4 2 7 6 3 5
37 29 8 1 6 4 2 7 0 3 5
37 29 8 7 1 3 0 2 4 6 5
37 29 8 4 1 3 2 0 6 5 7
37 29 8 1 4 0 5 2 7 6 3
37 29 8 0 3 2 5 7 4 6 1
37 30 7 7 3 2 4 0 1 6 5
37 30 7 4 0 3 7 5 1 6 2
37 30 7 2 1 0 3 7 4 6 5
37 30 7 5 1 3 0 7 4 6 2
37 30 7 1 4 6 3 2 7 0 5
37 31 6 7 4 3 6 5 1 2 0
37 31 6 1 4 3 7 0 2 6 5
37 31 6 1 4 3 7 2 6 0 5
37 31 6 1 3 2 0 4 7 6 5
37 31 6 0 2 3 7 1 4 6 5
37 31 6 1 3 6 0 7 4 5 2
37 32 5 1 4 3 2 5 6 0 7
38 27 11 5 4 2 6 7 1 0 3
38 29 9 0 4 2 1 7 6 3 5
38 29 9 1 4 2 7 0 6 3 5
38 29 9 1 4 2 3 7 6 0 5
38 29 9 0 1 3 2 7 6 5 4
38 29 9 0 4 3 5 2 7 6 1
38 30 8 3 0 2 4 7 1 6 5
38 30 8 5 3 2 4 7 1 6 0
38 30 8 1 3 2 4 7 0 6 5
38 30 8 7 0 4 2 5 1 3 6
38 30 8 7 4 2 0 5 1 3 6
38 30 8 7 0 4 3 5 1 6 2
38 30 8 7 4 6 3 5 1 0 2
38 30 8 1 4 3 7 5 0 6 2
38 30 8 2 1 3 7 0 4 6 5
38 30 8 5 1 3 2 7 4 0 6
38 30 8 5 1 3 2 0 4 6 7
38 30 8 4 3 6 0 7 1 5 2
38 30 8 2 7 3 0 1 4 6 5
38 30 8 5 7 3 2 1 4 6 0
38 31 7 7 4 3 6 5 0 1 2
38 31 7 1 0 4 2 5 7 6 3
38 31 7 1 4 2 0 5 7 6 3
38 31 7 1 4 6 2 5 7 0 3
38 31 7 4 0 3 2 5 7 6 1
38 31 7 4 3 0 2 5 1 6 7
38 31 7 4 1 3 2 5 0 6 7
38 31 7 4 1 3 2 5 7 0 6
38 31 7 4 1 3 0 5 7 6 2
38 31 7 0 7 4 3 2 1 6 5
38 31 7 7 1 4 3 2 0 6 5
38 31 7 5 4 3 7 2 1 0 6
38 31 7 1 3 6 2 4 7 0 5
38 31 7 1 0 2 7 3 4 6 5
38 31 7 1 3 6 2 0 4 5 7
38 32 6 7 4 5 0 2 1 6 3
38 32 6 1 0 3 2 5 4 6 7
38 32 6 1 7 3 2 4 6 0 5
38 32 6 7 3 2 5 4 1 6 0
38 32 6 2 4 3 7 1 6 5 0
38 32 6 7 3 2 1 0 4 6 5
38 33 5 1 3 2 6 7 4 5 0
38 33 5 5 4 3 2 1 6 7 0
38 33 5 1 0 3 2 5 4 7 6
38 35 3 1 3 0 7 2 4 6 5
39 29 10 6 4 3 2 7 0 5 1
39 29 10 4 1 0 2 7 6 5 3
39 29 10 7 4 0 2 1 6 5 3
39 30 9 4 0 2 7 3 1 6 5
39 30 9 5 1 0 2 7 4 6 3
39 30 9 4 3 6 2 0 1 5 7
39 31 8 7 4 0 6 5 1 3 2
39 31 8 5 4 3 2 0 7 6 1
39 31 8 2 4 3 0 5 7 6 1
39 31 8 4 3 6 2 0 7 1 5
39 31 8 4 0 1 2 7 6 3 5
39 31 8 4 1 2 0 7 6 3 5
39 31 8 7 0 4 2 1 6 3 5
39 31 8 7 4 2 0 1 6 3 5
39 31 8 7 4 3 5 2 0 1 6
39 31 8 7 4 0 5 2 1 3 6
39 31 8 5 4 0 7 2 1 6 3
39 31 8 1 3 0 2 7 4 5 6
39 32 7 4 3 2 6 7 1 5 0
39 32 7 7 0 4 5 2 1 6 3
39 32 7 4 0 3 5 2 1 6 7
39 32 7 1 4 3 2 0 5 6 7
39 32 7 4 3 0 2 1 7 6 5
39 32 7 4 0 3 1 2 7 6 5
39 32 7 7 4 6 3 2 1 5 0
39 32 7 2 4 3 7 5 0 1 6
39 32 7 3 0 2 1 7 4 6 5
39 32 7 5 3 2 1 7 4 6 0
39 33 6 4 1 3 5 2 7 6 0
39 33 6 1 4 3 6 2 0 7 5
39 33 6 1 4 3 6 2 7 5 0
39 33 6 1 3 0 6 7 4 2 5
39 33 6 2 4 5 3 7 1 6 0
39 33 6 5 0 3 7 1 4 6 2
39 33 6 7 1 3 2 4 6 5 0
39 33 6 5 3 0 2 1 4 6 7
39 33 6 1 4 3 2 0 5 7 6
39 34 5 1 4 3 5 7 6 2 0
40 30 10 2 1 3 6 7 4 0 5
40 30 10 4 3 0 2 7 1 5 6
40 30 10 0 3 6 2 7 1 5 4
40 30 10 4 7 3 2 1 0 6 5
40 31 9 7 4 3 2 5 0 6 1
40 31 9 4 0 6 2 7 3 1 5
40 31 9 0 1 3 2 5 7 6 4
40 31 9 0 3 6 2 7 4 5 1
40 32 8 4 3 2 6 7 0 1 5
40 32 8 4 3 0 6 7 1 2 5
40 32 8 7 4 3 5 1 0 6 2
40 32 8 7 4 6 5 2 1 0 3
40 32 8 1 4 3 5 2 0 6 7
40 32 8 2 4 0 3 5 1 6 7
40 32 8 2 4 3 5 0 7 1 6
40 32 8 2 0 3 5 7 4 1 6
40 32 8 2 4 3 1 0 7 6 5
40 32 8 5 4 3 1 2 7 6 0
40 32 8 7 4 6 3 2 0 1 5
40 32 8 2 4 0 7 1 6 3 5
40 32 8 2 4 0 7 5 1 3 6
40 33 7 4 1 0 3 2 7 6 5
40 33 7 2 4 3 5 1 7 6 0
40 33 7 1 4 0 6 2 7 3 5
40 33 7 7 4 2 3 5 1 6 0
40 33 7 7 4 6 2 5 1 3 0
40 33 7 2 4 3 5 1 6 0 7
40 33 7 2 0 3 5 1 4 6 7
40 33 7 0 4 3 2 5 7 1 6
40 33 7 5 3 0 2 7 4 1 6
40 33 7 7 3 6 2 4 1 5 0
40 33 7 1 3 2 6 7 0 4 5
40 33 7 5 4 3 7 1 6 0 2
40 33 7 0 5 3 2 1 4 6 7
40 33 7 1 0 4 3 7 6 5 2
40 33 7 1 4 5 3 7 6 0 2
40 33 7 1 3 6 2 0 7 4 5
40 33 7 2 3 7 0 4 1 6 5
40 33 7 2 3 6 7 4 1 0 5
40 34 6 1 4 3 7 2 6 5 0
40 35 5 7 3 2 5 1 4 6 0
40 35 5 0 1 3 7 2 4 6 5
40 35 5 1 3 2 7 5 4 0 6
40 35 5 1 3 2 0 5 4 6 7
40 36 4 1 3 5 0 7 4 6 2
40 37 3 1 4 3 2 5 6 7 0
41 31 10 4 1 0 2 5 7 6 3
41 32 9 2 4 3 6 5 1 0 7
41 32 9 2 1 3 0 4 7 6 5
41 32 9 5 1 3 2 4 7 6 0
41 32 9 7 4 3 1 2 0 6 5
41 32 9 4 3 2 1 7 0 6 5
41 33 8 0 1 3 4 2 7 6 5
41 33 8 2 4 5 0 7 1 3 6
41 33 8 2 4 0 3 1 7 6 5
41 33 8 5 4 3 2 1 7 0 6
41 33 8 5 4 3 0 1 7 6 2
41 33 8 0 7 4 2 5 1 6 3
41 33 8 7 1 4 2 5 0 6 3
41 33 8 0 4 2 7 5 1 6 3
41 33 8 7 4 6 2 5 0 1 3
41 33 8 7 2 4 3 0 1 6 5
41 33 8 2 1 4 3 0 7 6 5
41 33 8 2 1 4 3 7 6 0 5
41 33 8 5 4 3 2 6 7 1 0
41 33 8 0 5 3 2 7 4 1 6
41 33 8 0 5 4 3 7 1 6 2
41 33 8 5 1 4 3 7 0 6 2
41 33 8 7 3 6 2 4 0 1 5
41 33 8 0 4 5 2 7 1 6 3
41 33 8 2 4 5 7 0 1 6 3
41 33 8 7 1 0 2 4 6 3 5
41 33 8 5 4 0 2 1 6 3 7
41 33 8 1 0 6 2 7 3 4 5
41 34 7 2 0 4 7 5 1 6 3
41 34 7 4 7 3 2 5 1 6 0
41 34 7 4 0 3 1 7 6 5 2
41 34 7 7 4 3 1 0 6 5 2
41 34 7 1 4 3 7 6 0 5 2
41 34 7 0 4 3 7 1 6 5 2
41 34 7 1 4 0 5 7 6 3 2
41 34 7 4 2 3 7 0 1 6 5
41 34 7 2 1 3 7 4 6 0 5
41 34 7 5 0 4 3 2 1 6 7
41 34 7 1 4 3 2 6 5 0 7
41 34 7 1 0 3 2 6 4 5 7
41 34 7 4 0 3 2 1 6 5 7
41 35 6 1 0 3 5 7 4 6 2
41 35 6 5 3 0 7 4 1 6 2
41 35 6 1 3 0 5 7 4 2 6
41 35 6 1 3 2 5 4 0 6 7
41 35 6 0 3 2 5 1 4 6 7
41 35 6 4 3 7 0 2 1 6 5
41 35 6 4 3 6 7 2 1 0 5
41 35 6 1 3 0 7 5 4 6 2
41 36 5 1 4 3 6 5 0 7 2
41 36 5 1 4 3 6 5 7 2 0
42 32 10 7 0 3 5 4 1 6 2
42 32 10 7 3 2 6 4 1 0 5
42 33 9 2 0 4 5 7 1 3 6
42 33 9 3 2 4 0 7 1 6 5
42 33 9 5 2 4 3 7 1 6 0
42 33 9 1 2 4 3 7 0 6 5
42 34 8 5 4 6 3 7 1 2 0
42 34 8 2 4 7 0 5 1 6 3
42 34 8 2 4 6 7 5 1 0 3
42 34 8 0 2 4 5 7 1 6 3
42 34 8 2 1 4 5 7 0 6 3
42 34 8 4 1 3 5 7 0 6 2
42 34 8 2 4 3 1 7 6 5 0
42 34 8 1 0 3 7 4 6 5 2
42 34 8 7 4 3 0 2 1 5 6
42 34 8 5 4 3 0 7 1 2 6
42 34 8 7 2 3 0 4 1 6 5
42 34 8 5 2 3 7 4 1 6 0
42 34 8 1 2 3 7 4 0 6 5
42 34 8 5 4 6 3 2 1 0 7
42 34 8 2 4 3 0 1 6 5 7
42 35 7 0 2 3 5 4 1 6 7
42 35 7 2 3 0 5 4 1 6 7
42 35 7 0 5 3 7 4 1 6 2
42 35 7 5 1 3 7 4 0 6 2
42 35 7 2 7 3 5 4 1 6 0
42 35 7 7 0 3 6 2 4 1 5
42 35 7 2 4 3 6 5 7 1 0
42 35 7 0 2 3 6 7 4 1 5
42 35 7 2 3 0 6 7 4 1 5
42 35 7 0 1 3 2 4 6 5 7
42 35 7 1 3 0 2 4 6 5 7
42 35 7 1 6 3 2 4 0 5 7
42 35 7 1 4 0 3 2 6 5 7
42 35 7 5 3 2 0 4 1 6 7
42 35 7 1 0 4 2 5 7 3 6
42 35 7 1 4 2 0 5 7 3 6
42 35 7 1 0 4 3 5 7 6 2
42 35 7 1 4 6 3 5 7 0 2
42 35 7 1 4 2 5 7 6 0 3
42 35 7 1 3 2 5 7 0 4 6
42 35 7 0 3 2 7 5 4 6 1
42 36 6 1 4 2 3 7 6 5 0
42 36 6 1 4 5 2 7 0 6 3
42 36 6 1 4 5 2 7 6 3 0
42 36 6 7 3 6 2 1 4 5 0
42 36 6 1 4 3 5 2 0 7 6
42 36 6 1 3 6 5 7 4 0 2
42 36 6 1 7 3 2 5 4 6 0
42 36 6 1 7 4 3 2 0 6 5
42 36 6 2 3 7 0 1 4 6 5
42 36 6 2 3 6 7 1 4 0 5
42 36 6 1 3 2 7 4 6 0 5
42 36 6 1 0 2 7 4 3 6 5
42 36 6 3 0 2 7 1 4 6 5
42 36 6 5 3 2 7 1 4 6 0
42 37 5 7 1 3 5 2 4 6 0
42 37 5 1 4 5 0 2 7 6 3
42 37 5 1 3 2 5 4 7 6 0
42 37 5 1 2 3 7 0 4 6 5
42 38 4 1 3 7 0 2 4 6 5
42 38 4 1 3 6 7 2 4 0 5
43 33 10 4 1 3 6 2 7 0 5
43 33 10 2 4 3 6 1 7 0 5
43 33 10 5 4 0 2 1 7 6 3
43 33 10 7 4 2 5 0 1 6 3
43 33 10 7 4 2 6 5 1 0 3
43 33 10 5 0 3 2 4 7 1 6
43 33 10 5 4 3 0 2 7 1 6
43 33 10 2 4 5 6 7 1 0 3
43 34 9 5 4 6 3 7 0 1 2
43 34 9 2 4 6 0 7 1 5 3
43 34 9 4 7 3 0 2 1 6 5
43 34 9 2 4 0 3 7 1 5 6
43 34 9 0 4 3 2 7 1 5 6
43 34 9 7 4 3 6 0 1 5 2
43 34 9 5 4 3 6 0 1 2 7
43 34 9 5 4 2 3 7 1 0 6
43 34 9 5 4 2 3 0 1 6 7
43 35 8 2 1 3 5 4 0 6 7
43 35 8 2 4 6 5 7 1 3 0
43 35 8 2 0 6 3 7 4 1 5
43 35 8 5 4 2 6 7 1 3 0
43 35 8 2 7 0 3 4 1 6 5
43 35 8 5 7 3 2 4 1 0 6
43 35 8 5 7 3 0 4 1 6 2
43 35 8 2 4 3 6 1 0 5 7
43 35 8 0 4 3 6 2 1 5 7
43 35 8 7 4 3 6 0 2 1 5
43 35 8 7 0 4 6 2 1 3 5
43 35 8 7 4 6 0 2 1 3 5
43 35 8 5 4 3 6 0 7 1 2
43 35 8 5 0 3 6 7 4 1 2
43 35 8 0 4 3 6 2 7 1 5
43 35 8 7 5 4 2 0 1 6 3
43 35 8 5 1 4 2 0 7 6 3
43 35 8 5 1 4 2 7 6 0 3
43 35 8 0 4 3 1 2 6 5 7
43 35 8 1 4 3 5 2 6 0 7
43 35 8 5 3 6 2 4 1 0 7
43 35 8 1 4 2 5 0 6 3 7
43 35 8 1 0 2 5 3 4 6 7
43 36 7 5 4 2 7 1 0 6 3
43 36 7 5 4 2 7 3 1 6 0
43 36 7 5 1 3 2 4 6 0 7
43 36 7 4 3 2 5 1 0 6 7
43 36 7 0 3 2 5 4 1 6 7
43 36 7 4 0 3 1 5 7 6 2
43 36 7 1 4 0 6 5 7 3 2
43 36 7 0 7 3 2 5 4 1 6
43 36 7 7 3 0 2 5 4 1 6
43 36 7 7 1 3 2 5 4 0 6
43 36 7 7 1 3 0 5 4 6 2
43 36 7 0 1 3 4 7 6 5 2
43 36 7 1 4 0 5 2 7 3 6
43 36 7 4 3 2 7 1 6 0 5
43 36 7 4 0 2 7 1 3 6 5
43 36 7 3 0 2 7 4 1 6 5
43 36 7 5 3 2 7 4 1 6 0
43 36 7 4 3 2 7 5 1 0 6
43 36 7 4 3 2 0 5 1 6 7
43 36 7 1 7 3 0 2 4 6 5
43 36 7 0 1 4 3 2 7 6 5
43 36 7 4 1 3 7 0 2 6 5
43 36 7 4 1 3 7 2 6 0 5
43 37 6 5 4 3 6 2 1 7 0
43 37 6 4 3 5 0 7 1 6 2
43 37 6 7 1 0 3 2 4 6 5
43 37 6 1 0 4 5 2 7 6 3
43 37 6 7 3 2 5 0 4 6 1
43 37 6 4 3 0 7 5 1 6 2
43 37 6 1 4 6 3 2 7 5 0
43 37 6 1 4 3 7 5 2 6 0
43 37 6 1 4 0 7 2 6 3 5
43 37 6 1 3 0 6 7 4 5 2
43 37 6 1 4 0 2 5 6 3 7
43 38 5 1 4 3 7 5 6 0 2
43 38 5 1 0 3 7 5 4 6 2
43 38 5 1 2 0 7 3 4 6 5
43 38 5 7 4 5 3 2 1 6 0
43 38 5 1 3 0 2 5 4 6 7
43 38 5 1 7 3 2 4 6 5 0
43 40 3 1 3 5 2 7 4 6 0
44 34 10 2 4 6 3 0 1 5 7
44 34 10 2 4 3 7 0 1 5 6
44 34 10 6 4 3 1 7 0 5 2
44 34 10 7 4 0 6 2 1 5 3
44 34 10 0 4 3 6 7 1 2 5
44 34 10 0 4 2 3 7 1 6 5
44 34 10 6 4 3 2 1 0 5 7
44 35 9 2 4 6 5 7 0 1 3
44 35 9 2 4 6 3 0 7 1 5
44 35 9 0 5 4 2 7 1 3 6
44 35 9 5 1 4 2 7 0 3 6
44 35 9 2 7 3 4 0 1 6 5
44 35 9 5 7 3 2 0 1 6 4
44 35 9 2 5 4 0 7 1 6 3
44 35 9 3 5 4 2 7 1 6 0
44 35 9 1 5 4 2 7 0 6 3
44 35 9 7 3 2 6 1 4 0 5
44 36 8 4 0 3 6 7 1 5 2
44 36 8 4 0 2 5 7 1 6 3
44 36 8 4 5 3 2 0 1 6 7
44 36 8 4 3 2 5 7 0 1 6
44 36 8 4 3 0 5 7 1 2 6
44 36 8 5 4 3 1 0 7 6 2
44 36 8 2 4 3 1 5 7 6 0
44 36 8 0 1 4 2 7 6 5 3
44 36 8 1 6 4 2 7 0 5 3
44 36 8 4 3 0 2 7 6 5 1
44 36 8 4 6 3 2 7 0 5 1
44 36 8 7 4 3 2 6 0 5 1
44 36 8 4 1 0 3 7 6 5 2
44 36 8 7 4 0 3 1 6 5 2
44 36 8 7 3 6 2 1 0 4 5
44 36 8 0 3 2 7 5 1 6 4
44 36 8 2 1 3 5 7 4 0 6
44 36 8 2 1 3 5 0 4 6 7
44 37 7 7 3 2 5 0 1 6 4
44 37 7 1 4 6 5 2 7 0 3
44 37 7 3 0 2 5 7 4 6 1
44 37 7 5 3 2 0 7 4 6 1
44 37 7 7 3 2 4 1 0 6 5
44 37 7 7 3 2 4 5 1 6 0
44 37 7 4 1 3 7 5 0 6 2
44 37 7 2 0 1 3 7 4 6 5
44 37 7 5 1 0 3 7 4 6 2
44 37 7 1 4 6 3 2 0 7 5
44 37 7 7 4 3 0 5 1 2 6
44 37 7 0 4 3 7 1 2 6 5
44 37 7 5 2 3 7 1 4 6 0
44 37 7 1 3 6 7 0 4 5 2
44 38 6 1 4 2 7 5 6 3 0
44 38 6 1 0 3 2 7 6 5 4
44 38 6 1 3 2 4 0 7 6 5
44 38 6 1 3 2 4 7 6 0 5
44 38 6 1 4 3 7 0 5 6 2
44 38 6 2 1 3 7 5 4 6 0
44 38 6 2 7 3 5 1 4 6 0
44 38 6 1 4 2 3 5 7 6 0
44 38 6 1 4 6 2 5 0 7 3
44 38 6 1 4 6 2 5 7 3 0
44 38 6 4 1 3 2 5 6 0 7
44 38 6 4 1 3 2 5 0 7 6
44 38 6 1 3 6 2 4 7 5 0
44 38 6 0 1 2 7 3 4 6 5
44 38 6 1 4 2 7 3 0 6 5
44 38 6 0 4 5 7 2 1 6 3
44 38 6 7 3 2 1 5 4 6 0
44 38 6 1 3 2 0 7 4 5 6
44 38 6 5 4 3 0 1 6 7 2
44 38 6 0 1 3 2 5 4 7 6
44 38 6 1 3 0 2 5 4 7 6
44 39 5 1 3 5 2 7 4 0 6
44 39 5 5 3 0 7 1 4 6 2
44 40 4 1 4 3 0 5 6 7 2
45 34 11 0 4 6 3 7 1 5 2
45 34 11 5 4 0 6 7 1 2 3
45 35 10 0 4 2 5 7 1 3 6
45 35 10 5 4 2 7 0 1 3 6
45 35 10 2 7 3 6 4 1 0 5
45 35 10 5 7 0 2 4 1 6 3
45 35 10 2 0 3 6 4 1 5 7
45 35 10 2 4 3 0 6 1 5 7
45 35 10 2 0 3 6 4 7 1 5
45 35 10 2 4 3 0 6 7 1 5
45 35 10 0 4 2 5 7 6 3 1
45 36 9 6 4 3 0 7 1 5 2
45 36 9 1 4 3 6 7 0 5 2
45 36 9 5 0 4 6 7 1 3 2
45 36 9 5 4 6 0 7 1 3 2
45 36 9 3 4 2 5 7 1 6 0
45 36 9 1 4 2 5 7 0 6 3
45 36 9 5 0 2 7 4 1 6 3
45 36 9 2 5 3 0 4 1 6 7
45 36 9 7 5 3 2 4 1 6 0
45 36 9 1 5 3 2 4 0 6 7
45 36 9 7 4 3 1 5 0 6 2
45 36 9 0 4 2 1 7 6 5 3
45 36 9 1 4 2 7 0 6 5 3
45 36 9 7 0 3 2 4 6 5 1
45 36 9 7 4 3 0 2 6 5 1
45 36 9 7 1 0 2 5 4 6 3
45 36 9 0 1 3 2 5 4 6 7
45 36 9 4 1 3 7 0 6 5 2
45 36 9 4 1 3 5 7 6 0 2
45 36 9 7 4 3 5 1 6 0 2
45 36 9 2 1 0 5 7 4 6 3
45 36 9 0 1 3 5 7 4 6 2
45 37 8 5 4 3 6 2 0 1 7
45 37 8 5 4 0 6 2 1 3 7
45 37 8 0 2 4 6 7 1 3 5
45 37 8 5 0 6 2 7 4 1 3
45 37 8 4 3 6 5 7 1 0 2
45 37 8 3 0 2 5 7 1 6 4
45 37 8 5 3 2 0 7 1 6 4
45 37 8 1 3 2 5 7 0 6 4
45 37 8 0 4 3 5 1 7 6 2
45 37 8 2 4 0 3 7 6 5 1
45 37 8 0 4 3 2 7 5 1 6
45 37 8 7 4 3 2 6 5 1 0
45 37 8 7 1 4 2 0 6 3 5
45 37 8 1 6 4 2 0 7 3 5
45 37 8 1 6 4 2 7 3 0 5
45 37 8 4 1 3 2 6 0 5 7
45 37 8 2 1 6 3 7 4 0 5
45 37 8 5 1 3 7 0 4 6 2
45 37 8 1 0 3 7 4 2 6 5
45 37 8 0 3 2 1 4 7 6 5
45 37 8 7 2 3 0 1 4 6 5
45 37 8 0 3 6 1 7 4 5 2
45 38 7 1 4 2 7 6 0 3 5
45 38 7 1 4 2 3 7 0 6 5
45 38 7 1 4 0 3 7 6 2 5
45 38 7 7 1 3 2 0 6 5 4
45 38 7 4 0 3 5 2 7 6 1
45 38 7 3 2 0 4 7 1 6 5
45 38 7 1 0 2 4 7 3 6 5
45 38 7 7 4 2 6 5 1 3 0
45 38 7 7 4 6 3 5 1 2 0
45 38 7 2 7 0 3 1 4 6 5
45 38 7 5 7 3 0 1 4 6 2
45 38 7 7 0 3 6 5 4 1 2
45 38 7 1 7 4 2 5 0 6 3
45 38 7 4 3 0 2 5 7 6 1
45 38 7 4 7 3 2 5 0 6 1
45 38 7 0 1 3 4 5 7 6 2
45 38 7 5 4 3 7 2 0 1 6
45 38 7 5 4 0 7 2 1 3 6
45 38 7 1 3 6 2 4 0 7 5
45 38 7 1 3 6 2 4 0 5 7
45 38 7 0 3 6 2 1 4 5 7
45 38 7 1 3 6 0 2 4 5 7
45 38 7 1 7 0 2 4 6 3 5
45 38 7 7 3 2 1 4 0 6 5
45 38 7 1 3 2 6 0 4 5 7
45 38 7 5 4 3 2 0 6 7 1
45 39 6 5 0 4 7 2 1 6 3
45 39 6 4 3 0 5 2 1 6 7
45 39 6 4 3 0 1 2 7 6 5
45 39 6 1 4 3 6 0 2 7 5
45 39 6 1 0 3 6 2 4 7 5
45 39 6 1 3 6 0 7 4 2 5
45 39 6 0 5 3 7 1 4 6 2
45 39 6 5 3 2 0 1 4 6 7
45 39 6 1 4 3 2 6 5 7 0
45 39 6 1 4 3 0 7 6 2 5
45 40 5 1 0 3 5 2 4 6 7
45 40 5 2 4 3 5 1 6 7 0
45 40 5 1 3 0 7 5 4 2 6
45 40 5 1 3 5 7 0 4 6 2
45 42 3 1 3 7 5 2 4 6 0
45 42 3 1 3 6 7 2 4 5 0
46 36 10 5 4 6 2 0 1 3 7
46 36 10 4 0 2 5 3 1 6 7
46 37 9 2 0 4 6 7 1 5 3
46 37 9 2 1 4 6 7 0 3 5
46 37 9 5 4 6 2 0 7 1 3
46 37 9 1 0 3 5 4 7 6 2
46 37 9 2 4 3 7 0 6 5 1
46 37 9 2 4 3 5 7 6 0 1
46 37 9 2 1 4 0 7 6 3 5
46 37 9 5 1 4 2 7 6 3 0
46 37 9 7 1 3 6 2 4 0 5
46 37 9 4 1 3 0 2 6 5 7
46 37 9 4 3 2 5 7 0 6 1
46 37 9 7 4 3 6 0 1 2 5
46 37 9 0 4 3 6 5 1 2 7
46 37 9 1 4 3 0 7 2 6 5
46 37 9 1 3 2 6 4 7 0 5
46 37 9 4 2 3 7 1 0 6 5
46 38 8 4 0 2 1 7 6 3 5
46 38 8 7 4 2 1 0 6 3 5
46 38 8 0 4 2 7 1 6 3 5
46 38 8 2 1 3 0 7 6 5 4
46 38 8 2 4 3 5 0 7 6 1
46 38 8 5 4 3 0 2 7 6 1
46 38 8 3 1 2 4 7 0 6 5
46 38 8 5 3 2 4 7 1 0 6
46 38 8 5 3 2 4 0 1 6 7
46 38 8 0 7 4 2 5 1 3 6
46 38 8 7 1 4 2 5 0 3 6
46 38 8 0 7 4 3 5 1 6 2
46 38 8 7 1 4 3 5 0 6 2
46 38 8 7 4 6 3 5 0 1 2
46 38 8 5 1 3 2 7 0 4 6
46 38 8 5 1 0 2 7 4 3 6
46 38 8 5 1 3 0 2 4 6 7
46 38 8 4 3 0 6 7 1 5 2
46 38 8 5 7 3 2 1 4 0 6
46 38 8 5 7 3 2 0 4 6 1
46 38 8 7 4 3 6 0 5 1 2
46 38 8 0 1 4 2 5 7 6 3
46 38 8 4 3 6 2 5 1 0 7
46 38 8 4 1 3 2 0 5 6 7
46 38 8 4 1 0 2 5 7 3 6
46 38 8 4 1 0 3 5 7 6 2
46 38 8 2 7 4 3 0 1 6 5
46 38 8 3 7 4 0 2 1 6 5
46 38 8 5 7 4 3 2 1 6 0
46 38 8 7 1 4 3 0 2 6 5
46 38 8 7 1 4 3 2 6 0 5
46 38 8 7 3 2 5 4 1 0 6
46 38 8 0 4 3 2 1 6 7 5
46 39 7 0 4 2 7 3 1 6 5
46 39 7 4 2 0 7 3 1 6 5
46 39 7 4 1 2 7 3 0 6 5
46 39 7 5 0 1 2 7 4 6 3
46 39 7 5 1 2 0 7 4 6 3
46 39 7 4 1 2 5 7 6 3 0
46 39 7 7 4 2 5 1 6 3 0
46 39 7 7 0 3 5 2 4 1 6
46 39 7 7 4 5 0 2 1 3 6
46 39 7 5 4 7 0 2 1 6 3
46 39 7 5 4 6 7 2 1 0 3
46 39 7 1 0 3 2 7 4 5 6
46 39 7 0 7 4 5 2 1 6 3
46 39 7 7 1 4 5 2 0 6 3
46 39 7 4 1 3 5 2 0 6 7
46 39 7 1 4 3 2 7 5 6 0
46 39 7 4 3 2 0 1 7 6 5
46 39 7 4 7 3 1 2 0 6 5
46 39 7 2 0 3 7 5 4 1 6
46 39 7 3 2 0 1 7 4 6 5
46 39 7 5 3 2 1 7 4 0 6
46 39 7 5 3 2 1 0 4 6 7
46 39 7 1 4 3 0 2 7 5 6
46 39 7 1 0 3 6 7 4 2 5
46 39 7 7 1 3 0 4 6 5 2
46 39 7 5 3 6 2 1 4 0 7
46 39 7 0 4 3 2 1 5 7 6
46 39 7 1 4 3 5 0 6 2 7
46 40 6 7 4 3 2 5 6 0 1
46 40 6 1 0 3 2 5 7 6 4
46 40 6 2 3 0 5 1 4 6 7
46 40 6 5 4 3 7 1 6 2 0
46 40 6 1 5 3 2 0 4 6 7
46 40 6 1 4 5 3 7 0 6 2
46 40 6 1 4 5 3 7 6 2 0
46 40 6 2 3 7 5 4 1 6 0
46 40 6 2 3 6 7 4 1 5 0
46 40 6 5 1 3 7 2 4 6 0
46 40 6 1 3 2 7 5 0 4 6
46 40 6 0 3 5 1 7 4 6 2
46 40 6 1 4 3 2 0 6 7 5
46 41 5 2 4 3 6 5 1 7 0
46 41 5 1 3 5 0 7 4 2 6
46 41 5 4 3 7 5 2 1 6 0
46 41 5 4 3 6 7 2 1 5 0
46 41 5 1 3 7 0 5 4 6 2
46 41 5 1 3 6 7 5 4 0 2
46 41 5 1 0 3 6 5 4 7 2
46 42 4 1 4 5 3 2 7 6 0
47 36 11 0 4 6 2 7 1 3 5
47 37 10 2 4 6 7 0 1 3 5
47 37 10 7 0 3 2 4 5 1 6
47 37 10 7 4 3 0 2 5 1 6
47 37 10 7 0 2 4 3 1 6 5
47 37 10 5 1 3 6 7 4 0 2
47 37 10 7 4 0 6 5 1 2 3
47 38 9 5 4 2 6 7 0 1 3
47 38 9 5 4 2 1 7 6 3 0
47 38 9 1 0 2 7 4 6 3 5
47 38 9 7 4 3 5 2 0 6 1
47 38 9 5 3 0 4 7 1 6 2
47 38 9 0 4 2 7 5 1 3 6
47 38 9 0 3 6 4 7 1 5 2
47 38 9 4 3 6 7 0 1 5 2
47 38 9 2 7 3 1 0 4 6 5
47 38 9 5 7 0 2 1 4 6 3
47 38 9 0 4 2 1 5 7 6 3
47 38 9 1 4 2 5 0 7 6 3
47 38 9 1 4 2 6 5 7 0 3
47 38 9 4 1 3 6 5 7 0 2
47 38 9 1 0 6 2 3 4 5 7
47 38 9 7 4 5 2 0 1 6 3
47 38 9 7 4 5 6 2 1 0 3
47 38 9 7 3 0 5 4 1 6 2
47 38 9 7 0 2 1 3 4 6 5
47 38 9 0 3 2 6 7 4 5 1
47 38 9 5 4 0 2 1 6 7 3
47 39 8 6 4 3 2 0 7 5 1
47 39 8 6 4 3 2 7 5 0 1
47 39 8 6 0 3 2 7 4 5 1
47 39 8 4 0 1 2 7 6 5 3
47 39 8 4 1 2 0 7 6 5 3
47 39 8 4 1 5 2 7 6 0 3
47 39 8 7 0 4 2 1 6 5 3
47 39 8 7 4 2 0 1 6 5 3
47 39 8 7 4 5 2 1 6 0 3
47 39 8 5 1 6 2 7 4 0 3
47 39 8 4 3 6 2 1 0 5 7
47 39 8 0 3 6 2 4 1 5 7
47 39 8 7 0 4 6 5 1 3 2
47 39 8 7 4 6 0 5 1 3 2
47 39 8 5 4 3 2 7 0 6 1
47 39 8 2 4 0 3 5 7 6 1
47 39 8 0 3 6 2 4 7 1 5
47 39 8 4 3 6 2 5 7 1 0
47 39 8 0 4 1 2 7 6 3 5
47 39 8 0 1 2 4 7 6 3 5
47 39 8 0 7 4 2 1 6 3 5
47 39 8 7 4 3 5 0 2 1 6
47 39 8 7 0 4 5 2 1 3 6
47 39 8 4 3 2 0 7 1 5 6
47 39 8 0 4 3 2 1 5 6 7
47 39 8 1 4 3 0 2 5 6 7
47 39 8 4 3 6 2 1 7 0 5
47 39 8 7 4 6 0 2 1 5 3
47 39 8 2 4 3 7 0 5 1 6
47 39 8 3 4 2 1 7 0 6 5
47 39 8 5 3 0 1 7 4 6 2
47 39 8 4 1 3 5 2 7 0 6
47 39 8 1 4 3 6 0 7 5 2
47 39 8 2 4 5 3 7 1 0 6
47 39 8 2 4 5 3 0 1 6 7
47 39 8 1 0 3 2 4 5 7 6
47 39 8 1 4 3 0 2 5 7 6
47 40 7 2 1 3 6 7 4 5 0
47 40 7 4 3 5 2 7 1 0 6
47 40 7 4 7 3 2 1 6 0 5
47 40 7 7 0 3 2 5 4 6 1
47 40 7 7 3 6 2 0 4 5 1
47 40 7 7 0 3 5 1 4 6 2
47 40 7 7 4 6 5 2 1 3 0
47 40 7 1 4 3 5 0 2 6 7
47 40 7 0 2 3 5 7 4 1 6
47 40 7 2 3 0 5 7 4 1 6
47 40 7 7 0 6 3 2 4 1 5
47 40 7 4 0 1 3 2 7 6 5
47 40 7 1 0 4 6 2 7 3 5
47 40 7 1 4 6 0 2 7 3 5
47 40 7 0 2 3 5 1 4 6 7
47 40 7 4 0 3 2 5 7 1 6
47 40 7 5 3 2 0 7 4 1 6
47 40 7 5 3 1 2 7 4 0 6
47 40 7 1 3 2 6 0 7 4 5
47 40 7 1 3 6 2 5 7 4 0
47 40 7 2 3 6 7 4 0 1 5
47 40 7 7 3 2 5 1 4 0 6
47 40 7 0 3 2 1 5 4 6 7
47 40 7 1 3 5 6 7 4 0 2
47 40 7 1 4 0 2 5 6 7 3
47 40 7 0 4 3 2 5 6 7 1
47 41 6 7 0 3 1 2 4 6 5
47 41 6 1 0 3 4 2 7 6 5
47 41 6 2 4 5 7 1 0 6 3
47 41 6 2 4 5 7 3 1 6 0
47 41 6 1 0 3 7 6 4 5 2
47 41 6 4 2 3 7 5 1 6 0
47 41 6 2 1 3 7 4 6 5 0
47 41 6 1 3 0 2 6 4 5 7
47 41 6 4 3 6 7 2 0 1 5
47 41 6 1 4 3 6 0 5 7 2
47 41 6 1 4 3 0 5 7 2 6
47 42 5 1 2 3 7 4 6 0 5
47 42 5 5 3 2 7 0 4 6 1
47 42 5 1 0 5 2 7 4 6 3
47 42 5 1 3 6 5 7 4 2 0
47 42 5 2 3 7 5 1 4 6 0
47 42 5 2 3 6 7 1 4 5 0
47 42 5 1 3 2 7 4 6 5 0
47 42 5 1 2 3 7 5 4 6 0
47 42 5 1 3 6 7 2 0 4 5
47 43 4 1 4 3 5 2 6 7 0
47 43 4 1 7 3 5 2 4 6 0
47 43 4 1 4 3 7 5 6 2 0
47 45 2 1 3 5 7 2 4 6 0