0 0 0 5 3 4 2 0 6 1 7
7 0 7 0 3 4 2 5 6 1 7
8 0 8 5 3 4 2 6 0 1 7
8 0 8 5 3 4 2 7 6 1 0
9 0 9 5 3 4 0 2 6 1 7
10 0 10 5 0 4 2 3 6 1 7
14 7 7 3 0 4 2 5 6 1 7
14 9 5 5 3 4 7 2 6 1 0
15 7 8 2 3 4 0 5 6 1 7
15 7 8 7 3 4 2 5 6 1 0
16 8 8 5 3 4 2 6 1 0 7
16 8 8 5 3 4 2 7 6 0 1
16 8 8 5 3 4 0 7 6 1 2
16 9 7 5 3 0 4 2 6 1 7
17 7 10 6 3 4 2 5 0 1 7
17 8 9 5 0 4 2 6 3 1 7
17 9 8 0 3 4 5 2 6 1 7
18 8 10 5 3 0 2 7 6 1 4
18 8 10 0 3 4 2 7 6 1 5
18 9 9 5 3 4 1 2 6 0 7
18 10 8 0 5 4 2 3 6 1 7
18 10 8 5 4 0 2 3 6 1 7
19 10 9 5 6 4 2 3 0 1 7
20 14 6 5 3 4 7 2 6 0 1
21 14 7 3 4 0 2 5 6 1 7
21 15 6 2 3 0 4 5 6 1 7
21 15 6 2 3 4 7 5 6 1 0
22 14 8 3 6 4 2 5 0 1 7
22 14 8 5 3 4 7 0 6 1 2
22 14 8 5 3 0 7 2 6 1 4
22 14 8 0 3 4 7 2 6 1 5
22 15 7 7 3 4 2 5 6 0 1
22 15 7 7 3 4 0 5 6 1 2
22 16 6 5 0 3 4 2 6 1 7
23 16 7 5 3 4 2 6 1 7 0
23 16 7 5 3 4 2 7 0 6 1
23 16 7 5 3 0 4 7 6 1 2
23 16 7 5 3 1 4 2 6 0 7
24 15 9 2 3 4 1 5 6 0 7
24 15 9 7 3 4 2 0 6 1 5
24 15 9 7 3 0 2 5 6 1 4
24 16 8 5 3 0 2 6 1 4 7
24 16 8 5 3 0 2 7 6 4 1
24 18 6 5 3 4 1 2 0 6 7
24 18 6 5 3 4 1 2 6 7 0
25 15 10 2 3 4 5 0 6 1 7
25 16 9 0 3 4 5 7 6 1 2
25 17 8 6 3 4 2 0 5 1 7
25 17 8 6 3 4 2 5 1 0 7
25 17 8 6 0 4 2 5 3 1 7
25 17 8 3 0 4 5 2 6 1 7
25 17 8 7 3 4 5 2 6 1 0
25 18 7 5 0 3 2 7 6 1 4
25 18 7 5 3 0 1 2 6 4 7
25 20 5 5 3 4 7 2 0 6 1
26 16 10 5 3 4 1 7 6 0 2
26 17 9 0 5 4 2 6 3 1 7
26 17 9 5 4 0 2 6 3 1 7
26 17 9 6 3 4 5 2 0 1 7
26 18 8 5 3 2 0 7 6 1 4
26 18 8 5 3 1 2 7 6 0 4
26 18 8 3 0 4 2 7 6 1 5
26 18 8 3 5 4 2 0 6 1 7
26 18 8 5 4 2 0 3 6 1 7
26 18 8 5 4 1 2 3 6 0 7
26 20 6 5 3 0 7 2 6 4 1
26 21 5 2 0 3 4 5 6 1 7
27 18 9 2 3 4 0 7 6 1 5
27 18 9 2 5 4 0 3 6 1 7
27 18 9 7 5 4 2 3 6 1 0
27 21 6 2 3 1 4 5 6 0 7
28 18 10 6 3 4 2 7 0 1 5
28 19 9 5 6 4 2 0 3 1 7
28 19 9 5 6 4 2 3 1 0 7
28 21 7 3 4 2 0 5 6 1 7
28 21 7 3 4 1 2 5 6 0 7
28 21 7 2 3 4 7 5 6 0 1
28 22 6 5 3 1 7 2 6 0 4
28 22 6 7 3 0 4 5 6 1 2
28 22 6 0 5 3 4 2 6 1 7
28 23 5 5 3 1 4 2 6 7 0
29 18 11 6 5 4 2 3 0 1 7
29 21 8 2 3 4 7 0 6 1 5
29 22 7 5 3 4 7 6 0 1 2
29 22 7 0 3 4 7 5 6 1 2
29 22 7 5 0 3 7 2 6 1 4
29 22 7 5 3 7 0 2 6 1 4
29 22 7 3 0 4 7 2 6 1 5
29 22 7 7 3 4 2 5 0 6 1
29 22 7 7 3 0 2 5 6 4 1
29 22 7 5 6 3 4 2 0 1 7
29 23 6 5 0 3 4 7 6 1 2
29 23 6 5 3 1 4 2 0 6 7
29 24 5 2 3 4 1 5 6 7 0
30 21 9 2 3 0 7 5 6 1 4
30 22 8 3 6 4 2 5 1 0 7
30 22 8 7 3 4 0 2 6 1 5
30 22 8 6 3 4 7 2 0 1 5
30 23 7 5 3 4 2 0 7 6 1
30 23 7 5 3 1 4 7 6 0 2
30 24 6 7 0 3 2 5 6 1 4
30 26 4 0 2 3 4 5 6 1 7
31 22 9 3 6 4 2 0 5 1 7
31 22 9 7 3 4 1 5 6 0 2
31 23 8 5 3 4 0 6 1 7 2
31 23 8 5 0 4 2 7 3 6 1
31 24 7 2 3 4 1 5 0 6 7
31 24 7 2 3 0 1 5 6 4 7
31 24 7 7 3 2 0 5 6 1 4
31 24 7 7 3 1 2 5 6 0 4
31 24 7 5 0 3 2 7 6 4 1
31 24 7 5 3 4 1 0 2 6 7
31 24 7 5 0 4 1 2 3 6 7
31 24 7 5 3 4 0 2 6 7 1
31 25 6 6 3 4 2 5 1 7 0
31 25 6 5 3 4 7 0 2 6 1
31 25 6 5 0 4 7 2 3 6 1
31 27 4 2 3 1 4 5 6 7 0
32 22 10 5 0 4 7 3 6 1 2
32 22 10 7 3 4 5 0 6 1 2
32 23 9 5 3 4 2 0 1 7 6
32 24 8 7 3 4 2 6 0 1 5
32 24 8 5 0 3 2 6 1 4 7
32 24 8 5 3 2 0 6 1 4 7
32 24 8 5 3 2 0 7 6 4 1
32 24 8 5 3 4 1 0 6 7 2
32 25 7 7 3 4 5 2 6 0 1
32 25 7 0 5 3 2 7 6 1 4
32 25 7 5 0 3 1 2 6 4 7
32 25 7 5 3 1 0 2 6 4 7
32 26 6 5 3 2 4 7 6 1 0
32 26 6 5 4 1 2 3 6 7 0
32 26 6 2 6 3 4 5 0 1 7
33 23 10 5 3 0 2 6 1 7 4
33 23 10 0 3 4 2 6 1 7 5
33 24 9 5 3 0 1 2 6 7 4
33 24 9 0 3 4 1 2 6 7 5
33 25 8 2 3 4 5 6 0 1 7
33 25 8 2 3 4 5 7 6 1 0
33 25 8 3 0 4 5 7 6 1 2
33 25 8 0 3 4 2 6 5 1 7
33 25 8 6 3 4 2 7 5 1 0
33 25 8 6 3 0 2 5 1 4 7
33 25 8 0 6 4 2 5 3 1 7
33 25 8 6 4 0 2 5 3 1 7
33 25 8 3 4 0 5 2 6 1 7
33 25 8 3 6 4 5 2 0 1 7
33 25 8 5 6 3 2 7 0 1 4
33 26 7 5 3 4 1 7 0 6 2
33 26 7 5 3 4 1 7 6 2 0
33 26 7 6 3 4 5 2 1 0 7
33 26 7 5 3 1 2 7 0 6 4
33 26 7 5 3 1 2 7 6 4 0
33 26 7 5 4 2 7 3 6 1 0
33 26 7 5 0 3 7 2 6 4 1
33 26 7 5 3 7 0 2 6 4 1
33 28 5 3 4 1 2 5 6 7 0
33 28 5 5 3 1 7 2 0 6 4
33 28 5 5 3 1 7 2 6 4 0
33 28 5 7 0 3 4 5 6 1 2
34 24 10 7 0 4 2 3 6 1 5
34 25 9 6 3 4 0 2 5 1 7
34 25 9 7 3 0 5 2 6 1 4
34 26 8 5 3 0 1 7 6 4 2
34 26 8 6 3 4 5 0 2 1 7
34 26 8 6 0 4 5 2 3 1 7
34 26 8 3 4 0 2 7 6 1 5
34 26 8 3 5 4 2 7 6 1 0
34 26 8 5 4 1 2 3 0 6 7
34 27 7 2 3 0 4 7 6 1 5
34 27 7 2 5 0 4 3 6 1 7
34 27 7 2 5 4 7 3 6 1 0
34 27 7 2 3 1 4 5 0 6 7
34 28 6 3 4 2 7 5 6 1 0
34 28 6 2 3 4 7 5 0 6 1
34 28 6 7 3 1 4 5 6 0 2
34 28 6 2 5 3 4 0 6 1 7
35 25 10 2 0 4 5 3 6 1 7
35 25 10 6 3 4 5 7 0 1 2
35 26 9 6 5 4 2 0 3 1 7
35 26 9 5 4 2 0 6 3 1 7
35 26 9 5 4 1 2 6 3 0 7
35 26 9 0 3 2 5 7 6 1 4
35 26 9 5 3 2 7 0 6 1 4
35 26 9 3 6 4 2 7 0 1 5
35 26 9 3 5 4 2 6 0 1 7
35 26 9 0 4 2 5 3 6 1 7
35 27 8 7 5 4 2 3 6 0 1
35 27 8 7 5 4 0 3 6 1 2
35 28 7 5 6 4 2 3 1 7 0
35 28 7 2 3 0 7 5 6 4 1
35 28 7 7 5 3 4 2 6 1 0
35 28 7 5 3 1 0 2 6 7 4
35 28 7 5 3 1 4 0 6 7 2
35 29 6 5 3 7 4 2 6 1 0
35 29 6 7 0 3 2 5 6 4 1
35 29 6 0 5 3 4 7 6 1 2
35 29 6 2 3 4 0 5 6 7 1
35 30 5 5 2 3 4 0 6 1 7
35 30 5 7 2 3 4 5 6 1 0
36 25 11 6 0 4 2 3 5 1 7
36 26 10 2 5 4 0 6 3 1 7
36 26 10 7 5 4 2 6 3 1 0
36 26 10 5 3 2 1 7 6 0 4
36 26 10 3 5 4 0 2 6 1 7
36 26 10 5 4 2 3 0 6 1 7
36 26 10 5 4 2 1 3 6 0 7
36 27 9 7 5 4 2 0 6 1 3
36 28 8 6 3 4 2 0 7 1 5
36 28 8 6 3 4 2 7 1 0 5
36 28 8 0 4 2 3 5 6 1 7
36 28 8 3 4 1 2 5 0 6 7
36 28 8 4 5 3 0 2 6 1 7
36 28 8 5 3 0 4 2 6 7 1
36 28 8 0 3 1 4 2 6 7 5
36 29 7 2 3 4 7 6 0 1 5
36 29 7 5 3 4 7 6 1 0 2
36 29 7 3 0 4 7 5 6 1 2
36 29 7 0 5 3 7 2 6 1 4
36 29 7 5 6 3 7 2 0 1 4
36 29 7 3 4 0 7 2 6 1 5
36 29 7 3 6 4 7 2 0 1 5
36 29 7 7 3 4 2 0 5 6 1
36 29 7 7 3 2 0 5 6 4 1
36 29 7 5 6 3 4 0 2 1 7
36 29 7 5 6 3 4 2 1 0 7
36 29 7 5 6 3 4 7 0 1 2
36 29 7 5 3 1 4 0 2 6 7
36 29 7 5 0 1 4 2 3 6 7
36 30 6 2 0 3 7 5 6 1 4
36 30 6 3 6 4 2 5 1 7 0
36 30 6 6 3 4 7 2 1 0 5
36 30 6 5 3 1 4 7 6 2 0
36 30 6 0 7 3 2 5 6 1 4
36 30 6 4 2 3 0 5 6 1 7
36 31 5 7 3 2 4 5 6 1 0
37 27 10 2 3 4 1 7 6 0 5
37 27 10 2 5 4 3 0 6 1 7
37 27 10 2 5 4 1 3 6 0 7
37 27 10 7 5 0 2 3 6 1 4
37 28 9 6 0 4 2 7 3 1 5
37 28 9 5 6 4 2 7 3 1 0
37 28 9 5 6 0 2 3 1 4 7
37 28 9 3 4 2 1 5 6 0 7
37 28 9 6 5 3 4 2 0 1 7
37 29 8 5 0 4 7 6 3 1 2
37 29 8 0 3 7 5 2 6 1 4
37 29 8 7 0 4 2 5 3 6 1
37 29 8 2 3 4 1 0 6 7 5
37 29 8 2 3 0 1 5 6 7 4
37 29 8 0 3 4 1 5 6 7 2
37 30 7 2 3 7 0 5 6 1 4
37 30 7 2 3 1 7 5 6 0 4
37 30 7 7 3 0 4 2 6 1 5
37 30 7 6 3 4 7 0 2 1 5
37 30 7 6 0 4 7 2 3 1 5
37 30 7 0 3 4 2 5 7 6 1
37 30 7 5 3 4 2 1 7 6 0
37 30 7 5 3 1 4 7 0 6 2
37 30 7 7 6 3 2 5 0 1 4
37 30 7 6 2 3 4 5 0 1 7
37 31 6 7 3 4 1 5 6 2 0
37 31 6 2 0 3 1 5 6 4 7
37 31 6 7 3 1 2 5 6 4 0
37 31 6 0 3 4 7 5 2 6 1
37 31 6 5 3 4 7 1 2 6 0
37 31 6 0 5 4 7 2 3 6 1
37 31 6 5 4 0 7 2 3 6 1
37 31 6 2 3 1 0 5 6 7 4
38 28 10 5 6 4 0 2 3 1 7
38 28 10 3 4 2 5 0 6 1 7
38 29 9 6 5 4 2 3 1 0 7
38 29 9 6 3 4 7 5 0 1 2
38 29 9 5 3 7 1 2 6 0 4
38 30 8 3 6 0 2 5 1 4 7
38 30 8 5 3 4 0 2 7 6 1
38 31 7 7 3 4 1 5 0 6 2
38 31 7 7 3 0 1 5 6 4 2
38 31 7 5 3 0 4 6 1 7 2
38 31 7 2 3 4 1 0 5 6 7
38 31 7 2 3 1 0 5 6 4 7
38 31 7 7 3 1 2 5 0 6 4
38 31 7 0 5 3 2 7 6 4 1
38 31 7 0 3 4 1 5 2 6 7
38 31 7 5 3 4 1 7 2 6 0
38 31 7 0 5 4 1 2 3 6 7
38 31 7 5 4 0 1 2 3 6 7
38 31 7 6 3 4 0 5 1 7 2
38 31 7 2 3 1 4 0 6 7 5
38 31 7 2 3 0 4 5 6 7 1
38 31 7 0 3 1 4 5 6 7 2
38 32 6 5 3 2 7 6 1 4 0
38 32 6 7 3 4 5 2 0 6 1
38 32 6 2 6 3 4 5 1 0 7
38 33 5 0 7 3 4 5 6 1 2
39 29 10 2 0 4 7 3 6 1 5
39 29 10 5 3 7 2 0 6 1 4
39 30 9 7 3 4 1 2 6 0 5
39 31 8 0 5 4 2 7 3 6 1
39 31 8 5 4 0 2 7 3 6 1
39 31 8 2 0 4 1 5 3 6 7
39 31 8 0 3 2 7 5 6 1 4
39 31 8 5 6 3 2 7 0 4 1
39 31 8 0 3 4 5 2 6 7 1
39 32 7 0 3 4 2 5 1 7 6
39 32 7 5 3 2 1 7 6 4 0
39 32 7 7 3 0 5 2 6 4 1
39 32 7 7 5 3 2 0 6 1 4
39 32 7 0 5 3 1 2 6 4 7
39 32 7 5 3 2 4 7 6 0 1
39 32 7 5 4 1 0 3 6 7 2
39 32 7 2 6 3 4 0 5 1 7
39 33 6 5 0 3 1 2 6 7 4
39 33 6 6 3 4 5 2 1 7 0
39 33 6 5 3 7 1 2 6 4 0
39 33 6 3 4 1 0 5 6 7 2
39 33 6 5 3 1 7 0 2 6 4
39 33 6 5 0 1 7 2 3 6 4
39 33 6 7 6 3 4 5 0 1 2
39 34 5 6 3 4 7 2 5 1 0
39 34 5 7 3 1 4 5 6 2 0
39 35 4 7 2 3 4 5 6 0 1
40 30 10 5 0 4 2 3 7 6 1
40 31 9 0 6 4 2 3 5 1 7
40 31 9 3 6 4 2 7 5 1 0
40 31 9 0 3 4 5 6 1 7 2
40 31 9 7 3 2 1 5 6 0 4
40 31 9 5 3 4 0 1 2 6 7
40 31 9 5 3 4 2 0 6 7 1
40 31 9 6 3 4 2 0 1 7 5
40 31 9 6 3 0 2 5 1 7 4
40 31 9 5 0 4 7 3 2 6 1
40 31 9 5 3 4 0 7 2 6 1
40 32 8 0 5 4 7 3 6 1 2
40 32 8 5 4 0 7 3 6 1 2
40 32 8 5 6 4 7 3 0 1 2
40 32 8 7 3 4 5 6 0 1 2
40 32 8 5 3 4 2 1 0 7 6
40 32 8 7 3 4 2 6 1 0 5
40 32 8 0 5 3 2 6 1 4 7
40 32 8 5 1 3 2 6 0 4 7
40 32 8 5 3 4 1 6 0 7 2
40 32 8 2 5 3 0 7 6 1 4
40 32 8 4 5 3 2 7 6 1 0
40 32 8 5 6 3 1 2 0 4 7
40 32 8 0 3 1 5 2 6 4 7
40 32 8 5 3 2 4 0 6 1 7
40 32 8 5 4 1 2 0 6 7 3
40 33 7 5 0 3 2 6 1 7 4
40 33 7 3 0 4 1 2 6 7 5
40 33 7 1 3 4 0 2 6 7 5
40 33 7 6 0 3 2 5 1 4 7
40 33 7 3 4 5 0 2 6 1 7
40 33 7 5 3 4 1 0 7 6 2
40 33 7 6 3 0 5 2 1 4 7
40 33 7 5 3 1 2 0 7 6 4
40 33 7 0 5 3 7 2 6 4 1
40 33 7 5 6 3 7 2 0 4 1
40 34 6 7 3 5 0 2 6 1 4
40 34 6 2 0 3 4 7 6 1 5
40 34 6 2 3 4 7 0 5 6 1
40 34 6 2 5 3 4 7 6 1 0
40 35 5 5 2 3 4 7 6 1 0
40 35 5 7 2 3 0 5 6 1 4
40 36 4 4 2 3 7 5 6 1 0
41 31 10 3 6 4 0 2 5 1 7
41 31 10 5 3 4 6 0 1 7 2
41 31 10 7 3 2 5 0 6 1 4
41 31 10 5 0 4 1 3 2 6 7
41 32 9 5 3 4 0 2 1 7 6
41 32 9 7 0 4 2 6 3 1 5
41 32 9 0 3 2 5 6 1 4 7
41 32 9 0 3 2 5 7 6 4 1
41 32 9 5 3 2 7 0 6 4 1
41 32 9 5 0 4 1 3 6 7 2
41 32 9 5 3 4 0 1 6 7 2
41 32 9 0 3 2 4 7 6 1 5
41 32 9 5 4 0 2 3 6 7 1
41 32 9 0 4 1 2 3 6 7 5
41 33 8 5 3 2 0 6 1 7 4
41 33 8 5 3 7 2 6 1 0 4
41 33 8 3 0 4 2 6 1 7 5
41 33 8 2 3 4 5 6 1 0 7
41 33 8 2 3 4 5 7 6 0 1
41 33 8 3 4 0 5 7 6 1 2
41 33 8 6 3 4 2 7 5 0 1
41 33 8 6 3 4 0 7 5 1 2
41 33 8 6 3 2 0 5 1 4 7
41 33 8 6 4 2 0 5 3 1 7
41 33 8 6 4 1 2 5 3 0 7
41 33 8 3 4 1 5 2 6 0 7
41 33 8 3 6 4 5 2 1 0 7
41 33 8 5 6 3 2 0 7 1 4
41 33 8 5 6 3 2 7 1 0 4
41 33 8 5 0 4 1 7 3 6 2
41 33 8 5 3 4 0 7 6 2 1
41 33 8 5 0 1 2 7 3 6 4
41 33 8 5 3 1 0 7 6 4 2
41 33 8 5 4 2 7 3 6 0 1
41 33 8 0 3 7 5 2 6 4 1
41 33 8 3 4 1 2 0 6 7 5
41 33 8 3 4 0 2 5 6 7 1
41 33 8 0 4 1 2 5 6 7 3
41 33 8 5 3 1 7 0 6 4 2
41 33 8 0 3 1 7 2 6 4 5
41 34 7 6 3 0 4 2 5 1 7
41 34 7 7 0 3 5 2 6 1 4
41 34 7 7 3 1 5 2 6 0 4
41 34 7 5 0 3 1 7 6 4 2
41 34 7 5 0 1 2 3 4 6 7
41 34 7 2 3 1 4 7 6 0 5
41 34 7 2 0 5 4 3 6 1 7
41 34 7 2 5 1 4 3 6 0 7
41 34 7 2 3 1 4 0 5 6 7
41 34 7 2 0 1 4 5 3 6 7
41 34 7 3 4 2 7 5 6 0 1
41 34 7 2 0 4 7 5 3 6 1
41 34 7 7 3 1 4 5 0 6 2
41 34 7 2 5 3 4 6 0 1 7
41 35 6 2 0 3 7 5 6 4 1
41 35 6 7 5 3 4 2 6 0 1
41 35 6 0 7 3 2 5 6 4 1
41 35 6 7 5 3 4 0 6 1 2
41 35 6 5 2 3 4 6 0 1 7
41 35 6 7 2 3 4 0 6 1 5
41 36 5 5 0 3 4 2 6 7 1
41 36 5 5 6 3 4 2 1 7 0
41 36 5 0 2 3 7 5 6 1 4
41 36 5 6 3 4 7 2 1 5 0
42 31 11 3 0 4 2 6 5 1 7
42 32 10 7 0 4 5 3 6 1 2
42 32 10 5 0 4 2 3 1 7 6
42 32 10 5 3 2 6 0 1 4 7
42 32 10 5 3 2 4 6 1 0 7
42 32 10 6 5 3 2 7 0 1 4
42 32 10 5 3 1 2 0 6 4 7
42 33 9 2 3 4 0 6 1 7 5
42 33 9 1 3 4 2 6 0 7 5
42 33 9 6 3 4 1 2 0 7 5
42 33 9 2 0 4 5 6 3 1 7
42 33 9 3 6 4 5 7 0 1 2
42 33 9 2 3 4 0 6 5 1 7
42 33 9 7 3 4 2 6 5 1 0
42 33 9 2 6 4 0 5 3 1 7
42 33 9 7 6 4 2 5 3 1 0
42 33 9 3 6 4 5 0 2 1 7
42 33 9 5 3 4 1 0 6 2 7
42 33 9 5 4 2 7 0 6 1 3
42 33 9 5 3 7 4 2 6 0 1
42 34 8 0 7 4 2 3 6 1 5
42 34 8 7 4 0 2 3 6 1 5
42 34 8 0 3 4 6 2 5 1 7
42 34 8 0 3 4 5 6 2 1 7
42 34 8 6 3 4 5 7 2 1 0
42 34 8 0 6 4 5 2 3 1 7
42 34 8 6 4 0 5 2 3 1 7
42 34 8 3 4 2 0 7 6 1 5
42 34 8 3 4 1 2 7 6 0 5
42 34 8 3 5 4 2 7 6 0 1
42 34 8 3 5 4 0 7 6 1 2
42 34 8 5 4 1 2 0 3 6 7
42 34 8 2 5 4 7 3 6 0 1
42 35 7 0 2 4 5 3 6 1 7
42 35 7 5 4 2 7 6 3 1 0
42 35 7 5 4 1 2 6 3 7 0
42 35 7 5 3 2 7 6 0 1 4
42 35 7 5 3 2 7 4 6 1 0
42 35 7 7 5 0 4 3 6 1 2
42 35 7 2 3 7 0 5 6 4 1
42 35 7 7 5 3 0 2 6 1 4
42 35 7 5 3 1 4 6 0 7 2
42 35 7 7 6 3 2 5 0 4 1
42 35 7 0 3 4 2 5 6 7 1
42 35 7 7 2 0 4 5 6 1 3
42 36 6 3 5 4 7 2 6 1 0
42 36 6 5 4 2 1 3 6 7 0
42 36 6 4 5 3 7 2 6 1 0
42 36 6 3 0 1 4 2 6 7 5
42 36 6 5 3 4 7 6 1 2 0
42 36 6 7 3 2 1 5 6 4 0
42 36 6 0 6 3 4 5 2 1 7
42 36 6 6 3 0 7 2 1 4 5
42 36 6 4 2 0 3 5 6 1 7
42 36 6 7 3 2 4 5 6 0 1
42 37 5 3 4 2 1 5 6 7 0
42 37 5 2 0 3 1 5 6 7 4
42 37 5 2 3 7 4 5 6 1 0
42 37 5 6 2 3 4 5 1 0 7
42 37 5 0 2 3 1 5 6 4 7
42 38 4 2 0 3 4 5 6 7 1
42 38 4 2 6 3 4 5 1 7 0
43 33 10 2 3 0 5 7 6 1 4
43 33 10 6 3 0 2 7 5 1 4
43 33 10 0 3 4 2 7 5 1 6
43 33 10 5 3 0 1 7 6 2 4
43 33 10 0 3 4 1 7 6 2 5
43 33 10 0 3 1 2 7 6 4 5
43 33 10 0 4 2 7 3 6 1 5
43 33 10 5 3 7 2 0 6 4 1
43 34 9 7 6 4 2 3 0 1 5
43 34 9 6 3 4 1 2 5 0 7
43 34 9 2 5 4 7 0 6 1 3
43 34 9 3 4 2 7 0 6 1 5
43 34 9 3 4 0 7 5 6 1 2
43 34 9 0 4 2 7 5 6 1 3
43 34 9 2 5 3 0 4 6 1 7
43 35 8 2 4 0 5 3 6 1 7
43 35 8 6 3 4 5 0 7 1 2
43 35 8 6 3 4 5 7 1 0 2
43 35 8 3 0 2 5 7 6 1 4
43 35 8 4 0 2 5 3 6 1 7
43 35 8 7 5 4 2 3 0 6 1
43 35 8 7 5 0 2 3 6 4 1
43 35 8 5 6 4 0 3 1 7 2
43 35 8 0 3 1 5 2 6 7 4
43 35 8 5 0 1 4 3 6 7 2
43 35 8 5 3 7 4 0 6 1 2
43 35 8 4 5 3 0 7 6 1 2
43 35 8 5 2 3 0 4 6 1 7
43 36 7 2 5 4 7 6 3 1 0
43 36 7 5 3 2 1 7 0 6 4
43 36 7 3 5 0 4 2 6 1 7
43 36 7 6 3 4 2 7 1 5 0
43 36 7 4 0 2 3 5 6 1 7
43 36 7 3 0 1 2 5 4 6 7
43 36 7 2 3 4 7 6 1 0 5
43 36 7 5 3 0 7 6 1 4 2
43 36 7 2 5 3 7 0 6 1 4
43 36 7 5 6 3 7 2 1 0 4
43 36 7 3 4 1 7 2 6 0 5
43 36 7 3 6 4 7 2 1 0 5
43 36 7 0 3 4 2 7 5 6 1
43 36 7 7 3 4 2 1 5 6 0
43 36 7 5 6 3 4 7 2 1 0
43 36 7 5 6 3 4 0 7 1 2
43 36 7 5 6 3 4 7 1 0 2
43 36 7 0 3 1 4 5 2 6 7
43 36 7 5 3 1 4 7 2 6 0
43 36 7 0 5 1 4 2 3 6 7
43 36 7 5 1 0 4 2 3 6 7
43 36 7 2 6 3 7 5 0 1 4
43 36 7 3 6 4 0 5 1 7 2
43 36 7 5 7 3 2 0 6 1 4
43 36 7 2 7 3 0 5 6 1 4
43 36 7 4 7 3 2 5 6 1 0
43 36 7 4 2 3 1 5 6 0 7
43 37 6 2 5 4 1 3 6 7 0
43 37 6 3 0 4 1 5 6 7 2
43 37 6 1 3 4 0 5 6 7 2
43 37 6 2 3 1 7 5 0 6 4
43 37 6 2 3 1 7 5 6 4 0
43 37 6 7 0 3 4 2 6 1 5
43 37 6 6 2 3 4 0 5 1 7
43 37 6 6 0 3 4 5 2 1 7
43 37 6 1 3 4 7 5 2 6 0
43 37 6 1 5 4 7 2 3 6 0
43 38 5 5 3 4 1 2 7 6 0
43 38 5 3 0 1 4 5 6 7 2
44 34 10 6 3 4 0 5 2 1 7
44 34 10 3 5 0 2 7 6 1 4
44 34 10 0 5 4 2 7 6 1 3
44 34 10 2 5 0 7 3 6 1 4
44 35 9 2 6 4 5 3 0 1 7
44 35 9 6 0 4 5 7 3 1 2
44 35 9 6 5 4 2 7 3 1 0
44 35 9 5 4 1 2 6 0 3 7
44 35 9 4 3 2 5 7 6 1 0
44 35 9 3 6 4 2 0 7 1 5
44 35 9 3 6 4 2 7 1 0 5
44 35 9 3 5 4 2 6 1 0 7
44 35 9 7 4 2 5 3 6 1 0
44 35 9 5 6 4 2 0 1 7 3
44 35 9 7 5 0 4 2 6 1 3
44 35 9 5 3 1 2 0 6 7 4
44 35 9 5 3 1 0 4 6 7 2
44 35 9 0 3 7 4 2 6 1 5
44 35 9 6 5 3 4 7 0 1 2
44 35 9 2 3 4 5 0 6 7 1
44 36 8 2 5 0 4 6 3 1 7
44 36 8 5 4 2 3 7 6 1 0
44 36 8 5 4 2 1 3 0 6 7
44 36 8 5 4 0 1 3 6 2 7
44 36 8 0 3 4 2 6 7 1 5
44 36 8 6 3 4 2 5 7 1 0
44 36 8 6 3 0 2 7 1 4 5
44 36 8 7 4 2 3 5 6 1 0
44 36 8 3 4 1 2 0 5 6 7
44 36 8 4 5 0 3 2 6 1 7
44 36 8 4 3 1 0 2 6 7 5
44 36 8 2 0 4 7 6 3 1 5
44 36 8 3 6 4 7 5 0 1 2
44 36 8 5 6 3 7 0 2 1 4
44 36 8 3 4 7 0 2 6 1 5
44 36 8 3 6 4 7 0 2 1 5
44 36 8 7 3 4 0 2 5 6 1
44 36 8 0 3 2 7 5 6 4 1
44 36 8 5 6 0 4 2 1 3 7
44 36 8 5 3 1 0 7 6 2 4
44 36 8 5 3 1 4 0 6 2 7
44 36 8 4 2 3 5 0 6 1 7
44 36 8 7 3 2 4 0 6 1 5
44 36 8 0 3 2 4 5 6 1 7
44 37 7 2 3 4 1 7 0 6 5
44 37 7 2 3 4 1 7 6 5 0
44 37 7 3 4 0 1 5 6 2 7
44 37 7 6 5 3 4 0 2 1 7
44 37 7 6 5 3 4 2 1 0 7
44 37 7 6 0 3 4 2 5 1 7
44 37 7 2 3 7 1 5 6 0 4
44 37 7 7 3 1 4 2 6 0 5
44 37 7 0 3 4 7 6 2 1 5
44 37 7 6 3 4 7 5 2 1 0
44 37 7 0 6 4 7 2 3 1 5
44 37 7 6 4 0 7 2 3 1 5
44 37 7 1 3 4 2 5 7 6 0
44 37 7 5 3 4 0 1 7 6 2
44 37 7 5 3 1 4 0 7 6 2
44 37 7 7 6 3 2 5 1 0 4
44 37 7 7 3 4 0 5 6 2 1
44 37 7 2 6 3 1 5 0 4 7
44 37 7 7 3 1 0 5 6 4 2
44 37 7 3 0 4 7 5 2 6 1
44 37 7 5 3 4 7 1 2 0 6
44 37 7 2 5 4 7 0 3 6 1
44 37 7 5 4 7 0 2 3 6 1
44 37 7 5 4 6 7 2 3 0 1
44 37 7 0 3 1 2 5 6 7 4
44 38 6 5 6 4 7 2 3 1 0
44 38 6 5 3 7 1 2 0 6 4
44 38 6 5 3 0 4 2 7 6 1
44 38 6 7 0 3 1 5 6 4 2
44 38 6 5 0 3 4 6 1 7 2
44 38 6 0 3 4 1 2 5 6 7
44 38 6 6 3 0 4 5 1 7 2
44 38 6 2 3 7 4 5 6 0 1
44 38 6 5 7 3 4 0 6 1 2
44 38 6 2 7 3 4 5 6 1 0
44 39 5 7 2 3 4 5 0 6 1
44 39 5 7 2 0 4 5 6 3 1
45 34 11 6 0 4 5 3 2 1 7
45 35 10 6 5 4 0 2 3 1 7
45 35 10 0 4 2 5 6 3 1 7
45 35 10 6 3 2 5 7 0 1 4
45 35 10 5 0 2 7 3 6 1 4
45 35 10 7 5 4 3 0 6 1 2
45 35 10 7 5 4 1 3 6 0 2
45 35 10 5 6 0 2 3 1 7 4
45 35 10 0 6 4 2 3 1 7 5
45 36 9 6 4 0 2 3 5 1 7
45 36 9 7 5 4 2 6 3 0 1
45 36 9 7 5 4 0 6 3 1 2
45 36 9 0 5 4 3 2 6 1 7
45 36 9 5 4 2 3 6 0 1 7
45 36 9 7 5 4 2 6 0 1 3
45 36 9 7 0 4 2 5 6 1 3
45 36 9 6 3 4 0 2 7 1 5
45 36 9 4 5 3 2 0 6 1 7
45 36 9 4 5 3 1 2 6 0 7
45 36 9 6 3 1 4 2 0 7 5
45 36 9 6 5 3 7 2 0 1 4
45 36 9 5 0 3 4 6 2 1 7
45 36 9 5 3 1 0 4 2 6 7
45 36 9 3 6 4 2 0 1 7 5
45 36 9 3 6 0 2 5 1 7 4
45 36 9 0 6 4 2 5 1 7 3
45 36 9 5 3 0 4 7 6 2 1
45 36 9 0 3 1 4 7 6 2 5
45 36 9 6 7 3 2 5 0 1 4
45 37 8 2 3 0 1 7 6 4 5
45 37 8 2 5 4 3 7 6 1 0
45 37 8 2 5 4 1 3 0 6 7
45 37 8 2 5 0 1 3 6 4 7
45 37 8 7 0 5 2 3 6 1 4
45 37 8 7 5 2 0 3 6 1 4
45 37 8 7 5 1 2 3 6 0 4
45 37 8 3 4 2 1 5 0 6 7
45 37 8 0 5 4 7 6 3 1 2
45 37 8 5 4 0 7 6 3 1 2
45 37 8 3 0 7 5 2 6 1 4
45 37 8 2 3 7 5 0 6 1 4
45 37 8 4 3 7 5 2 6 1 0
45 37 8 0 7 4 2 5 3 6 1
45 37 8 7 4 0 2 5 3 6 1
45 37 8 2 3 4 1 6 0 7 5
45 37 8 0 3 7 2 5 6 1 4
45 37 8 3 0 4 2 5 7 6 1
45 37 8 2 3 4 0 5 7 6 1
45 37 8 5 3 4 2 1 7 0 6
45 37 8 5 0 1 4 7 3 6 2
45 37 8 7 6 3 2 0 5 1 4
45 37 8 7 3 4 0 5 2 6 1
45 37 8 5 3 0 7 1 2 6 4
45 37 8 0 3 4 7 1 2 6 5
45 37 8 7 5 4 0 2 3 6 1
45 37 8 3 5 4 7 2 0 6 1
45 38 7 6 5 4 2 3 1 7 0
45 38 7 6 3 4 7 0 5 1 2
45 38 7 6 3 4 7 5 1 0 2
45 38 7 0 3 4 5 2 7 6 1
45 38 7 7 3 4 1 0 5 6 2
45 38 7 2 3 4 1 7 5 6 0
45 38 7 7 3 1 2 0 5 6 4
45 38 7 7 5 3 2 0 6 4 1
45 38 7 1 5 3 2 7 6 4 0
45 38 7 1 3 4 0 5 2 6 7
45 38 7 1 5 4 0 2 3 6 7
45 38 7 5 4 1 0 2 3 6 7
45 38 7 2 3 1 4 6 0 7 5
45 38 7 4 3 1 0 5 6 7 2
45 38 7 5 3 2 7 6 1 0 4
45 38 7 7 3 4 5 0 2 6 1
45 38 7 7 0 4 5 2 3 6 1
45 38 7 2 6 0 4 5 1 3 7
45 38 7 4 7 3 0 5 6 1 2
45 39 6 7 3 4 1 2 0 6 5
45 39 6 7 3 4 1 2 6 5 0
45 39 6 7 3 5 0 2 6 4 1
45 39 6 0 5 3 1 2 6 7 4
45 39 6 3 4 0 1 5 6 7 2
45 39 6 0 3 1 7 5 2 6 4
45 39 6 5 3 1 7 4 2 6 0
45 39 6 0 5 1 7 2 3 6 4
45 39 6 5 1 0 7 2 3 6 4
45 39 6 7 6 3 4 5 1 0 2
45 39 6 6 3 4 7 2 5 0 1
45 40 5 1 3 0 4 2 6 7 5
45 40 5 1 3 4 5 2 6 7 0
45 40 5 3 4 5 7 2 6 1 0
45 40 5 7 3 5 4 2 6 1 0
45 40 5 0 2 3 4 7 6 1 5
45 40 5 0 3 4 7 2 5 6 1
45 40 5 5 2 3 4 7 6 0 1
45 40 5 4 2 3 7 5 6 0 1
45 42 3 6 2 3 4 5 1 7 0
45 42 3 0 2 3 4 5 6 7 1
46 35 11 5 4 2 6 0 3 1 7
46 35 11 5 4 2 1 6 3 0 7
46 35 11 6 4 2 5 3 0 1 7
46 36 10 7 5 4 2 0 3 1 6
46 36 10 3 5 4 1 2 6 0 7
46 36 10 5 0 2 3 4 6 1 7
46 36 10 7 5 4 0 2 6 1 3
46 36 10 6 4 2 3 5 0 1 7
46 36 10 7 0 4 2 3 5 6 1
46 36 10 7 3 2 5 0 6 4 1
46 36 10 5 6 3 0 4 2 1 7
46 36 10 5 0 1 4 3 2 6 7
46 37 9 2 5 4 3 6 0 1 7
46 37 9 2 0 4 3 5 6 1 7
46 37 9 0 6 4 2 7 3 1 5
46 37 9 6 4 0 2 7 3 1 5
46 37 9 5 6 4 2 7 3 0 1
46 37 9 5 6 4 0 7 3 1 2
46 37 9 5 0 6 2 3 1 4 7
46 37 9 5 6 2 0 3 1 4 7
46 37 9 6 3 7 5 2 0 1 4
46 37 9 2 0 4 1 3 6 7 5
46 37 9 2 3 4 0 1 6 7 5
46 37 9 6 3 4 1 5 0 7 2
46 37 9 5 3 0 2 1 7 6 4
46 37 9 0 3 4 2 1 7 6 5
46 37 9 7 3 4 1 0 6 2 5
46 37 9 7 3 0 1 5 6 2 4
46 37 9 0 3 4 1 5 6 2 7
46 37 9 7 3 1 2 0 6 4 5
46 37 9 0 3 1 2 5 6 4 7
46 37 9 2 3 1 5 0 6 7 4
46 38 8 5 6 0 4 2 3 1 7
46 38 8 3 4 2 5 7 6 1 0
46 38 8 6 0 4 7 5 3 1 2
46 38 8 3 0 6 2 5 1 4 7
46 38 8 3 6 2 0 5 1 4 7
46 38 8 7 0 4 1 5 3 6 2
46 38 8 5 3 7 4 6 1 0 2
46 38 8 7 0 1 2 5 3 6 4
46 38 8 2 5 3 0 7 6 4 1
46 38 8 3 0 4 1 5 2 6 7
46 38 8 7 3 4 1 5 2 6 0
46 38 8 5 3 4 1 7 2 0 6
46 38 8 2 5 4 1 0 3 6 7
46 38 8 7 5 4 1 2 3 6 0
46 38 8 5 4 6 1 2 3 0 7
46 38 8 0 3 4 6 5 1 7 2
46 38 8 2 0 1 4 3 6 7 5
46 38 8 6 3 1 4 5 0 7 2
46 38 8 5 3 2 7 0 1 4 6
46 38 8 6 7 3 4 5 0 1 2
46 39 7 0 2 4 7 3 6 1 5
46 39 7 7 3 0 1 2 6 4 5
46 39 7 0 2 4 1 5 3 6 7
46 39 7 3 0 2 7 5 6 1 4
46 39 7 3 0 4 5 2 6 7 1
46 39 7 3 0 4 2 5 1 7 6
46 39 7 7 0 3 5 2 6 4 1
46 39 7 7 5 3 2 4 6 1 0
46 39 7 2 5 3 1 0 6 4 7
46 39 7 1 5 3 0 2 6 4 7
46 39 7 5 3 2 4 7 0 6 1
46 39 7 5 4 0 1 3 6 7 2
46 39 7 0 6 3 4 2 5 1 7
46 39 7 2 6 3 4 7 5 1 0
46 39 7 5 6 3 1 2 0 7 4
46 39 7 6 3 4 0 2 1 7 5
46 39 7 0 4 1 3 5 6 7 2
46 39 7 7 6 3 4 0 5 1 2
46 39 7 7 3 1 0 5 6 2 4
46 40 6 6 0 3 2 5 1 7 4
46 40 6 6 3 5 0 2 1 4 7
46 40 6 5 6 3 7 2 4 0 1
46 40 6 0 3 5 7 2 6 1 4
46 40 6 2 3 4 7 1 5 6 0
46 40 6 2 5 3 4 7 6 0 1
46 40 6 5 2 3 0 7 6 1 4
46 40 6 7 2 0 3 5 6 1 4
46 41 5 2 5 1 4 3 6 7 0
46 41 5 0 2 3 7 5 6 4 1
46 41 5 0 5 3 4 2 6 7 1
46 42 4 0 2 3 1 5 6 7 4
46 43 3 4 2 3 1 5 6 7 0
47 36 11 2 5 4 6 0 3 1 7
47 36 11 2 5 4 1 6 3 0 7
47 36 11 7 5 0 2 6 3 1 4
47 36 11 6 0 4 2 3 7 1 5
47 37 10 6 0 4 7 3 2 1 5
47 37 10 6 3 4 0 7 2 1 5
47 38 9 3 4 2 5 6 0 1 7
47 38 9 6 5 0 2 3 1 4 7
47 38 9 5 3 4 6 2 7 0 1
47 38 9 2 3 4 0 1 5 6 7
47 38 9 5 3 0 1 7 2 6 4
47 38 9 0 3 4 1 7 2 6 5
47 38 9 3 5 4 1 2 0 6 7
47 38 9 2 3 1 0 4 6 7 5
47 38 9 0 3 2 7 6 1 4 5
47 39 8 2 4 0 7 3 6 1 5
47 39 8 2 6 4 7 3 0 1 5
47 39 8 5 3 7 2 6 0 1 4
47 39 8 5 3 7 2 4 6 1 0
47 39 8 7 5 4 2 0 3 6 1
47 39 8 1 5 4 2 7 3 6 0
47 39 8 5 4 2 0 7 3 6 1
47 39 8 2 4 0 1 5 3 6 7
47 39 8 4 3 2 7 5 6 1 0
47 39 8 5 6 3 2 0 7 4 1
47 39 8 5 6 3 2 7 4 0 1
47 39 8 2 3 4 0 5 1 7 6
47 39 8 1 3 4 2 5 0 7 6
47 39 8 7 5 3 2 6 0 1 4
47 39 8 7 5 3 1 2 6 4 0
47 39 8 0 4 1 5 3 6 7 2
47 39 8 6 3 0 7 2 5 1 4
47 39 8 0 3 4 7 2 5 1 6
47 39 8 7 3 1 4 0 6 2 5
47 39 8 7 3 0 4 5 6 2 1
47 39 8 0 3 1 4 5 6 2 7
47 40 7 7 3 2 1 5 0 6 4
47 40 7 5 3 0 4 1 2 6 7
47 40 7 5 3 4 2 1 6 7 0
47 40 7 6 3 2 0 5 1 7 4
47 40 7 0 5 4 7 3 2 6 1
47 40 7 5 4 0 7 3 2 6 1
47 40 7 5 2 4 7 3 0 6 1
47 40 7 5 3 0 4 7 2 6 1
47 40 7 7 3 4 2 6 1 5 0
47 40 7 5 1 3 2 0 6 4 7
47 40 7 4 5 3 2 7 6 0 1
47 40 7 5 6 3 1 2 4 0 7
47 40 7 0 5 3 2 6 1 7 4
47 40 7 5 1 3 2 6 0 7 4
47 40 7 3 4 0 1 2 6 7 5
47 40 7 1 3 4 7 2 6 0 5
47 40 7 0 6 3 2 5 1 4 7
47 40 7 6 1 3 2 5 0 4 7
47 40 7 0 3 4 1 5 7 6 2
47 40 7 0 3 1 2 5 7 6 4
47 40 7 5 3 1 2 4 7 6 0
47 40 7 2 5 3 7 0 6 4 1
47 40 7 1 5 3 7 2 6 4 0
47 40 7 2 6 3 4 7 0 1 5
47 40 7 7 2 3 1 5 6 0 4
47 40 7 4 2 3 7 0 6 1 5
47 41 6 3 6 4 7 2 5 1 0
47 41 6 5 3 4 6 2 1 7 0
47 41 6 5 3 0 4 1 6 7 2
47 41 6 5 3 2 4 6 1 7 0
47 41 6 6 3 2 7 5 1 4 0
47 41 6 6 4 1 2 5 3 7 0
47 41 6 3 4 1 5 2 6 7 0
47 41 6 3 0 4 2 5 6 7 1
47 41 6 3 4 2 0 5 6 7 1
47 41 6 4 0 1 2 5 6 7 3
47 41 6 7 3 1 5 2 0 6 4
47 41 6 7 3 1 5 2 6 4 0
47 41 6 2 3 1 4 7 6 5 0
47 41 6 0 2 5 4 3 6 1 7
47 41 6 0 3 1 4 2 5 6 7
47 41 6 0 2 1 4 5 3 6 7
47 41 6 1 7 3 2 5 6 4 0
47 41 6 5 2 3 4 6 1 0 7
47 41 6 7 2 3 4 6 0 1 5
47 41 6 5 6 3 4 2 0 7 1
47 41 6 5 2 3 7 0 6 1 4
47 42 5 7 2 1 4 5 6 0 3
47 42 5 1 2 3 0 5 6 4 7
47 42 5 2 6 3 4 5 0 7 1
47 43 4 1 3 0 4 5 6 7 2
47 43 4 1 3 4 2 5 6 7 0
48 37 11 5 6 0 2 7 3 1 4
48 38 10 5 6 4 1 2 3 0 7
48 38 10 3 0 2 5 4 6 1 7
48 38 10 2 0 4 1 3 5 6 7
48 38 10 2 3 1 5 0 6 4 7
48 38 10 6 5 3 2 7 0 4 1
48 38 10 6 3 4 5 0 1 7 2
48 39 9 2 5 4 0 7 3 6 1
48 39 9 5 4 6 2 7 3 0 1
48 39 9 6 3 2 7 5 0 1 4
48 39 9 6 3 4 5 2 0 7 1
48 39 9 5 3 2 1 0 6 4 7
48 39 9 5 4 1 3 0 6 7 2
48 39 9 2 0 3 4 6 5 1 7
48 39 9 6 3 0 5 2 1 7 4
48 39 9 0 3 4 5 2 1 7 6
48 39 9 5 3 7 1 0 6 4 2
48 39 9 0 3 7 1 2 6 4 5
48 39 9 3 4 1 5 0 6 7 2
48 39 9 3 4 1 7 5 6 0 2
48 39 9 5 0 1 7 3 2 6 4
48 39 9 5 3 1 0 7 2 6 4
48 40 8 0 5 4 2 3 7 6 1
48 40 8 5 4 0 2 3 7 6 1
48 40 8 5 7 4 2 3 0 6 1
48 40 8 3 0 4 5 6 1 7 2
48 40 8 0 3 4 5 1 2 6 7
48 40 8 5 3 4 2 6 0 7 1
48 40 8 6 3 4 2 1 0 7 5
48 40 8 6 3 7 2 5 1 0 4
48 40 8 0 3 4 5 7 2 6 1
48 40 8 3 5 4 7 0 6 1 2
48 40 8 5 4 7 0 3 6 1 2
48 40 8 5 4 1 7 3 6 0 2
48 40 8 5 6 4 7 0 3 1 2
48 40 8 5 6 4 7 3 1 0 2
48 40 8 7 3 4 5 6 1 0 2
48 40 8 5 0 4 2 1 3 7 6
48 40 8 7 3 0 2 6 1 4 5
48 40 8 6 5 3 2 0 1 4 7
48 40 8 5 1 3 2 6 4 0 7
48 40 8 5 3 4 1 6 7 0 2
48 40 8 5 0 4 1 6 3 7 2
48 40 8 2 5 0 3 7 6 1 4
48 40 8 5 6 3 1 0 2 4 7
48 40 8 3 0 1 5 2 6 4 7
48 40 8 5 3 2 4 6 0 1 7
48 40 8 5 4 1 2 6 0 7 3
48 40 8 3 6 4 1 2 0 7 5
48 40 8 1 3 4 2 0 6 7 5
48 40 8 0 4 5 3 2 6 1 7
48 40 8 6 0 3 5 2 1 4 7
48 40 8 5 3 1 0 2 7 6 4
48 40 8 7 5 3 0 2 6 4 1
48 40 8 5 6 3 7 0 2 4 1
48 40 8 7 3 5 1 2 6 0 4
48 40 8 5 2 0 4 7 6 1 3
48 40 8 7 2 3 5 0 6 1 4
48 40 8 4 2 0 7 5 6 1 3
48 41 7 5 3 0 4 2 1 7 6
48 41 7 5 3 2 7 6 0 4 1
48 41 7 5 3 2 7 1 6 4 0
48 41 7 0 5 4 1 3 6 7 2
48 41 7 3 0 2 4 7 6 1 5
48 41 7 5 0 4 2 3 6 7 1
48 41 7 5 4 2 0 3 6 7 1
48 41 7 4 0 1 2 3 6 7 5
48 41 7 5 3 7 2 6 1 4 0
48 41 7 2 3 4 5 6 1 7 0
48 41 7 2 3 4 5 7 0 6 1
48 41 7 6 4 2 7 5 3 1 0
48 41 7 3 4 1 5 2 0 6 7
48 41 7 3 6 4 5 2 1 7 0
48 41 7 0 6 3 2 5 7 1 4
48 41 7 5 6 3 2 7 1 4 0
48 41 7 5 4 2 7 3 0 6 1
48 41 7 1 3 7 5 2 6 4 0
48 41 7 3 4 7 2 5 6 0 1
48 41 7 2 4 1 0 5 6 7 3
48 41 7 5 3 1 7 6 0 4 2
48 41 7 0 3 1 7 5 6 4 2
48 41 7 3 0 1 7 2 6 4 5
48 41 7 2 3 1 7 0 6 4 5
48 41 7 6 3 1 4 2 5 0 7
48 41 7 0 7 3 5 2 6 1 4
48 41 7 0 5 3 1 7 6 4 2
48 41 7 0 5 1 2 3 4 6 7
48 41 7 5 1 0 2 3 4 6 7
48 41 7 2 3 1 4 7 0 6 5
48 41 7 2 3 1 4 7 5 6 0
48 41 7 2 1 0 4 5 3 6 7
48 41 7 3 4 2 7 5 0 6 1
48 41 7 3 4 0 7 5 6 2 1
48 41 7 0 2 4 7 5 3 6 1
48 41 7 2 4 0 7 5 3 6 1
48 41 7 7 3 1 4 0 5 6 2
48 41 7 7 0 1 4 5 3 6 2
48 41 7 2 5 3 4 6 1 0 7
48 41 7 2 6 3 7 5 0 4 1
48 41 7 7 5 3 4 2 0 6 1
48 41 7 7 5 0 4 2 6 3 1
48 41 7 5 7 3 2 0 6 4 1
48 41 7 2 7 3 0 5 6 4 1
48 41 7 7 5 3 4 6 0 1 2
48 41 7 5 6 3 0 2 1 7 4
48 41 7 5 6 3 4 0 1 7 2
48 41 7 6 3 4 0 2 1 5 7
48 42 6 2 3 4 7 6 5 1 0
48 42 6 5 3 7 4 2 0 6 1
48 42 6 2 3 7 1 5 6 4 0
48 42 6 7 0 2 4 5 6 1 3
48 42 6 7 2 4 0 5 6 1 3
48 42 6 3 1 0 4 2 6 7 5
48 42 6 4 2 1 3 5 6 0 7
48 42 6 2 6 3 1 5 0 7 4
48 42 6 6 2 0 4 5 1 3 7
48 42 6 5 2 3 1 0 6 4 7
48 42 6 7 2 3 1 5 6 4 0
48 42 6 2 6 3 0 5 1 7 4
48 43 5 5 2 3 7 4 6 1 0
48 43 5 3 1 0 4 5 6 7 2
48 45 3 1 2 3 4 5 6 7 0