0 0 0 5 3 4 2 0 6 1 7
11 0 11 0 3 4 2 5 6 1 7
12 0 12 5 3 4 2 7 6 1 0
13 0 13 5 3 4 2 6 0 1 7
14 0 14 5 3 4 0 2 6 1 7
15 0 15 5 0 4 2 3 6 1 7
21 11 10 2 3 4 0 5 6 1 7
22 11 11 3 0 4 2 5 6 1 7
22 11 11 7 3 4 2 5 6 1 0
22 14 8 5 3 4 7 2 6 1 0
25 12 13 5 3 4 2 7 6 0 1
25 12 13 5 3 4 0 7 6 1 2
25 13 12 5 3 4 2 6 1 0 7
26 11 15 6 3 4 2 5 0 1 7
26 14 12 5 3 0 4 2 6 1 7
27 13 14 5 0 4 2 6 3 1 7
27 14 13 0 3 4 5 2 6 1 7
27 14 13 5 3 4 1 2 6 0 7
28 12 16 5 3 0 2 7 6 1 4
28 12 16 0 3 4 2 7 6 1 5
29 15 14 0 5 4 2 3 6 1 7
29 15 14 5 4 0 2 3 6 1 7
29 21 8 2 3 0 4 5 6 1 7
30 15 15 5 6 4 2 3 0 1 7
30 21 9 2 3 4 7 5 6 1 0
31 21 10 2 3 4 1 5 6 0 7
32 22 10 5 3 4 7 2 6 0 1
33 22 11 7 3 4 2 5 6 0 1
33 22 11 7 3 4 0 5 6 1 2
34 22 12 3 4 0 2 5 6 1 7
34 22 12 5 3 0 7 2 6 1 4
35 21 14 2 3 4 5 0 6 1 7
35 22 13 3 6 4 2 5 0 1 7
35 22 13 5 3 4 7 0 6 1 2
35 25 10 5 3 4 2 6 1 7 0
36 22 14 7 3 4 2 0 6 1 5
36 22 14 7 3 0 2 5 6 1 4
36 22 14 0 3 4 7 2 6 1 5
36 29 7 2 0 3 4 5 6 1 7
36 29 7 2 3 1 4 5 6 0 7
37 25 12 5 3 0 4 7 6 1 2
37 26 11 5 0 3 4 2 6 1 7
37 26 11 5 3 1 4 2 6 0 7
37 27 10 5 3 4 1 2 6 7 0
37 31 6 2 3 4 1 5 6 7 0
38 26 12 6 3 4 2 5 1 0 7
38 27 11 7 3 4 5 2 6 1 0
38 27 11 5 3 4 1 2 0 6 7
38 27 11 5 3 0 1 2 6 4 7
39 25 14 5 3 4 1 7 6 0 2
39 25 14 5 3 0 2 6 1 4 7
39 27 12 3 0 4 5 2 6 1 7
40 25 15 5 3 4 2 7 0 6 1
40 25 15 5 3 0 2 7 6 4 1
40 26 14 6 3 4 2 0 5 1 7
40 26 14 6 0 4 2 5 3 1 7
41 25 16 0 3 4 5 7 6 1 2
41 27 14 6 3 4 5 2 0 1 7
41 28 13 5 0 3 2 7 6 1 4
41 28 13 5 3 2 0 7 6 1 4
41 28 13 5 3 1 2 7 6 0 4
41 28 13 2 3 4 0 7 6 1 5
41 30 11 2 3 4 7 5 6 0 1
41 31 10 2 3 4 1 5 0 6 7
41 31 10 2 3 0 1 5 6 4 7
41 36 5 2 3 1 4 5 6 7 0
42 27 15 0 5 4 2 6 3 1 7
42 27 15 5 4 0 2 6 3 1 7
42 28 14 3 0 4 2 7 6 1 5
42 29 13 3 5 4 2 0 6 1 7
42 29 13 2 5 4 0 3 6 1 7
42 29 13 5 4 2 0 3 6 1 7
42 29 13 5 4 1 2 3 6 0 7
42 32 10 5 3 4 7 2 0 6 1
42 32 10 5 3 0 7 2 6 4 1
43 29 14 7 5 4 2 3 6 1 0
43 33 10 7 3 0 4 5 6 1 2
43 34 9 5 3 1 7 2 6 0 4
43 36 7 0 2 3 4 5 6 1 7
44 30 14 5 6 4 2 3 1 0 7
44 30 14 2 3 4 7 0 6 1 5
44 30 14 2 3 0 7 5 6 1 4
45 30 15 5 6 4 2 0 3 1 7
45 30 15 0 3 4 7 5 6 1 2
45 33 12 7 3 4 1 5 6 0 2
45 34 11 3 4 2 0 5 6 1 7
45 34 11 3 4 1 2 5 6 0 7
45 34 11 5 0 3 7 2 6 1 4
45 34 11 5 3 7 0 2 6 1 4
45 36 9 2 6 3 4 5 0 1 7
45 36 9 2 3 1 4 5 0 6 7
46 28 18 6 3 4 2 7 0 1 5
46 33 13 7 3 4 2 5 0 6 1
46 33 13 7 3 0 2 5 6 4 1
46 37 9 5 3 1 4 2 6 7 0
46 37 9 2 3 4 0 5 6 7 1
47 29 18 6 5 4 2 3 0 1 7
47 35 12 2 3 4 5 7 6 1 0
47 35 12 3 6 4 2 5 1 0 7
47 35 12 5 3 4 0 6 1 7 2
47 36 11 7 0 3 2 5 6 1 4
47 36 11 7 3 2 0 5 6 1 4
47 36 11 7 3 1 2 5 6 0 4
48 33 15 7 3 4 5 0 6 1 2
48 35 13 2 3 4 5 6 0 1 7
48 35 13 5 3 4 7 6 0 1 2
48 36 12 3 0 4 7 2 6 1 5
48 37 11 5 0 3 4 7 6 1 2
48 37 11 5 3 1 4 7 6 0 2
48 37 11 5 3 1 4 2 0 6 7
48 37 11 2 3 4 1 0 6 7 5
48 37 11 2 3 0 1 5 6 7 4
48 38 10 6 3 4 2 5 1 7 0
49 35 14 3 6 4 2 0 5 1 7
49 35 14 5 3 4 2 0 1 7 6
49 37 12 0 5 3 4 2 6 1 7
49 37 12 5 3 4 1 0 6 7 2
49 37 12 0 3 4 1 5 6 7 2
49 38 11 7 3 4 5 2 6 0 1
49 38 11 5 3 1 0 2 6 4 7
50 35 15 2 0 4 5 3 6 1 7
50 35 15 5 3 0 2 6 1 7 4
50 35 15 0 3 4 2 6 1 7 5
50 36 14 7 3 4 2 6 0 1 5
50 36 14 7 3 4 0 2 6 1 5
50 36 14 6 3 4 7 2 0 1 5
50 37 13 5 6 3 4 2 0 1 7
50 37 13 5 3 4 0 2 6 7 1
50 38 12 5 3 4 1 0 2 6 7
50 38 12 5 0 3 1 2 6 4 7
50 39 11 5 3 4 1 7 6 2 0
50 41 9 5 3 2 4 7 6 1 0
50 41 9 2 0 3 1 5 6 4 7
50 41 9 2 3 1 0 5 6 7 4
50 43 7 5 3 1 7 2 6 4 0
50 43 7 7 2 3 4 5 6 1 0
51 37 14 5 3 0 1 2 6 7 4
51 38 13 7 3 0 5 2 6 1 4
51 38 13 5 0 4 1 2 3 6 7
51 39 12 3 4 0 5 2 6 1 7
51 41 10 2 3 1 0 5 6 4 7
51 41 10 2 3 1 4 0 6 7 5
51 41 10 2 3 0 4 5 6 7 1
51 43 8 5 2 3 4 0 6 1 7
52 35 17 5 0 4 7 3 6 1 2
52 36 16 7 0 4 2 3 6 1 5
52 37 15 0 3 4 1 2 6 7 5
52 38 14 6 3 0 2 5 1 4 7
52 39 13 5 0 3 2 6 1 4 7
52 39 13 5 3 2 0 6 1 4 7
52 39 13 3 6 4 5 2 0 1 7
52 41 11 6 3 4 5 2 1 0 7
52 41 11 2 3 0 4 7 6 1 5
52 41 11 2 3 4 1 0 5 6 7
52 41 11 2 0 4 1 5 3 6 7
52 41 11 0 3 1 4 5 6 7 2
52 43 9 7 0 3 4 5 6 1 2
52 43 9 7 3 1 4 5 6 0 2
52 43 9 5 3 1 7 2 0 6 4
52 43 9 4 2 3 0 5 6 1 7
53 39 14 5 3 4 1 7 0 6 2
53 39 14 5 3 0 1 7 6 4 2
53 40 13 0 3 4 2 6 5 1 7
53 41 12 5 3 1 2 7 6 4 0
53 41 12 2 3 4 7 5 0 6 1
53 41 12 2 3 0 7 5 6 4 1
53 42 11 2 5 0 4 3 6 1 7
53 42 11 5 4 1 2 3 6 7 0
53 42 11 5 3 4 7 0 2 6 1
53 42 11 5 0 3 7 2 6 4 1
53 42 11 5 3 7 0 2 6 4 1
53 45 8 2 6 3 4 5 1 0 7
54 40 14 5 3 4 2 0 7 6 1
54 40 14 5 0 3 2 7 6 4 1
54 40 14 5 3 2 0 7 6 4 1
54 40 14 6 3 4 2 7 5 1 0
54 40 14 0 6 4 2 5 3 1 7
54 41 13 6 3 4 5 0 2 1 7
54 41 13 2 3 4 1 7 6 0 5
54 42 12 2 5 4 7 3 6 1 0
54 42 12 5 0 4 7 2 3 6 1
54 43 11 6 2 3 4 5 0 1 7
54 45 9 7 3 4 1 5 6 2 0
54 45 9 3 4 1 2 5 6 7 0
54 45 9 5 3 7 4 2 6 1 0
54 47 7 7 3 2 4 5 6 1 0
55 40 15 6 3 4 0 2 5 1 7
55 40 15 6 4 0 2 5 3 1 7
55 41 14 6 0 4 5 2 3 1 7
55 41 14 0 5 3 2 7 6 1 4
55 41 14 5 3 2 7 0 6 1 4
55 41 14 5 3 2 1 7 6 0 4
55 42 13 3 5 4 2 7 6 1 0
55 42 13 2 5 4 3 0 6 1 7
55 42 13 2 5 4 1 3 6 0 7
55 42 13 5 4 2 7 3 6 1 0
55 44 11 2 0 3 7 5 6 1 4
55 44 11 2 3 7 0 5 6 1 4
55 44 11 2 3 1 7 5 6 0 4
55 45 10 2 6 3 4 0 5 1 7
55 45 10 2 3 1 4 0 5 6 7
55 45 10 2 0 1 4 5 3 6 7
56 40 16 5 0 4 2 7 3 6 1
56 41 15 3 0 4 5 7 6 1 2
56 41 15 5 6 3 2 7 0 1 4
56 41 15 5 3 1 2 7 0 6 4
56 42 14 2 5 4 0 6 3 1 7
56 42 14 5 4 2 0 6 3 1 7
56 42 14 5 4 1 2 6 3 0 7
56 42 14 3 5 4 2 6 0 1 7
56 42 14 3 5 4 0 2 6 1 7
56 42 14 5 4 2 3 0 6 1 7
56 42 14 5 4 2 1 3 6 0 7
56 44 12 5 6 4 2 3 1 7 0
56 45 11 3 4 2 7 5 6 1 0
56 45 11 0 5 3 7 2 6 1 4
56 48 8 2 0 3 1 5 6 7 4
57 40 17 6 0 4 2 3 5 1 7
57 41 16 0 3 2 5 7 6 1 4
57 42 15 7 5 4 2 6 3 1 0
57 42 15 3 4 0 2 7 6 1 5
57 42 15 5 4 1 2 3 0 6 7
57 43 14 7 5 4 2 3 6 0 1
57 43 14 7 5 4 0 3 6 1 2
57 45 12 7 3 4 1 5 0 6 2
57 45 12 7 3 0 1 5 6 4 2
57 45 12 0 4 2 3 5 6 1 7
57 45 12 3 4 2 1 5 6 0 7
57 45 12 5 6 3 7 2 0 1 4
57 45 12 0 3 7 5 2 6 1 4
57 45 12 5 3 7 1 2 6 0 4
57 46 11 5 3 1 4 0 6 7 2
57 47 10 3 6 4 2 5 1 7 0
57 47 10 7 3 1 2 5 6 4 0
57 49 8 1 3 4 0 5 6 7 2
57 50 7 7 2 3 4 5 6 0 1
58 41 17 6 3 4 5 7 0 1 2
58 42 16 6 5 4 2 0 3 1 7
58 42 16 3 6 4 2 7 0 1 5
58 42 16 0 4 2 5 3 6 1 7
58 44 14 2 3 4 7 6 0 1 5
58 45 13 3 0 4 7 5 6 1 2
58 45 13 3 4 1 2 5 0 6 7
58 46 12 7 0 3 2 5 6 4 1
58 46 12 7 3 2 0 5 6 4 1
58 46 12 5 3 1 0 2 6 7 4
58 46 12 0 3 4 2 5 6 7 1
58 47 11 5 3 0 4 6 1 7 2
58 48 10 5 3 1 4 7 6 2 0
58 48 10 2 3 7 1 5 6 0 4
58 49 9 2 5 3 4 0 6 1 7
58 51 7 2 0 3 4 5 6 7 1
59 43 16 7 5 4 2 0 6 1 3
59 47 12 0 7 3 2 5 6 1 4
59 47 12 7 3 2 1 5 6 0 4
59 48 11 2 3 4 1 6 0 7 5
59 49 10 3 0 4 1 5 6 7 2
59 50 9 0 2 3 1 5 6 4 7
59 50 9 7 2 3 0 5 6 1 4
59 51 8 5 2 3 4 7 6 1 0
59 53 6 2 6 3 4 5 1 7 0
60 43 17 7 5 0 2 3 6 1 4
60 44 16 5 6 0 2 3 1 4 7
60 44 16 2 0 4 7 3 6 1 5
60 45 15 5 6 4 2 7 3 1 0
60 45 15 6 3 4 7 5 0 1 2
60 46 14 7 3 4 2 0 5 6 1
60 46 14 7 0 4 2 5 3 6 1
60 46 14 5 3 0 4 2 6 7 1
60 46 14 0 3 1 4 2 6 7 5
60 46 14 2 3 4 5 0 6 7 1
60 47 13 2 3 4 5 7 6 0 1
60 47 13 7 6 3 2 5 0 1 4
60 47 13 7 3 1 2 5 0 6 4
60 48 12 2 3 4 5 6 1 0 7
60 48 12 5 3 4 7 6 1 0 2
60 48 12 3 4 0 7 2 6 1 5
60 48 12 0 5 3 4 7 6 1 2
60 48 12 5 3 1 4 0 2 6 7
60 48 12 2 3 4 0 1 6 7 5
60 48 12 6 3 4 0 5 1 7 2
60 49 11 7 3 4 5 2 0 6 1
60 49 11 7 3 0 5 2 6 4 1
60 50 10 7 2 3 4 0 6 1 5
60 51 9 2 3 1 7 5 6 4 0
60 51 9 2 3 7 4 5 6 0 1
60 51 9 5 2 3 4 6 0 1 7
60 52 8 7 3 1 4 5 6 2 0
60 52 8 4 2 3 7 5 6 1 0
61 45 16 3 4 2 5 0 6 1 7
61 45 16 5 3 7 2 0 6 1 4
61 46 15 6 3 4 2 0 7 1 5
61 46 15 6 3 4 2 7 1 0 5
61 47 14 3 6 0 2 5 1 4 7
61 47 14 0 3 2 7 5 6 1 4
61 48 13 3 6 4 7 2 0 1 5
61 48 13 5 6 3 4 7 0 1 2
61 48 13 5 3 1 4 7 0 6 2
61 48 13 5 0 1 4 2 3 6 7
61 48 13 2 0 4 1 3 6 7 5
61 49 12 0 3 4 2 5 1 7 6
61 49 12 7 5 3 4 2 6 1 0
61 49 12 5 3 4 1 6 0 7 2
61 49 12 0 3 1 5 2 6 4 7
61 50 11 6 3 4 7 2 1 0 5
61 50 11 5 3 2 4 7 6 0 1
61 50 11 5 3 2 4 0 6 1 7
61 50 11 2 6 3 1 5 0 4 7
61 51 10 7 3 5 0 2 6 1 4
61 51 10 7 3 1 5 2 6 0 4
61 51 10 2 3 1 4 6 0 7 5
61 52 9 3 0 1 4 5 6 7 2
61 52 9 4 2 0 3 5 6 1 7
61 52 9 4 2 3 1 5 6 0 7
61 53 8 5 3 7 1 2 6 4 0
62 45 17 5 6 4 0 2 3 1 7
62 47 15 6 5 4 2 3 1 0 7
62 47 15 0 3 4 5 6 1 7 2
62 47 15 5 3 4 6 0 1 7 2
62 47 15 7 3 2 5 0 6 1 4
62 48 14 7 3 4 5 6 0 1 2
62 48 14 2 0 4 5 6 3 1 7
62 49 13 5 3 4 2 1 0 7 6
62 49 13 5 3 4 0 1 6 7 2
62 50 12 5 0 3 2 6 1 7 4
62 50 12 5 3 2 0 6 1 7 4
62 50 12 2 3 4 0 6 1 7 5
62 50 12 1 3 4 2 6 0 7 5
62 50 12 5 6 3 4 0 2 1 7
62 50 12 5 6 3 4 2 1 0 7
62 50 12 0 3 4 1 5 2 6 7
62 50 12 5 3 4 1 7 2 6 0
62 50 12 0 5 3 1 2 6 4 7
62 50 12 0 3 1 2 5 6 7 4
62 50 12 5 3 1 7 0 6 4 2
62 50 12 7 2 0 4 5 6 1 3
62 51 11 3 4 5 0 2 6 1 7
62 51 11 3 4 1 5 2 6 0 7
62 52 10 5 3 2 7 6 1 4 0
62 52 10 6 3 4 5 2 1 7 0
62 52 10 2 0 3 4 7 6 1 5
62 52 10 2 3 1 4 7 6 0 5
62 52 10 0 7 3 4 5 6 1 2
62 52 10 5 3 1 7 0 2 6 4
62 53 9 5 3 4 7 1 2 6 0
62 54 8 6 2 3 4 5 1 0 7
62 55 7 2 3 7 4 5 6 1 0
62 57 5 1 3 4 2 5 6 7 0
63 46 17 6 0 4 2 7 3 1 5
63 47 16 2 3 0 5 7 6 1 4
63 48 15 5 0 4 7 6 3 1 2
63 48 15 6 3 4 2 0 1 7 5
63 48 15 6 3 0 2 5 1 7 4
63 49 14 3 6 4 2 7 5 1 0
63 49 14 5 3 4 0 2 1 7 6
63 49 14 4 5 3 0 2 6 1 7
63 49 14 5 0 4 1 3 6 7 2
63 49 14 6 3 4 1 5 0 7 2
63 50 13 0 2 4 5 3 6 1 7
63 50 13 3 0 4 2 6 1 7 5
63 50 13 7 3 4 2 6 1 0 5
63 50 13 7 3 0 4 2 6 1 5
63 50 13 6 3 4 7 0 2 1 5
63 50 13 5 6 3 1 2 0 4 7
63 50 13 5 3 4 1 0 6 2 7
63 50 13 0 3 1 7 2 6 4 5
63 51 12 5 0 3 1 2 6 7 4
63 51 12 7 0 3 5 2 6 1 4
63 51 12 2 0 1 4 3 6 7 5
63 52 11 1 3 4 0 2 6 7 5
63 52 11 6 3 0 5 2 1 4 7
63 52 11 2 3 4 1 7 5 6 0
63 52 11 0 2 4 1 5 3 6 7
63 52 11 4 3 1 0 5 6 7 2
63 52 11 7 6 3 4 5 0 1 2
63 52 11 7 3 1 4 5 0 6 2
63 52 11 5 0 1 7 2 3 6 4
63 53 10 2 5 1 4 3 6 0 7
63 54 9 7 3 2 4 5 6 0 1
63 57 6 1 3 0 4 5 6 7 2
64 49 15 0 6 4 2 3 5 1 7
64 49 15 3 0 4 2 6 5 1 7
64 49 15 6 5 3 4 2 0 1 7
64 49 15 5 3 1 2 0 6 4 7
64 50 14 2 4 0 5 3 6 1 7
64 50 14 5 3 7 2 6 1 0 4
64 50 14 7 3 4 1 2 6 0 5
64 50 14 6 0 4 7 2 3 1 5
64 50 14 0 3 4 5 2 6 7 1
64 50 14 5 3 4 2 0 6 7 1
64 50 14 5 3 4 0 1 2 6 7
64 50 14 5 3 4 0 7 6 2 1
64 50 14 0 3 2 4 7 6 1 5
64 50 14 2 3 1 5 0 6 7 4
64 51 13 0 5 4 1 2 3 6 7
64 51 13 5 4 0 1 2 3 6 7
64 51 13 0 3 1 2 5 6 4 7
64 51 13 5 2 3 0 4 6 1 7
64 52 12 5 1 3 2 6 0 4 7
64 52 12 5 3 2 4 6 1 0 7
64 52 12 3 6 4 5 2 1 0 7
64 52 12 0 3 4 1 2 5 6 7
64 52 12 2 4 0 1 5 3 6 7
64 53 11 2 0 5 4 3 6 1 7
64 53 11 0 5 3 7 2 6 4 1
64 53 11 2 6 0 4 5 1 3 7
64 54 10 2 3 4 1 7 6 5 0
64 54 10 6 2 3 4 0 5 1 7
64 55 9 6 3 4 7 2 5 1 0
64 55 9 2 5 4 1 3 6 7 0
64 55 9 2 1 0 4 5 3 6 7
64 56 8 3 5 4 7 2 6 1 0
64 56 8 0 2 3 1 5 6 7 4
65 48 17 7 0 4 5 3 6 1 2
65 49 16 3 6 4 0 2 5 1 7
65 49 16 5 0 4 2 3 1 7 6
65 50 15 2 6 4 5 3 0 1 7
65 50 15 7 0 4 2 6 3 1 5
65 51 14 2 3 1 5 0 6 4 7
65 51 14 2 3 1 0 4 6 7 5
65 52 13 3 0 4 1 2 6 7 5
65 52 13 6 0 3 2 5 1 4 7
65 52 13 6 3 2 0 5 1 4 7
65 52 13 2 3 4 0 1 5 6 7
65 52 13 6 3 1 4 5 0 7 2
65 52 13 4 2 3 5 0 6 1 7
65 53 12 2 3 4 0 6 5 1 7
65 53 12 2 3 4 7 0 5 6 1
65 53 12 2 0 3 7 5 6 4 1
65 53 12 2 3 7 0 5 6 4 1
65 53 12 0 3 4 7 5 2 6 1
65 53 12 5 6 3 7 2 0 4 1
65 53 12 0 3 7 5 2 6 4 1
65 54 11 5 3 2 1 7 6 4 0
65 54 11 6 0 3 4 5 2 1 7
65 54 11 3 4 1 0 5 6 7 2
65 54 11 5 3 7 4 2 6 0 1
65 54 11 0 3 2 4 5 6 1 7
65 55 10 5 3 2 7 4 6 1 0
65 55 10 2 6 3 4 7 5 1 0
65 55 10 2 3 1 4 7 5 6 0
65 55 10 0 2 1 4 5 3 6 7
65 57 8 3 4 2 1 5 6 7 0
65 58 7 0 2 3 4 5 6 7 1
66 50 16 5 0 4 1 3 2 6 7
66 50 16 5 3 0 1 7 6 2 4
66 50 16 0 3 4 1 7 6 2 5
66 52 14 0 5 3 2 6 1 4 7
66 52 14 3 6 4 5 0 2 1 7
66 52 14 2 0 4 1 3 5 6 7
66 53 13 5 3 4 1 0 7 6 2
66 53 13 5 0 3 1 7 6 4 2
66 53 13 7 3 4 2 6 5 1 0
66 53 13 5 4 1 0 3 6 7 2
66 54 12 5 3 4 2 1 7 6 0
66 54 12 0 5 4 7 2 3 6 1
66 54 12 5 4 0 7 2 3 6 1
66 54 12 7 3 4 0 5 6 2 1
66 54 12 7 3 2 4 0 6 1 5
66 55 11 2 5 4 3 7 6 1 0
66 55 11 2 0 4 3 5 6 1 7
66 55 11 0 2 3 7 5 6 1 4
66 55 11 2 3 1 7 5 0 6 4
66 55 11 2 0 3 4 6 5 1 7
66 56 10 5 4 2 1 3 6 7 0
66 56 10 2 6 3 1 5 0 7 4
66 57 9 7 2 3 4 5 0 6 1
66 59 7 1 2 3 0 5 6 4 7
66 61 5 4 2 3 1 5 6 7 0
67 52 15 0 5 4 7 3 6 1 2
67 52 15 5 4 0 7 3 6 1 2
67 52 15 0 7 4 2 3 6 1 5
67 52 15 7 4 0 2 3 6 1 5
67 52 15 0 3 2 5 6 1 4 7
67 53 14 5 3 1 0 7 6 4 2
67 53 14 2 0 4 7 5 3 6 1
67 54 13 0 3 4 2 5 7 6 1
67 54 13 2 6 4 0 5 3 1 7
67 54 13 6 3 4 5 7 2 1 0
67 54 13 2 3 4 1 7 0 6 5
67 54 13 2 3 0 1 7 6 4 5
67 54 13 0 3 4 1 5 6 2 7
67 54 13 5 3 7 4 0 6 1 2
67 55 12 2 5 4 3 6 0 1 7
67 55 12 0 3 1 4 2 5 6 7
67 56 11 4 5 3 7 2 6 1 0
67 57 10 4 0 2 3 5 6 1 7
67 57 10 5 3 7 1 2 0 6 4
67 57 10 7 2 0 4 5 6 3 1
67 58 9 7 3 2 1 5 6 4 0
67 58 9 2 3 7 1 5 6 4 0
67 58 9 2 5 3 4 7 6 1 0
67 58 9 2 6 3 4 5 0 7 1
68 52 16 5 6 4 7 3 0 1 2
68 52 16 7 6 4 2 3 0 1 5
68 52 16 6 3 4 1 2 0 7 5
68 52 16 5 3 2 6 0 1 4 7
68 53 15 5 0 4 1 7 3 6 2
68 53 15 5 4 1 2 0 6 7 3
68 54 14 5 3 4 0 2 7 6 1
68 54 14 5 3 2 7 0 6 4 1
68 54 14 7 6 4 2 5 3 1 0
68 54 14 0 3 4 5 6 2 1 7
68 54 14 2 5 4 7 3 6 0 1
68 54 14 2 5 4 7 0 6 1 3
68 54 14 7 3 4 1 0 6 2 5
68 54 14 7 3 0 1 5 6 2 4
68 54 14 3 4 1 2 0 6 7 5
68 54 14 3 4 0 2 5 6 7 1
68 55 13 6 3 0 4 2 5 1 7
68 55 13 7 5 3 2 0 6 1 4
68 55 13 2 5 3 0 7 6 1 4
68 55 13 4 5 3 2 7 6 1 0
68 55 13 5 3 2 7 6 0 1 4
68 55 13 2 5 4 1 3 0 6 7
68 55 13 2 5 0 1 3 6 4 7
68 55 13 2 6 3 7 5 0 1 4
68 55 13 0 6 3 4 2 5 1 7
68 55 13 2 0 1 4 3 5 6 7
68 56 12 2 5 0 4 6 3 1 7
68 56 12 2 5 4 7 6 3 1 0
68 56 12 5 4 1 2 6 3 7 0
68 56 12 3 5 0 4 2 6 1 7
68 56 12 5 4 2 3 7 6 1 0
68 56 12 2 5 3 7 0 6 1 4
68 57 11 7 0 3 1 5 6 4 2
68 57 11 7 4 2 3 5 6 1 0
68 57 11 5 6 3 7 2 1 0 4
68 57 11 3 0 7 5 2 6 1 4
68 57 11 4 3 7 5 2 6 1 0
68 57 11 5 3 1 4 6 0 7 2
68 57 11 1 3 4 7 5 6 0 2
68 58 10 5 0 3 4 6 1 7 2
68 58 10 2 5 3 4 6 0 1 7
68 59 9 7 2 3 1 5 6 4 0
68 59 9 5 2 3 4 7 6 0 1
68 60 8 5 2 3 4 6 1 0 7
68 62 6 6 2 3 4 5 1 7 0
68 63 5 1 0 3 4 5 6 7 2
68 65 3 1 2 3 4 5 6 7 0