0 0 0 2 7 6 1 4 0 3 5
8 0 8 2 7 6 1 0 4 3 5
9 0 9 2 7 6 1 4 3 0 5
9 0 9 2 0 6 1 4 7 3 5
15 8 7 0 7 6 1 2 4 3 5
16 8 8 2 7 6 1 5 4 3 0
17 9 8 2 7 6 1 4 3 5 0
17 9 8 2 7 0 1 4 3 6 5
17 9 8 0 2 6 1 4 7 3 5
18 8 10 2 0 6 1 7 4 3 5
18 8 10 2 7 6 0 1 4 3 5
18 9 9 2 6 0 1 4 7 3 5
22 15 7 7 0 6 1 2 4 3 5
22 15 7 1 7 6 0 2 4 3 5
23 15 8 5 7 6 1 2 4 3 0
24 16 8 2 7 6 1 5 4 0 3
24 16 8 2 7 6 0 5 4 3 1
25 15 10 4 7 6 1 2 0 3 5
25 17 8 2 0 7 1 4 3 6 5
25 17 8 2 7 1 0 4 3 6 5
25 17 8 4 2 6 1 0 7 3 5
25 17 8 1 2 6 0 4 7 3 5
25 18 7 2 7 6 5 1 4 3 0
26 16 10 2 7 0 1 5 4 3 6
26 16 10 0 7 6 1 5 4 3 2
26 17 9 2 7 6 0 4 3 5 1
26 17 9 5 2 6 1 4 7 3 0
26 18 8 0 2 6 1 7 4 3 5
26 18 8 2 6 0 1 7 4 3 5
26 18 8 2 7 0 6 1 4 3 5
26 18 8 2 6 3 1 4 7 0 5
27 17 10 2 7 6 1 0 3 5 4
27 17 10 7 2 6 1 4 0 3 5
27 18 9 2 4 6 1 7 0 3 5
27 18 9 0 7 6 2 1 4 3 5
27 18 9 2 6 1 0 4 7 3 5
27 22 5 1 7 6 5 2 4 3 0
28 17 11 2 7 0 1 4 3 5 6
28 17 11 0 7 6 1 4 3 5 2
28 18 10 2 7 6 3 1 4 0 5
28 22 6 1 7 0 6 2 4 3 5
29 22 7 7 6 0 1 2 4 3 5
30 22 8 7 4 6 1 2 0 3 5
30 22 8 1 7 6 3 2 4 0 5
30 23 7 5 7 6 1 2 4 0 3
30 23 7 5 7 6 0 2 4 3 1
31 22 9 1 7 6 2 0 4 3 5
31 24 7 2 7 0 1 5 4 6 3
31 25 6 1 2 6 5 4 7 3 0
32 23 9 5 7 6 1 0 4 3 2
32 23 9 5 7 0 1 2 4 3 6
32 24 8 2 7 6 1 5 0 4 3
32 24 8 2 7 0 6 5 4 3 1
32 25 7 2 3 7 1 4 0 6 5
32 25 7 2 7 1 5 4 3 6 0
32 25 7 4 2 6 1 5 7 3 0
32 25 7 1 2 0 6 4 7 3 5
33 24 9 0 7 6 2 5 4 3 1
33 25 8 4 7 6 1 2 3 0 5
33 25 8 4 0 6 1 2 7 3 5
33 25 8 0 2 7 1 4 3 6 5
33 25 8 4 2 6 1 7 0 3 5
33 25 8 1 2 6 4 0 7 3 5
33 25 8 2 7 6 5 1 4 0 3
33 26 7 2 7 3 1 5 4 0 6
33 26 7 2 6 3 1 4 0 7 5
33 26 7 2 6 3 1 4 7 5 0
33 27 6 1 7 6 5 2 4 0 3
34 24 10 2 7 6 5 0 4 3 1
34 24 10 2 7 6 3 5 4 0 1
34 25 9 4 7 6 1 0 2 3 5
34 25 9 0 7 1 2 4 3 6 5
34 25 9 1 2 6 3 4 7 0 5
34 26 8 2 0 7 1 5 4 3 6
34 26 8 2 7 1 0 5 4 3 6
34 26 8 7 0 6 1 5 4 3 2
34 26 8 1 7 6 0 5 4 3 2
34 26 8 5 2 6 1 4 7 0 3
34 26 8 5 2 6 0 4 7 3 1
34 26 8 7 2 6 1 0 4 3 5
34 26 8 1 2 6 0 7 4 3 5
34 26 8 2 6 1 0 7 4 3 5
34 26 8 2 6 3 1 7 4 0 5
34 26 8 2 0 7 6 1 4 3 5
34 26 8 2 7 3 6 1 4 0 5
34 28 6 1 0 7 6 2 4 3 5
34 28 6 1 7 3 6 2 4 0 5
35 25 10 2 7 1 4 0 3 6 5
35 25 10 4 2 6 0 1 7 3 5
35 25 10 2 7 0 5 1 4 3 6
35 25 10 0 7 6 5 1 4 3 2
35 26 9 2 7 0 6 4 3 5 1
35 26 9 5 2 6 1 0 7 3 4
35 26 9 5 2 6 1 7 4 3 0
35 27 8 0 7 6 1 2 3 5 4
35 27 8 7 2 6 1 4 3 0 5
35 27 8 7 0 6 2 1 4 3 5
35 27 8 2 6 1 5 4 7 3 0
35 27 8 1 7 6 5 0 4 3 2
35 27 8 1 7 0 5 2 4 3 6
35 28 7 2 7 6 3 1 4 5 0
35 28 7 2 7 0 3 1 4 6 5
35 30 5 1 7 6 3 2 4 5 0
35 30 5 1 7 0 3 2 4 6 5
36 25 11 2 7 1 6 4 3 0 5
36 26 10 4 7 6 1 5 0 3 2
36 26 10 0 7 6 2 4 3 5 1
36 26 10 2 7 6 4 0 3 5 1
36 26 10 5 2 0 1 4 7 3 6
36 27 9 2 7 6 1 3 0 5 4
36 27 9 7 0 6 1 4 2 3 5
36 27 9 2 4 6 1 0 7 3 5
36 27 9 2 4 6 1 7 3 0 5
36 27 9 5 7 6 2 1 4 3 0
36 27 9 0 7 6 5 2 4 3 1
36 28 8 2 7 5 1 4 3 0 6
36 29 7 7 6 1 0 2 4 3 5
36 29 7 7 6 3 1 2 4 0 5
36 30 6 5 7 0 1 2 4 6 3
37 26 11 2 7 6 5 4 3 0 1
37 27 10 0 6 1 2 4 7 3 5
37 27 10 2 6 1 4 0 7 3 5
37 28 9 2 0 7 1 4 3 5 6
37 28 9 2 7 1 0 4 3 5 6
37 28 9 7 0 6 1 4 3 5 2
37 28 9 4 7 6 1 0 3 5 2
37 28 9 1 7 6 0 4 3 5 2
37 28 9 2 7 6 3 1 0 4 5
37 30 7 1 7 6 3 2 0 4 5
37 30 7 5 7 0 6 2 4 3 1
38 27 11 2 0 6 1 7 3 5 4
38 27 11 2 7 6 0 1 3 5 4
38 27 11 4 7 6 2 1 0 3 5
38 27 11 2 6 1 3 4 7 0 5
38 30 8 7 4 6 1 2 3 0 5
38 30 8 5 7 6 1 2 0 4 3
38 31 7 1 7 6 2 5 4 3 0
38 31 7 2 0 7 1 5 4 6 3
38 31 7 2 7 1 0 5 4 6 3
38 31 7 1 2 6 5 4 7 0 3
38 32 6 2 3 7 1 0 4 6 5
38 32 6 1 2 3 6 4 7 0 5
38 33 5 1 2 6 4 5 7 3 0
38 33 5 1 7 0 5 2 4 6 3
39 28 11 3 7 6 1 4 0 5 2
39 30 9 7 4 6 1 0 2 3 5
39 30 9 5 7 6 3 2 4 0 1
39 31 8 1 7 6 2 4 0 3 5
39 31 8 1 2 6 5 0 7 3 4
39 32 7 5 0 7 1 2 4 3 6
39 32 7 5 7 1 0 2 4 3 6
39 32 7 5 7 3 1 2 4 0 6
39 32 7 2 7 3 6 5 4 0 1
39 32 7 4 2 6 1 5 7 0 3
39 32 7 4 2 6 0 5 7 3 1
39 33 6 1 2 6 4 7 0 3 5
39 33 6 2 7 3 1 5 4 6 0
39 33 6 2 0 3 1 4 6 7 5
39 34 5 1 7 3 6 2 4 5 0
40 30 10 5 7 6 2 0 4 3 1
40 31 9 1 0 6 2 7 4 3 5
40 31 9 1 2 0 5 4 7 3 6
40 32 8 2 0 6 1 5 7 4 3
40 32 8 2 0 7 6 5 4 3 1
40 32 8 2 3 7 1 4 6 0 5
40 32 8 1 0 2 6 4 7 3 5
40 33 7 4 7 6 1 2 3 5 0
40 33 7 4 7 0 1 2 3 6 5
40 33 7 0 2 6 4 1 7 3 5
40 33 7 2 7 0 5 1 4 6 3
40 33 7 2 7 3 1 5 0 4 6
40 33 7 2 6 3 1 0 4 7 5
40 33 7 1 7 6 5 2 0 4 3
40 34 6 1 2 6 3 4 0 7 5
40 34 6 1 2 6 3 4 7 5 0
40 34 6 1 2 6 5 7 4 3 0
40 35 5 1 7 5 0 2 4 3 6
40 35 5 1 0 7 3 2 4 6 5
40 35 5 1 7 3 0 2 4 6 5
41 31 10 0 2 6 5 4 7 3 1
41 32 9 5 7 6 1 4 0 3 2
41 32 9 2 7 6 1 0 5 4 3
41 32 9 2 7 1 5 4 3 0 6
41 32 9 2 7 1 5 0 3 6 4
41 32 9 4 2 0 1 5 7 3 6
41 32 9 0 2 6 1 5 7 3 4
41 33 8 7 0 6 2 5 4 3 1
41 33 8 0 4 6 1 2 7 3 5
41 33 8 4 6 0 1 2 7 3 5
41 33 8 4 2 7 1 0 3 6 5
41 33 8 1 2 7 0 4 3 6 5
41 33 8 4 2 6 1 7 3 0 5
41 33 8 2 6 3 0 4 7 5 1
41 34 7 2 7 6 3 5 4 1 0
41 34 7 2 7 0 3 5 4 6 1
41 34 7 1 2 0 3 4 7 6 5
41 34 7 0 2 7 1 5 4 3 6
41 34 7 2 7 1 6 5 4 3 0
41 34 7 1 7 0 6 5 4 3 2
41 34 7 5 2 6 1 4 0 7 3
41 34 7 7 2 6 1 5 4 3 0
41 34 7 1 2 0 6 7 4 3 5
41 34 7 2 6 1 5 7 4 3 0
41 34 7 2 6 3 1 7 4 5 0
41 34 7 2 7 3 6 1 4 5 0
41 34 7 0 1 7 6 2 4 3 5
41 34 7 1 4 7 6 2 0 3 5
41 34 7 1 7 3 6 2 0 4 5
41 35 6 1 0 7 5 2 4 3 6
41 35 6 1 7 3 5 2 4 0 6
41 35 6 1 7 6 0 2 4 5 3
42 32 10 5 0 6 1 7 4 3 2
42 32 10 5 7 6 0 1 4 3 2
42 32 10 2 7 0 5 4 3 6 1
42 32 10 0 7 1 5 4 3 6 2
42 33 9 5 2 7 1 4 3 6 0
42 33 9 4 0 6 1 7 2 3 5
42 33 9 1 0 6 4 2 7 3 5
42 33 9 2 7 6 5 1 0 4 3
42 33 9 2 6 3 1 0 7 5 4
42 34 8 2 7 6 3 5 0 4 1
42 34 8 4 7 6 1 5 2 3 0
42 34 8 7 0 1 2 4 3 6 5
42 34 8 4 7 1 2 0 3 6 5
42 34 8 2 4 7 1 5 0 3 6
42 34 8 7 6 0 1 5 4 3 2
42 34 8 7 4 6 1 5 0 3 2
42 34 8 5 2 0 1 4 7 6 3
42 34 8 5 2 0 6 4 7 3 1
42 34 8 1 2 6 7 0 4 3 5
42 34 8 2 6 3 1 7 0 4 5
42 34 8 0 2 7 6 1 4 3 5
42 34 8 2 7 3 6 1 0 4 5
42 35 7 0 7 1 4 2 3 6 5
42 35 7 2 7 1 4 5 3 6 0
42 35 7 4 2 6 5 1 7 3 0
42 35 7 2 7 5 0 1 4 3 6
42 35 7 7 2 6 1 4 3 5 0
42 35 7 2 0 7 3 1 4 6 5
42 35 7 2 7 3 0 1 4 6 5
42 36 6 2 7 5 1 4 3 6 0
42 36 6 7 6 1 5 2 4 3 0
42 36 6 7 6 3 1 2 4 5 0
42 36 6 5 0 7 1 2 4 6 3
42 36 6 5 7 1 0 2 4 6 3
42 38 4 1 7 5 0 2 4 6 3
43 33 10 4 7 6 2 5 0 3 1
43 33 10 3 2 7 1 4 0 6 5
43 33 10 0 6 3 1 4 7 5 2
43 34 9 2 7 6 5 4 0 3 1
43 34 9 0 7 6 1 4 2 3 5
43 34 9 5 7 1 2 4 3 6 0
43 34 9 0 7 1 2 5 4 3 6
43 34 9 1 7 6 3 5 4 0 2
43 34 9 5 2 6 4 0 7 3 1
43 34 9 1 2 6 3 7 4 0 5
43 34 9 0 6 1 2 7 4 3 5
43 34 9 2 6 1 7 0 4 3 5
43 34 9 2 4 7 6 1 0 3 5
43 35 8 2 7 1 4 3 0 6 5
43 35 8 4 2 0 6 1 7 3 5
43 35 8 2 0 7 5 1 4 3 6
43 35 8 2 7 3 5 1 4 0 6
43 35 8 7 0 6 5 1 4 3 2
43 35 8 2 7 5 6 4 3 0 1
43 35 8 5 2 6 1 7 0 3 4
43 35 8 5 2 6 1 7 4 0 3
43 35 8 5 2 6 0 7 4 3 1
43 35 8 7 0 6 1 2 3 5 4
43 35 8 1 7 6 0 2 3 5 4
43 35 8 7 2 0 1 4 3 6 5
43 35 8 7 6 0 2 1 4 3 5
43 35 8 1 7 6 5 4 0 3 2
43 35 8 2 7 6 0 1 4 5 3
43 35 8 1 7 6 3 0 4 5 2
43 35 8 1 7 0 3 2 4 5 6
43 36 7 5 2 3 1 4 7 0 6
43 36 7 7 0 6 5 2 4 3 1
43 36 7 0 6 1 7 2 4 3 5
43 38 5 0 3 7 1 2 4 6 5
43 38 5 1 2 3 6 4 0 7 5
43 38 5 1 2 3 6 4 7 5 0
43 38 5 1 2 6 4 5 7 0 3
43 38 5 1 0 7 5 2 4 6 3
44 33 11 2 6 0 1 4 7 5 3
44 34 10 2 0 6 5 7 4 3 1
44 34 10 3 7 1 2 4 0 6 5
44 34 10 2 7 1 5 0 4 3 6
44 34 10 2 7 1 3 5 4 0 6
44 34 10 5 2 6 3 4 7 0 1
44 34 10 7 2 6 0 1 4 3 5
44 34 10 2 6 1 3 7 4 0 5
44 35 9 2 0 7 6 4 3 5 1
44 35 9 5 2 6 1 0 4 3 7
44 35 9 7 4 6 2 1 0 3 5
44 35 9 2 6 1 5 4 7 0 3
44 35 9 1 0 6 5 7 4 3 2
44 35 9 2 7 6 3 0 4 5 1
44 35 9 0 7 6 3 2 4 5 1
44 36 8 2 7 1 6 4 3 5 0
44 36 8 4 7 6 1 5 3 0 2
44 36 8 4 0 6 1 5 7 3 2
44 36 8 2 7 6 4 3 0 5 1
44 36 8 0 7 6 4 2 3 5 1
44 36 8 2 7 6 4 1 3 5 0
44 36 8 5 2 1 0 4 7 3 6
44 36 8 2 4 6 1 5 7 3 0
44 36 8 2 4 6 1 7 3 5 0
44 36 8 2 4 0 1 7 3 6 5
44 36 8 5 7 6 2 1 4 0 3
44 36 8 2 7 5 1 4 0 3 6
44 36 8 7 6 3 1 2 0 4 5
44 37 7 2 6 1 4 5 7 3 0
44 37 7 1 7 6 2 4 3 5 0
44 37 7 1 0 6 3 2 7 4 5
44 37 7 5 0 7 6 2 4 3 1
44 37 7 5 7 3 6 2 4 0 1
44 38 6 2 7 1 3 5 4 6 0
44 38 6 1 2 6 5 4 0 7 3
44 38 6 2 3 7 1 5 4 6 0
44 38 6 1 2 6 0 5 7 3 4
44 39 5 5 7 3 1 2 4 6 0
44 39 5 0 2 3 1 4 6 7 5
44 40 4 1 7 5 6 2 4 3 0
44 40 4 1 7 3 5 2 4 6 0
45 34 11 4 7 6 0 1 2 3 5
45 35 10 2 0 1 4 7 3 6 5
45 35 10 4 2 6 3 1 7 0 5
45 35 10 5 0 6 1 2 7 3 4
45 35 10 5 2 6 0 1 7 3 4
45 35 10 5 2 0 1 7 4 3 6
45 35 10 3 7 6 1 2 0 5 4
45 35 10 2 6 1 5 0 7 3 4
45 35 10 2 7 0 3 1 4 5 6
45 35 10 0 7 6 3 1 4 5 2
45 36 9 2 7 1 6 4 0 3 5
45 36 9 2 7 0 6 4 3 1 5
45 36 9 4 7 6 1 0 5 3 2
45 36 9 7 0 6 2 4 3 5 1
45 36 9 4 7 6 2 0 3 5 1
45 36 9 5 0 2 1 4 7 3 6
45 36 9 2 7 6 1 3 5 0 4
45 36 9 2 0 6 1 3 7 5 4
45 36 9 7 6 0 1 4 2 3 5
45 36 9 7 6 1 3 2 4 0 5
45 37 8 2 7 6 5 4 3 1 0
45 37 8 2 6 1 4 7 0 3 5
45 37 8 0 6 1 4 2 7 3 5
45 37 8 0 2 7 1 4 3 5 6
45 37 8 2 3 7 1 4 0 5 6
45 37 8 7 3 6 1 4 0 5 2
45 37 8 1 7 0 6 4 3 5 2
45 37 8 1 7 6 3 0 2 4 5
45 38 7 7 4 6 1 2 3 5 0
45 38 7 7 4 0 1 2 3 6 5
45 38 7 1 7 6 2 5 4 0 3
45 38 7 0 2 7 1 5 4 6 3
45 38 7 1 2 0 5 4 7 6 3
45 38 7 1 2 0 4 5 7 3 6
45 39 6 5 7 6 3 2 4 1 0
45 39 6 5 7 0 3 2 4 6 1
45 39 6 5 7 1 6 2 4 3 0
45 39 6 2 7 3 6 5 4 1 0
45 39 6 4 2 6 1 5 0 7 3
45 39 6 1 2 6 4 7 3 0 5
45 39 6 1 7 3 0 2 4 5 6
45 42 3 1 7 5 3 2 4 6 0
46 35 11 4 7 6 5 1 0 3 2
46 35 11 2 6 0 5 4 7 3 1
46 35 11 0 6 1 5 4 7 3 2
46 36 10 2 0 6 4 7 3 5 1
46 36 10 5 7 0 2 1 4 3 6
46 36 10 4 7 6 5 2 0 3 1
46 36 10 7 6 1 2 0 4 3 5
46 37 9 6 0 1 2 4 7 3 5
46 37 9 4 6 1 2 0 7 3 5
46 37 9 7 6 0 1 4 3 5 2
46 37 9 4 7 6 1 3 0 5 2
46 37 9 1 7 6 4 0 3 5 2
46 37 9 2 7 6 3 0 1 4 5
46 37 9 2 0 6 3 1 7 4 5
46 38 8 0 2 6 1 7 3 5 4
46 38 8 2 3 6 1 7 0 5 4
46 38 8 2 6 1 3 4 0 7 5
46 38 8 2 6 1 3 4 7 5 0
46 38 8 5 0 6 1 2 7 4 3
46 38 8 2 4 7 1 5 0 6 3
46 38 8 0 7 1 2 5 4 6 3
46 38 8 2 3 7 0 1 4 6 5
46 38 8 0 2 6 4 5 7 3 1
46 39 7 1 2 6 5 7 0 3 4
46 39 7 0 5 7 1 2 4 3 6
46 39 7 2 7 3 6 5 0 4 1
46 39 7 4 2 0 1 5 7 6 3
46 39 7 4 2 0 6 5 7 3 1
46 39 7 1 0 6 4 7 2 3 5
46 39 7 2 7 3 0 5 4 6 1
46 39 7 2 3 0 1 4 6 7 5
46 40 6 1 2 3 5 4 7 0 6
46 40 6 2 7 5 0 1 4 6 3
46 40 6 2 6 3 1 5 4 7 0
46 40 6 1 2 6 3 0 4 7 5
46 40 6 0 1 7 3 2 4 6 5
46 40 6 1 4 7 3 2 0 6 5
47 36 11 3 7 6 2 4 0 5 1
47 36 11 2 4 6 0 1 7 3 5
47 37 10 5 6 1 2 4 7 3 0
47 37 10 2 0 1 4 6 7 3 5
47 37 10 0 7 1 2 4 3 5 6
47 37 10 2 7 1 4 0 3 5 6
47 37 10 1 7 6 5 4 3 0 2
47 38 9 2 6 0 1 7 3 5 4
47 38 9 2 7 0 6 1 3 5 4
47 38 9 4 7 6 2 0 1 3 5
47 38 9 4 7 6 2 1 3 0 5
47 38 9 4 0 6 2 1 7 3 5
47 38 9 2 6 0 3 4 7 1 5
47 38 9 5 7 6 1 0 2 4 3
47 38 9 1 7 0 2 5 4 3 6
47 38 9 2 7 1 5 0 4 6 3
47 38 9 2 0 7 1 3 4 6 5
47 39 8 3 7 6 1 0 4 5 2
47 39 8 7 4 6 1 5 2 3 0
47 39 8 5 7 6 3 2 0 4 1
47 39 8 1 7 6 2 4 3 0 5
47 39 8 1 0 6 2 4 7 3 5
47 39 8 0 2 6 5 1 7 3 4
47 39 8 5 4 7 1 2 0 3 6
47 39 8 0 7 1 5 2 4 3 6
47 39 8 5 7 3 1 2 0 4 6
47 39 8 2 7 3 1 0 4 6 5
47 39 8 1 7 3 6 0 4 5 2
47 39 8 1 7 0 6 2 4 5 3
47 40 7 1 6 0 2 7 4 3 5
47 40 7 1 2 5 0 4 7 3 6
47 40 7 0 2 6 1 5 7 4 3
47 40 7 0 2 7 6 5 4 3 1
47 40 7 2 3 7 1 4 6 5 0
47 40 7 4 0 7 1 2 3 6 5
47 40 7 4 7 1 0 2 3 6 5
47 40 7 2 0 7 5 1 4 6 3
47 40 7 2 0 3 1 5 7 4 6
47 40 7 0 6 3 1 2 4 7 5
47 40 7 1 0 6 5 2 7 4 3
47 40 7 1 0 6 3 4 2 7 5
47 40 7 1 2 6 0 4 7 5 3
47 40 7 1 2 6 5 7 4 0 3
47 40 7 0 7 5 1 2 4 3 6
47 40 7 1 7 5 3 2 4 0 6
47 40 7 0 7 3 1 2 4 6 5
47 41 6 4 2 3 1 5 7 0 6
47 41 6 1 2 0 7 4 3 6 5
47 41 6 1 2 7 5 4 3 6 0
47 41 6 1 2 3 0 4 7 6 5
47 41 6 1 7 3 6 5 4 0 2
47 41 6 1 2 3 6 7 4 0 5
47 42 5 5 7 1 3 2 4 6 0
47 43 4 1 2 6 4 5 0 7 3
48 37 11 7 6 1 2 4 0 3 5
48 37 11 4 0 6 1 7 3 5 2
48 37 11 4 7 6 0 1 3 5 2
48 38 10 0 7 6 2 1 3 5 4
48 38 10 2 7 1 6 5 4 0 3
48 39 9 3 7 6 1 4 5 0 2
48 39 9 3 0 6 1 4 7 5 2
48 39 9 0 4 6 1 7 2 3 5
48 39 9 1 0 6 5 2 7 3 4
48 39 9 5 7 1 3 2 4 0 6
48 39 9 4 2 6 3 5 7 0 1
48 39 9 0 7 3 1 5 4 6 2
48 39 9 0 7 3 6 2 4 5 1
48 40 8 0 1 6 2 7 4 3 5
48 40 8 1 4 6 2 7 0 3 5
48 40 8 1 0 2 5 4 7 3 6
48 40 8 2 6 0 1 5 7 4 3
48 40 8 2 4 7 6 5 0 3 1
48 40 8 1 7 2 6 4 0 3 5
48 40 8 4 7 6 0 2 3 5 1
48 40 8 2 0 6 4 1 7 3 5
48 40 8 5 2 6 4 1 7 3 0
48 40 8 2 7 3 1 0 5 4 6
48 40 8 1 7 6 5 0 2 4 3
48 40 8 1 2 6 3 0 7 5 4
48 40 8 1 2 6 5 0 4 3 7
48 40 8 1 7 5 2 0 4 3 6
48 40 8 1 7 3 2 0 4 6 5
48 41 7 0 7 1 5 2 3 6 4
48 41 7 4 2 1 0 5 7 3 6
48 41 7 4 2 7 1 5 3 6 0
48 41 7 4 2 6 1 7 3 5 0
48 41 7 2 0 7 3 5 4 6 1
48 41 7 1 0 2 3 4 7 6 5
48 41 7 1 2 7 0 5 4 3 6
48 41 7 1 0 7 6 5 4 3 2
48 41 7 5 2 6 1 0 4 7 3
48 41 7 7 2 6 1 5 4 0 3
48 41 7 7 2 6 0 5 4 3 1
48 41 7 1 0 2 6 7 4 3 5
48 41 7 1 4 7 6 2 3 0 5
48 41 7 1 7 3 6 0 2 4 5
48 41 7 1 0 3 6 2 7 4 5
48 41 7 0 1 7 5 2 4 3 6
48 41 7 1 4 7 5 2 0 3 6
48 41 7 1 7 3 5 2 0 4 6
48 42 6 1 2 6 7 5 4 3 0
48 42 6 2 7 5 6 1 4 3 0
48 42 6 2 7 3 5 1 4 6 0
48 42 6 0 5 7 1 2 4 6 3
48 42 6 0 7 5 1 2 4 6 3
48 43 5 1 3 7 0 2 4 6 5
48 43 5 1 2 3 6 0 4 7 5
48 43 5 1 2 0 4 5 7 6 3
49 38 11 2 7 6 5 1 3 0 4
49 39 10 5 7 1 2 0 4 3 6
49 39 10 4 2 6 5 0 7 3 1
49 40 9 5 7 6 2 4 0 3 1
49 40 9 0 1 2 6 4 7 3 5
49 40 9 7 2 6 4 1 0 3 5
49 40 9 2 0 3 1 6 4 7 5
49 40 9 2 6 3 0 1 4 7 5
49 40 9 1 2 0 3 4 7 5 6
49 40 9 1 2 0 5 7 4 3 6
49 41 8 0 7 6 1 2 5 4 3
49 41 8 2 7 1 5 3 0 6 4
49 41 8 4 0 2 1 5 7 3 6
49 41 8 2 0 6 1 5 7 3 4
49 41 8 7 6 0 2 5 4 3 1
49 41 8 7 4 6 2 5 0 3 1
49 41 8 1 4 6 0 2 7 3 5
49 41 8 4 6 1 0 2 7 3 5
49 41 8 4 6 3 1 2 7 0 5
49 41 8 4 2 7 1 3 0 6 5
49 41 8 1 2 7 4 0 3 6 5
49 41 8 4 2 0 1 7 3 6 5
49 41 8 2 7 6 0 5 4 1 3
49 41 8 5 2 7 1 0 4 3 6
49 41 8 6 2 7 1 5 4 3 0
49 41 8 5 0 6 1 4 2 7 3
49 41 8 2 6 1 5 7 4 0 3
49 41 8 2 6 3 0 7 4 5 1
49 41 8 2 7 3 0 1 4 5 6
49 41 8 2 1 7 6 0 4 3 5
49 41 8 6 1 7 0 2 4 3 5
49 41 8 5 1 7 6 2 4 3 0
49 41 8 1 4 7 6 0 2 3 5
49 41 8 0 7 6 1 2 4 5 3
49 42 7 2 7 5 0 4 3 6 1
49 42 7 1 6 0 4 2 7 3 5
49 42 7 1 7 6 4 2 0 3 5
49 42 7 7 3 1 2 4 0 6 5
49 42 7 7 6 3 1 5 4 0 2
49 42 7 5 2 3 6 4 7 0 1
49 42 7 1 2 6 7 4 0 3 5
49 42 7 0 2 6 7 1 4 3 5
49 42 7 1 0 6 7 2 4 3 5
49 42 7 2 0 3 1 7 6 4 5
49 42 7 1 2 7 6 0 4 3 5
49 42 7 7 0 1 4 2 3 6 5
49 42 7 2 7 1 4 5 3 0 6
49 42 7 0 2 7 3 1 4 6 5
49 42 7 7 6 1 5 2 4 0 3
49 42 7 7 6 3 0 2 4 5 1
49 42 7 5 4 7 1 2 0 6 3
49 42 7 0 7 1 5 2 4 6 3
49 42 7 1 7 5 2 0 4 6 3
49 42 7 1 7 5 6 2 4 0 3
49 43 6 1 7 6 3 5 4 2 0
49 43 6 1 7 0 3 5 4 6 2
49 43 6 1 2 6 3 7 4 5 0
49 43 6 1 2 0 3 7 4 6 5
49 43 6 1 7 6 4 2 3 5 0
49 43 6 1 0 7 3 2 4 5 6
49 43 6 5 2 3 1 4 0 7 6
49 43 6 5 2 3 1 4 7 6 0
49 43 6 6 0 1 7 2 4 3 5
49 43 6 3 0 7 1 2 4 6 5
49 43 6 5 3 7 1 2 4 6 0
49 43 6 1 0 3 6 4 2 7 5
49 43 6 1 2 3 0 4 7 5 6
49 43 6 0 1 7 5 2 4 6 3
49 43 6 1 4 7 5 2 0 6 3
49 44 5 4 2 3 1 0 6 7 5
49 44 5 1 2 3 0 4 6 7 5
49 45 4 1 2 3 4 5 7 0 6
50 39 11 7 4 6 0 1 2 3 5
50 40 10 5 0 6 2 7 4 3 1
50 40 10 4 7 0 1 2 3 5 6
50 40 10 0 2 6 3 4 7 5 1
50 40 10 0 2 6 5 7 4 3 1
50 41 9 2 0 6 5 4 7 3 1
50 41 9 5 7 6 1 4 3 0 2
50 41 9 5 0 6 1 4 7 3 2
50 41 9 2 7 6 1 3 5 4 0
50 41 9 2 7 1 5 4 0 3 6
50 41 9 2 7 0 5 4 3 1 6
50 41 9 7 2 6 1 5 0 3 4
50 41 9 5 4 6 1 2 7 3 0
50 41 9 1 2 7 6 4 3 0 5
50 41 9 2 6 0 3 4 7 5 1
50 41 9 0 6 3 2 4 7 5 1
50 41 9 2 6 3 4 0 7 5 1
50 41 9 2 7 6 3 0 4 1 5
50 41 9 4 2 7 1 5 0 3 6
50 41 9 2 7 1 6 0 4 3 5
50 41 9 7 2 0 1 5 4 3 6
50 41 9 0 2 6 1 5 4 3 7
50 41 9 2 6 1 5 0 4 3 7
50 41 9 2 6 3 1 0 4 5 7
50 41 9 2 7 3 6 0 4 5 1
50 41 9 1 7 6 2 0 4 5 3
50 42 8 0 5 6 1 7 4 3 2
50 42 8 5 6 0 1 7 4 3 2
50 42 8 5 7 0 6 1 4 3 2
50 42 8 2 0 7 5 4 3 6 1
50 42 8 7 0 1 5 4 3 6 2
50 42 8 4 7 1 5 0 3 6 2
50 42 8 5 2 7 1 4 3 0 6
50 42 8 5 2 7 0 4 3 6 1
50 42 8 0 1 6 4 2 7 3 5
50 42 8 2 6 3 1 7 0 5 4
50 42 8 0 6 3 1 2 7 5 4
50 42 8 2 0 6 3 5 7 4 1
50 42 8 4 7 6 1 5 2 0 3
50 42 8 4 7 6 0 5 2 3 1
50 42 8 7 1 0 2 4 3 6 5
50 42 8 4 7 1 2 3 0 6 5
50 42 8 4 7 1 2 5 3 6 0
50 42 8 2 4 7 1 5 3 0 6
50 42 8 7 6 1 0 5 4 3 2
50 42 8 7 4 6 1 5 3 0 2
50 42 8 5 0 2 1 4 7 6 3
50 42 8 5 2 1 0 4 7 6 3
50 42 8 2 6 3 1 0 7 4 5
50 42 8 2 7 3 6 0 1 4 5
50 42 8 2 0 3 6 1 7 4 5
50 42 8 5 7 1 4 2 3 6 0
50 42 8 2 7 1 0 5 3 6 4
50 42 8 4 2 6 5 1 7 0 3
50 42 8 0 7 5 2 1 4 3 6
50 42 8 7 2 6 0 4 3 5 1
50 42 8 2 4 7 3 1 0 6 5
50 42 8 0 7 3 2 1 4 6 5
50 42 8 2 7 5 1 0 3 6 4
50 43 7 3 2 7 1 0 4 6 5
50 43 7 3 2 7 1 4 6 0 5
50 43 7 1 7 6 3 5 0 4 2
50 43 7 5 2 6 4 7 0 3 1
50 43 7 1 2 6 3 7 0 4 5
50 43 7 2 6 1 7 5 4 3 0
50 43 7 2 7 1 4 3 6 0 5
50 43 7 4 2 3 6 1 7 0 5
50 43 7 2 7 5 6 4 3 1 0
50 43 7 5 2 0 1 7 4 6 3
50 43 7 7 3 6 1 2 0 5 4
50 43 7 1 7 0 6 2 3 5 4
50 43 7 7 6 0 5 2 4 3 1
50 43 7 5 6 1 7 2 4 3 0
50 43 7 1 2 3 6 0 7 5 4
50 44 6 5 7 3 6 2 4 1 0
50 44 6 1 2 6 5 0 4 7 3
50 44 6 2 3 7 0 5 4 6 1
50 44 6 1 2 0 6 5 7 3 4
50 44 6 5 7 3 0 2 4 6 1
50 44 6 5 2 3 1 4 6 7 0
50 45 5 1 2 6 4 7 3 5 0
51 41 10 7 2 6 5 4 0 3 1
51 41 10 2 0 1 5 7 3 6 4
51 41 10 4 2 7 0 1 3 6 5
51 41 10 2 6 3 5 4 7 0 1
51 41 10 2 7 0 3 5 4 1 6
51 41 10 0 7 6 3 5 4 1 2
51 41 10 0 7 1 6 5 4 3 2
51 41 10 2 6 0 5 7 4 3 1
51 41 10 0 6 1 5 7 4 3 2
51 41 10 2 6 0 1 7 4 5 3
51 41 10 0 6 3 1 7 4 5 2
51 41 10 2 7 0 6 1 4 5 3
51 41 10 0 7 3 6 1 4 5 2
51 41 10 4 1 7 6 2 0 3 5
51 42 9 5 4 6 1 7 0 3 2
51 42 9 5 7 1 0 4 3 6 2
51 42 9 5 2 7 1 0 3 6 4
51 42 9 4 6 0 1 7 2 3 5
51 42 9 2 7 6 5 0 1 4 3
51 42 9 2 0 6 5 1 7 4 3
51 42 9 2 7 6 3 0 5 4 1
51 42 9 2 4 7 1 0 5 3 6
51 42 9 7 4 6 1 0 5 3 2
51 42 9 5 0 2 6 4 7 3 1
51 42 9 6 2 7 0 1 4 3 5
51 42 9 5 2 7 6 1 4 3 0
51 42 9 3 7 1 4 2 0 6 5
51 42 9 2 7 0 4 5 3 6 1
51 42 9 0 7 1 4 5 3 6 2
51 42 9 2 7 5 1 0 4 3 6
51 42 9 2 7 5 3 1 4 0 6
51 42 9 7 2 6 1 0 3 5 4
51 42 9 0 7 5 1 4 3 6 2
51 42 9 7 6 1 5 0 4 3 2
51 42 9 0 6 1 5 2 4 3 7
51 42 9 7 6 3 1 0 4 5 2
51 42 9 7 6 0 1 2 4 5 3
51 42 9 0 6 3 1 2 4 5 7
51 42 9 5 7 1 2 0 4 6 3
51 42 9 5 7 1 6 2 4 0 3
51 43 8 4 7 6 2 5 3 0 1
51 43 8 4 0 6 2 5 7 3 1
51 43 8 3 0 7 1 4 2 6 5
51 43 8 6 0 3 1 4 7 5 2
51 43 8 4 6 3 1 0 7 5 2
51 43 8 1 6 3 0 4 7 5 2
51 43 8 7 0 1 2 5 4 3 6
51 43 8 6 0 1 2 7 4 3 5
51 43 8 2 6 1 7 4 0 3 5
51 43 8 2 0 1 4 3 7 6 5
51 43 8 0 2 7 5 1 4 3 6
51 43 8 2 7 3 5 1 0 4 6
51 43 8 7 6 0 5 1 4 3 2
51 43 8 2 7 5 6 4 0 3 1
51 43 8 5 2 6 1 7 3 0 4
51 43 8 5 2 6 1 7 0 4 3
51 43 8 5 2 0 6 7 4 3 1
51 43 8 7 6 0 1 2 3 5 4
51 43 8 7 0 2 1 4 3 6 5
51 43 8 7 2 1 0 4 3 6 5
51 43 8 7 6 2 0 1 4 3 5
51 43 8 7 6 3 2 1 4 0 5
51 43 8 1 0 6 5 4 7 3 2
51 43 8 1 7 6 3 4 0 5 2
51 43 8 7 4 6 5 2 0 3 1
51 43 8 4 3 7 1 2 0 6 5
51 44 7 3 7 1 2 0 4 6 5
51 44 7 5 2 6 3 4 0 7 1
51 44 7 5 2 6 3 4 7 1 0
51 44 7 7 2 6 5 1 4 3 0
51 44 7 2 6 1 3 7 4 5 0
51 44 7 1 6 0 5 7 4 3 2
51 44 7 7 0 6 3 2 4 5 1
51 44 7 4 7 6 1 5 3 2 0
51 44 7 5 2 1 6 4 7 3 0
51 44 7 5 7 0 2 1 4 6 3
51 44 7 7 0 3 1 2 6 4 5
51 44 7 2 6 1 4 5 7 0 3
51 44 7 1 6 0 3 2 7 4 5
51 44 7 0 5 7 6 2 4 3 1
51 44 7 1 0 6 5 4 2 7 3
51 44 7 2 3 7 1 5 4 0 6
51 44 7 1 7 5 6 0 4 3 2
51 44 7 1 7 3 5 0 4 6 2
51 45 6 7 6 1 3 2 4 5 0
51 45 6 1 7 0 2 5 4 6 3
51 45 6 1 2 5 0 4 7 6 3
51 45 6 1 0 2 4 5 7 3 6
51 45 6 1 2 4 0 5 7 3 6
51 45 6 5 0 7 3 2 4 6 1
51 45 6 1 2 0 4 7 3 6 5
51 45 6 1 7 5 3 0 4 6 2
51 46 5 2 3 0 7 1 4 6 5
51 46 5 2 3 7 5 1 4 6 0
51 46 5 1 2 3 5 4 0 7 6
51 46 5 1 2 3 5 4 7 6 0
51 46 5 2 7 5 3 1 4 6 0
51 46 5 1 2 6 3 5 4 7 0
51 48 3 1 3 0 7 2 4 6 5
51 48 3 1 3 7 5 2 4 6 0
52 41 11 2 0 6 1 7 5 4 3
52 41 11 2 7 6 0 1 5 4 3
52 42 10 5 7 6 3 1 4 0 2
52 42 10 3 7 1 5 4 0 6 2
52 42 10 5 2 0 1 4 3 6 7
52 42 10 2 0 3 1 6 7 5 4
52 42 10 2 6 3 0 1 7 5 4
52 42 10 4 7 0 1 5 2 3 6
52 42 10 0 7 6 1 5 2 3 4
52 42 10 4 0 1 2 7 3 6 5
52 42 10 4 2 7 6 1 0 3 5
52 42 10 4 2 0 5 1 7 3 6
52 42 10 7 2 0 1 4 3 5 6
52 42 10 0 2 6 1 4 3 5 7
52 43 9 4 7 6 2 0 5 3 1
52 43 9 1 7 6 0 4 2 3 5
52 43 9 5 7 1 2 4 3 0 6
52 43 9 5 7 1 2 0 3 6 4
52 43 9 6 7 1 2 5 4 3 0
52 43 9 5 6 1 2 7 4 3 0
52 43 9 2 0 1 7 6 4 3 5
52 43 9 2 4 7 6 0 1 3 5
52 43 9 2 4 7 6 1 3 0 5
52 43 9 4 0 2 6 1 7 3 5
52 43 9 2 4 7 5 1 0 3 6
52 43 9 7 4 6 5 1 0 3 2
52 43 9 5 0 6 1 7 2 3 4
52 43 9 5 2 6 7 0 4 3 1
52 43 9 1 7 6 5 2 3 0 4
52 43 9 0 7 6 2 1 4 5 3
52 43 9 1 0 6 3 7 4 5 2
52 43 9 1 7 6 0 3 4 5 2
52 43 9 4 6 1 7 2 0 3 5
52 43 9 1 2 0 6 4 7 5 3
52 43 9 0 2 3 6 4 7 5 1
52 44 8 2 6 5 1 4 7 0 3
52 44 8 3 7 1 2 4 6 0 5
52 44 8 3 0 1 2 4 7 6 5
52 44 8 2 7 1 5 6 4 3 0
52 44 8 2 7 1 3 5 0 4 6
52 44 8 5 2 0 3 4 7 6 1
52 44 8 7 2 0 6 1 4 3 5
52 44 8 2 6 0 3 7 4 1 5
52 44 8 0 2 7 6 4 3 5 1
52 44 8 2 3 7 6 4 0 5 1
52 44 8 5 2 6 1 4 0 3 7
52 44 8 2 6 1 5 4 0 7 3
52 44 8 0 1 6 5 7 4 3 2
52 44 8 1 4 6 5 7 0 3 2
52 44 8 3 7 6 0 2 4 5 1
52 44 8 4 7 0 1 5 3 6 2
52 44 8 0 4 6 1 5 7 3 2
52 44 8 4 6 0 1 5 7 3 2
52 44 8 2 7 6 4 3 5 0 1
52 44 8 2 0 6 4 3 7 5 1
52 44 8 7 0 6 4 2 3 5 1
52 44 8 2 7 6 4 1 3 0 5
52 44 8 2 4 6 1 5 7 0 3
52 44 8 2 4 6 0 5 7 3 1
52 44 8 2 0 4 1 7 3 6 5
52 44 8 2 4 1 0 7 3 6 5
52 44 8 2 0 5 1 4 7 3 6
52 44 8 7 6 3 1 0 2 4 5
52 44 8 2 6 1 0 5 7 3 4
52 44 8 0 1 6 3 2 7 4 5
52 44 8 5 4 7 6 2 0 3 1
52 44 8 5 7 3 6 2 0 4 1
52 44 8 2 7 1 3 0 4 6 5
52 44 8 2 3 0 1 5 4 6 7
52 44 8 0 3 7 1 5 4 6 2
52 44 8 1 2 6 3 5 7 0 4
52 44 8 5 7 3 1 0 4 6 2
52 44 8 6 2 3 1 4 0 7 5
52 44 8 0 7 5 6 2 4 3 1
52 44 8 0 7 3 5 2 4 6 1
52 45 7 0 2 1 4 7 3 6 5
52 45 7 2 3 1 4 7 0 6 5
52 45 7 4 2 6 3 1 0 7 5
52 45 7 4 2 6 3 1 7 5 0
52 45 7 5 2 3 1 7 4 0 6
52 45 7 7 6 0 3 2 4 1 5
52 45 7 2 0 1 4 7 6 3 5
52 45 7 2 3 7 1 0 4 5 6
52 45 7 7 3 6 1 0 4 5 2
52 45 7 1 7 5 6 4 3 0 2
52 45 7 1 7 6 3 5 2 4 0
52 45 7 7 0 4 1 2 3 6 5
52 45 7 7 4 1 0 2 3 6 5
52 45 7 1 7 6 2 5 0 4 3
52 45 7 5 2 7 1 0 4 6 3
52 45 7 1 2 7 0 5 4 6 3
52 45 7 1 0 2 5 4 7 6 3
52 45 7 5 7 6 0 2 4 1 3
52 45 7 2 7 3 0 5 4 1 6
52 45 7 4 2 6 1 0 5 7 3
52 45 7 4 0 6 1 5 2 7 3
52 45 7 0 7 5 3 2 4 6 1
52 46 6 4 2 3 6 5 7 0 1
52 46 6 2 6 3 0 5 4 7 1
52 47 5 4 2 3 1 5 0 7 6
52 47 5 4 2 3 1 5 7 6 0
52 47 5 1 7 3 6 5 4 2 0
52 47 5 1 2 3 6 7 4 5 0
52 47 5 1 2 6 4 0 5 7 3
52 47 5 1 0 6 4 5 2 7 3
52 48 4 1 2 3 6 5 4 7 0
52 49 3 1 2 3 5 4 6 7 0
52 49 3 1 2 3 4 5 0 7 6
52 49 3 1 2 3 4 5 7 6 0
53 43 10 7 6 3 1 4 0 5 2
53 43 10 5 7 6 1 4 2 3 0
53 43 10 5 7 0 2 4 3 6 1
53 43 10 4 7 1 2 5 0 3 6
53 43 10 5 0 6 4 2 7 3 1
53 43 10 5 2 6 3 7 4 0 1
53 43 10 1 7 6 2 0 3 5 4
53 43 10 2 7 6 1 0 4 5 3
53 44 9 2 0 6 1 4 7 5 3
53 44 9 2 6 1 0 4 7 5 3
53 44 9 2 4 6 5 7 0 3 1
53 44 9 2 6 1 3 7 0 4 5
53 44 9 5 0 6 1 2 4 3 7
53 44 9 7 4 6 2 0 1 3 5
53 44 9 7 4 6 2 1 3 0 5
53 44 9 2 6 0 5 4 7 1 3
53 44 9 2 7 6 3 4 0 5 1
53 44 9 0 2 1 5 4 7 3 6
53 44 9 5 2 1 4 0 7 3 6
53 44 9 2 4 6 0 7 3 5 1
53 44 9 5 7 6 2 1 0 4 3
53 44 9 2 6 0 4 5 7 3 1
53 44 9 0 6 1 4 5 7 3 2
53 44 9 0 7 1 3 5 4 6 2
53 45 8 4 7 6 5 1 2 3 0
53 45 8 2 1 0 4 7 3 6 5
53 45 8 4 2 0 3 1 7 6 5
53 45 8 0 5 6 1 2 7 3 4
53 45 8 5 6 0 1 2 7 3 4
53 45 8 5 7 6 1 2 0 3 4
53 45 8 5 2 0 6 1 7 3 4
53 45 8 5 0 2 1 7 4 3 6
53 45 8 5 2 1 0 7 4 3 6
53 45 8 3 7 6 1 2 5 0 4
53 45 8 3 0 6 1 2 7 5 4
53 45 8 0 6 1 5 2 7 3 4
53 45 8 2 0 7 3 1 4 5 6
53 45 8 7 0 6 3 1 4 5 2
53 45 8 4 7 6 1 2 5 3 0
53 45 8 7 3 6 2 4 0 5 1
53 45 8 2 7 0 1 3 5 6 4
53 45 8 0 2 6 1 3 7 5 4
53 45 8 7 6 3 1 4 2 0 5
53 45 8 7 6 1 3 2 0 4 5
53 45 8 2 6 1 4 7 3 0 5
53 45 8 6 0 1 4 2 7 3 5
53 45 8 4 2 7 1 0 3 5 6
53 45 8 1 2 7 0 4 3 5 6
53 45 8 2 3 7 1 4 5 0 6
53 45 8 7 3 6 1 4 5 0 2
53 45 8 1 0 7 6 4 3 5 2
53 45 8 7 4 6 0 2 3 5 1
53 45 8 3 2 7 1 5 4 6 0
53 45 8 0 7 3 1 2 4 5 6
53 46 7 0 2 6 4 7 3 5 1
53 46 7 1 7 6 4 3 0 5 2
53 46 7 2 0 1 3 4 6 7 5
53 46 7 2 4 7 1 5 6 0 3
53 46 7 7 0 1 2 5 4 6 3
53 46 7 0 3 7 2 1 4 6 5
53 46 7 2 0 6 4 5 7 3 1
53 46 7 1 2 6 5 7 3 0 4
53 46 7 1 5 7 0 2 4 3 6
53 46 7 2 0 3 6 5 7 4 1
53 46 7 4 2 1 0 5 7 6 3
53 46 7 1 6 0 4 7 2 3 5
53 46 7 2 3 1 0 4 6 7 5
53 46 7 0 7 5 2 1 4 6 3
53 46 7 2 6 3 1 5 4 0 7
53 46 7 0 2 6 3 1 4 7 5
53 46 7 2 1 7 3 0 4 6 5
53 46 7 3 1 7 0 2 4 6 5
53 46 7 5 1 7 3 2 4 6 0
53 46 7 1 4 7 3 0 2 6 5
53 46 7 1 4 7 3 2 6 0 5
53 47 6 1 7 3 2 5 4 0 6
53 47 6 1 0 7 6 2 4 5 3
53 47 6 1 2 5 6 4 7 3 0
53 47 6 4 7 1 5 2 3 6 0
53 47 6 0 2 3 1 5 7 4 6
53 47 6 1 2 0 5 7 4 6 3
53 47 6 7 0 5 1 2 4 3 6
53 47 6 1 7 5 3 2 0 4 6
53 47 6 7 0 3 1 2 4 6 5
53 47 6 1 0 2 7 4 3 6 5
53 47 6 1 7 3 6 5 0 4 2
53 47 6 1 2 3 6 7 0 4 5
53 48 5 1 2 7 6 5 4 3 0
53 48 5 7 0 5 1 2 4 6 3
53 49 4 4 2 3 1 5 6 7 0
54 43 11 4 6 1 2 7 0 3 5
54 44 10 2 0 1 5 7 4 3 6
54 44 10 7 2 6 3 1 4 0 5
54 44 10 5 2 6 0 1 4 3 7
54 44 10 2 0 6 3 7 4 5 1
54 44 10 2 7 6 0 3 4 5 1
54 44 10 4 7 6 3 2 0 5 1
54 44 10 2 7 1 6 0 3 5 4
54 44 10 3 7 6 4 2 0 5 1
54 44 10 2 7 0 4 1 3 5 6
54 44 10 0 7 6 4 1 3 5 2
54 44 10 5 2 1 3 4 7 0 6
54 44 10 2 4 0 1 5 7 3 6
54 44 10 2 4 6 1 0 3 5 7
54 44 10 1 7 0 2 4 3 5 6
54 45 9 4 7 0 6 1 2 3 5
54 45 9 0 7 6 4 1 2 3 5
54 45 9 3 7 6 1 0 2 5 4
54 45 9 2 6 1 5 7 0 3 4
54 45 9 3 7 6 0 1 4 5 2
54 45 9 2 0 1 6 4 7 3 5
54 45 9 2 0 7 6 4 3 1 5
54 45 9 2 7 6 0 4 3 1 5
54 45 9 0 7 6 1 4 5 3 2
54 45 9 7 6 0 2 4 3 5 1
54 45 9 4 7 6 2 3 0 5 1
54 45 9 4 7 6 2 1 3 5 0
54 45 9 0 5 2 1 4 7 3 6
54 45 9 5 7 2 1 4 0 3 6
54 45 9 2 6 0 1 3 7 5 4
54 45 9 7 6 1 0 4 2 3 5
54 45 9 5 6 1 4 2 7 3 0
54 45 9 6 2 7 1 4 3 5 0
54 45 9 0 7 6 3 1 2 4 5
54 45 9 4 2 7 1 5 0 6 3
54 45 9 5 7 6 3 0 4 1 2
54 45 9 5 7 0 3 2 4 1 6
54 45 9 0 7 6 3 2 4 1 5
54 45 9 5 7 1 6 0 4 3 2
54 45 9 0 7 1 6 2 4 3 5
54 45 9 2 7 3 6 0 4 1 5
54 45 9 0 7 3 6 5 4 1 2
54 45 9 1 7 3 2 0 4 5 6
54 46 8 2 6 5 0 4 7 3 1
54 46 8 2 6 0 4 7 3 5 1
54 46 8 2 3 6 4 7 0 5 1
54 46 8 5 0 7 2 1 4 3 6
54 46 8 5 7 2 0 1 4 3 6
54 46 8 5 7 3 2 1 4 0 6
54 46 8 4 7 6 5 2 3 0 1
54 46 8 4 0 6 5 2 7 3 1
54 46 8 7 6 1 2 5 4 3 0
54 46 8 4 6 1 2 5 7 3 0
54 46 8 7 6 5 1 4 3 0 2
54 46 8 0 7 6 3 2 1 4 5
54 46 8 2 7 6 3 5 1 4 0
54 46 8 0 2 6 3 1 7 4 5
54 46 8 1 2 6 0 7 3 5 4
54 46 8 2 3 6 1 0 7 5 4
54 46 8 2 3 6 1 7 5 0 4
54 46 8 2 6 1 3 0 4 7 5
54 46 8 0 5 6 1 2 7 4 3
54 46 8 5 6 0 1 2 7 4 3
54 46 8 2 4 7 1 0 5 6 3
54 46 8 3 7 1 2 5 4 6 0
54 46 8 7 2 6 4 5 0 3 1
54 46 8 1 0 6 5 7 2 3 4
54 46 8 2 5 7 1 0 4 3 6
54 46 8 6 5 7 1 2 4 3 0
54 46 8 2 7 3 6 0 5 4 1
54 46 8 4 0 2 1 5 7 6 3
54 46 8 4 0 2 6 5 7 3 1
54 46 8 0 1 6 4 7 2 3 5
54 46 8 0 7 3 2 5 4 6 1
54 46 8 2 7 5 1 0 4 6 3
54 46 8 0 6 3 1 5 4 7 2
54 46 8 1 0 6 3 2 4 7 5
54 46 8 1 2 6 0 3 4 7 5
54 47 7 0 2 1 4 6 7 3 5
54 47 7 1 7 6 5 4 3 2 0
54 47 7 1 7 0 5 4 3 6 2
54 47 7 1 0 7 2 5 4 3 6
54 47 7 1 7 2 0 5 4 3 6
54 47 7 2 7 1 5 3 4 6 0
54 47 7 0 2 7 1 3 4 6 5
54 47 7 2 7 0 1 3 4 6 5
54 47 7 3 7 6 1 2 4 5 0
54 47 7 1 7 0 2 4 3 6 5
54 47 7 7 0 1 5 2 4 3 6
54 47 7 1 7 3 6 4 0 5 2
54 47 7 1 6 2 0 7 4 3 5
54 47 7 1 6 3 2 7 4 0 5
54 47 7 1 2 6 0 5 7 4 3
54 47 7 0 4 7 1 2 3 6 5
54 47 7 0 2 7 5 1 4 6 3
54 47 7 6 0 3 1 2 4 7 5
54 47 7 1 6 3 0 2 4 7 5
54 47 7 1 6 0 5 2 7 4 3
54 47 7 1 6 0 3 4 2 7 5
54 47 7 1 2 6 5 7 0 4 3
54 47 7 6 7 5 1 2 4 3 0
54 47 7 1 2 6 7 4 3 0 5
54 47 7 1 2 7 5 4 3 0 6
54 47 7 1 2 3 4 0 7 6 5
54 48 6 4 2 6 3 5 0 7 1
54 48 6 4 2 6 3 5 7 1 0
54 48 6 1 7 5 2 6 4 3 0
54 48 6 1 7 3 2 5 4 6 0
54 48 6 4 2 1 6 5 7 3 0
54 48 6 1 2 0 7 5 4 3 6
54 48 6 0 2 6 1 5 4 7 3
54 48 6 1 4 7 6 2 3 5 0
54 48 6 1 7 3 6 5 2 4 0
54 48 6 1 3 0 6 2 7 4 5
54 48 6 1 2 6 7 5 4 0 3
54 48 6 1 2 6 0 5 4 3 7
54 48 6 1 5 7 0 2 4 6 3
54 48 6 3 7 5 1 2 4 6 0
54 48 6 0 2 3 6 1 4 7 5
54 48 6 1 0 2 4 5 7 6 3
54 48 6 1 2 4 0 5 7 6 3
54 49 5 1 2 7 4 5 3 6 0
54 49 5 1 6 0 7 2 4 3 5
54 49 5 1 7 5 2 3 4 6 0
54 49 5 5 3 7 0 2 4 6 1
54 49 5 1 2 0 3 4 6 7 5
54 49 5 1 2 3 4 0 6 7 5
55 44 11 0 7 1 6 4 3 5 2
55 44 11 2 4 0 1 7 3 5 6
55 44 11 0 4 6 1 7 3 5 2
55 45 10 5 2 6 3 1 7 0 4
55 45 10 2 7 6 5 0 3 1 4
55 45 10 7 6 1 4 2 0 3 5
55 45 10 3 2 7 1 4 0 5 6
55 45 10 1 0 6 3 7 2 4 5
55 45 10 1 7 6 0 3 2 4 5
55 45 10 7 4 6 1 0 3 5 2
55 45 10 7 4 0 1 2 3 5 6
55 45 10 0 4 6 1 2 3 5 7
55 45 10 2 7 0 6 5 4 1 3
55 46 9 4 7 6 5 0 1 3 2
55 46 9 4 7 6 5 1 3 0 2
55 46 9 4 0 6 5 1 7 3 2
55 46 9 6 0 1 5 4 7 3 2
55 46 9 4 6 1 5 0 7 3 2
55 46 9 4 7 6 5 0 2 3 1
55 46 9 6 1 0 2 4 7 3 5
55 46 9 6 7 1 2 4 0 3 5
55 46 9 7 6 1 0 4 3 5 2
55 46 9 4 7 6 1 3 5 0 2
55 46 9 4 0 6 1 3 7 5 2
55 46 9 1 0 6 4 7 3 5 2
55 46 9 2 6 0 3 1 7 4 5
55 46 9 2 3 7 6 1 4 0 5
55 46 9 2 7 3 5 0 4 6 1
55 46 9 2 7 5 6 1 4 0 3
55 46 9 2 6 0 1 5 4 7 3
55 46 9 4 1 7 3 2 0 6 5
55 47 8 3 7 6 2 0 4 5 1
55 47 8 2 4 6 5 1 7 3 0
55 47 8 2 1 0 4 6 7 3 5
55 47 8 2 7 1 4 6 0 3 5
55 47 8 2 7 1 4 3 0 5 6
55 47 8 0 7 1 4 2 3 5 6
55 47 8 2 7 1 4 6 3 5 0
55 47 8 2 6 5 1 7 3 0 4
55 47 8 2 7 5 6 1 3 0 4
55 47 8 4 7 6 2 5 1 3 0
55 47 8 4 7 0 2 1 3 6 5
55 47 8 2 6 3 0 4 7 1 5
55 47 8 0 7 6 1 5 2 4 3
55 47 8 2 7 1 5 4 0 6 3
55 47 8 2 4 7 1 3 0 6 5
55 47 8 0 7 6 1 3 4 5 2
55 47 8 7 4 6 1 5 2 0 3
55 47 8 7 4 6 0 5 2 3 1
55 47 8 5 0 6 3 2 7 4 1
55 47 8 1 6 0 2 4 7 3 5
55 47 8 5 4 7 1 2 3 0 6
55 47 8 6 7 1 5 2 4 3 0
55 47 8 5 7 3 1 0 2 4 6
55 47 8 5 0 3 1 2 7 4 6
55 47 8 2 7 3 1 4 0 6 5
55 47 8 1 2 5 4 0 7 3 6
55 47 8 5 2 6 1 0 7 4 3
55 47 8 3 2 6 1 5 7 4 0
55 47 8 5 2 7 6 0 4 3 1
55 47 8 6 2 7 0 5 4 3 1
55 47 8 2 3 7 0 4 6 5 1
55 47 8 2 4 7 5 1 0 6 3
55 47 8 2 3 0 1 5 7 4 6
55 47 8 5 6 3 1 2 4 7 0
55 47 8 0 1 6 5 2 7 4 3
55 47 8 0 1 6 3 4 2 7 5
55 47 8 1 2 6 4 0 7 5 3
55 47 8 1 2 7 5 0 3 6 4
55 47 8 0 2 3 1 4 7 6 5
55 47 8 5 7 1 3 0 4 6 2
55 47 8 0 7 1 3 2 4 6 5
55 48 7 1 6 0 5 2 7 3 4
55 48 7 1 7 6 5 2 0 3 4
55 48 7 4 2 0 3 5 7 6 1
55 48 7 7 0 3 1 5 4 6 2
55 48 7 1 7 3 0 5 4 6 2
55 48 7 7 0 3 6 2 4 5 1
55 48 7 1 7 2 6 0 4 3 5
55 48 7 5 2 6 4 1 7 0 3
55 48 7 1 2 6 3 7 0 5 4
55 48 7 1 2 6 5 4 0 3 7
55 48 7 1 7 5 2 4 0 3 6
55 48 7 1 7 3 2 4 0 6 5
55 48 7 7 0 1 5 2 3 6 4
55 48 7 0 2 1 4 5 7 3 6
55 48 7 4 2 7 1 5 3 0 6
55 48 7 4 2 7 0 5 3 6 1
55 48 7 0 2 7 3 5 4 6 1
55 48 7 1 7 2 3 4 0 6 5
55 48 7 1 4 7 6 5 0 3 2
55 48 7 5 2 6 1 3 4 7 0
55 48 7 7 2 6 1 5 0 4 3
55 48 7 7 2 0 1 5 4 6 3
55 48 7 7 2 0 6 5 4 3 1
55 48 7 1 4 0 6 2 3 7 5
55 48 7 1 4 7 5 2 3 0 6
55 48 7 1 7 3 5 0 2 4 6
55 48 7 1 0 3 5 2 7 4 6
55 48 7 2 5 7 1 0 4 6 3
55 48 7 3 5 7 1 2 4 6 0
55 48 7 1 3 7 2 0 4 6 5
55 48 7 1 3 7 6 2 4 0 5
55 48 7 1 2 3 0 6 4 7 5
55 49 6 0 2 3 1 6 4 7 5
55 49 6 2 6 3 5 1 4 7 0
55 49 6 1 2 5 0 7 4 3 6
55 49 6 1 2 3 5 7 4 0 6
55 49 6 1 4 6 5 2 7 3 0
55 49 6 1 2 7 4 3 0 6 5
55 49 6 6 1 0 7 2 4 3 5
55 49 6 6 1 7 5 2 4 3 0
55 49 6 1 6 3 4 2 7 0 5
55 49 6 7 3 1 2 0 4 6 5
55 49 6 7 6 3 1 5 4 2 0
55 49 6 5 2 3 6 4 0 7 1
55 49 6 5 2 3 6 4 7 1 0
55 49 6 0 1 6 7 2 4 3 5
55 49 6 1 4 6 7 2 0 3 5
55 49 6 0 2 3 1 7 6 4 5
55 49 6 7 3 1 4 2 0 6 5
55 49 6 1 2 7 3 0 4 6 5
55 49 6 7 0 1 5 2 4 6 3
55 49 6 1 7 5 2 4 0 6 3
55 49 6 1 7 5 6 2 0 4 3
55 49 6 1 0 7 3 5 4 6 2
55 49 6 1 0 2 3 7 4 6 5
55 49 6 1 2 3 0 7 4 6 5
55 49 6 5 2 3 1 0 4 7 6
55 49 6 3 7 0 1 2 4 6 5
55 49 6 5 3 7 1 2 4 0 6
55 49 6 4 2 3 1 6 0 7 5
55 50 5 2 3 0 7 5 4 6 1
55 50 5 1 2 3 6 5 7 0 4
55 50 5 5 2 3 0 4 6 7 1
55 51 4 1 0 3 7 2 4 6 5
55 51 4 1 3 6 7 2 4 0 5
56 45 11 4 7 6 3 1 2 0 5
56 45 11 2 0 1 5 6 7 3 4
56 45 11 4 7 6 3 1 0 5 2
56 45 11 4 0 6 1 7 5 3 2
56 45 11 4 7 6 0 1 5 3 2
56 45 11 4 0 6 2 7 3 5 1
56 45 11 0 7 6 5 4 3 1 2
56 46 10 5 6 1 0 4 7 3 2
56 46 10 7 0 1 2 6 4 3 5
56 46 10 3 2 6 1 7 0 5 4
56 46 10 2 6 1 3 0 7 5 4
56 46 10 4 7 1 2 5 0 6 3
56 46 10 4 5 7 1 2 0 3 6
56 47 9 3 7 6 2 4 5 0 1
56 47 9 3 0 6 2 4 7 5 1
56 47 9 2 4 0 6 1 7 3 5
56 47 9 5 6 1 2 4 7 0 3
56 47 9 7 0 1 2 4 3 5 6
56 47 9 4 7 1 2 0 3 5 6
56 47 9 2 6 1 0 7 3 5 4
56 47 9 2 0 7 6 1 3 5 4
56 47 9 0 7 6 2 4 1 3 5
56 47 9 0 4 6 2 1 7 3 5
56 47 9 4 6 0 2 1 7 3 5
56 47 9 2 0 6 3 4 7 1 5
56 47 9 5 7 6 1 3 2 4 0
56 47 9 2 0 1 5 7 4 6 3
56 47 9 5 7 6 3 0 2 4 1
56 47 9 0 1 6 2 4 7 3 5
56 47 9 2 0 6 5 1 7 3 4
56 47 9 5 4 7 1 0 2 3 6
56 47 9 2 0 3 1 7 4 6 5
56 47 9 1 0 3 6 7 4 5 2
56 47 9 1 7 3 0 6 4 5 2
56 47 9 0 2 5 1 4 7 3 6
56 47 9 1 2 5 3 4 7 0 6
56 47 9 4 2 7 6 5 0 3 1
56 47 9 2 3 7 1 0 6 5 4
56 47 9 4 6 3 1 2 0 7 5
56 47 9 0 2 6 1 4 7 5 3
56 47 9 4 7 5 1 2 0 3 6
56 47 9 4 7 3 1 2 0 6 5
56 47 9 1 2 0 5 4 3 6 7
56 48 8 7 0 1 2 4 6 3 5
56 48 8 4 3 6 1 7 0 5 2
56 48 8 2 7 1 6 5 0 4 3
56 48 8 3 7 6 1 4 5 2 0
56 48 8 3 7 0 1 4 5 6 2
56 48 8 0 3 6 1 4 7 5 2
56 48 8 0 1 6 5 2 7 3 4
56 48 8 5 7 1 3 2 0 4 6
56 48 8 6 7 3 0 2 4 5 1
56 48 8 7 1 6 2 0 4 3 5
56 48 8 1 4 6 2 0 7 3 5
56 48 8 1 4 6 2 7 3 0 5
56 48 8 1 7 2 5 4 0 3 6
56 48 8 2 6 1 0 5 7 4 3
56 48 8 2 6 4 1 5 7 0 3
56 48 8 2 4 7 6 5 3 0 1
56 48 8 1 7 2 6 4 3 0 5
56 48 8 4 7 0 6 2 3 5 1
56 48 8 2 6 0 4 1 7 3 5
56 48 8 2 7 6 4 1 0 3 5
56 48 8 0 7 3 1 2 5 4 6
56 48 8 2 7 3 1 6 5 4 0
56 48 8 1 7 6 5 3 2 4 0
56 48 8 0 2 6 3 1 7 5 4
56 48 8 0 2 6 5 1 4 3 7
56 48 8 1 0 6 5 2 4 3 7
56 48 8 1 0 5 2 7 4 3 6
56 48 8 1 0 3 2 7 4 6 5
56 48 8 5 7 1 0 2 3 6 4
56 48 8 4 2 6 0 7 3 5 1
56 48 8 2 4 7 3 5 0 6 1
56 48 8 0 1 2 3 4 7 6 5
56 48 8 1 2 7 3 5 4 0 6
56 48 8 0 1 7 6 5 4 3 2
56 48 8 0 2 6 7 5 4 3 1
56 48 8 0 1 2 6 7 4 3 5
56 48 8 1 4 2 6 7 0 3 5
56 48 8 0 7 3 6 1 2 4 5
56 48 8 0 1 3 6 2 7 4 5
56 48 8 2 1 7 5 0 4 3 6
56 48 8 5 1 7 0 2 4 3 6
56 48 8 1 4 7 5 0 2 3 6
56 48 8 2 7 5 6 0 4 3 1
56 48 8 4 7 5 1 2 0 6 3
56 48 8 1 0 3 6 2 4 7 5
56 49 7 7 2 6 4 0 1 3 5
56 49 7 7 2 6 4 1 3 0 5
56 49 7 2 3 0 1 6 4 7 5
56 49 7 2 4 3 1 6 0 7 5
56 49 7 1 0 2 5 7 4 3 6
56 49 7 7 6 3 2 5 4 0 1
56 49 7 1 4 0 6 2 7 3 5
56 49 7 4 6 1 5 2 7 3 0
56 49 7 4 6 3 1 2 7 5 0
56 49 7 4 2 7 1 3 6 0 5
56 49 7 0 2 7 4 1 3 6 5
56 49 7 6 2 7 1 5 4 0 3
56 49 7 5 1 7 6 2 4 0 3
56 49 7 1 4 7 6 5 2 3 0
56 49 7 7 0 6 1 2 4 5 3
56 49 7 1 6 4 0 2 7 3 5
56 49 7 1 7 6 4 0 2 3 5
56 49 7 1 7 6 4 2 3 0 5
56 49 7 7 6 3 1 5 0 4 2
56 49 7 1 0 6 7 4 2 3 5
56 49 7 2 0 6 7 1 4 3 5
56 49 7 1 2 7 6 4 0 3 5
56 49 7 7 1 0 4 2 3 6 5
56 49 7 2 7 1 4 5 0 3 6
56 49 7 2 7 0 4 5 3 1 6
56 49 7 7 6 0 5 2 4 1 3
56 49 7 7 6 0 3 2 4 5 1
56 49 7 0 6 3 7 2 4 5 1
56 49 7 3 7 1 5 2 4 6 0
56 49 7 1 0 5 2 7 4 6 3
56 49 7 1 7 6 0 5 4 2 3
56 49 7 1 2 6 0 7 4 5 3
56 49 7 0 1 7 3 2 4 5 6
56 49 7 1 4 7 3 2 0 5 6
56 49 7 5 0 3 1 4 2 7 6
56 49 7 5 2 3 0 4 7 6 1
56 49 7 6 4 1 7 2 0 3 5
56 49 7 3 4 7 1 2 0 6 5
56 49 7 5 3 7 1 0 4 6 2
56 49 7 5 3 0 1 2 4 6 7
56 49 7 0 1 3 6 4 2 7 5
56 49 7 1 3 0 6 4 2 7 5
56 49 7 1 2 3 4 0 7 5 6
56 49 7 2 1 7 5 0 4 6 3
56 49 7 5 1 7 0 2 4 6 3
56 49 7 3 1 7 5 2 4 6 0
56 49 7 1 4 7 5 0 2 6 3
56 49 7 1 4 7 5 2 6 0 3
56 49 7 4 2 3 0 1 6 7 5
56 49 7 1 2 3 7 4 6 0 5
56 50 6 1 2 7 6 4 3 5 0
56 50 6 1 2 0 6 4 3 7 5
56 50 6 7 2 3 1 5 4 0 6
56 50 6 0 7 5 1 2 3 6 4
56 50 6 3 2 7 1 4 6 5 0
56 50 6 3 2 0 1 4 6 7 5
56 50 6 2 7 1 4 3 6 5 0
56 50 6 4 2 3 6 1 0 7 5
56 50 6 4 2 3 6 1 7 5 0
56 50 6 1 7 5 6 2 3 0 4
56 50 6 7 6 5 0 2 4 3 1
56 50 6 5 6 1 7 2 4 0 3
56 50 6 1 2 3 6 7 0 5 4
56 50 6 1 2 6 5 3 4 7 0
56 50 6 5 2 3 1 4 6 0 7
56 50 6 5 2 3 1 0 6 7 4
56 51 5 1 2 5 3 4 7 6 0
56 51 5 1 2 4 6 5 7 3 0
56 51 5 1 2 3 5 0 4 7 6
56 51 5 1 2 6 0 5 4 7 3
56 51 5 1 3 7 5 2 4 0 6
56 52 4 1 2 3 0 5 4 7 6
56 52 4 1 2 3 4 0 5 7 6
56 52 4 1 0 3 4 5 2 7 6
56 54 2 1 2 3 4 5 6 7 0