0 0 0 2 7 6 1 4 0 3 5
16 0 16 2 7 6 1 0 4 3 5
16 0 16 2 7 6 1 4 3 0 5
16 0 16 2 0 6 1 4 7 3 5
29 16 13 2 7 6 1 5 4 3 0
30 16 14 2 7 6 1 4 3 5 0
31 16 15 0 7 6 1 2 4 3 5
31 16 15 2 7 0 1 4 3 6 5
32 16 16 0 2 6 1 4 7 3 5
32 16 16 2 6 0 1 4 7 3 5
34 16 18 2 0 6 1 7 4 3 5
34 16 18 2 7 6 0 1 4 3 5
43 29 14 2 7 6 1 5 4 0 3
44 29 15 2 7 6 0 5 4 3 1
44 31 13 1 7 6 0 2 4 3 5
44 31 13 5 7 6 1 2 4 3 0
45 29 16 2 7 0 1 5 4 3 6
45 31 14 7 0 6 1 2 4 3 5
45 31 14 2 0 7 1 4 3 6 5
45 32 13 2 6 3 1 4 7 0 5
46 31 15 2 7 1 0 4 3 6 5
46 32 14 4 2 6 1 0 7 3 5
46 32 14 1 2 6 0 4 7 3 5
46 34 12 2 7 6 5 1 4 3 0
47 29 18 0 7 6 1 5 4 3 2
47 30 17 2 7 6 0 4 3 5 1
47 30 17 2 7 6 1 0 3 5 4
47 30 17 2 7 0 1 4 3 5 6
47 32 15 5 2 6 1 4 7 3 0
48 32 16 2 6 1 0 4 7 3 5
49 30 19 0 7 6 1 4 3 5 2
50 31 19 4 7 6 1 2 0 3 5
50 32 18 7 2 6 1 4 0 3 5
50 34 16 0 2 6 1 7 4 3 5
50 34 16 2 6 0 1 7 4 3 5
50 34 16 2 4 6 1 7 0 3 5
50 34 16 2 7 0 6 1 4 3 5
50 34 16 2 7 6 3 1 4 0 5
52 44 8 1 7 6 5 2 4 3 0
53 34 19 0 7 6 2 1 4 3 5
56 43 13 2 7 0 1 5 4 6 3
56 44 12 5 7 6 1 2 4 0 3
56 45 11 2 7 3 1 5 4 0 6
57 44 13 1 7 0 6 2 4 3 5
57 44 13 1 7 6 3 2 4 0 5
57 45 12 2 3 7 1 4 0 6 5
57 45 12 2 6 3 1 4 7 5 0
57 46 11 2 7 1 5 4 3 6 0
57 46 11 4 2 6 1 5 7 3 0
57 46 11 1 2 6 5 4 7 3 0
58 43 15 2 7 6 1 5 0 4 3
58 44 14 5 7 6 0 2 4 3 1
58 44 14 5 7 0 1 2 4 3 6
58 45 13 2 0 7 1 5 4 3 6
58 45 13 2 6 3 1 4 0 7 5
58 46 12 1 2 6 4 0 7 3 5
59 44 15 2 7 0 6 5 4 3 1
59 44 15 2 7 6 3 5 4 0 1
59 45 14 2 7 1 0 5 4 3 6
59 45 14 7 6 0 1 2 4 3 5
59 46 13 1 2 0 6 4 7 3 5
59 46 13 1 2 6 3 4 7 0 5
59 46 13 2 7 6 5 1 4 0 3
59 47 12 2 7 5 1 4 3 0 6
60 44 16 5 7 6 1 0 4 3 2
60 45 15 0 2 7 1 4 3 6 5
61 44 17 2 7 6 5 0 4 3 1
61 44 17 1 7 6 2 0 4 3 5
61 45 16 7 4 6 1 2 0 3 5
61 46 15 2 7 1 4 0 3 6 5
61 46 15 4 2 6 1 7 0 3 5
61 46 15 2 7 0 5 1 4 3 6
61 47 14 1 7 6 0 5 4 3 2
61 47 14 2 0 7 1 4 3 5 6
61 48 13 2 6 1 5 4 7 3 0
61 52 9 1 7 6 5 2 4 0 3
62 44 18 0 7 6 2 5 4 3 1
62 46 16 4 2 6 0 1 7 3 5
62 47 15 7 0 6 1 5 4 3 2
62 47 15 2 7 1 0 4 3 5 6
62 47 15 5 2 6 1 4 7 0 3
62 47 15 5 2 6 1 0 7 3 4
63 46 17 0 7 6 5 1 4 3 2
63 47 16 2 7 6 1 3 0 5 4
63 47 16 0 7 6 1 2 3 5 4
63 47 16 5 2 6 0 4 7 3 1
63 48 15 2 6 1 4 0 7 3 5
63 50 13 2 6 3 1 7 4 0 5
63 50 13 2 7 3 6 1 4 0 5
63 50 13 2 7 6 3 1 4 5 0
63 52 11 1 7 0 5 2 4 3 6
64 46 18 0 7 1 2 4 3 6 5
64 46 18 2 7 1 6 4 3 0 5
64 47 17 4 7 6 1 5 0 3 2
64 47 17 2 7 6 4 0 3 5 1
64 47 17 2 7 6 5 4 3 0 1
64 47 17 5 2 0 1 4 7 3 6
64 48 16 2 6 1 3 4 7 0 5
64 49 15 1 7 6 0 4 3 5 2
64 50 14 1 2 6 0 7 4 3 5
64 50 14 2 7 0 3 1 4 6 5
65 46 19 4 0 6 1 2 7 3 5
65 47 18 2 7 0 6 4 3 5 1
65 47 18 2 0 6 1 7 3 5 4
65 47 18 2 7 6 0 1 3 5 4
65 49 16 7 0 6 1 4 3 5 2
65 50 15 7 2 6 1 0 4 3 5
65 50 15 7 2 6 1 4 3 0 5
65 50 15 5 2 6 1 7 4 3 0
65 50 15 2 4 6 1 0 7 3 5
65 50 15 2 4 6 1 7 3 0 5
65 50 15 2 7 6 3 1 0 4 5
65 52 13 1 7 6 5 0 4 3 2
65 56 9 2 7 3 1 5 4 6 0
65 58 7 1 2 6 4 5 7 3 0
66 49 17 4 7 6 1 0 3 5 2
66 49 17 3 7 6 1 4 0 5 2
66 50 16 4 7 6 1 2 3 0 5
66 50 16 7 0 6 1 4 2 3 5
66 50 16 2 6 1 0 7 4 3 5
66 50 16 2 0 7 6 1 4 3 5
66 57 9 1 7 6 3 2 4 5 0
67 47 20 0 7 6 2 4 3 5 1
67 48 19 0 6 1 2 4 7 3 5
67 50 17 4 7 6 1 0 2 3 5
67 56 11 5 7 0 1 2 4 6 3
67 57 10 1 7 0 3 2 4 6 5
68 52 16 0 7 6 5 2 4 3 1
68 56 12 2 0 7 1 5 4 6 3
68 56 12 2 7 3 1 5 0 4 6
68 57 11 1 7 3 6 2 4 0 5
68 57 11 2 3 7 1 0 4 6 5
68 58 10 5 7 3 1 2 4 0 6
69 53 16 5 7 6 2 1 4 3 0
69 56 13 2 7 1 0 5 4 6 3
69 57 12 1 0 7 6 2 4 3 5
69 57 12 2 3 7 1 4 6 0 5
69 57 12 4 2 6 1 5 7 0 3
69 57 12 1 2 6 5 4 7 0 3
69 58 11 5 0 7 1 2 4 3 6
69 58 11 2 0 3 1 4 6 7 5
69 58 11 1 2 6 4 7 0 3 5
69 59 10 1 2 3 6 4 7 0 5
69 59 10 1 2 6 3 4 7 5 0
69 59 10 2 7 5 1 4 3 6 0
69 61 8 1 7 0 5 2 4 6 3
70 53 17 7 0 6 2 1 4 3 5
70 56 14 5 7 6 1 2 0 4 3
70 57 13 1 7 6 3 2 0 4 5
70 57 13 2 7 1 5 4 3 0 6
70 57 13 4 2 6 0 5 7 3 1
70 58 12 5 7 1 0 2 4 3 6
70 58 12 2 6 3 1 0 4 7 5
70 59 11 2 7 6 3 5 4 1 0
70 59 11 1 2 6 3 4 0 7 5
70 59 11 1 2 0 3 4 7 6 5
70 63 7 1 7 3 5 2 4 0 6
71 57 14 2 6 3 1 0 7 5 4
71 57 14 4 2 0 1 5 7 3 6
71 57 14 1 2 6 5 0 7 3 4
71 57 14 1 2 0 5 4 7 3 6
71 58 13 0 2 6 4 1 7 3 5
71 59 12 2 7 3 6 5 4 0 1
71 59 12 2 7 1 6 5 4 3 0
71 59 12 7 6 3 1 2 4 0 5
71 59 12 2 7 0 5 1 4 6 3
71 61 10 2 7 1 4 5 3 6 0
71 63 8 1 0 7 5 2 4 3 6
71 63 8 1 7 5 0 2 4 3 6
72 53 19 4 7 6 2 1 0 3 5
72 57 15 2 6 3 0 4 7 5 1
72 57 15 2 7 1 5 0 3 6 4
72 57 15 0 2 6 1 5 7 3 4
72 58 14 2 0 6 1 5 7 4 3
72 58 14 0 2 7 1 5 4 3 6
72 58 14 2 4 7 1 5 0 3 6
72 59 13 2 7 0 3 5 4 6 1
72 59 13 2 7 5 1 4 0 3 6
72 61 11 2 7 3 5 1 4 0 6
72 61 11 1 7 6 2 5 4 3 0
72 61 11 1 7 6 5 2 0 4 3
73 57 16 2 7 0 5 4 3 6 1
73 57 16 0 7 1 5 4 3 6 2
73 58 15 5 7 0 6 2 4 3 1
73 58 15 5 7 6 3 2 4 0 1
73 58 15 1 0 6 4 2 7 3 5
73 59 14 2 7 6 3 5 0 4 1
73 59 14 2 7 1 3 5 4 0 6
73 59 14 7 6 1 0 2 4 3 5
73 59 14 1 0 2 6 4 7 3 5
73 60 13 1 2 7 0 4 3 6 5
73 60 13 5 2 7 1 4 3 6 0
73 61 12 2 0 7 5 1 4 3 6
73 61 12 2 7 5 0 1 4 3 6
73 61 12 2 3 7 1 4 0 5 6
73 63 10 2 6 1 4 5 7 3 0
73 65 8 1 2 6 4 5 7 0 3
74 58 16 2 7 6 1 0 5 4 3
74 59 15 2 0 7 6 5 4 3 1
74 59 15 2 7 1 5 0 4 3 6
74 59 15 2 7 6 5 1 0 4 3
74 60 14 4 2 7 1 0 3 6 5
74 61 13 2 7 1 4 3 0 6 5
74 61 13 1 7 0 6 5 4 3 2
74 61 13 1 7 6 3 5 4 0 2
75 57 18 2 6 0 1 4 7 5 3
75 57 18 0 6 3 1 4 7 5 2
75 60 15 3 2 7 1 4 0 6 5
75 61 14 4 2 6 1 7 3 0 5
75 61 14 2 6 1 5 4 7 0 3
75 62 13 4 2 6 5 1 7 3 0
75 63 12 2 6 3 1 7 4 5 0
75 63 12 2 7 3 6 1 4 5 0
75 64 11 1 2 6 5 7 4 3 0
75 65 10 1 2 6 0 5 7 3 4
75 65 10 1 2 0 4 5 7 3 6
75 70 5 1 7 3 5 2 4 6 0
76 57 19 0 2 6 5 4 7 3 1
76 59 17 0 7 1 2 5 4 3 6
76 60 16 5 7 6 1 4 0 3 2
76 61 15 7 4 6 1 2 3 0 5
76 61 15 0 7 1 4 2 3 6 5
76 61 15 2 0 1 4 7 3 6 5
76 61 15 0 2 7 1 4 3 5 6
76 62 14 4 2 0 6 1 7 3 5
76 62 14 4 2 6 3 1 7 0 5
76 62 14 5 2 0 1 4 7 6 3
76 64 12 5 2 3 1 4 7 0 6
76 67 9 1 0 7 3 2 4 6 5
76 67 9 1 7 3 0 2 4 6 5
76 68 8 5 7 3 1 2 4 6 0
76 69 7 1 0 7 5 2 4 6 3
76 69 7 1 7 5 0 2 4 6 3
77 58 19 5 7 6 2 0 4 3 1
77 60 17 5 7 6 0 1 4 3 2
77 61 16 2 7 6 5 4 0 3 1
77 61 16 1 7 6 2 4 0 3 5
77 62 15 7 6 0 1 5 4 3 2
77 62 15 7 4 6 1 5 0 3 2
77 62 15 2 7 1 6 4 3 5 0
77 62 15 5 2 6 1 4 0 7 3
77 62 15 5 2 6 1 7 0 3 4
77 63 14 7 0 6 5 1 4 3 2
77 63 14 2 7 6 1 3 5 0 4
77 63 14 1 7 6 0 2 3 5 4
77 63 14 2 6 1 4 7 0 3 5
77 63 14 2 0 1 4 6 7 3 5
77 63 14 2 6 3 1 7 0 4 5
77 63 14 2 7 3 6 1 0 4 5
77 64 13 2 7 6 4 1 3 5 0
77 64 13 2 7 6 5 4 3 1 0
77 64 13 2 6 1 3 4 7 5 0
77 64 13 1 7 6 2 4 3 5 0
77 64 13 1 2 0 6 7 4 3 5
77 64 13 1 2 6 3 7 4 0 5
77 64 13 2 0 7 3 1 4 6 5
77 64 13 2 7 3 0 1 4 6 5
77 65 12 7 2 6 1 5 4 3 0
77 65 12 2 4 6 1 5 7 3 0
77 65 12 2 7 3 0 5 4 6 1
77 66 11 1 7 6 0 2 4 5 3
77 67 10 5 0 7 1 2 4 6 3
77 68 9 1 7 3 6 2 4 5 0
77 68 9 2 3 7 1 5 4 6 0
78 60 18 5 0 6 1 7 4 3 2
78 61 17 1 0 6 2 7 4 3 5
78 61 17 7 4 6 1 0 2 3 5
78 61 17 4 0 6 1 7 2 3 5
78 61 17 2 6 1 5 0 7 3 4
78 62 16 7 0 6 2 5 4 3 1
78 62 16 2 7 1 4 0 3 5 6
78 62 16 5 2 6 0 1 7 3 4
78 63 15 2 0 6 1 3 7 5 4
78 63 15 7 0 6 1 2 3 5 4
78 63 15 5 2 6 4 0 7 3 1
78 63 15 2 7 6 0 1 4 5 3
78 64 14 4 7 6 1 5 3 0 2
78 64 14 4 0 6 1 5 7 3 2
78 64 14 2 6 1 3 4 0 7 5
78 64 14 1 7 6 5 4 3 0 2
78 64 14 1 2 6 7 0 4 3 5
78 65 13 1 7 6 5 4 0 3 2
78 66 12 1 7 0 3 2 4 5 6
78 67 11 5 7 1 0 2 4 6 3
78 68 10 0 3 7 1 2 4 6 5
78 69 9 1 2 3 6 4 7 5 0
79 61 18 2 0 6 5 7 4 3 1
79 61 18 2 6 0 5 4 7 3 1
79 61 18 0 6 1 5 4 7 3 2
79 62 17 5 0 6 1 2 7 3 4
79 63 16 4 7 6 1 2 3 5 0
79 63 16 3 7 6 1 2 0 5 4
79 63 16 5 2 0 6 4 7 3 1
79 63 16 5 2 6 3 4 7 0 1
79 63 16 0 6 1 4 2 7 3 5
79 63 16 2 7 0 3 1 4 5 6
79 64 15 5 7 1 2 4 3 6 0
79 64 15 2 7 6 4 3 0 5 1
79 64 15 5 0 2 1 4 7 3 6
79 64 15 5 2 1 0 4 7 3 6
79 64 15 2 6 0 3 4 7 1 5
79 64 15 1 7 0 6 4 3 5 2
79 64 15 1 7 6 4 0 3 5 2
79 65 14 7 3 6 1 4 0 5 2
79 65 14 7 2 6 1 4 3 5 0
79 65 14 2 4 6 1 7 3 5 0
79 65 14 2 0 6 3 1 7 4 5
79 65 14 2 7 3 1 0 4 6 5
79 65 14 0 2 6 4 5 7 3 1
79 66 13 2 6 1 5 7 4 3 0
79 68 11 2 0 3 1 5 7 4 6
79 69 10 2 7 1 3 5 4 6 0
79 69 10 2 3 7 1 4 6 5 0
79 69 10 1 2 6 4 7 3 0 5
79 69 10 1 2 3 6 4 0 7 5
79 70 9 2 6 3 1 5 4 7 0
79 70 9 1 7 3 5 2 0 4 6
79 71 8 1 7 5 6 2 4 3 0
80 62 18 4 7 6 2 5 0 3 1
80 62 18 0 7 1 2 4 3 5 6
80 63 17 2 7 6 3 0 4 5 1
80 64 16 7 0 1 2 4 3 6 5
80 64 16 4 7 1 2 0 3 6 5
80 64 16 4 7 6 1 0 5 3 2
80 65 15 2 7 5 6 4 3 0 1
80 65 15 2 3 6 1 7 0 5 4
80 65 15 7 2 0 1 4 3 6 5
80 65 15 5 2 6 1 7 4 0 3
80 65 15 5 2 6 1 0 4 3 7
80 65 15 2 4 0 1 7 3 6 5
80 65 15 2 7 6 3 0 1 4 5
80 65 15 1 0 6 5 7 4 3 2
80 65 15 0 7 3 1 5 4 6 2
80 66 14 3 7 6 1 0 4 5 2
80 66 14 3 7 6 1 4 5 0 2
80 66 14 1 7 6 3 0 4 5 2
80 68 12 5 7 3 1 2 0 4 6
80 69 11 1 2 0 5 4 7 6 3
80 69 11 0 5 7 1 2 4 3 6
80 69 11 0 2 3 1 4 6 7 5
80 70 10 1 2 6 3 0 4 7 5
80 70 10 1 2 3 0 4 7 6 5
80 71 9 4 2 3 1 5 7 0 6
80 71 9 1 7 5 3 2 4 0 6
80 75 5 1 2 3 4 5 7 0 6
81 63 18 0 7 6 3 1 4 5 2
81 64 17 3 7 1 2 4 0 6 5
81 64 17 2 7 1 6 4 0 3 5
81 64 17 2 7 0 6 4 3 1 5
81 64 17 0 7 6 4 2 3 5 1
81 64 17 2 0 6 4 7 3 5 1
81 65 16 0 2 6 1 7 3 5 4
81 65 16 2 6 0 1 7 3 5 4
81 65 16 2 7 0 6 1 3 5 4
81 65 16 7 6 0 1 4 3 5 2
81 65 16 5 2 6 0 7 4 3 1
81 66 15 3 0 6 1 4 7 5 2
81 66 15 4 7 0 1 2 3 6 5
81 67 14 4 7 6 1 5 2 3 0
81 68 13 7 0 6 5 2 4 3 1
81 68 13 0 2 7 1 5 4 6 3
81 68 13 2 7 3 1 0 5 4 6
81 68 13 1 7 3 6 2 0 4 5
81 68 13 2 3 7 0 1 4 6 5
81 69 12 2 3 0 1 4 6 7 5
81 69 12 4 2 6 1 5 0 7 3
81 69 12 4 2 0 1 5 7 6 3
81 69 12 1 2 6 3 0 7 5 4
81 71 10 1 2 3 5 4 7 0 6
81 71 10 2 7 3 6 5 4 1 0
81 71 10 7 6 3 1 2 4 5 0
81 71 10 0 1 7 5 2 4 3 6
81 71 10 1 4 7 5 2 0 3 6
81 72 9 2 7 3 5 1 4 6 0
81 73 8 1 2 7 5 4 3 6 0
81 73 8 1 2 6 4 5 0 7 3
81 73 8 1 2 0 4 5 7 6 3
81 76 5 1 7 5 3 2 4 6 0
82 63 19 4 7 6 5 1 0 3 2
82 65 17 0 4 6 1 2 7 3 5
82 65 17 4 6 0 1 2 7 3 5
82 65 17 2 0 7 6 4 3 5 1
82 65 17 2 7 6 5 1 3 0 4
82 65 17 7 2 6 0 1 4 3 5
82 65 17 5 2 0 1 7 4 3 6
82 65 17 2 4 6 0 1 7 3 5
82 66 16 7 6 0 1 4 2 3 5
82 66 16 2 6 1 7 0 4 3 5
82 66 16 2 6 1 3 7 4 0 5
82 66 16 0 2 7 6 1 4 3 5
82 66 16 2 4 7 6 1 0 3 5
82 68 14 2 4 7 1 5 0 6 3
82 69 13 1 2 6 5 4 0 7 3
82 69 13 5 4 7 1 2 0 3 6
82 69 13 1 0 6 4 7 2 3 5
82 69 13 2 7 5 0 4 3 6 1
82 70 12 5 7 1 6 2 4 3 0
82 70 12 1 0 2 3 4 7 6 5
82 71 11 1 2 5 0 4 7 3 6
82 71 11 2 0 7 5 1 4 6 3
82 71 11 2 7 5 0 1 4 6 3
82 71 11 2 7 1 4 5 3 0 6
83 66 17 4 7 6 1 3 0 5 2
83 66 17 0 7 6 1 4 2 3 5
83 66 17 0 7 6 3 2 4 5 1
83 67 16 4 6 1 2 0 7 3 5
83 69 14 2 7 1 5 0 4 6 3
83 69 14 0 1 7 6 2 4 3 5
83 69 14 1 4 7 6 2 0 3 5
83 69 14 1 2 6 0 4 7 5 3
83 69 14 1 2 0 3 4 7 5 6
83 69 14 2 7 5 1 0 3 6 4
83 70 13 1 0 6 3 2 7 4 5
83 70 13 4 2 0 6 5 7 3 1
83 70 13 4 2 6 3 5 7 0 1
83 70 13 0 7 1 5 2 4 3 6
83 70 13 5 7 1 3 2 4 0 6
83 70 13 2 0 3 1 6 4 7 5
83 70 13 1 0 6 3 4 2 7 5
83 71 12 4 2 1 0 5 7 3 6
83 71 12 1 0 2 5 4 7 3 6
83 71 12 5 2 6 4 1 7 3 0
83 71 12 0 7 5 1 2 4 3 6
83 72 11 1 0 6 5 2 7 4 3
83 73 10 7 6 1 5 2 4 3 0
83 80 3 1 2 3 4 5 7 6 0
84 65 19 0 7 6 2 1 3 5 4
84 67 17 5 6 1 2 4 7 3 0
84 68 16 2 0 7 1 3 4 6 5
84 69 15 5 7 6 2 1 4 0 3
84 69 15 0 7 5 1 4 3 6 2
84 70 14 5 0 6 1 2 7 4 3
84 70 14 1 7 6 3 0 2 4 5
84 70 14 2 7 1 5 4 0 3 6
84 70 14 2 7 0 5 4 3 1 6
84 70 14 0 6 3 1 2 4 7 5
84 70 14 2 6 3 0 1 4 7 5
84 71 13 4 0 2 1 5 7 3 6
84 71 13 2 0 6 4 1 7 3 5
84 71 13 2 7 3 6 5 0 4 1
84 71 13 2 7 1 0 5 3 6 4
84 71 13 1 7 5 2 0 4 3 6
84 72 12 1 2 7 0 5 4 3 6
84 72 12 2 7 5 1 0 4 3 6
84 72 12 1 7 6 5 0 2 4 3
84 73 11 5 7 6 3 2 4 1 0
84 73 11 1 2 0 7 4 3 6 5
84 73 11 2 3 7 1 0 4 5 6
84 73 11 2 3 7 1 4 5 0 6
84 73 11 2 6 1 4 5 7 0 3
84 74 10 1 7 3 6 5 4 0 2
84 74 10 1 7 6 3 5 4 2 0
84 75 9 1 0 2 4 5 7 3 6
84 75 9 1 2 4 0 5 7 3 6
85 66 19 4 0 6 1 7 3 5 2
85 66 19 4 7 6 0 1 3 5 2
85 66 19 0 6 1 2 7 4 3 5
85 67 18 7 0 6 2 4 3 5 1
85 67 18 4 7 6 2 0 3 5 1
85 67 18 6 0 1 2 4 7 3 5
85 69 16 0 7 1 2 5 4 6 3
85 69 16 2 7 1 6 5 4 0 3
85 70 15 5 7 6 1 0 2 4 3
85 70 15 2 7 6 0 5 4 1 3
85 70 15 2 7 0 3 5 4 1 6
85 71 14 2 6 3 1 7 0 5 4
85 71 14 2 0 3 1 6 7 5 4
85 71 14 1 2 6 5 7 0 3 4
85 71 14 1 0 6 5 2 7 3 4
85 71 14 7 6 3 1 2 0 4 5
85 71 14 2 7 0 4 5 3 6 1
85 72 13 0 7 1 5 2 3 6 4
85 72 13 2 0 6 1 5 7 3 4
85 72 13 5 2 7 1 0 4 3 6
85 72 13 2 4 7 1 5 3 0 6
85 72 13 2 0 7 3 5 4 6 1
85 72 13 2 0 5 1 4 7 3 6
85 72 13 2 7 3 5 1 0 4 6
85 72 13 1 7 6 2 5 4 0 3
85 73 12 5 7 0 3 2 4 6 1
85 73 12 1 2 7 4 0 3 6 5
85 73 12 2 7 5 6 1 4 3 0
85 74 11 4 2 7 1 5 3 6 0
85 74 11 2 7 1 4 3 6 0 5
85 74 11 1 7 0 3 5 4 6 2
85 75 10 1 2 0 6 5 7 3 4
85 75 10 1 2 6 3 5 7 0 4
85 75 10 1 7 3 5 0 4 6 2
85 76 9 0 1 7 5 2 4 6 3
85 76 9 1 4 7 5 2 0 6 3
85 80 5 1 2 3 4 5 0 7 6
86 67 19 3 7 6 2 4 0 5 1
86 67 19 4 7 6 0 1 2 3 5
86 68 18 4 7 6 5 2 0 3 1
86 69 17 5 7 0 2 1 4 3 6
86 70 16 2 7 6 3 0 4 1 5
86 71 15 0 6 3 1 2 7 5 4
86 71 15 2 6 3 0 1 7 5 4
86 71 15 7 2 6 4 1 0 3 5
86 71 15 0 7 1 4 5 3 6 2
86 72 14 2 6 3 4 0 7 5 1
86 72 14 0 2 6 1 5 7 4 3
86 72 14 2 6 0 1 5 7 4 3
86 72 14 6 2 7 1 5 4 3 0
86 73 13 2 0 7 5 4 3 6 1
86 73 13 7 0 1 5 4 3 6 2
86 73 13 5 7 3 6 2 4 0 1
86 73 13 1 6 0 4 2 7 3 5
86 73 13 2 0 6 3 5 7 4 1
86 73 13 2 7 1 3 5 0 4 6
86 73 13 5 2 7 1 4 3 0 6
86 73 13 0 2 7 5 1 4 3 6
86 73 13 2 7 5 3 1 4 0 6
86 73 13 2 6 1 0 5 7 3 4
86 74 12 2 0 1 4 3 7 6 5
86 74 12 1 7 6 3 5 0 4 2
86 76 10 5 2 3 1 4 7 6 0
86 77 9 1 7 3 0 2 4 5 6
86 78 8 1 3 7 0 2 4 6 5
86 78 8 5 3 7 1 2 4 6 0
87 67 20 7 6 1 2 4 0 3 5
87 69 18 0 2 6 3 4 7 5 1
87 70 17 7 6 0 2 1 4 3 5
87 70 17 7 4 6 2 1 0 3 5
87 70 17 5 7 1 2 0 4 3 6
87 70 17 0 7 6 3 5 4 1 2
87 71 16 0 2 6 5 1 7 3 4
87 72 15 2 7 1 5 3 0 6 4
87 72 15 7 2 6 1 5 0 3 4
87 72 15 4 2 7 1 5 0 3 6
87 72 15 2 4 7 1 0 5 3 6
87 72 15 1 7 0 2 5 4 3 6
87 73 14 3 7 1 5 4 0 6 2
87 73 14 5 0 7 6 2 4 3 1
87 73 14 1 7 6 4 2 0 3 5
87 73 14 0 6 1 7 2 4 3 5
87 73 14 5 2 7 0 4 3 6 1
87 73 14 2 4 7 5 1 0 3 6
87 73 14 2 6 0 4 5 7 3 1
87 74 13 2 7 1 5 6 4 3 0
87 74 13 1 0 7 6 5 4 3 2
87 75 12 3 2 7 1 0 4 6 5
87 75 12 3 0 7 1 4 2 6 5
87 75 12 1 2 6 5 7 4 0 3
87 76 11 4 2 3 6 1 7 0 5
87 76 11 4 2 6 3 1 7 5 0
87 76 11 0 1 7 3 2 4 6 5
87 76 11 1 4 7 3 2 0 6 5
87 76 11 5 7 3 0 2 4 6 1
87 76 11 0 7 5 1 2 4 6 3
87 76 11 1 7 5 6 2 4 0 3
87 77 10 1 2 3 6 7 4 0 5
87 77 10 1 2 6 3 7 4 5 0
87 77 10 0 5 7 1 2 4 6 3
87 77 10 2 3 7 1 5 4 0 6
87 78 9 1 0 7 3 2 4 5 6
87 78 9 5 7 1 3 2 4 6 0
87 80 7 1 2 6 3 5 4 7 0
87 80 7 4 2 3 1 5 7 6 0
88 70 18 4 2 6 5 0 7 3 1
88 71 17 2 7 1 6 0 4 3 5
88 72 16 4 7 6 2 1 3 0 5
88 72 16 4 0 6 2 1 7 3 5
88 72 16 2 6 0 3 4 7 5 1
88 72 16 2 6 3 5 4 7 0 1
88 73 15 4 7 1 5 0 3 6 2
88 73 15 5 7 1 0 4 3 6 2
88 73 15 5 7 6 3 2 0 4 1
88 73 15 0 1 6 4 2 7 3 5
88 73 15 2 7 6 3 0 5 4 1
88 73 15 7 6 1 3 2 4 0 5
88 73 15 1 7 2 6 4 0 3 5
88 73 15 1 2 7 6 4 3 0 5
88 73 15 5 2 7 1 0 3 6 4
88 73 15 0 7 5 2 1 4 3 6
88 73 15 0 6 1 4 5 7 3 2
88 74 14 2 7 6 1 3 5 4 0
88 74 14 4 2 7 1 3 0 6 5
88 75 13 2 6 5 1 4 7 0 3
88 75 13 3 2 7 1 4 6 0 5
88 75 13 4 2 6 1 7 3 5 0
88 75 13 2 7 3 0 1 4 5 6
88 75 13 1 2 6 5 0 4 3 7
88 75 13 0 7 3 5 2 4 6 1
88 76 12 2 1 0 4 7 3 6 5
88 76 12 2 3 1 4 7 0 6 5
88 76 12 4 2 6 3 1 0 7 5
88 76 12 4 2 0 3 1 7 6 5
88 76 12 5 2 3 1 4 0 7 6
88 76 12 1 7 5 2 0 4 6 3
88 77 11 1 7 6 4 2 3 5 0
88 77 11 2 1 0 4 6 7 3 5
88 77 11 1 2 0 3 7 4 6 5
88 77 11 2 3 7 0 5 4 6 1
88 78 10 1 2 6 7 5 4 3 0
88 78 10 3 0 7 1 2 4 6 5
88 79 9 1 2 6 4 7 3 5 0
88 79 9 1 2 3 6 0 4 7 5
88 79 9 1 0 3 5 2 7 4 6
88 80 8 1 2 3 5 4 7 6 0
88 81 7 2 3 7 5 1 4 6 0
89 71 18 0 7 1 6 5 4 3 2
89 72 17 4 7 6 2 0 1 3 5
89 72 17 2 0 1 5 7 3 6 4
89 73 16 0 1 2 6 4 7 3 5
89 73 16 5 2 0 1 4 3 6 7
89 74 15 0 7 6 1 2 5 4 3
89 74 15 0 2 7 6 5 4 3 1
89 74 15 2 4 7 6 5 0 3 1
89 74 15 2 7 6 5 0 1 4 3
89 74 15 2 0 6 5 1 7 4 3
89 75 14 4 6 3 1 0 7 5 2
89 75 14 1 6 3 0 4 7 5 2
89 75 14 4 2 0 1 7 3 6 5
89 75 14 2 6 3 1 0 4 5 7
89 75 14 1 2 0 5 7 4 3 6
89 76 13 7 4 6 1 2 3 5 0
89 76 13 5 7 1 4 2 3 6 0
89 76 13 0 2 1 4 7 3 6 5
89 76 13 1 2 7 0 4 3 5 6
89 76 13 0 7 3 1 2 4 6 5
89 76 13 5 7 3 1 0 4 6 2
89 77 12 7 6 3 1 5 4 0 2
89 77 12 2 0 1 4 7 6 3 5
89 77 12 0 2 1 4 6 7 3 5
89 77 12 2 0 3 1 7 6 4 5
89 77 12 1 2 6 3 7 0 4 5
89 77 12 1 7 0 6 2 4 5 3
89 77 12 5 4 7 1 2 0 6 3
89 78 11 1 7 6 5 4 3 2 0
89 78 11 1 7 0 5 4 3 6 2
89 78 11 1 2 3 0 4 7 5 6
89 78 11 1 2 3 6 0 7 5 4
89 79 10 1 2 0 4 7 3 6 5
89 79 10 2 6 3 1 5 4 0 7
89 79 10 1 7 3 5 0 2 4 6
89 80 9 1 5 7 0 2 4 3 6
89 80 9 4 2 3 1 0 6 7 5
89 80 9 1 2 3 0 4 6 7 5
89 80 9 1 2 3 4 0 7 6 5
89 80 9 4 2 3 1 5 0 7 6
89 80 9 1 7 5 3 2 0 4 6
89 86 3 1 3 7 5 2 4 6 0
90 72 18 0 6 3 2 4 7 5 1
90 74 16 2 0 1 5 7 4 3 6
90 74 16 4 0 7 1 2 3 6 5
90 74 16 4 2 7 0 1 3 6 5
90 75 15 6 0 3 1 4 7 5 2
90 75 15 2 6 1 5 4 0 7 3
90 75 15 2 6 0 5 4 7 1 3
90 75 15 4 2 6 5 1 7 0 3
90 75 15 2 6 3 0 7 4 5 1
90 76 14 7 4 0 1 2 3 6 5
90 76 14 7 0 1 4 2 3 6 5
90 76 14 5 0 2 1 4 7 6 3
90 76 14 5 2 1 0 4 7 6 3
90 76 14 1 7 3 2 0 4 6 5
90 77 13 1 7 6 5 2 3 0 4
90 77 13 2 6 1 4 7 3 0 5
90 77 13 2 7 1 4 6 0 3 5
90 77 13 2 6 3 1 0 7 4 5
90 77 13 2 0 3 6 1 7 4 5
90 77 13 2 7 6 4 1 3 0 5
90 77 13 7 2 6 1 5 4 0 3
90 77 13 2 4 6 1 5 7 0 3
90 77 13 2 3 0 1 5 4 6 7
90 77 13 0 3 7 1 5 4 6 2
90 78 12 2 7 1 4 6 3 5 0
90 78 12 2 0 1 3 4 6 7 5
90 78 12 1 0 6 7 2 4 3 5
90 78 12 0 7 1 5 2 4 6 3
90 79 11 0 2 3 1 5 7 4 6
90 79 11 2 6 3 0 5 4 7 1
90 80 10 1 2 5 0 4 7 6 3
90 80 10 5 2 3 1 4 6 7 0
90 81 9 1 4 7 5 2 3 0 6
90 81 9 1 2 6 4 0 5 7 3
90 81 9 1 0 2 4 5 7 6 3
90 81 9 1 2 4 0 5 7 6 3
90 83 7 1 2 3 0 5 7 6 4
91 75 16 2 0 6 1 4 7 5 3
91 75 16 2 6 1 0 4 7 5 3
91 75 16 2 7 3 6 0 4 5 1
91 76 15 7 0 1 2 5 4 3 6
91 76 15 5 7 6 1 4 3 0 2
91 76 15 3 7 1 4 2 0 6 5
91 76 15 4 2 7 1 0 3 5 6
91 76 15 6 2 7 1 4 3 5 0
91 76 15 3 2 7 1 4 0 5 6
91 76 15 4 0 2 6 1 7 3 5
91 77 14 7 4 6 1 5 3 0 2
91 77 14 5 2 6 1 0 4 7 3
91 77 14 5 2 6 1 7 3 0 4
91 77 14 7 6 0 5 1 4 3 2
91 77 14 2 7 0 1 3 5 6 4
91 77 14 1 7 0 6 2 3 5 4
91 77 14 2 7 3 6 0 1 4 5
91 77 14 1 0 2 6 7 4 3 5
91 77 14 0 2 7 3 1 4 6 5
91 77 14 2 4 7 3 1 0 6 5
91 77 14 7 2 6 0 5 4 3 1
91 77 14 2 4 6 0 5 7 3 1
91 77 14 2 7 3 5 0 4 6 1
91 77 14 1 7 3 6 0 4 5 2
91 78 13 7 3 6 1 2 0 5 4
91 78 13 4 7 6 1 5 3 2 0
91 78 13 2 6 1 3 0 4 7 5
91 78 13 1 2 6 7 4 0 3 5
91 78 13 1 0 6 5 4 7 3 2
91 79 12 5 2 6 3 4 7 1 0
91 79 12 1 7 5 6 4 3 0 2
91 79 12 2 0 6 4 5 7 3 1
91 79 12 2 3 0 1 5 7 4 6
91 79 12 1 0 3 6 4 2 7 5
91 80 11 1 7 3 0 5 4 6 2
91 80 11 3 7 6 1 2 4 5 0
91 80 11 1 0 2 5 4 7 6 3
91 80 11 6 5 7 1 2 4 3 0
91 81 10 2 3 0 7 1 4 6 5
91 81 10 6 1 7 5 2 4 3 0
91 81 10 1 2 7 5 4 3 0 6
91 81 10 1 0 6 4 5 2 7 3
91 81 10 1 7 5 3 0 4 6 2
91 82 9 2 7 5 3 1 4 6 0
91 84 7 1 2 4 6 5 7 3 0
91 85 6 1 2 3 4 0 5 7 6
92 73 19 7 6 1 2 0 4 3 5
92 74 18 2 0 6 1 7 5 4 3
92 74 18 2 7 6 0 1 5 4 3
92 75 17 7 6 3 1 4 0 5 2
92 75 17 4 2 0 5 1 7 3 6
92 76 16 2 0 6 5 4 7 3 1
92 76 16 6 7 1 2 5 4 3 0
92 76 16 5 0 6 1 4 7 3 2
92 76 16 4 7 1 0 2 3 6 5
92 77 15 1 7 6 2 4 3 0 5
92 77 15 1 0 6 2 4 7 3 5
92 77 15 7 6 1 0 5 4 3 2
92 77 15 5 0 6 1 4 2 7 3
92 77 15 2 6 1 3 0 7 5 4
92 77 15 7 2 0 1 5 4 3 6
92 77 15 0 2 6 1 5 4 3 7
92 77 15 2 4 0 1 5 7 3 6
92 77 15 0 7 3 2 5 4 6 1
92 77 15 0 7 6 1 2 4 5 3
92 78 14 7 4 6 1 5 2 3 0
92 78 14 2 7 1 4 3 0 5 6
92 78 14 5 2 0 6 1 7 3 4
92 78 14 5 2 6 3 1 7 0 4
92 78 14 5 2 6 4 7 0 3 1
92 78 14 4 7 0 1 5 3 6 2
92 78 14 4 6 0 1 5 7 3 2
92 78 14 4 3 7 1 2 0 6 5
92 79 13 3 7 6 1 2 5 0 4
92 79 13 5 2 3 6 4 7 0 1
92 79 13 2 0 7 3 1 4 5 6
92 79 13 2 7 6 4 3 5 0 1
92 79 13 5 2 1 6 4 7 3 0
92 79 13 1 7 6 4 3 0 5 2
92 79 13 7 3 6 1 0 4 5 2
92 79 13 7 3 6 1 4 5 0 2
92 79 13 2 3 7 0 4 6 5 1
92 79 13 1 7 5 6 0 4 3 2
92 80 12 2 7 6 3 5 1 4 0
92 80 12 7 0 3 1 5 4 6 2
92 80 12 5 0 3 1 2 7 4 6
92 80 12 2 5 7 1 0 4 3 6
92 81 11 1 2 7 0 5 4 6 3
92 81 11 3 2 7 1 5 4 6 0
92 81 11 2 7 3 1 6 5 4 0
92 81 11 1 2 3 5 4 0 7 6
92 81 11 2 1 7 5 0 4 3 6
92 81 11 5 1 7 0 2 4 3 6
92 81 11 1 4 7 5 0 2 3 6
92 83 9 4 2 6 3 5 7 1 0
92 85 7 1 2 7 4 5 3 6 0
92 85 7 1 2 3 6 5 7 0 4
92 85 7 1 2 6 3 5 7 4 0
92 85 7 3 1 7 5 2 4 6 0
92 85 7 1 0 3 4 5 2 7 6
92 86 6 1 3 0 7 2 4 6 5
93 75 18 2 6 0 1 7 4 5 3
93 75 18 0 6 3 1 7 4 5 2
93 75 18 2 7 0 6 1 4 5 3
93 75 18 0 7 3 6 1 4 5 2
93 76 17 4 7 1 2 5 0 3 6
93 77 16 5 7 0 6 1 4 3 2
93 77 16 5 7 6 3 1 4 0 2
93 77 16 7 4 6 1 0 5 3 2
93 77 16 7 4 6 5 1 0 3 2
93 77 16 2 7 0 4 1 3 5 6
93 77 16 1 7 6 2 0 3 5 4
93 77 16 1 7 0 2 4 3 5 6
93 77 16 0 7 3 2 1 4 6 5
93 77 16 1 7 6 2 0 4 5 3
93 78 15 1 6 0 2 7 4 3 5
93 78 15 1 4 6 2 7 0 3 5
93 78 15 0 6 1 5 2 7 3 4
93 78 15 0 7 1 4 2 3 5 6
93 78 15 0 2 6 1 3 7 5 4
93 78 15 2 6 0 1 3 7 5 4
93 78 15 7 6 0 1 2 3 5 4
93 78 15 0 4 6 1 5 7 3 2
93 78 15 0 2 6 7 1 4 3 5
93 78 15 5 7 1 6 2 4 0 3
93 79 14 3 0 6 1 2 7 5 4
93 79 14 5 2 6 3 4 0 7 1
93 79 14 5 2 0 3 4 7 6 1
93 79 14 2 0 6 4 3 7 5 1
93 79 14 5 2 1 4 0 7 3 6
93 79 14 2 6 3 0 4 7 1 5
93 79 14 1 0 7 6 4 3 5 2
93 79 14 0 2 6 3 1 7 4 5
93 79 14 2 6 0 3 1 7 4 5
93 79 14 2 7 3 1 4 0 6 5
93 79 14 7 2 6 4 5 0 3 1
93 79 14 2 6 1 5 7 4 0 3
93 79 14 2 3 7 1 0 6 5 4
93 79 14 0 6 3 1 5 4 7 2
93 80 13 4 7 1 2 5 3 6 0
93 80 13 2 7 5 6 4 3 1 0
93 80 13 2 3 6 1 7 5 0 4
93 80 13 1 6 0 5 7 4 3 2
93 80 13 3 7 6 1 4 5 2 0
93 80 13 3 7 0 1 4 5 6 2
93 80 13 5 7 3 1 0 2 4 6
93 80 13 0 2 6 3 1 4 7 5
93 80 13 1 2 6 0 3 4 7 5
93 81 12 5 2 7 1 0 4 6 3
93 81 12 2 3 1 0 4 6 7 5
93 81 12 4 2 1 0 5 7 6 3
93 81 12 1 2 6 3 7 0 5 4
93 81 12 2 7 3 0 5 4 1 6
93 81 12 1 2 7 5 0 3 6 4
93 82 11 1 2 5 6 4 7 3 0
93 83 10 1 2 5 3 4 7 0 6
93 83 10 4 2 3 6 5 7 0 1
93 83 10 4 2 1 6 5 7 3 0
93 83 10 7 0 5 1 2 4 3 6
93 84 9 1 2 7 6 5 4 3 0
93 84 9 2 3 7 1 4 5 6 0
93 84 9 1 7 3 6 5 4 2 0
93 84 9 1 2 4 3 5 7 0 6
93 85 8 1 2 6 3 5 0 7 4
93 85 8 1 2 0 3 5 7 6 4
94 75 19 0 2 6 5 7 4 3 1
94 76 18 7 2 6 5 4 0 3 1
94 77 17 2 7 1 6 0 3 5 4
94 77 17 5 0 6 1 7 2 3 4
94 77 17 2 7 6 0 4 3 1 5
94 77 17 2 7 6 5 0 3 1 4
94 77 17 0 7 3 6 2 4 5 1
94 78 16 0 5 6 1 7 4 3 2
94 78 16 5 6 0 1 7 4 3 2
94 78 16 7 6 0 2 5 4 3 1
94 78 16 7 4 6 2 5 0 3 1
94 78 16 2 0 1 4 7 3 5 6
94 78 16 5 7 1 2 0 4 6 3
94 78 16 1 2 0 6 4 7 5 3
94 79 15 2 6 5 0 4 7 3 1
94 79 15 6 0 1 5 4 7 3 2
94 79 15 0 5 6 1 2 7 3 4
94 79 15 5 6 0 1 2 7 3 4
94 79 15 5 7 6 1 2 0 3 4
94 79 15 3 7 6 1 0 2 5 4
94 79 15 5 6 1 4 2 7 3 0
94 79 15 5 7 1 2 4 3 0 6
94 79 15 0 5 2 1 4 7 3 6
94 79 15 5 7 2 1 4 0 3 6
94 79 15 5 2 1 3 4 7 0 6
94 79 15 2 0 6 3 4 7 1 5
94 79 15 1 0 6 4 7 3 5 2
94 79 15 2 0 3 1 7 4 6 5
94 79 15 2 6 1 5 0 4 3 7
94 79 15 2 7 1 3 0 4 6 5
94 79 15 2 3 0 1 4 6 5 7
94 79 15 0 3 7 1 4 6 5 2
94 79 15 2 6 0 1 5 4 7 3
94 80 14 7 3 1 2 4 0 6 5
94 80 14 2 3 6 1 0 7 5 4
94 80 14 5 2 0 1 7 4 6 3
94 80 14 2 0 4 1 7 3 6 5
94 80 14 4 7 3 1 5 0 6 2
94 80 14 1 7 6 3 4 0 5 2
94 80 14 1 0 6 3 2 4 7 5
94 80 14 0 2 3 1 4 7 6 5
94 81 13 7 6 5 1 4 3 0 2
94 81 13 7 6 0 5 2 4 3 1
94 81 13 0 7 3 1 2 5 4 6
94 81 13 1 7 3 6 0 2 4 5
94 81 13 1 0 3 6 2 7 4 5
94 81 13 4 2 6 1 0 5 7 3
94 81 13 4 0 2 1 5 7 6 3
94 81 13 7 6 3 0 2 4 5 1
94 81 13 1 2 0 5 4 3 6 7
94 81 13 0 7 5 3 2 4 6 1
94 82 12 7 2 6 5 1 4 3 0
94 82 12 5 2 3 1 7 4 0 6
94 82 12 2 6 1 7 5 4 3 0
94 82 12 2 4 7 1 5 6 0 3
94 82 12 1 2 6 5 0 4 7 3
94 82 12 1 0 6 5 4 2 7 3
94 82 12 5 4 7 1 2 3 0 6
94 82 12 1 2 5 4 0 7 3 6
94 82 12 0 2 7 5 1 4 6 3
94 82 12 2 7 1 4 5 0 3 6
94 82 12 2 7 0 4 5 3 1 6
94 83 11 4 2 6 3 5 0 7 1
94 83 11 4 2 0 3 5 7 6 1
94 83 11 7 0 1 5 2 4 3 6
94 83 11 0 2 3 1 6 4 7 5
94 83 11 2 4 3 1 6 0 7 5
94 83 11 6 7 5 1 2 4 3 0
94 83 11 1 6 0 5 2 7 4 3
94 83 11 7 6 1 5 2 4 0 3
94 83 11 0 2 3 4 5 7 6 1
94 84 10 1 2 0 7 5 4 3 6
94 84 10 0 3 7 1 2 4 5 6
94 84 10 1 7 2 4 5 0 3 6
94 85 9 1 4 7 5 2 6 0 3
94 86 8 5 3 7 1 2 4 0 6
94 88 6 1 2 3 6 5 4 7 0
94 89 5 1 3 7 5 2 4 0 6
95 77 18 5 7 6 2 4 0 3 1
95 77 18 0 7 6 4 1 3 5 2
95 77 18 0 7 6 5 4 3 1 2
95 78 17 5 4 6 1 7 0 3 2
95 78 17 0 1 6 2 7 4 3 5
95 78 17 4 6 0 1 7 2 3 5
95 78 17 2 6 1 5 7 0 3 4
95 78 17 2 0 1 5 6 7 3 4
95 78 17 2 7 6 1 0 4 5 3
95 78 17 0 2 3 6 4 7 5 1
95 79 16 2 6 0 5 7 4 3 1
95 79 16 6 0 1 4 2 7 3 5
95 79 16 0 2 1 5 4 7 3 6
95 79 16 7 2 6 1 0 3 5 4
95 79 16 2 4 6 1 0 3 5 7
95 79 16 0 7 1 3 5 4 6 2
95 79 16 0 7 5 6 2 4 3 1
95 80 15 4 7 6 2 5 3 0 1
95 80 15 4 0 6 2 5 7 3 1
95 80 15 7 1 0 2 4 3 6 5
95 80 15 4 7 6 1 2 5 3 0
95 80 15 7 0 2 1 4 3 6 5
95 80 15 7 2 1 0 4 3 6 5
95 80 15 5 2 6 1 4 0 3 7
95 80 15 5 0 6 1 2 4 3 7
95 80 15 2 4 1 0 7 3 6 5
95 80 15 0 1 6 5 7 4 3 2
95 80 15 1 4 6 5 7 0 3 2
95 80 15 4 5 7 1 2 0 3 6
95 80 15 6 2 3 1 4 0 7 5
95 81 14 3 7 1 2 0 4 6 5
95 81 14 2 3 6 4 7 0 5 1
95 81 14 1 2 6 0 7 3 5 4
95 81 14 0 3 7 2 1 4 6 5
95 81 14 4 0 6 1 5 2 7 3
95 81 14 0 2 6 3 1 7 5 4
95 81 14 1 2 6 0 3 7 5 4
95 81 14 4 1 7 5 2 0 3 6
95 81 14 0 7 3 5 1 4 6 2
95 82 13 2 7 6 5 1 3 4 0
95 82 13 2 6 1 3 7 4 5 0
95 82 13 1 2 7 6 0 4 3 5
95 82 13 1 6 0 4 7 2 3 5
95 82 13 1 7 2 3 4 0 6 5
95 82 13 2 4 7 5 1 0 6 3
95 82 13 2 7 5 1 0 4 6 3
95 83 12 2 7 1 5 3 4 6 0
95 83 12 5 1 7 6 2 4 3 0
95 83 12 0 7 5 1 2 3 6 4
95 83 12 6 7 1 5 2 4 3 0
95 83 12 5 7 0 3 2 4 1 6
95 83 12 2 3 0 1 6 4 7 5
95 83 12 0 2 1 4 5 7 3 6
95 83 12 4 2 1 3 5 7 0 6
95 83 12 1 7 2 5 4 0 3 6
95 83 12 5 2 6 4 1 7 0 3
95 84 11 1 7 5 0 4 3 6 2
95 84 11 1 7 6 3 5 2 4 0
95 84 11 2 6 3 5 1 4 7 0
95 84 11 1 7 5 2 6 4 3 0
95 84 11 1 2 7 3 5 4 0 6
95 84 11 1 0 2 7 4 3 6 5
95 84 11 2 3 7 1 6 4 5 0
95 84 11 2 6 1 4 5 0 7 3
95 84 11 1 7 3 6 5 0 4 2
95 84 11 0 1 2 4 5 7 3 6
95 85 10 1 2 7 4 3 0 6 5
95 85 10 2 7 1 4 3 6 5 0
95 85 10 1 0 7 3 5 4 6 2
95 85 10 1 7 3 5 4 0 6 2
95 85 10 2 1 7 5 0 4 6 3
95 85 10 5 1 7 0 2 4 6 3
95 85 10 1 4 7 5 0 2 6 3
95 86 9 2 6 3 4 1 7 5 0
95 86 9 5 3 7 0 2 4 6 1
95 87 8 3 7 5 1 2 4 6 0
95 87 8 1 5 7 0 2 4 6 3
95 87 8 3 5 7 1 2 4 6 0
95 87 8 1 2 6 3 5 4 0 7
95 89 6 4 2 3 1 5 6 7 0
95 90 5 1 2 4 3 5 7 6 0
95 91 4 1 2 3 4 6 5 7 0
96 77 19 0 6 1 3 4 7 5 2
96 78 18 0 4 6 1 7 2 3 5
96 78 18 5 0 6 4 2 7 3 1
96 78 18 0 7 6 2 1 4 5 3
96 79 17 4 6 1 5 0 7 3 2
96 79 17 5 6 1 0 4 7 3 2
96 79 17 7 6 1 5 4 0 3 2
96 79 17 4 7 6 0 2 3 5 1
96 79 17 4 7 0 1 2 3 5 6
96 79 17 5 0 2 6 4 7 3 1
96 79 17 5 7 1 2 0 3 6 4
96 79 17 7 2 6 0 4 3 5 1
96 79 17 7 2 0 1 4 3 5 6
96 79 17 2 4 6 0 7 3 5 1
96 80 16 7 0 1 2 4 3 5 6
96 80 16 4 7 1 2 3 0 6 5
96 80 16 2 7 5 6 4 0 3 1
96 80 16 5 2 6 1 7 0 4 3
96 80 16 5 2 6 0 1 4 3 7
96 80 16 0 7 6 3 2 1 4 5
96 80 16 3 7 6 0 1 4 5 2
96 80 16 1 0 6 3 7 4 5 2
96 80 16 1 7 6 0 3 4 5 2
96 81 15 7 0 6 3 1 4 5 2
96 81 15 3 7 1 2 4 6 0 5
96 81 15 3 0 1 2 4 7 6 5
96 81 15 0 2 6 4 7 3 5 1
96 81 15 2 6 0 4 7 3 5 1
96 81 15 2 6 5 1 7 3 0 4
96 81 15 2 7 5 6 1 3 0 4
96 81 15 0 3 6 1 4 7 5 2
96 81 15 3 6 0 1 4 7 5 2
96 81 15 4 7 6 1 5 2 0 3
96 81 15 7 4 6 5 2 0 3 1
96 81 15 4 2 7 1 5 0 6 3
96 81 15 2 0 3 1 7 5 4 6
96 81 15 2 7 3 0 1 5 4 6
96 81 15 2 3 7 6 1 4 0 5
96 81 15 1 0 6 3 2 7 5 4
96 81 15 2 7 3 6 0 4 1 5
96 81 15 7 6 3 1 0 4 5 2
96 81 15 7 6 0 1 2 4 5 3
96 81 15 0 6 3 1 2 4 5 7
96 82 14 4 6 3 1 2 7 0 5
96 82 14 2 7 0 5 1 3 6 4
96 82 14 2 4 6 5 1 7 3 0
96 82 14 7 6 3 1 4 2 0 5
96 82 14 2 4 7 1 0 5 6 3
96 82 14 5 4 7 1 0 2 3 6
96 82 14 0 1 2 3 4 7 6 5
96 82 14 0 7 5 2 1 4 6 3
96 83 13 4 6 1 2 5 7 3 0
96 83 13 2 7 1 5 4 0 6 3
96 83 13 6 1 7 0 2 4 3 5
96 83 13 1 4 7 6 2 3 0 5
96 83 13 1 2 6 4 0 7 5 3
96 83 13 1 0 2 3 4 7 5 6
96 83 13 1 6 0 3 2 7 4 5
96 83 13 5 7 1 3 2 0 4 6
96 83 13 1 6 0 3 4 2 7 5
96 83 13 0 1 6 5 2 7 4 3
96 84 12 7 0 5 1 4 3 6 2
96 84 12 1 6 3 0 2 4 7 5
96 84 12 5 6 3 1 2 4 7 0
96 84 12 2 0 3 6 5 7 4 1
96 84 12 1 7 5 2 4 0 3 6
96 84 12 1 2 7 5 0 4 3 6
96 84 12 2 7 5 1 6 4 3 0
96 84 12 1 7 6 5 3 2 4 0
96 84 12 1 2 6 7 4 3 0 5
96 84 12 2 6 0 4 5 7 1 3
96 85 11 2 4 7 1 5 3 6 0
96 85 11 5 0 7 3 2 4 6 1
96 85 11 1 0 2 6 5 7 3 4
96 86 10 1 6 3 4 2 7 0 5
96 87 9 2 6 3 4 5 7 0 1
96 87 9 5 1 7 3 2 4 6 0
96 87 9 7 0 5 1 2 4 6 3
96 87 9 1 2 3 6 7 4 5 0
96 88 8 2 1 3 4 6 7 0 5
96 88 8 1 3 0 5 2 7 4 6
96 89 7 1 5 0 7 2 4 3 6
96 89 7 1 2 3 5 4 6 7 0
96 89 7 1 2 3 4 0 6 7 5
97 77 20 5 0 6 2 7 4 3 1
97 77 20 0 7 1 6 4 3 5 2
97 78 19 7 4 6 0 1 2 3 5
97 79 18 2 4 6 5 7 0 3 1
97 79 18 4 6 1 0 2 7 3 5
97 79 18 7 6 1 4 2 0 3 5
97 79 18 5 7 0 2 4 3 6 1
97 79 18 0 2 6 1 4 3 5 7
97 79 18 2 4 0 1 7 3 5 6
97 79 18 0 6 1 5 7 4 3 2
97 80 17 4 7 6 2 0 5 3 1
97 80 17 4 7 1 2 0 3 5 6
97 80 17 6 7 1 2 4 3 5 0
97 80 17 3 7 1 2 4 0 5 6
97 80 17 2 7 6 3 4 0 5 1
97 80 17 0 7 6 1 4 5 3 2
97 80 17 2 0 6 3 7 1 4 5
97 80 17 0 7 6 1 3 4 5 2
97 80 17 3 0 6 1 7 4 5 2
97 81 16 2 0 1 6 4 7 3 5
97 81 16 7 0 6 4 2 3 5 1
97 81 16 2 6 1 0 7 3 5 4
97 81 16 2 0 7 6 1 3 5 4
97 81 16 7 6 1 0 4 3 5 2
97 81 16 5 2 0 6 7 4 3 1
97 81 16 5 2 6 7 0 4 3 1
97 81 16 5 2 6 3 7 4 0 1
97 81 16 4 7 6 0 5 2 3 1
97 81 16 0 7 3 6 5 4 1 2
97 81 16 0 2 7 5 4 3 6 1
97 82 15 1 4 6 0 2 7 3 5
97 82 15 5 4 6 1 2 7 3 0
97 82 15 2 3 7 6 4 0 5 1
97 82 15 7 2 0 6 1 4 3 5
97 82 15 7 2 6 3 1 4 0 5
97 82 15 5 0 2 1 7 4 3 6
97 82 15 5 2 1 0 7 4 3 6
97 82 15 2 4 0 6 1 7 3 5
97 82 15 2 4 6 3 1 7 0 5
97 82 15 2 6 1 7 4 0 3 5
97 82 15 2 6 1 3 7 0 4 5
97 82 15 2 6 0 3 7 4 1 5
97 82 15 5 2 7 6 1 4 3 0
97 82 15 2 4 7 6 1 3 0 5
97 82 15 0 1 6 4 7 2 3 5
97 82 15 0 2 5 1 4 7 3 6
97 82 15 2 7 5 6 1 4 0 3
97 83 14 7 0 6 3 2 4 5 1
97 83 14 3 7 6 0 2 4 5 1
97 83 14 2 7 5 1 3 0 6 4
97 83 14 4 0 2 6 5 7 3 1
97 83 14 0 1 2 5 4 7 3 6
97 83 14 5 2 0 4 1 7 3 6
97 84 13 3 7 5 1 4 0 6 2
97 84 13 2 0 7 5 4 3 1 6
97 84 13 2 7 5 0 4 3 1 6
97 84 13 6 0 3 1 2 4 7 5
97 84 13 2 6 0 3 1 4 7 5
97 84 13 2 6 0 4 1 7 3 5
97 84 13 2 7 0 1 5 3 6 4
97 84 13 5 7 6 0 2 4 1 3
97 84 13 2 3 7 0 1 4 5 6
97 84 13 2 3 0 1 4 5 7 6
97 84 13 1 7 6 0 5 4 2 3
97 84 13 0 2 4 1 5 7 3 6
97 85 12 2 6 3 1 7 5 0 4
97 85 12 2 0 3 1 7 6 5 4
97 85 12 0 2 3 1 6 7 5 4
97 85 12 1 6 0 5 2 7 3 4
97 85 12 1 7 6 5 2 0 3 4
97 85 12 2 0 7 4 5 3 6 1
97 85 12 2 7 6 4 5 3 0 1
97 85 12 7 0 1 5 2 3 6 4
97 85 12 2 4 0 1 5 3 7 6
97 85 12 1 7 0 2 5 4 6 3
97 85 12 4 2 7 1 5 3 0 6
97 85 12 2 7 0 4 3 6 1 5
97 85 12 1 0 3 5 7 4 6 2
97 86 11 2 3 7 5 4 0 6 1
97 86 11 7 3 1 5 4 0 6 2
97 86 11 5 7 3 6 2 4 1 0
97 86 11 2 1 0 4 3 7 6 5
97 86 11 1 0 6 3 5 7 4 2
97 86 11 1 3 7 6 2 4 0 5
97 86 11 5 3 7 1 0 4 6 2
97 86 11 5 3 0 1 2 4 6 7
97 87 10 1 7 3 2 5 4 0 6
97 87 10 4 2 3 6 1 7 5 0
97 87 10 3 1 7 0 2 4 6 5
97 87 10 1 2 6 0 5 4 7 3
97 87 10 1 2 0 3 5 4 7 6
97 87 10 4 2 3 0 5 7 6 1
97 88 9 2 3 7 5 1 4 0 6
97 89 8 1 5 7 6 2 4 3 0
97 89 8 1 2 3 4 7 0 6 5
97 89 8 1 3 7 5 0 4 6 2
97 89 8 1 3 0 5 2 4 6 7
97 90 7 1 4 7 5 2 3 6 0
97 90 7 1 2 6 4 3 5 7 0
98 80 18 2 0 6 3 7 4 5 1
98 80 18 4 0 1 2 7 3 6 5
98 80 18 4 0 6 1 7 5 3 2
98 80 18 4 7 6 0 1 5 3 2
98 80 18 2 7 6 0 3 1 4 5
98 81 17 2 0 7 6 4 3 1 5
98 81 17 3 7 6 4 2 0 5 1
98 81 17 3 2 6 1 7 0 5 4
98 81 17 4 7 0 1 5 2 3 6
98 81 17 2 7 0 6 5 4 1 3
98 82 16 4 7 6 5 1 3 0 2
98 82 16 2 7 6 5 1 0 3 4
98 82 16 7 6 1 0 4 2 3 5
98 82 16 2 0 1 7 6 4 3 5
98 82 16 6 2 7 0 1 4 3 5
98 82 16 2 4 7 6 0 1 3 5
98 82 16 0 7 5 2 4 3 6 1
98 82 16 2 7 5 4 0 3 6 1
98 83 15 4 7 6 1 3 5 0 2
98 83 15 1 7 6 0 4 2 3 5
98 83 15 5 7 6 1 4 2 3 0
98 83 15 2 0 1 5 7 4 6 3
98 83 15 2 1 7 6 0 4 3 5
98 83 15 1 4 7 6 0 2 3 5
98 83 15 2 7 5 0 1 3 6 4
98 83 15 0 1 6 3 2 7 4 5
98 83 15 0 1 6 3 4 2 7 5
98 83 15 4 7 5 1 2 0 3 6
98 83 15 7 6 1 5 0 4 3 2
98 83 15 0 6 1 5 2 4 3 7
98 84 14 5 7 0 2 1 4 6 3
98 84 14 4 7 5 1 0 3 6 2
98 84 14 0 5 6 1 2 7 4 3
98 84 14 5 6 0 1 2 7 4 3
98 84 14 2 0 1 5 4 7 3 6
98 84 14 2 6 3 7 1 4 0 5
98 84 14 0 4 2 1 5 7 3 6
98 84 14 4 7 2 1 5 0 3 6
98 84 14 2 7 6 4 1 0 3 5
98 84 14 2 7 3 6 0 5 4 1
98 84 14 1 0 5 2 7 4 3 6
98 84 14 1 7 0 3 5 4 2 6
98 84 14 1 2 4 5 0 7 3 6
98 85 13 3 7 1 2 5 4 6 0
98 85 13 2 0 7 3 5 4 1 6
98 85 13 2 3 0 1 6 7 5 4
98 85 13 2 7 3 1 6 0 5 4
98 85 13 1 2 6 5 7 3 0 4
98 85 13 7 0 3 1 2 6 4 5
98 85 13 2 7 4 0 5 3 6 1
98 85 13 4 7 1 5 2 3 6 0
98 85 13 3 7 1 5 2 0 6 4
98 85 13 2 6 0 1 5 7 3 4
98 85 13 5 2 7 1 6 4 3 0
98 85 13 0 2 7 3 5 4 6 1
98 85 13 2 4 7 3 5 0 6 1
98 85 13 2 7 3 5 0 1 4 6
98 85 13 2 0 3 5 1 7 4 6
98 85 13 0 2 7 4 1 3 6 5
98 85 13 1 0 7 4 2 3 6 5
98 85 13 4 2 7 0 5 3 6 1
98 85 13 4 2 0 1 5 3 6 7
98 85 13 4 1 7 5 2 0 6 3
98 86 12 7 2 6 4 1 3 0 5
98 86 12 7 0 1 4 5 3 6 2
98 86 12 1 2 6 0 5 7 4 3
98 86 12 3 2 6 1 5 7 4 0
98 86 12 2 6 4 1 5 7 0 3
98 86 12 7 1 0 5 4 3 6 2
98 86 12 2 0 1 3 5 7 4 6
98 86 12 0 2 1 4 3 7 6 5
98 86 12 5 2 3 1 0 7 6 4
98 86 12 1 3 7 2 0 4 6 5
98 87 11 3 7 1 5 0 4 6 2
98 87 11 5 6 1 7 2 4 3 0
98 87 11 1 2 0 5 7 4 6 3
98 87 11 4 2 3 6 1 0 7 5
98 87 11 1 4 7 3 2 6 0 5
98 87 11 1 7 5 6 2 0 4 3
98 87 11 1 2 3 6 7 0 4 5
98 87 11 2 5 7 1 0 4 6 3
98 87 11 2 3 0 1 5 4 7 6
98 87 11 0 1 7 3 2 4 5 6
98 87 11 1 4 7 3 2 0 5 6
98 88 10 7 0 3 5 2 4 6 1
98 88 10 2 3 1 4 7 6 0 5
98 88 10 1 7 5 2 3 4 6 0
98 88 10 1 2 3 0 7 4 6 5
98 88 10 2 3 0 7 5 4 6 1
98 88 10 1 2 6 7 5 4 0 3
98 88 10 1 2 6 0 5 4 3 7
98 88 10 1 2 3 0 6 4 7 5
98 89 9 1 5 7 3 2 4 0 6
98 89 9 1 2 0 3 4 6 7 5
98 89 9 1 0 5 3 2 7 4 6
98 90 8 1 2 5 3 4 7 6 0
98 92 6 1 2 3 6 5 7 4 0
98 96 2 1 2 3 4 5 6 7 0