0 0 0 2 7 6 1 4 0 3 5
16 0 16 2 7 6 1 0 4 3 5
13 0 13 2 7 6 1 5 4 3 0
14 0 14 2 7 6 1 5 4 0 3
13 0 13 2 7 0 1 5 4 6 3
12 0 12 2 0 7 1 5 4 6 3
13 0 13 2 7 1 0 5 4 6 3
10 0 10 2 7 1 3 5 4 6 0
12 0 12 2 7 1 3 5 4 0 6
13 0 13 0 2 7 1 5 4 6 3
11 0 11 1 2 7 0 5 4 6 3
7 0 7 1 2 7 3 5 4 6 0
9 0 9 1 2 0 7 5 4 6 3
9 0 9 1 2 7 3 5 4 0 6
8 0 8 1 2 0 3 5 4 7 6
7 0 7 1 2 3 0 5 4 7 6
5 0 5 1 2 3 6 5 4 7 0
7 0 7 1 2 3 6 5 4 0 7
8 0 8 1 2 3 6 5 0 4 7
9 0 9 1 0 2 7 5 4 6 3
9 0 9 1 0 2 3 5 4 7 6
9 0 9 1 2 3 6 0 5 4 7
9 0 9 1 4 2 3 5 0 7 6
9 0 9 1 2 3 6 7 5 4 0
9 0 9 1 4 2 3 5 7 0 6
7 0 7 1 4 2 3 5 7 6 0
9 0 9 1 2 3 6 7 5 0 4
10 0 10 1 2 0 3 5 4 6 7
7 0 7 1 2 3 0 5 4 6 7
6 0 6 1 2 3 7 5 4 6 0
8 0 8 1 2 6 3 5 4 0 7
6 0 6 1 2 6 3 5 4 7 0
8 0 8 1 2 3 7 5 4 0 6
9 0 9 1 0 2 3 5 4 6 7
9 0 9 1 2 6 3 5 0 4 7
9 0 9 1 4 2 3 5 0 6 7
7 0 7 1 4 2 3 5 6 0 7
5 0 5 1 4 2 3 5 6 7 0
9 0 9 1 4 0 3 5 6 2 7
8 0 8 1 0 4 3 5 6 2 7
8 0 8 1 4 3 0 5 6 2 7
8 0 8 1 4 3 7 5 6 2 0
9 0 9 1 4 2 0 5 6 7 3
9 0 9 1 4 3 2 5 6 0 7
5 0 5 1 4 3 2 5 6 7 0
7 0 7 1 4 3 0 5 6 7 2
8 0 8 1 4 0 3 5 6 7 2
7 0 7 1 0 4 3 5 6 7 2
9 0 9 1 4 3 7 5 6 0 2
9 0 9 1 4 3 2 5 0 6 7
9 0 9 1 4 7 3 5 6 0 2
8 0 8 1 4 7 3 5 6 2 0
9 0 9 0 1 4 3 5 6 7 2
7 0 7 2 1 4 3 5 6 7 0
7 0 7 2 1 4 3 5 6 0 7
9 0 9 1 6 4 3 5 0 7 2
9 0 9 1 0 3 2 5 4 6 7
9 0 9 2 1 4 0 5 6 7 3
8 0 8 2 1 0 4 5 6 7 3
9 0 9 2 1 4 3 5 0 6 7
9 0 9 2 1 0 3 5 6 4 7
8 0 8 2 1 3 0 5 6 4 7
7 0 7 2 1 3 4 5 6 0 7
3 0 3 2 1 3 4 5 6 7 0
7 0 7 2 1 3 4 5 0 6 7
7 0 7 2 1 3 0 5 6 7 4
8 0 8 2 1 3 7 5 6 4 0
8 0 8 2 1 0 4 5 6 3 7
8 0 8 2 1 3 4 0 6 7 5
8 0 8 2 1 3 4 0 5 6 7
8 0 8 2 0 3 4 5 1 6 7
8 0 8 2 1 0 3 5 6 7 4
8 0 8 2 1 3 4 6 0 7 5
8 0 8 2 1 3 4 7 5 6 0
8 0 8 0 2 3 4 5 1 6 7
7 0 7 1 2 3 4 5 0 6 7
3 0 3 1 2 3 4 5 6 0 7
1 0 1 1 2 3 4 5 6 7 0