0 0 0 0 1 7 4 3 2 5 6
12 0 12 3 1 7 4 0 2 5 6
13 0 13 1 0 7 4 3 2 5 6
15 0 15 6 1 7 4 3 2 5 0
15 0 15 2 1 7 4 3 0 5 6
16 0 16 4 1 7 0 3 2 5 6
23 12 11 3 1 7 4 2 0 5 6
24 12 12 3 1 7 4 6 2 5 0
24 13 11 1 2 7 4 3 0 5 6
25 12 13 3 1 7 0 4 2 5 6
26 13 13 1 7 0 4 3 2 5 6
26 15 11 2 1 7 4 3 5 0 6
27 12 15 3 0 7 4 1 2 5 6
28 15 13 2 1 7 4 0 3 5 6
29 15 14 6 1 7 4 3 2 0 5
29 15 14 2 0 7 4 3 1 5 6
30 15 15 6 1 7 0 3 2 5 4
30 15 15 6 1 7 4 0 2 5 3
30 16 14 4 1 0 7 3 2 5 6
30 16 14 4 1 7 6 3 2 5 0
31 15 16 6 1 0 4 3 2 5 7
31 16 15 4 1 7 5 3 2 0 6
32 16 16 4 1 7 3 0 2 5 6
33 23 10 3 1 7 4 2 5 0 6
33 24 9 1 2 7 4 3 5 0 6
35 23 12 3 0 7 4 2 1 5 6
35 24 11 1 2 7 4 0 3 5 6
35 25 10 3 1 0 7 4 2 5 6
35 26 9 2 1 7 4 3 5 6 0
36 24 12 3 1 7 4 6 2 0 5
36 25 11 3 1 7 6 4 2 5 0
36 25 11 3 1 7 5 4 2 0 6
36 26 10 2 1 0 4 3 5 7 6
37 24 13 3 1 7 0 6 2 5 4
37 26 11 1 7 5 4 3 2 0 6
38 24 14 3 1 0 4 6 2 5 7
39 25 14 0 1 7 3 4 2 5 6
39 28 11 2 1 7 4 6 3 5 0
40 26 14 1 7 4 0 3 2 5 6
40 27 13 0 3 7 4 1 2 5 6
40 27 13 3 2 7 4 1 0 5 6
40 33 7 1 2 7 4 3 5 6 0
41 24 17 0 1 7 4 6 2 5 3
41 27 14 3 7 0 4 1 2 5 6
41 28 13 0 1 7 4 2 3 5 6
41 30 11 4 1 5 7 3 2 0 6
41 33 8 3 1 7 4 2 5 6 0
41 33 8 1 2 0 4 3 5 7 6
42 29 13 6 1 0 4 3 2 7 5
42 31 11 4 1 7 5 3 2 6 0
42 35 7 3 1 5 7 4 2 0 6
43 28 15 2 1 7 0 4 3 5 6
43 29 14 0 2 7 4 3 1 5 6
43 29 14 2 7 0 4 3 1 5 6
43 30 13 6 1 7 4 2 0 5 3
43 36 7 3 1 7 5 4 2 6 0
44 28 16 2 0 7 4 1 3 5 6
44 29 15 6 1 7 4 3 0 2 5
44 30 14 6 1 0 7 3 2 5 4
44 31 13 6 1 5 4 3 2 0 7
44 35 9 1 2 7 4 6 3 5 0
45 30 15 6 1 7 5 3 2 0 4
45 30 15 6 1 7 0 4 2 5 3
45 30 15 4 0 1 7 3 2 5 6
45 30 15 4 1 7 6 3 2 0 5
45 32 13 4 1 7 3 2 0 5 6
45 32 13 4 1 7 3 6 2 5 0
45 33 12 3 1 0 4 2 5 7 6
46 30 16 6 1 7 3 0 2 5 4
46 31 15 6 0 1 4 3 2 5 7
46 31 15 6 1 4 0 3 2 5 7
46 31 15 4 1 7 5 3 0 2 6
46 31 15 4 1 0 5 3 2 7 6
46 35 11 3 0 1 7 4 2 5 6
46 37 9 1 7 5 4 3 2 6 0
47 30 17 6 0 7 4 1 2 5 3
47 30 17 4 1 7 6 0 2 5 3
47 30 17 4 1 0 6 3 2 5 7
47 35 12 0 3 7 4 2 1 5 6
47 35 12 2 1 0 4 3 5 6 7
47 36 11 3 1 0 4 6 2 7 5
47 36 11 3 1 7 5 4 0 2 6
47 36 11 3 1 0 5 4 2 7 6
47 36 11 2 0 1 4 3 5 7 6
47 36 11 2 1 4 0 3 5 7 6
47 42 5 3 1 5 7 4 2 6 0
48 30 18 0 1 7 6 3 2 5 4
48 35 13 3 7 0 4 2 1 5 6
48 35 13 1 0 7 4 2 3 5 6
48 35 13 2 1 7 0 3 5 6 4
48 35 13 2 1 7 4 0 5 6 3
49 32 17 4 0 7 3 1 2 5 6
49 35 14 0 2 7 4 1 3 5 6
49 35 14 1 2 7 0 4 3 5 6
49 36 13 3 1 7 4 6 0 2 5
49 36 13 3 1 7 6 4 2 0 5
49 37 12 3 1 0 7 6 2 5 4
49 38 11 3 1 5 4 6 2 0 7
50 35 15 0 1 7 4 3 5 6 2
50 37 13 3 1 7 5 6 2 0 4
50 37 13 1 7 5 4 3 0 2 6
50 39 11 1 0 7 3 4 2 5 6
50 39 11 2 1 7 4 6 3 0 5
50 40 10 1 3 7 4 0 2 5 6
50 40 10 1 2 0 4 3 5 6 7
50 41 9 4 1 5 7 3 2 6 0
50 41 9 1 0 2 4 3 5 7 6
50 41 9 1 2 4 0 3 5 7 6
51 36 15 3 1 7 6 0 2 5 4
51 38 13 3 0 1 4 6 2 5 7
51 38 13 3 1 4 0 6 2 5 7
51 40 11 3 2 7 4 1 5 0 6
51 40 11 1 2 7 0 3 5 6 4
51 40 11 1 2 7 4 0 5 6 3
51 41 10 3 1 7 0 2 5 6 4
51 42 9 3 1 5 7 4 0 2 6
52 36 16 3 1 0 6 4 2 5 7
52 39 13 6 1 7 3 4 2 5 0
52 39 13 2 1 0 4 6 3 5 7
52 40 12 1 7 4 6 3 2 5 0
52 41 11 3 7 5 4 1 2 0 6
53 36 17 0 1 7 6 4 2 5 3
53 37 16 0 1 7 3 6 2 5 4
53 39 14 2 1 7 0 6 3 5 4
53 40 13 6 3 7 4 1 2 5 0
53 40 13 3 2 7 4 0 1 5 6
53 44 9 1 2 7 4 6 3 0 5
54 39 15 2 1 7 3 4 0 5 6
54 40 14 1 7 4 5 3 2 0 6
54 40 14 4 3 7 0 1 2 5 6
54 41 13 1 0 7 4 6 2 5 3
54 41 13 6 1 7 4 2 3 5 0
54 41 13 4 1 5 7 3 0 2 6
54 41 13 3 1 7 4 0 5 6 2
54 41 13 3 1 0 4 2 5 6 7
54 43 11 3 1 7 0 4 2 6 5
54 43 11 3 1 7 5 0 2 6 4
55 39 16 0 1 7 4 6 3 5 2
55 40 15 1 7 4 3 0 2 5 6
55 40 15 2 3 7 4 1 0 5 6
55 40 15 0 2 7 4 3 5 6 1
55 41 14 3 7 4 0 1 2 5 6
55 41 14 4 1 7 0 2 3 5 6
55 41 14 0 1 7 4 2 5 6 3
55 42 13 4 1 7 5 0 2 6 3
55 43 12 2 1 0 7 4 3 5 6
55 43 12 6 1 7 4 2 5 0 3
55 43 12 3 1 0 5 4 2 6 7
55 44 11 6 1 5 7 3 2 0 4
55 44 11 6 1 5 4 3 2 7 0
55 44 11 1 2 0 4 6 3 5 7
56 41 15 2 1 7 4 6 0 5 3
56 42 14 6 0 1 4 3 2 7 5
56 42 14 6 1 4 0 3 2 7 5
56 43 13 2 1 7 6 4 3 5 0
56 43 13 2 1 7 5 4 3 0 6
56 43 13 2 7 5 4 3 1 0 6
56 43 13 0 1 7 5 4 2 6 3
56 44 12 1 2 7 0 6 3 5 4
56 45 11 6 1 7 5 3 2 4 0
56 47 9 2 1 4 6 3 5 7 0
56 47 9 3 1 5 0 4 2 6 7
56 47 9 3 1 5 7 0 2 6 4
57 41 16 4 1 7 0 6 2 5 3
57 42 15 4 1 7 0 3 2 6 5
57 42 15 0 1 7 5 3 2 6 4
57 43 14 6 2 7 4 3 1 5 0
57 43 14 6 0 7 4 2 1 5 3
57 45 12 6 1 0 7 4 2 5 3
57 45 12 4 1 7 3 2 5 0 6
57 45 12 3 1 4 0 2 5 7 6
57 46 11 0 3 1 7 4 2 5 6
57 46 11 1 7 5 0 3 2 6 4
57 46 11 1 7 5 4 0 2 6 3
57 47 10 2 1 6 4 3 5 0 7
57 47 10 3 1 7 5 0 4 2 6
57 47 10 3 1 5 0 4 2 7 6
57 48 9 1 3 7 4 2 0 5 6
57 50 7 1 2 4 6 3 5 7 0
58 40 18 0 7 4 1 3 2 5 6
58 42 16 4 1 0 5 3 2 6 7
58 43 15 2 7 4 0 3 1 5 6
58 44 14 2 7 0 4 1 3 5 6
58 44 14 6 1 5 4 3 0 2 7
58 45 13 6 1 7 5 4 2 0 3
58 45 13 4 1 7 3 6 2 0 5
58 45 13 3 0 1 4 2 5 7 6
58 46 12 6 1 4 7 3 2 5 0
58 46 12 3 2 1 7 4 0 5 6
58 47 11 2 0 1 4 3 5 6 7
58 47 11 2 1 4 0 3 5 6 7
58 47 11 0 2 1 4 3 5 7 6
58 47 11 0 1 5 7 4 2 6 3
58 48 10 3 7 5 4 2 1 0 6
58 49 9 3 1 5 7 6 2 0 4
58 49 9 3 1 5 4 6 2 7 0
58 50 8 1 2 6 4 3 5 0 7
59 43 16 0 1 7 2 4 3 5 6
59 43 16 4 2 7 0 3 1 5 6
59 44 15 6 1 7 4 0 3 2 5
59 44 15 6 0 1 7 3 2 5 4
59 45 14 4 1 0 6 3 2 7 5
59 45 14 4 0 7 3 2 1 5 6
59 46 13 6 1 7 3 2 0 5 4
59 46 13 6 2 1 4 3 0 5 7
59 47 12 6 3 7 4 2 1 5 0
59 47 12 3 0 1 4 6 2 7 5
59 47 12 3 1 4 0 6 2 7 5
59 47 12 3 0 7 5 4 1 2 6
59 47 12 3 0 1 5 4 2 7 6
59 47 12 2 5 1 4 3 0 7 6
59 47 12 2 1 4 3 0 5 7 6
59 47 12 3 1 0 7 4 2 6 5
59 48 11 2 1 7 4 5 0 6 3
59 50 9 3 1 7 5 6 2 4 0
59 50 9 1 0 2 4 3 5 6 7
59 50 9 1 2 4 0 3 5 6 7
59 51 8 3 1 5 7 0 4 2 6
60 44 16 6 0 7 4 3 1 2 5
60 44 16 0 2 7 4 6 3 5 1
60 45 15 6 1 7 5 3 0 2 4
60 45 15 6 1 0 5 3 2 7 4
60 45 15 0 4 1 7 3 2 5 6
60 45 15 4 1 0 3 6 2 5 7
60 46 14 4 1 7 5 0 3 2 6
60 46 14 4 1 5 0 3 2 7 6
60 46 14 1 7 0 4 3 2 6 5
60 47 13 2 3 7 4 0 1 5 6
60 47 13 4 3 7 0 2 1 5 6
60 48 12 1 7 0 4 2 3 5 6
60 49 11 1 2 0 7 4 3 5 6
60 50 10 2 1 0 4 6 3 7 5
60 50 10 1 3 7 4 6 2 5 0
60 50 10 1 5 2 4 3 0 7 6
60 50 10 1 2 4 3 0 5 7 6
60 51 9 3 2 7 4 1 5 6 0
60 51 9 1 2 7 4 5 0 6 3
60 51 9 3 1 0 7 2 5 6 4
61 45 16 4 2 1 7 3 0 5 6
61 45 16 4 1 7 6 3 0 2 5
61 46 15 0 6 1 4 3 2 5 7
61 47 14 4 1 5 6 3 2 0 7
61 47 14 0 1 4 2 3 5 7 6
61 48 13 3 7 4 0 2 1 5 6
61 48 13 2 1 0 7 3 5 6 4
61 49 12 1 2 7 6 4 3 5 0
61 49 12 1 2 7 5 4 3 0 6
61 49 12 3 1 7 4 0 6 2 5
61 49 12 3 1 5 4 6 0 2 7
61 50 11 1 0 7 4 3 5 6 2
61 50 11 1 3 7 0 4 2 5 6
61 50 11 4 1 5 7 0 2 6 3
61 50 11 0 1 2 4 3 5 7 6
61 51 10 3 1 4 7 6 2 5 0
61 51 10 3 2 0 4 1 5 7 6
61 51 10 3 0 5 7 4 1 2 6
61 52 9 3 7 5 4 1 2 6 0
61 53 8 1 2 0 4 6 3 7 5
62 46 16 0 1 4 6 3 2 5 7
62 46 16 6 1 4 3 0 2 5 7
62 46 16 6 1 4 5 3 2 0 7
62 46 16 4 0 7 5 3 1 2 6
62 46 16 4 0 1 5 3 2 7 6
62 47 15 6 2 7 4 1 0 5 3
62 47 15 4 1 7 6 2 0 5 3
62 47 15 4 1 6 0 3 2 5 7
62 47 15 2 1 4 7 3 5 0 6
62 48 14 2 1 7 3 0 5 6 4
62 48 14 2 1 7 0 4 5 6 3
62 49 13 3 0 1 7 6 2 5 4
62 50 12 1 7 5 4 0 3 2 6
62 50 12 1 0 5 4 3 7 2 6
62 50 12 1 7 0 3 4 2 5 6
62 50 12 1 2 7 3 4 0 5 6
62 50 12 2 1 7 4 6 0 3 5
62 51 11 3 2 1 4 6 0 5 7
62 52 10 2 1 5 4 6 3 0 7
63 46 17 6 0 7 3 1 2 5 4
63 46 17 0 7 5 4 3 2 6 1
63 47 16 0 6 7 4 1 2 5 3
63 47 16 6 7 0 4 1 2 5 3
63 47 16 4 0 1 6 3 2 5 7
63 48 15 1 0 7 6 3 2 5 4
63 48 15 2 1 7 6 3 5 0 4
63 48 15 2 0 7 4 1 5 6 3
63 49 14 4 2 7 3 1 0 5 6
63 49 14 6 2 7 4 1 3 5 0
63 49 14 3 0 7 4 6 1 2 5
63 50 13 3 1 7 5 6 0 2 4
63 50 13 3 1 0 5 6 2 7 4
63 50 13 4 1 5 0 3 2 6 7
63 50 13 0 1 5 7 3 2 6 4
63 50 13 0 2 4 1 3 5 7 6
63 50 13 1 2 4 7 3 5 0 6
63 51 12 1 2 0 7 3 5 6 4
63 51 12 1 2 7 3 0 5 6 4
63 51 12 1 0 7 4 2 5 6 3
63 52 11 3 1 5 6 4 2 0 7
63 53 10 1 2 7 4 6 0 3 5
63 54 9 3 1 7 5 2 0 6 4
63 55 8 1 2 5 4 6 3 0 7
63 56 7 3 1 5 7 2 0 6 4
64 48 16 0 1 7 2 3 5 6 4
64 49 15 0 4 7 3 1 2 5 6
64 49 15 3 1 7 6 4 0 2 5
64 49 15 3 1 0 6 4 2 7 5
64 51 13 3 1 7 6 2 0 5 4
64 51 13 0 3 1 4 6 2 5 7
64 51 13 1 2 7 6 3 5 0 4
64 51 13 0 2 7 4 1 5 6 3
64 51 13 1 2 7 0 4 5 6 3
64 51 13 0 1 7 3 2 5 6 4
64 52 12 2 0 1 4 6 3 5 7
64 52 12 2 1 4 0 6 3 5 7
64 53 11 3 2 7 4 6 1 5 0
64 54 10 1 7 4 5 3 2 6 0
64 55 9 2 1 5 7 4 3 0 6
64 55 9 6 1 5 7 3 2 4 0
64 58 6 1 2 6 4 3 5 7 0
65 48 17 2 1 7 6 3 0 5 4
65 49 16 4 7 0 3 1 2 5 6
65 49 16 4 2 7 0 1 3 5 6
65 49 16 0 2 7 1 4 3 5 6
65 50 15 4 1 7 0 3 5 6 2
65 50 15 5 1 7 4 3 0 6 2
65 51 14 0 1 4 3 6 2 5 7
65 51 14 3 1 4 5 6 2 0 7
65 51 14 3 1 7 6 2 5 0 4
65 52 13 3 1 6 0 4 2 5 7
65 52 13 6 1 7 3 4 2 0 5
65 52 13 1 7 4 6 3 2 0 5
65 52 13 3 7 5 4 1 0 2 6
65 54 11 1 2 7 4 6 0 5 3
65 54 11 3 1 7 4 5 0 6 2
65 54 11 3 1 4 0 2 5 6 7
65 55 10 1 0 2 4 6 3 5 7
65 55 10 1 2 4 0 6 3 5 7
65 56 9 2 1 7 5 4 3 6 0
65 56 9 1 0 7 5 4 2 6 3
65 57 8 2 1 6 4 3 5 7 0
65 57 8 1 3 7 4 2 5 0 6
65 58 7 1 0 5 7 4 2 6 3
65 58 7 3 1 5 7 6 2 4 0
66 47 19 4 0 7 6 1 2 5 3
66 50 16 4 1 0 7 3 2 6 5
66 51 15 0 2 7 1 3 5 6 4
66 51 15 3 1 7 2 0 5 6 4
66 53 13 1 0 7 6 4 2 5 3
66 53 13 1 0 7 3 6 2 5 4
66 53 13 6 3 7 4 1 2 0 5
66 53 13 6 3 7 0 1 2 5 4
66 54 12 2 1 7 3 0 4 5 6
66 54 12 2 1 7 3 4 5 0 6
66 54 12 1 7 0 5 3 2 4 6
66 54 12 4 3 0 7 1 2 5 6
66 54 12 4 1 5 7 0 3 2 6
66 54 12 3 0 1 4 2 5 6 7
66 54 12 3 1 6 4 2 5 0 7
66 55 11 1 7 4 3 6 2 5 0
66 55 11 2 3 7 4 1 5 0 6
66 55 11 4 1 7 5 2 0 6 3
66 55 11 6 1 7 4 2 5 3 0
66 55 11 3 0 1 5 4 2 6 7
66 55 11 3 1 6 5 4 2 0 7
66 57 9 6 1 5 7 4 2 0 3
66 57 9 1 7 5 4 2 0 6 3
66 57 9 1 2 4 6 3 5 0 7
66 58 8 3 7 5 4 2 1 6 0
66 60 6 1 2 4 3 6 5 7 0
67 51 16 3 1 4 6 0 2 5 7
67 52 15 3 0 1 6 4 2 5 7
67 53 14 2 1 0 7 6 3 5 4
67 54 13 4 3 7 6 1 2 5 0
67 54 13 4 3 7 5 1 2 0 6
67 54 13 1 7 0 4 6 2 5 3
67 54 13 6 1 7 4 2 3 0 5
67 54 13 6 1 7 0 2 3 5 4
67 54 13 3 1 7 0 4 5 6 2
67 54 13 3 0 7 5 1 2 6 4
67 54 13 3 1 7 0 5 2 6 4
67 55 12 1 0 7 4 6 3 5 2
67 55 12 1 7 4 3 2 0 5 6
67 55 12 3 2 7 4 0 5 6 1
67 55 12 4 1 0 7 2 3 5 6
67 56 11 2 1 7 4 6 5 0 3
67 56 11 2 7 5 4 3 1 6 0
67 56 11 2 1 4 6 3 5 0 7
67 56 11 3 0 5 7 1 2 6 4
67 57 10 4 1 7 3 2 5 6 0
67 57 10 3 1 7 5 6 4 2 0
67 57 10 3 1 5 6 4 2 7 0
67 59 8 2 1 4 3 6 5 7 0
67 59 8 3 1 5 7 6 4 2 0
67 60 7 1 2 4 3 5 0 7 6
67 60 7 1 2 7 4 5 6 0 3
68 51 17 3 0 7 6 1 2 5 4
68 52 16 6 1 0 3 4 2 5 7
68 52 16 1 7 4 6 0 2 5 3
68 53 15 2 1 7 3 6 0 5 4
68 53 15 2 1 7 5 6 3 0 4
68 53 15 6 3 7 4 0 2 5 1
68 53 15 3 2 7 0 4 1 5 6
68 54 14 2 0 7 3 4 1 5 6
68 54 14 1 7 4 5 3 0 2 6
68 54 14 4 0 5 7 3 1 2 6
68 54 14 0 1 7 3 4 2 6 5
68 54 14 3 1 7 4 0 2 6 5
68 55 13 2 0 7 4 3 5 6 1
68 55 13 4 1 7 6 2 3 5 0
68 55 13 4 1 7 5 2 3 0 6
68 55 13 4 1 7 0 2 5 6 3
68 55 13 5 1 7 4 2 0 6 3
68 55 13 2 0 1 7 4 3 5 6
68 55 13 6 1 5 7 3 0 2 4
68 56 12 2 1 7 4 0 6 5 3
68 56 12 6 2 1 4 3 0 7 5
68 56 12 2 1 7 5 4 0 3 6
68 56 12 5 1 7 0 4 2 6 3
68 56 12 0 1 5 3 4 2 6 7
68 56 12 3 1 5 4 0 2 6 7
68 57 11 1 0 7 5 3 2 6 4
68 57 11 3 1 4 6 2 5 7 0
68 57 11 3 1 4 7 2 5 0 6
68 57 11 6 3 1 7 4 2 5 0
68 57 11 1 7 5 0 4 2 6 3
68 57 11 1 2 4 6 0 5 7 3
68 58 10 6 1 7 5 4 2 3 0
68 58 10 3 2 1 4 0 5 7 6
68 58 10 1 2 6 4 3 0 5 7
68 59 9 2 1 4 3 5 0 7 6
68 59 9 2 1 7 4 5 6 0 3
68 59 9 1 2 4 7 3 5 6 0
68 60 8 1 2 5 7 4 3 0 6
69 52 17 1 7 0 6 3 2 5 4
69 53 16 6 3 0 4 1 2 5 7
69 54 15 4 3 7 1 0 2 5 6
69 54 15 3 0 7 4 1 5 6 2
69 55 14 3 7 4 6 1 2 5 0
69 55 14 3 7 4 5 1 2 0 6
69 55 14 6 1 0 4 2 5 7 3
69 55 14 6 1 5 0 3 2 7 4
69 55 14 6 1 5 4 0 2 7 3
69 56 13 6 1 4 5 3 2 7 0
69 56 13 2 1 0 5 4 3 7 6
69 56 13 2 1 7 5 4 0 6 3
69 56 13 1 2 0 7 6 3 5 4
69 56 13 6 1 7 5 0 2 4 3
69 56 13 2 1 4 6 0 5 7 3
69 56 13 3 1 5 0 7 2 6 4
69 57 12 4 3 1 7 0 2 5 6
69 57 12 1 7 0 5 3 2 6 4
69 57 12 1 7 5 3 0 2 6 4
69 57 12 2 1 6 4 3 0 5 7
69 57 12 1 2 0 6 3 5 7 4
69 58 11 3 2 1 7 0 4 5 6
69 58 11 3 2 1 7 4 5 0 6
69 58 11 0 2 1 4 3 5 6 7
69 58 11 2 1 4 7 3 5 6 0
69 58 11 6 2 1 4 3 5 7 0
69 58 11 7 1 5 0 4 2 6 3
69 58 11 2 1 5 7 4 0 6 3
69 58 11 3 7 5 4 2 0 1 6
69 58 11 3 1 5 7 6 0 2 4
69 59 10 3 2 1 4 6 0 7 5
69 59 10 1 5 2 4 3 0 6 7
69 59 10 1 2 4 3 0 5 6 7
69 60 9 1 7 5 4 2 3 0 6
69 61 8 1 2 7 5 4 3 6 0
69 61 8 1 3 0 7 4 2 5 6
69 63 6 1 2 5 4 6 3 7 0
70 53 17 2 1 7 6 4 0 5 3
70 53 17 0 1 7 2 6 3 5 4
70 53 17 2 1 7 6 0 3 5 4
70 54 16 6 1 7 4 0 3 5 2
70 54 16 6 1 0 4 2 3 5 7
70 55 15 3 1 7 4 6 0 5 2
70 55 15 1 0 4 3 7 2 5 6
70 55 15 4 2 7 0 3 5 6 1
70 55 15 5 2 7 4 3 0 6 1
70 55 15 4 0 7 5 1 2 6 3
70 55 15 4 1 7 0 5 2 6 3
70 55 15 0 1 5 4 3 2 7 6
70 56 14 2 0 7 4 6 1 5 3
70 56 14 0 6 1 4 3 2 7 5
70 56 14 2 7 5 4 3 0 1 6
70 56 14 1 2 7 5 6 3 0 4
70 56 14 2 1 0 6 3 5 7 4
70 57 13 6 2 7 4 3 1 0 5
70 57 13 6 0 1 7 4 2 5 3
70 57 13 4 1 0 3 2 5 7 6
70 57 13 7 3 1 0 4 2 5 6
70 57 13 2 3 1 7 4 0 5 6
70 57 13 0 7 5 4 1 2 6 3
70 57 13 1 0 5 4 7 2 6 3
70 57 13 0 1 7 5 3 4 2 6
70 57 13 3 0 7 5 1 4 2 6
70 57 13 3 1 7 0 5 4 2 6
70 57 13 0 1 5 3 4 2 7 6
70 57 13 3 1 5 4 0 2 7 6
70 58 12 4 1 0 3 6 2 7 5
70 58 12 3 5 1 4 2 0 7 6
70 58 12 2 5 1 4 3 0 6 7
70 58 12 2 1 4 3 0 5 6 7
70 58 12 3 1 5 0 6 2 7 4
70 59 11 6 2 1 4 3 5 0 7
70 59 11 3 1 4 5 6 2 7 0
70 59 11 3 0 1 7 4 2 6 5
70 59 11 3 1 6 7 4 2 0 5
70 59 11 3 1 7 5 0 2 4 6
70 59 11 0 1 2 4 3 5 6 7
70 59 11 0 1 5 7 3 4 2 6
70 59 11 3 0 5 7 1 4 2 6
70 60 10 1 3 7 4 6 2 0 5
70 60 10 1 5 2 4 0 3 7 6
70 60 10 1 5 2 4 3 7 0 6
70 60 10 3 0 1 7 2 5 6 4
70 60 10 3 1 6 7 2 5 0 4
70 61 9 3 1 7 4 5 6 2 0
70 61 9 1 3 7 6 4 2 5 0
70 61 9 1 3 7 5 4 2 0 6
70 61 9 4 1 5 7 2 0 6 3
70 61 9 1 0 2 4 6 3 7 5
70 61 9 1 2 4 0 6 3 7 5
70 62 8 2 1 5 4 6 3 7 0
70 63 7 3 1 5 7 2 6 0 4
71 55 16 4 1 7 0 6 3 5 2
71 55 16 0 7 4 3 1 2 5 6
71 55 16 3 7 4 1 0 2 5 6
71 56 15 0 1 4 6 3 2 7 5
71 56 15 6 1 4 3 0 2 7 5
71 56 15 2 1 7 6 4 3 0 5
71 56 15 1 2 7 6 0 3 5 4
71 56 15 6 1 7 0 3 2 4 5
71 56 15 0 1 7 5 3 2 4 6
71 56 15 0 1 4 6 3 5 7 2
71 57 14 4 1 0 7 6 2 5 3
71 57 14 5 1 7 0 3 2 6 4
71 57 14 0 1 4 3 2 5 7 6
71 57 14 3 1 4 2 0 5 7 6
71 58 13 2 7 4 6 3 1 5 0
71 58 13 2 7 5 4 1 3 0 6
71 58 13 6 1 7 5 4 0 2 3
71 58 13 6 1 0 5 4 2 7 3
71 58 13 0 3 1 4 2 5 7 6
71 58 13 4 2 1 0 3 5 7 6
71 58 13 5 2 1 4 3 0 7 6
71 59 12 6 1 7 4 5 3 2 0
71 59 12 6 1 7 3 2 5 0 4
71 59 12 6 3 7 4 2 1 0 5
71 59 12 6 3 7 0 2 1 5 4
71 59 12 0 3 1 4 6 2 7 5
71 59 12 0 3 7 5 4 1 2 6
71 59 12 0 3 1 5 4 2 7 6
71 59 12 2 5 1 4 0 3 7 6
71 59 12 2 5 1 4 3 7 0 6
71 59 12 2 0 7 4 5 1 6 3
71 60 11 2 3 7 4 6 1 5 0
71 60 11 4 3 0 7 2 1 5 6
71 60 11 1 0 2 7 4 3 5 6
71 60 11 2 0 1 4 6 3 7 5
71 60 11 2 1 4 0 6 3 7 5
71 60 11 1 3 7 0 6 2 5 4
71 60 11 0 2 4 3 1 5 7 6
71 60 11 1 0 7 4 5 2 6 3
71 61 10 3 1 2 4 0 5 7 6
71 61 10 0 3 5 7 4 1 2 6
71 62 9 1 7 5 3 4 2 0 6
71 62 9 3 2 1 4 6 5 0 7
71 63 8 3 0 5 7 2 1 6 4
71 64 7 2 1 5 7 4 3 6 0
71 65 6 1 3 7 4 2 5 6 0
72 52 20 0 7 4 6 3 2 5 1
72 56 16 6 1 4 7 3 2 0 5
72 56 16 0 2 7 1 6 3 5 4
72 56 16 6 1 0 5 3 2 4 7
72 57 15 4 1 7 5 6 2 0 3
72 57 15 0 1 7 4 3 2 6 5
72 57 15 2 1 7 5 3 0 6 4
72 57 15 6 2 0 4 3 1 5 7
72 57 15 0 6 7 4 2 1 5 3
72 57 15 6 7 0 4 2 1 5 3
72 57 15 0 7 5 1 3 2 6 4
72 57 15 1 7 5 6 3 2 0 4
72 57 15 0 2 4 6 3 5 7 1
72 58 14 6 1 5 4 0 3 2 7
72 58 14 4 1 7 3 6 0 2 5
72 58 14 6 1 4 7 0 2 5 3
72 58 14 0 1 4 2 3 5 6 7
72 59 13 1 0 7 2 4 3 5 6
72 59 13 4 2 7 6 3 1 5 0
72 59 13 6 2 1 4 0 3 5 7
72 59 13 0 1 4 3 6 2 7 5
72 59 13 3 7 0 5 4 1 2 6
72 59 13 3 2 1 5 4 0 7 6
72 59 13 2 0 4 3 1 5 7 6
72 59 13 3 1 7 0 6 2 4 5
72 59 13 0 2 4 1 3 5 6 7
72 59 13 3 1 5 0 7 4 2 6
72 60 12 3 4 1 7 0 2 5 6
72 60 12 4 1 3 0 6 2 5 7
72 60 12 4 1 5 3 6 2 0 7
72 60 12 4 1 5 6 3 2 7 0
72 60 12 1 0 7 4 3 2 6 5
72 60 12 1 7 6 4 3 2 0 5
72 60 12 4 3 7 6 2 1 5 0
72 60 12 4 3 7 5 2 1 0 6
72 60 12 1 7 4 0 2 3 5 6
72 60 12 1 3 0 4 6 2 5 7
72 60 12 3 2 0 4 1 5 6 7
72 61 11 1 0 4 2 3 5 7 6
72 61 11 1 2 7 5 4 0 3 6
72 61 11 3 1 5 4 0 6 2 7
72 61 11 1 7 0 4 3 5 6 2
72 61 11 6 1 2 4 3 5 7 0
72 61 11 3 0 2 4 1 5 7 6
72 61 11 3 2 4 0 1 5 7 6
72 61 11 3 5 0 7 4 1 2 6
72 61 11 3 7 5 0 1 2 6 4
72 62 10 2 1 7 3 4 5 6 0
72 62 10 3 2 1 4 0 6 5 7
72 63 9 1 0 5 7 3 2 6 4
72 63 9 1 2 7 3 5 0 6 4
72 63 9 1 5 7 4 2 0 6 3
72 63 9 1 2 7 4 0 6 3 5
72 63 9 3 1 7 5 2 6 0 4
72 63 9 1 2 5 4 6 0 3 7
72 65 7 3 1 4 7 2 5 6 0
72 67 5 1 2 7 4 5 6 3 0
73 55 18 4 1 7 2 0 3 5 6
73 56 17 2 1 0 6 4 3 5 7
73 57 16 4 1 7 3 0 2 6 5
73 57 16 6 2 7 0 3 1 5 4
73 57 16 6 2 7 4 0 1 5 3
73 58 15 4 0 1 5 3 2 6 7
73 58 15 4 1 6 5 3 2 0 7
73 58 15 2 7 4 0 1 3 5 6
73 58 15 6 0 5 4 3 1 2 7
73 58 15 0 1 5 4 6 2 7 3
73 59 14 0 1 7 4 6 3 2 5
73 59 14 4 1 6 0 3 2 7 5
73 59 14 0 4 7 3 2 1 5 6
73 59 14 6 0 7 3 2 1 5 4
73 59 14 3 1 4 7 6 2 0 5
73 59 14 3 1 0 5 6 2 4 7
73 60 13 0 1 7 5 4 3 2 6
73 60 13 1 7 4 0 3 2 6 5
73 60 13 1 0 4 3 2 5 7 6
73 60 13 3 2 7 0 1 5 6 4
73 61 12 1 2 0 5 4 3 7 6
73 61 12 1 5 7 4 3 0 6 2
73 61 12 3 1 4 7 0 2 5 6
73 62 11 2 1 7 3 5 0 6 4
73 62 11 2 1 0 7 4 5 6 3
73 62 11 1 7 5 4 6 3 2 0
73 62 11 1 7 3 0 4 2 5 6
73 62 11 1 2 7 3 0 4 5 6
73 62 11 1 2 7 3 4 5 0 6
73 62 11 2 1 7 4 0 6 3 5
73 62 11 2 1 5 4 6 0 3 7
73 63 10 1 2 7 3 4 5 6 0
73 63 10 3 0 7 5 2 1 6 4
73 65 8 1 5 0 7 4 2 6 3
73 65 8 1 2 5 7 4 0 6 3
73 66 7 1 2 4 3 6 5 0 7
73 67 6 1 2 0 4 5 6 7 3
74 56 18 0 1 7 6 4 3 5 2
74 58 16 7 0 4 1 3 2 5 6
74 58 16 2 7 4 3 0 1 5 6
74 58 16 0 1 4 7 3 2 5 6
74 59 15 6 1 7 2 4 3 5 0
74 59 15 3 1 7 2 4 0 5 6
74 59 15 4 0 1 6 3 2 7 5
74 59 15 4 7 0 3 2 1 5 6
74 59 15 6 3 7 4 0 1 5 2
74 59 15 6 3 0 4 2 1 5 7
74 59 15 3 1 4 6 0 2 7 5
74 59 15 0 1 7 5 6 2 4 3
74 60 14 2 0 7 4 6 3 5 1
74 60 14 6 1 7 5 0 3 2 4
74 60 14 4 0 1 3 6 2 5 7
74 60 14 4 1 7 5 6 3 2 0
74 60 14 2 3 7 0 4 1 5 6
74 61 13 6 1 4 2 3 5 7 0
74 61 13 3 7 4 6 2 1 5 0
74 61 13 3 7 4 5 2 1 0 6
74 61 13 1 2 7 6 4 3 0 5
74 61 13 0 1 7 4 3 6 2 5
74 61 13 3 0 5 4 6 1 2 7
74 61 13 0 3 7 1 4 2 5 6
74 61 13 4 0 5 7 1 2 6 3
74 61 13 4 1 2 0 3 5 7 6
74 61 13 5 1 2 4 3 0 7 6
74 61 13 3 7 5 4 0 2 6 1
74 62 12 1 5 0 4 3 7 2 6
74 63 11 3 2 4 1 0 5 7 6
74 63 11 1 7 0 4 2 5 6 3
74 64 10 1 2 7 6 3 5 4 0
74 64 10 1 2 0 7 4 5 6 3
74 64 10 1 0 7 3 2 5 6 4
74 64 10 2 1 5 7 4 0 3 6
74 64 10 1 2 6 0 3 5 7 4
74 64 10 1 2 6 4 0 5 7 3
74 65 9 3 1 6 7 4 2 5 0
74 65 9 1 2 7 4 6 5 0 3
74 65 9 3 1 7 4 5 6 0 2
74 65 9 1 3 2 4 6 0 5 7
74 65 9 3 1 5 7 0 2 4 6
74 66 8 6 1 5 7 4 2 3 0
74 67 7 1 2 4 3 5 7 0 6
74 68 6 1 2 5 7 4 3 6 0
74 69 5 1 3 5 7 4 2 0 6
75 58 17 6 7 4 1 3 2 5 0
75 58 17 2 7 4 1 3 0 5 6
75 58 17 2 7 4 5 3 1 0 6
75 59 16 4 2 0 7 3 1 5 6
75 59 16 4 2 7 3 0 1 5 6
75 59 16 0 6 1 7 3 2 5 4
75 59 16 6 2 1 7 3 0 5 4
75 60 15 6 2 7 4 0 3 5 1
75 60 15 3 2 7 4 6 0 5 1
75 60 15 6 4 1 7 3 2 5 0
75 60 15 4 1 5 3 0 2 7 6
75 61 14 4 2 1 7 3 5 0 6
75 61 14 3 6 1 4 0 2 5 7
75 61 14 2 0 1 7 3 5 6 4
75 61 14 2 1 6 7 3 5 0 4
75 62 13 1 0 4 6 3 2 5 7
75 62 13 6 2 7 4 1 5 0 3
75 62 13 4 1 6 7 3 2 5 0
75 62 13 2 1 0 7 3 5 4 6
75 62 13 0 3 1 7 6 2 5 4
75 62 13 1 7 5 0 4 3 2 6
75 62 13 2 0 7 4 6 1 3 5
75 63 12 2 1 7 6 3 5 4 0
75 63 12 4 2 7 3 1 5 0 6
75 63 12 3 1 7 5 0 6 2 4
75 63 12 2 0 4 1 3 5 7 6
75 63 12 6 2 4 1 3 5 7 0
75 63 12 1 2 0 7 3 5 4 6
75 63 12 1 0 2 7 3 5 6 4
75 63 12 1 2 6 7 3 5 0 4
75 63 12 1 0 7 4 6 2 3 5
75 64 11 2 3 1 4 6 0 5 7
75 64 11 3 2 7 4 6 1 0 5
75 64 11 6 1 5 7 0 2 4 3
75 65 10 3 1 7 6 2 5 4 0
75 65 10 1 2 7 4 0 6 5 3
75 65 10 1 2 4 7 6 3 5 0
75 65 10 1 7 0 5 4 2 6 3
75 65 10 1 2 7 5 4 0 6 3
75 65 10 1 3 0 4 2 5 7 6
75 66 9 4 3 5 7 1 2 0 6
75 66 9 2 3 7 4 1 5 6 0
75 66 9 1 7 5 4 2 6 0 3
75 66 9 1 0 5 4 2 7 6 3
75 66 9 1 2 4 0 6 5 7 3
75 67 8 3 1 5 7 6 4 0 2
75 68 7 1 7 5 3 4 2 6 0
75 68 7 2 1 7 4 5 6 3 0
75 70 5 1 3 7 5 4 2 6 0
75 70 5 3 1 5 7 2 6 4 0
76 58 18 0 7 4 2 3 1 5 6
76 59 17 4 2 7 5 3 1 0 6
76 59 17 6 1 7 0 4 3 2 5
76 60 16 0 6 7 4 3 1 2 5
76 60 16 6 7 0 4 3 1 2 5
76 60 16 4 2 7 0 6 3 5 1
76 60 16 6 0 7 5 3 1 2 4
76 60 16 6 0 1 5 3 2 7 4
76 60 16 4 1 7 0 5 3 2 6
76 61 15 4 2 1 7 0 3 5 6
76 61 15 7 6 1 4 3 2 5 0
76 61 15 2 6 1 4 3 0 5 7
76 61 15 4 1 5 6 3 0 2 7
76 61 15 5 1 4 2 3 0 7 6
76 61 15 1 2 0 6 4 3 5 7
76 61 15 3 0 7 4 1 6 2 5
76 61 15 3 1 7 0 4 6 2 5
76 61 15 4 1 5 0 7 2 6 3
76 62 14 6 1 4 3 2 0 5 7
76 62 14 6 1 4 3 7 2 5 0
76 62 14 4 2 1 5 3 0 7 6
76 62 14 4 1 7 6 2 5 0 3
76 62 14 2 1 4 7 3 0 5 6
76 62 14 3 2 1 7 6 0 5 4
76 62 14 0 1 5 4 3 7 2 6
76 63 13 1 6 7 4 0 2 5 3
76 63 13 6 7 5 4 1 2 0 3
76 63 13 1 2 7 6 3 0 5 4
76 63 13 2 7 0 4 1 5 6 3
76 63 13 2 5 7 4 1 0 6 3
76 63 13 6 2 7 4 1 3 0 5
76 63 13 7 1 5 0 3 2 6 4
76 63 13 2 1 5 7 3 0 6 4
76 63 13 1 2 4 7 3 0 5 6
76 63 13 0 2 7 3 1 5 6 4
76 63 13 3 1 5 6 4 0 2 7
76 64 12 1 4 7 3 0 2 5 6
76 64 12 0 2 1 4 6 3 5 7
76 64 12 2 1 4 7 6 3 5 0
76 64 12 1 7 4 5 0 2 6 3
76 65 11 5 1 7 4 3 6 0 2
76 65 11 1 0 4 3 6 2 5 7
76 65 11 3 1 5 0 6 2 4 7
76 66 10 3 1 6 4 2 5 7 0
76 66 10 2 3 0 4 1 5 7 6
76 66 10 3 1 6 5 4 2 7 0
76 66 10 3 7 5 0 2 1 6 4
76 66 10 1 2 0 3 6 5 7 4
76 67 9 4 3 7 5 1 2 6 0
76 67 9 3 1 7 4 5 2 6 0
76 67 9 4 1 5 7 2 3 0 6
76 67 9 2 1 7 4 6 5 3 0
76 67 9 0 3 5 7 1 2 6 4
76 67 9 2 1 4 3 6 5 0 7
76 67 9 1 0 4 3 5 2 7 6
76 68 8 3 2 1 4 6 5 7 0
76 68 8 2 1 0 4 5 6 7 3
76 69 7 1 2 4 3 5 0 6 7
76 69 7 1 7 5 4 2 3 6 0
77 59 18 6 0 7 4 1 3 2 5
77 60 17 7 4 1 0 3 2 5 6
77 60 17 2 4 1 7 3 0 5 6
77 60 17 4 0 7 5 1 3 2 6
77 60 17 4 3 7 2 0 1 5 6
77 60 17 0 3 7 4 6 2 5 1
77 61 16 4 1 7 6 0 3 2 5
77 61 16 0 7 4 3 2 1 5 6
77 61 16 0 1 4 7 6 2 5 3
77 61 16 3 7 0 4 1 2 6 5
77 62 15 7 1 4 6 3 2 5 0
77 62 15 2 1 4 6 3 0 5 7
77 62 15 0 1 6 4 3 2 5 7
77 62 15 2 0 7 3 1 5 6 4
77 62 15 0 1 7 2 4 5 6 3
77 62 15 0 7 5 4 1 3 2 6
77 62 15 1 0 5 4 7 3 2 6
77 63 14 7 0 5 4 3 2 6 1
77 63 14 3 6 7 4 1 2 5 0
77 63 14 4 2 1 6 3 0 5 7
77 63 14 0 3 7 4 6 1 2 5
77 63 14 3 7 0 4 6 1 2 5
77 63 14 3 0 7 5 6 1 2 4
77 63 14 3 0 1 5 6 2 7 4
77 63 14 0 1 5 4 3 2 6 7
77 63 14 4 1 5 3 0 2 6 7
77 63 14 5 2 4 1 3 0 7 6
77 64 13 1 0 7 2 3 5 6 4
77 64 13 7 3 1 4 6 2 5 0
77 64 13 5 1 7 3 2 0 6 4
77 64 13 3 2 0 4 6 1 5 7
77 64 13 6 1 5 0 3 2 4 7
77 64 13 0 1 5 7 3 2 4 6
77 65 12 4 1 7 2 3 5 6 0
77 65 12 3 0 7 4 5 1 6 2
77 65 12 0 1 2 4 6 3 5 7
77 65 12 1 2 4 5 6 3 0 7
77 65 12 2 1 6 0 3 5 7 4
77 65 12 2 1 6 4 0 5 7 3
77 66 11 3 1 7 2 4 5 6 0
77 66 11 1 2 7 3 6 0 5 4
77 66 11 0 1 7 3 2 4 5 6
77 66 11 1 0 7 5 3 2 4 6
77 66 11 1 7 5 0 3 2 4 6
77 66 11 0 1 5 7 4 3 2 6
77 66 11 3 5 1 4 2 0 6 7
77 66 11 1 7 4 3 6 2 0 5
77 66 11 4 1 7 5 2 6 0 3
77 66 11 0 3 1 5 4 2 6 7
77 66 11 6 1 5 7 4 0 2 3
77 66 11 1 2 4 6 3 0 5 7
77 66 11 1 2 0 6 3 5 4 7
77 67 10 3 1 0 7 4 5 6 2
77 67 10 3 1 0 7 5 2 6 4
77 67 10 2 1 0 4 6 5 7 3
77 67 10 3 5 0 7 1 2 6 4
77 67 10 3 2 5 7 1 0 6 4
77 67 10 3 1 7 5 6 4 0 2
77 68 9 4 1 7 5 2 3 6 0
77 68 9 5 1 7 3 4 2 6 0
77 68 9 1 0 5 3 4 2 6 7
77 68 9 3 1 5 4 2 0 6 7
77 68 9 3 1 0 7 2 5 4 6
77 68 9 1 2 4 6 5 0 7 3
77 68 9 3 2 1 4 5 0 7 6
77 68 9 2 1 4 3 5 7 0 6
77 68 9 1 2 5 7 4 0 3 6
77 69 8 7 1 5 3 4 2 6 0
77 69 8 2 1 5 7 0 4 6 3
77 69 8 1 5 2 4 3 6 0 7
77 69 8 1 2 4 3 7 5 6 0
77 74 3 1 3 5 7 4 2 6 0
78 61 17 4 0 7 6 3 1 2 5
78 61 17 4 6 1 0 3 2 5 7
78 62 16 6 1 4 5 3 0 2 7
78 62 16 0 4 7 5 3 1 2 6
78 62 16 0 4 1 5 3 2 7 6
78 62 16 4 0 7 6 2 1 5 3
78 62 16 4 1 6 3 0 2 5 7
78 62 16 2 1 7 6 4 5 0 3
78 63 15 6 2 7 3 1 0 5 4
78 63 15 6 2 0 4 1 3 5 7
78 64 14 3 4 7 0 1 2 5 6
78 64 14 3 1 7 6 0 4 2 5
78 64 14 3 1 6 0 4 2 7 5
78 64 14 3 0 7 6 2 1 5 4
78 64 14 6 3 1 4 0 2 5 7
78 64 14 2 1 4 5 6 3 0 7
78 64 14 3 2 7 0 6 1 5 4
78 64 14 0 2 6 4 3 5 7 1
78 65 13 4 7 5 3 1 2 0 6
78 65 13 4 2 7 6 1 3 5 0
78 65 13 5 1 7 4 0 3 6 2
78 65 13 7 1 4 3 6 2 5 0
78 65 13 2 1 4 3 6 0 5 7
78 65 13 3 7 5 4 0 1 2 6
78 65 13 3 0 5 4 1 7 2 6
78 65 13 1 2 4 6 0 3 5 7
78 65 13 2 1 7 0 4 3 6 5
78 65 13 2 1 7 5 0 3 6 4
78 65 13 0 1 5 7 6 2 4 3
78 66 12 6 3 0 7 1 2 5 4
78 66 12 2 1 7 3 6 4 5 0
78 66 12 2 1 0 3 4 5 7 6
78 66 12 4 1 5 7 6 3 2 0
78 66 12 0 3 1 4 2 5 6 7
78 66 12 4 0 7 5 2 1 6 3
78 66 12 3 2 1 5 4 0 6 7
78 67 11 2 1 5 7 6 3 0 4
78 67 11 1 7 5 4 6 2 0 3
78 67 11 0 3 7 5 1 2 6 4
78 67 11 1 3 7 4 6 0 5 2
78 67 11 1 7 4 3 2 5 0 6
78 67 11 3 2 7 4 5 0 6 1
78 67 11 2 1 4 0 6 5 7 3
78 67 11 3 1 5 0 6 4 2 7
78 68 10 2 1 7 4 3 6 5 0
78 68 10 5 1 0 7 4 2 6 3
78 68 10 3 1 5 4 7 2 6 0
78 68 10 3 1 4 7 2 0 5 6
78 68 10 1 2 6 4 0 3 5 7
78 68 10 2 0 4 3 5 1 7 6
78 69 9 1 7 5 3 2 0 6 4
78 69 9 3 2 1 7 4 5 6 0
78 69 9 2 1 5 7 4 6 0 3
78 69 9 3 2 1 4 0 6 7 5
78 69 9 1 0 3 7 4 2 5 6
78 70 8 1 5 2 4 6 3 7 0
78 70 8 1 5 2 4 3 7 6 0
78 70 8 3 1 6 7 2 5 4 0
78 70 8 1 3 2 4 6 0 7 5
78 70 8 1 2 4 5 6 3 7 0
79 61 18 3 7 4 2 0 1 5 6
79 62 17 6 0 4 3 1 2 5 7
79 62 17 4 7 0 5 3 1 2 6
79 63 16 0 6 7 3 1 2 5 4
79 63 16 6 7 0 3 1 2 5 4
79 63 16 4 7 5 0 3 2 6 1
79 63 16 2 7 5 4 3 0 6 1
79 63 16 6 7 4 0 1 2 5 3
79 63 16 6 2 7 0 1 3 5 4
79 64 15 6 4 7 3 1 2 5 0
79 64 15 4 3 1 0 6 2 5 7
79 64 15 4 2 7 0 1 5 6 3
79 64 15 5 2 7 4 1 0 6 3
79 64 15 0 2 7 1 4 5 6 3
79 64 15 1 2 7 6 4 5 0 3
79 64 15 0 1 4 2 6 3 5 7
79 64 15 2 1 4 6 0 3 5 7
79 65 14 2 0 7 1 4 3 5 6
79 65 14 4 1 0 7 3 5 6 2
79 65 14 5 0 7 4 3 1 6 2
79 65 14 3 1 4 5 6 0 2 7
79 65 14 3 1 0 6 2 5 7 4
79 65 14 1 7 4 6 3 0 2 5
79 65 14 0 1 4 3 2 5 6 7
79 65 14 3 1 4 2 0 5 6 7
79 65 14 0 2 4 1 6 3 5 7
79 65 14 2 1 0 5 4 3 6 7
79 65 14 0 1 7 5 4 3 6 2
79 65 14 0 1 6 4 3 5 7 2
79 65 14 3 1 0 7 6 2 4 5
79 66 13 3 2 7 1 0 5 6 4
79 66 13 4 2 7 1 3 5 6 0
79 66 13 3 1 7 2 5 0 6 4
79 66 13 1 7 0 3 6 2 5 4
79 66 13 6 3 0 4 1 2 7 5
79 66 13 6 3 7 5 1 2 0 4
79 66 13 4 0 3 7 1 2 5 6
79 66 13 3 1 6 4 2 0 5 7
79 66 13 6 1 7 0 2 5 3 4
79 66 13 3 1 6 5 4 0 2 7
79 66 13 3 7 5 4 0 1 6 2
79 66 13 0 2 4 3 6 5 7 1
79 67 12 6 1 0 7 2 3 5 4
79 67 12 3 7 0 5 1 2 6 4
79 67 12 3 2 7 5 1 0 6 4
79 67 12 1 7 0 4 6 3 5 2
79 67 12 1 0 4 3 2 7 5 6
79 67 12 2 1 0 3 6 5 7 4
79 68 11 6 1 5 3 4 2 0 7
79 68 11 2 1 7 3 6 5 0 4
79 68 11 2 1 7 5 6 3 4 0
79 68 11 1 0 7 3 4 2 6 5
79 68 11 3 1 7 4 2 0 6 5
79 68 11 4 1 0 7 2 5 6 3
79 68 11 5 1 7 4 2 6 0 3
79 68 11 2 1 7 5 0 4 3 6
79 68 11 6 3 1 7 4 2 0 5
79 69 10 3 7 4 5 1 2 6 0
79 69 10 2 1 7 5 0 4 6 3
79 69 10 1 2 5 7 6 3 0 4
79 69 10 3 2 1 4 0 5 6 7
79 69 10 2 0 5 7 4 1 6 3
79 69 10 3 1 5 7 0 6 2 4
79 69 10 3 2 1 4 6 7 0 5
79 69 10 1 5 2 4 0 3 6 7
79 69 10 1 7 5 4 2 0 3 6
79 69 10 1 2 5 0 6 3 7 4
79 69 10 1 2 5 4 0 3 7 6
79 70 9 2 1 4 3 5 0 6 7
79 70 9 3 1 7 5 2 0 4 6
79 70 9 1 0 5 7 3 4 2 6
79 70 9 0 3 5 7 1 4 2 6
79 70 9 1 3 0 4 6 2 7 5
79 70 9 3 5 1 7 2 0 6 4
79 70 9 1 3 7 5 4 0 2 6
79 70 9 1 3 0 5 4 2 7 6
79 70 9 4 1 5 7 2 6 0 3
79 71 8 4 3 5 7 2 1 0 6
79 71 8 3 1 2 4 6 5 7 0
79 71 8 0 3 5 7 2 1 6 4
79 71 8 1 3 7 0 2 5 6 4
79 72 7 1 2 7 3 5 6 0 4
79 72 7 3 1 7 5 2 6 4 0
79 74 5 1 2 4 3 5 7 6 0
80 63 17 4 6 7 0 1 2 5 3
80 63 17 2 6 7 4 1 0 5 3
80 63 17 0 4 1 6 3 2 5 7
80 64 16 3 0 7 6 4 1 2 5
80 64 16 3 0 1 6 4 2 7 5
80 64 16 0 2 7 4 6 1 5 3
80 64 16 6 1 0 7 3 2 4 5
80 65 15 4 7 3 0 1 2 5 6
80 65 15 4 2 0 7 1 3 5 6
80 65 15 4 2 7 1 0 3 5 6
80 65 15 6 2 7 1 4 3 5 0
80 65 15 3 2 7 1 4 0 5 6
80 65 15 4 1 7 3 0 5 6 2
80 65 15 3 1 6 4 0 2 5 7
80 65 15 6 1 7 3 4 0 2 5
80 65 15 6 1 0 3 4 2 7 5
80 65 15 1 7 0 6 3 2 4 5
80 65 15 3 1 4 6 2 5 0 7
80 66 14 2 0 7 1 3 5 6 4
80 66 14 1 7 0 6 4 2 5 3
80 66 14 1 2 7 6 4 0 5 3
80 66 14 1 7 4 0 6 2 5 3
80 66 14 0 7 5 4 2 1 6 3
80 67 13 4 3 7 5 1 0 2 6
80 67 13 4 3 0 5 1 2 7 6
80 67 13 6 1 7 5 2 3 0 4
80 67 13 4 0 1 7 2 3 5 6
80 67 13 2 1 0 6 3 5 4 7
80 67 13 3 1 7 0 6 4 2 5
80 67 13 0 1 4 3 6 5 7 2
80 67 13 0 1 5 7 6 4 2 3
80 68 12 2 1 7 3 0 6 5 4
80 68 12 3 2 0 7 4 1 5 6
80 68 12 4 1 7 5 2 0 3 6
80 68 12 5 1 7 4 0 2 6 3
80 68 12 5 0 7 4 2 1 6 3
80 68 12 6 1 5 7 0 3 2 4
80 68 12 6 2 1 4 0 3 7 5
80 68 12 6 2 1 4 3 7 0 5
80 68 12 1 2 7 5 3 0 6 4
80 68 12 1 0 6 4 3 2 5 7
80 68 12 1 2 4 7 0 5 6 3
80 69 11 6 3 5 4 1 2 0 7
80 69 11 2 1 7 5 4 6 0 3
80 69 11 6 1 7 5 2 0 4 3
80 69 11 2 1 4 6 5 0 7 3
80 69 11 4 3 1 7 2 0 5 6
80 69 11 1 0 2 6 3 5 7 4
80 69 11 3 2 1 7 6 4 5 0
80 69 11 3 0 1 7 2 4 5 6
80 69 11 7 2 1 4 3 5 6 0
80 69 11 7 1 0 5 4 2 6 3
80 69 11 3 0 5 4 2 7 1 6
80 69 11 0 2 4 3 1 5 6 7
80 70 10 4 1 7 3 5 2 6 0
80 70 10 1 2 7 5 6 3 4 0
80 70 10 2 3 1 7 0 4 5 6
80 70 10 2 3 1 7 4 5 0 6
80 70 10 3 1 0 7 5 4 2 6
80 70 10 1 0 5 3 4 2 7 6
80 70 10 3 1 5 4 2 0 7 6
80 70 10 2 5 1 4 3 6 0 7
80 70 10 2 1 4 3 7 5 6 0
80 70 10 3 1 2 4 0 5 6 7
80 70 10 3 5 0 7 1 4 2 6
80 70 10 1 0 2 4 5 3 7 6
80 70 10 0 3 1 7 2 5 6 4
80 70 10 4 0 5 7 2 1 6 3
80 70 10 3 1 0 7 2 6 5 4
80 71 9 1 3 2 7 4 0 5 6
80 71 9 3 1 2 4 5 0 7 6
80 71 9 1 3 5 7 4 0 2 6
80 71 9 3 5 0 7 2 1 6 4
80 72 8 4 3 7 5 2 1 6 0
80 72 8 1 2 5 4 0 6 3 7
80 72 8 1 2 0 4 5 6 3 7
80 73 7 1 2 5 7 0 4 6 3
80 73 7 1 0 2 4 5 6 7 3
80 73 7 1 2 4 0 5 6 7 3
81 61 20 0 2 7 6 4 3 5 1
81 64 17 5 1 7 2 3 0 6 4
81 64 17 2 4 7 3 1 0 5 6
81 65 16 2 0 7 6 3 1 5 4
81 65 16 4 2 7 5 1 3 0 6
81 65 16 4 1 7 6 3 5 0 2
81 65 16 0 1 6 3 4 2 5 7
81 66 15 4 0 1 7 3 2 6 5
81 66 15 4 1 6 7 3 2 0 5
81 66 15 6 3 7 4 1 0 2 5
81 66 15 6 3 7 1 0 2 5 4
81 66 15 2 0 7 3 1 4 5 6
81 66 15 2 1 7 0 3 4 5 6
81 66 15 4 0 5 7 1 3 2 6
81 66 15 6 1 7 4 0 5 3 2
81 66 15 0 1 7 4 2 5 3 6
81 66 15 3 7 0 4 2 1 6 5
81 67 14 3 1 4 6 2 0 5 7
81 67 14 3 1 4 6 7 2 5 0
81 67 14 6 1 7 4 2 0 3 5
81 67 14 6 1 0 4 2 3 7 5
81 67 14 0 1 7 3 4 5 6 2
81 67 14 0 1 7 3 5 2 6 4
81 67 14 3 0 7 4 2 5 6 1
81 67 14 2 7 5 0 3 1 6 4
81 67 14 2 7 5 4 0 1 6 3
81 67 14 3 1 0 5 6 4 2 7
81 67 14 3 1 5 6 0 2 7 4
81 67 14 3 1 0 7 6 4 2 5
81 68 13 6 1 3 0 4 2 5 7
81 68 13 2 1 0 5 6 3 7 4
81 68 13 6 3 7 4 2 0 5 1
81 68 13 3 2 7 6 4 1 5 0
81 68 13 3 2 7 5 4 1 0 6
81 68 13 1 7 4 5 0 3 2 6
81 68 13 2 7 0 4 3 5 6 1
81 68 13 4 1 0 5 2 3 7 6
81 68 13 0 1 7 4 2 6 5 3
81 68 13 2 0 7 5 4 1 3 6
81 68 13 2 1 5 3 4 0 6 7
81 68 13 3 0 5 4 1 2 6 7
81 68 13 3 1 4 6 0 5 7 2
81 68 13 6 3 1 0 4 2 5 7
81 68 13 6 3 1 7 0 2 5 4
81 68 13 0 7 5 1 4 2 6 3
81 68 13 1 7 5 6 4 2 0 3
81 68 13 0 2 4 6 1 5 7 3
81 69 12 4 3 7 1 2 0 5 6
81 69 12 3 5 7 4 1 0 6 2
81 69 12 3 7 0 5 1 2 4 6
81 69 12 6 1 5 4 2 0 7 3
81 69 12 2 1 5 0 4 3 7 6
81 69 12 2 0 7 5 4 1 6 3
81 69 12 3 1 0 5 7 2 6 4
81 69 12 4 3 1 7 6 2 5 0
81 69 12 2 1 6 4 0 3 5 7
81 69 12 3 2 0 7 4 5 1 6
81 69 12 3 7 5 4 0 2 1 6
81 69 12 3 0 5 7 6 1 2 4
81 69 12 1 2 7 0 4 3 6 5
81 69 12 1 2 7 5 0 3 6 4
81 70 11 6 1 5 4 2 3 0 7
81 70 11 3 1 7 4 6 5 0 2
81 70 11 1 2 4 3 7 0 5 6
81 70 11 5 2 7 4 3 6 0 1
81 70 11 1 0 5 4 3 2 7 6
81 70 11 1 2 0 5 6 3 7 4
81 70 11 1 2 5 4 7 0 6 3
81 70 11 1 0 7 5 3 4 2 6
81 70 11 0 3 7 5 1 4 2 6
81 70 11 3 1 7 6 5 4 2 0
81 70 11 4 1 3 0 6 2 7 5
81 70 11 3 5 1 4 2 7 0 6
81 70 11 0 3 1 7 4 2 6 5
81 70 11 7 1 2 4 3 5 6 0
81 70 11 6 1 5 7 3 4 2 0
81 70 11 3 4 5 7 1 0 2 6
81 70 11 1 3 7 4 6 0 2 5
81 70 11 3 1 6 7 2 0 5 4
81 70 11 3 1 0 4 5 6 2 7
81 70 11 1 3 7 6 4 2 0 5
81 70 11 0 1 2 4 6 3 7 5
81 71 10 6 1 4 3 5 2 7 0
81 71 10 3 1 4 2 6 5 7 0
81 71 10 2 3 1 4 0 5 7 6
81 71 10 4 2 1 6 3 5 7 0
81 71 10 6 1 7 3 2 5 4 0
81 71 10 2 5 1 4 6 3 7 0
81 71 10 2 5 1 4 3 7 6 0
81 71 10 2 3 1 4 6 0 7 5
81 71 10 2 1 4 5 6 3 7 0
81 71 10 1 3 0 7 6 2 5 4
81 71 10 6 3 5 7 4 1 2 0
81 71 10 3 2 0 4 6 5 1 7
81 72 9 1 0 3 4 6 2 5 7
81 72 9 1 3 5 4 6 2 0 7
81 72 9 3 2 4 6 1 5 7 0
81 72 9 1 5 7 4 2 6 0 3
81 72 9 1 2 7 0 5 6 3 4
81 73 8 1 2 5 7 4 6 0 3
81 74 7 1 2 7 4 6 5 3 0
81 74 7 1 3 2 4 6 5 0 7
81 74 7 3 1 5 7 2 0 4 6
81 76 5 1 2 4 3 5 6 0 7
82 64 18 0 7 4 5 3 2 6 1
82 66 16 4 2 7 6 1 0 5 3
82 66 16 5 2 7 1 3 0 6 4
82 66 16 3 0 7 2 1 5 6 4
82 66 16 0 3 7 6 1 2 5 4
82 66 16 6 1 0 4 2 5 3 7
82 67 15 0 3 1 6 4 2 5 7
82 67 15 3 2 1 6 4 0 5 7
82 67 15 2 0 1 7 6 3 5 4
82 67 15 4 3 7 6 1 2 0 5
82 67 15 3 1 7 6 4 5 0 2
82 67 15 3 1 7 6 5 2 0 4
82 67 15 3 2 7 0 4 5 6 1
82 67 15 2 7 0 4 3 1 6 5
82 67 15 4 1 0 3 2 5 6 7
82 67 15 0 1 7 5 6 4 2 3
82 68 14 1 7 4 6 2 0 5 3
82 68 14 2 0 7 3 6 1 5 4
82 68 14 2 1 7 5 6 0 3 4
82 68 14 1 0 4 5 3 7 2 6
82 68 14 0 4 5 7 3 1 2 6
82 68 14 2 5 7 4 3 0 6 1
82 68 14 0 2 1 7 4 3 5 6
82 68 14 6 0 5 7 3 1 2 4
82 68 14 6 3 0 7 4 2 5 1
82 68 14 6 1 7 0 4 2 3 5
82 68 14 6 1 7 5 0 2 3 4
82 68 14 0 1 7 5 4 2 3 6
82 69 13 6 0 3 4 1 2 5 7
82 69 13 4 3 7 1 6 2 5 0
82 69 13 0 3 7 4 1 5 6 2
82 69 13 3 7 0 4 1 5 6 2
82 69 13 1 0 2 7 6 3 5 4
82 69 13 1 7 6 5 3 2 0 4
82 69 13 0 7 5 3 1 2 6 4
82 69 13 1 0 5 3 7 2 6 4
82 69 13 2 0 6 4 3 1 5 7
82 69 13 4 2 1 0 3 5 6 7
82 69 13 5 2 1 4 3 0 6 7
82 69 13 2 1 4 7 0 5 6 3
82 69 13 6 2 1 0 3 5 7 4
82 69 13 6 2 1 4 0 5 7 3
82 69 13 7 1 5 4 0 2 6 3
82 69 13 1 0 4 3 2 5 6 7
82 69 13 1 2 0 5 4 3 6 7
82 70 12 3 1 7 4 0 6 5 2
82 70 12 4 1 0 7 5 2 6 3
82 70 12 6 2 0 4 3 1 7 5
82 70 12 4 1 3 0 2 5 7 6
82 70 12 7 3 0 1 4 2 5 6
82 70 12 7 3 1 6 4 2 5 0
82 70 12 7 3 1 5 4 2 0 6
82 70 12 7 0 5 4 1 2 6 3
82 70 12 1 5 0 4 7 2 6 3
82 70 12 3 7 0 5 1 4 2 6
82 70 12 6 1 5 3 4 2 7 0
82 70 12 2 5 1 4 0 3 6 7
82 70 12 6 2 0 4 3 5 1 7
82 70 12 3 2 1 7 4 0 6 5
82 70 12 3 1 7 0 5 6 2 4
82 70 12 1 2 4 6 0 3 7 5
82 70 12 2 1 5 0 6 3 7 4
82 70 12 2 1 5 4 0 3 7 6
82 71 11 1 0 4 6 3 5 7 2
82 71 11 4 1 5 7 6 2 0 3
82 71 11 5 1 7 4 3 2 6 0
82 71 11 3 1 4 2 5 0 7 6
82 71 11 2 7 5 4 1 3 6 0
82 71 11 5 2 1 4 0 3 7 6
82 71 11 5 2 1 4 3 7 0 6
82 71 11 6 3 0 7 2 1 5 4
82 71 11 5 3 1 4 6 2 7 0
82 71 11 2 3 7 4 6 1 0 5
82 71 11 0 2 1 4 6 3 7 5
82 71 11 1 3 7 5 6 2 0 4
82 71 11 6 2 4 3 1 5 7 0
82 71 11 1 7 0 4 5 2 6 3
82 71 11 4 3 5 7 0 1 2 6
82 71 11 1 7 5 3 4 0 2 6
82 71 11 2 1 5 0 4 3 6 7
82 71 11 2 1 5 7 0 3 6 4
82 71 11 1 3 7 4 0 5 6 2
82 71 11 1 3 0 4 2 5 6 7
82 72 10 1 0 4 3 6 2 7 5
82 72 10 4 1 5 3 6 2 7 0
82 72 10 1 2 7 4 3 0 6 5
82 72 10 3 2 6 4 1 5 0 7
82 72 10 1 2 7 5 0 4 3 6
82 72 10 1 0 7 5 4 2 3 6
82 72 10 3 5 2 7 4 1 0 6
82 72 10 3 2 1 4 7 6 5 0
82 72 10 1 5 0 7 3 2 6 4
82 72 10 1 2 5 7 3 0 6 4
82 72 10 1 5 7 4 0 2 6 3
82 73 9 2 1 7 3 5 6 0 4
82 73 9 1 5 7 0 4 2 6 3
82 73 9 1 5 6 7 4 2 0 3
82 73 9 1 2 4 3 6 0 5 7
82 73 9 1 2 0 3 6 5 4 7
82 74 8 1 2 6 4 5 0 7 3
82 74 8 1 2 0 4 6 5 7 3
82 74 8 3 1 0 4 5 6 7 2
82 74 8 1 3 2 4 0 6 5 7
82 75 7 4 3 5 7 1 2 6 0
82 76 6 1 3 5 7 0 2 6 4
83 66 17 0 4 7 6 1 2 5 3
83 66 17 4 1 5 0 7 3 2 6
83 67 16 0 1 7 6 2 3 5 4
83 67 16 0 1 5 6 4 2 7 3
83 68 15 3 2 7 6 1 0 5 4
83 68 15 6 0 1 3 4 2 5 7
83 68 15 6 3 7 0 4 2 5 1
83 68 15 0 2 7 3 4 1 5 6
83 68 15 2 7 0 3 4 1 5 6
83 68 15 4 5 0 7 3 1 2 6
83 68 15 2 1 7 3 4 0 6 5
83 68 15 3 0 7 4 1 2 6 5
83 68 15 4 1 7 6 2 3 0 5
83 68 15 2 0 7 4 1 6 5 3
83 68 15 2 1 7 0 4 6 5 3
83 68 15 5 1 7 6 4 2 0 3
83 68 15 1 0 4 6 2 5 7 3
83 68 15 6 1 0 5 4 2 3 7
83 68 15 3 2 1 0 4 5 7 6
83 69 14 6 3 4 0 1 2 5 7
83 69 14 3 7 4 5 1 0 2 6
83 69 14 6 1 4 0 2 5 7 3
83 69 14 6 1 5 0 4 2 7 3
83 69 14 2 0 1 5 4 3 7 6
83 69 14 0 1 5 3 7 2 6 4
83 69 14 0 2 1 7 3 4 5 6
83 69 14 6 2 0 4 3 5 7 1
83 69 14 7 1 5 6 4 2 0 3
83 69 14 0 2 5 4 6 3 7 1
83 70 13 5 2 7 4 0 3 6 1
83 70 13 0 4 7 5 1 2 6 3
83 70 13 2 1 5 4 3 0 7 6
83 70 13 3 6 1 4 0 2 7 5
83 70 13 5 6 1 4 3 2 7 0
83 70 13 2 0 5 4 3 7 1 6
83 70 13 1 2 7 5 6 0 3 4
83 70 13 2 0 1 6 3 5 7 4
83 70 13 0 1 5 4 7 2 6 3
83 70 13 6 1 7 5 3 4 2 0
83 70 13 3 4 7 5 1 0 2 6
83 70 13 3 1 7 2 5 4 0 6
83 70 13 4 0 1 3 6 2 7 5
83 70 13 3 5 1 4 0 2 7 6
83 70 13 2 0 4 3 1 5 6 7
83 70 13 3 1 4 5 0 2 7 6
83 70 13 3 1 6 7 4 0 2 5
83 70 13 3 0 7 5 1 2 4 6
83 70 13 3 1 7 0 5 2 4 6
83 70 13 4 1 2 0 3 5 6 7
83 70 13 5 1 2 4 3 0 6 7
83 70 13 7 1 5 0 3 4 2 6
83 70 13 0 5 2 4 1 3 7 6
83 70 13 1 3 7 6 0 2 5 4
83 70 13 0 2 4 1 6 3 7 5
83 70 13 1 2 4 7 6 3 0 5
83 71 12 1 0 4 6 3 2 7 5
83 71 12 5 1 0 7 3 2 6 4
83 71 12 6 1 7 5 0 4 2 3
83 71 12 4 2 0 1 3 5 7 6
83 71 12 6 1 7 4 5 3 0 2
83 71 12 6 3 7 5 2 1 0 4
83 71 12 6 3 7 5 4 1 2 0
83 71 12 6 3 1 5 4 2 7 0
83 71 12 2 0 1 4 5 3 7 6
83 71 12 0 2 7 4 5 1 6 3
83 71 12 2 7 0 4 5 1 6 3
83 71 12 4 0 3 7 2 1 5 6
83 71 12 7 3 5 0 4 1 2 6
83 71 12 0 1 5 7 4 3 6 2
83 72 11 3 7 5 1 0 2 6 4
83 72 11 1 7 5 6 3 2 4 0
83 72 11 1 0 4 2 3 5 6 7
83 72 11 1 3 7 2 4 0 5 6
83 72 11 5 1 4 3 6 2 7 0
83 72 11 3 2 4 1 0 5 6 7
83 72 11 3 1 5 6 7 4 2 0
83 72 11 3 4 1 7 2 0 5 6
83 72 11 4 1 3 7 6 2 5 0
83 72 11 1 7 6 4 3 2 5 0
83 72 11 4 3 7 5 2 0 1 6
83 72 11 1 3 4 0 6 2 5 7
83 72 11 3 0 2 4 1 5 6 7
83 72 11 3 2 4 0 1 5 6 7
83 72 11 3 1 5 4 7 6 2 0
83 72 11 1 7 6 4 3 5 0 2
83 72 11 6 1 2 4 3 5 0 7
83 72 11 0 3 2 4 1 5 7 6
83 72 11 0 2 1 4 3 6 5 7
83 72 11 1 0 7 3 5 2 6 4
83 72 11 3 1 0 5 2 6 7 4
83 72 11 1 0 5 4 6 2 3 7
83 73 10 1 5 7 4 3 6 0 2
83 73 10 1 2 7 3 6 4 5 0
83 73 10 1 2 0 3 4 5 7 6
83 73 10 2 1 5 4 0 6 3 7
83 73 10 0 3 7 5 2 1 6 4
83 74 9 3 7 4 5 2 1 6 0
83 74 9 3 2 4 1 6 5 7 0
83 74 9 1 5 7 3 2 0 6 4
83 74 9 2 1 5 7 0 4 3 6
83 74 9 1 2 0 3 5 7 4 6
83 75 8 1 2 7 4 3 6 5 0
83 75 8 1 7 5 4 2 6 3 0
83 76 7 1 2 3 0 6 5 7 4
83 76 7 4 1 5 7 2 3 6 0
83 77 6 1 5 2 4 3 6 7 0
83 80 3 1 2 3 4 5 6 0 7
83 80 3 1 2 4 3 5 6 7 0
84 66 18 4 7 0 6 1 2 5 3
84 66 18 0 7 4 3 6 2 5 1
84 67 17 3 0 4 6 1 2 5 7
84 67 17 4 3 7 6 0 2 5 1
84 67 17 4 3 0 6 1 2 5 7
84 67 17 0 7 5 4 3 1 6 2
84 68 16 3 7 0 6 1 2 5 4
84 69 15 1 7 6 0 3 2 5 4
84 69 15 3 7 4 6 1 2 0 5
84 69 15 6 0 1 4 2 5 7 3
84 69 15 6 1 5 3 0 2 7 4
84 69 15 6 1 4 5 0 2 7 3
84 69 15 6 0 7 5 1 2 4 3
84 69 15 6 1 7 0 5 2 4 3
84 69 15 0 1 4 6 2 5 7 3
84 69 15 2 0 4 6 1 5 7 3
84 69 15 3 1 5 6 7 2 0 4
84 70 14 2 1 7 6 0 4 5 3
84 70 14 1 0 7 2 6 3 5 4
84 70 14 6 1 4 0 2 3 5 7
84 70 14 3 0 7 4 6 1 5 2
84 70 14 1 4 0 3 7 2 5 6
84 70 14 4 7 0 5 1 2 6 3
84 70 14 4 2 7 5 1 0 6 3
84 70 14 0 1 7 4 5 2 6 3
84 70 14 2 7 0 4 6 1 5 3
84 70 14 2 6 1 4 3 0 7 5
84 70 14 2 7 5 4 0 3 1 6
84 70 14 6 2 7 4 3 0 1 5
84 70 14 0 6 1 7 4 2 5 3
84 70 14 6 2 1 7 4 0 5 3
84 70 14 4 0 1 3 2 5 7 6
84 70 14 4 7 5 0 1 2 6 3
84 70 14 5 1 7 0 3 4 2 6
84 70 14 0 1 7 3 5 4 2 6
84 70 14 2 1 5 3 4 0 7 6
84 70 14 3 0 5 4 1 2 7 6
84 70 14 0 1 5 3 6 2 7 4
84 70 14 1 5 2 0 4 3 7 6
84 70 14 0 1 7 4 5 6 2 3
84 70 14 1 3 0 6 4 2 5 7
84 70 14 0 1 5 4 6 3 7 2
84 71 13 4 1 7 2 6 3 5 0
84 71 13 3 7 4 1 2 0 5 6
84 71 13 5 1 4 6 3 2 7 0
84 71 13 6 1 4 3 2 5 7 0
84 71 13 6 3 1 4 2 5 7 0
84 71 13 4 2 1 3 0 5 7 6
84 71 13 5 0 1 4 3 2 7 6
84 71 13 6 3 7 4 2 0 1 5
84 71 13 6 3 1 4 0 2 7 5
84 71 13 4 3 7 5 0 1 2 6
84 71 13 5 3 7 0 4 1 2 6
84 71 13 4 3 1 5 0 2 7 6
84 71 13 5 3 1 0 4 2 7 6
84 71 13 2 5 0 4 3 7 1 6
84 71 13 2 3 0 4 6 1 5 7
84 71 13 0 1 2 7 4 3 5 6
84 71 13 5 2 4 3 1 0 7 6
84 72 12 4 1 7 5 6 2 3 0
84 72 12 6 2 5 4 3 1 0 7
84 72 12 6 7 5 4 2 1 0 3
84 72 12 3 2 4 6 0 5 7 1
84 72 12 6 1 4 7 2 0 5 3
84 72 12 2 1 4 3 6 0 7 5
84 72 12 3 7 5 0 4 1 2 6
84 72 12 3 7 2 5 4 1 0 6
84 72 12 3 2 1 5 0 4 7 6
84 72 12 3 2 1 5 4 7 0 6
84 72 12 2 4 0 3 1 5 7 6
84 72 12 2 5 4 3 1 0 7 6
84 72 12 2 0 4 1 3 5 6 7
84 72 12 7 2 4 1 3 5 6 0
84 72 12 3 1 0 5 7 4 2 6
84 72 12 3 4 1 7 6 2 5 0
84 72 12 0 1 3 4 6 2 5 7
84 72 12 4 3 0 5 2 1 7 6
84 72 12 1 7 4 6 2 3 5 0
84 72 12 1 7 4 5 2 3 0 6
84 72 12 1 4 0 2 3 5 7 6
84 72 12 1 5 4 2 3 0 7 6
84 72 12 0 1 5 4 3 6 2 7
84 72 12 1 7 4 0 3 5 6 2
84 72 12 3 5 2 4 1 0 7 6
84 72 12 3 5 7 0 4 1 2 6
84 72 12 0 2 7 4 1 6 3 5
84 72 12 3 1 4 7 0 5 6 2
84 73 11 1 0 5 4 6 2 7 3
84 73 11 1 0 7 5 4 3 2 6
84 73 11 1 5 4 3 2 0 7 6
84 73 11 1 2 5 0 4 3 7 6
84 73 11 1 5 7 4 0 3 6 2
84 73 11 1 7 5 4 6 3 0 2
84 73 11 1 7 3 6 4 2 5 0
84 73 11 1 7 3 5 4 2 0 6
84 73 11 1 0 7 3 2 4 5 6
84 73 11 3 7 0 5 2 1 6 4
84 74 10 6 3 5 4 2 1 0 7
84 74 10 3 1 4 6 5 2 7 0
84 74 10 4 1 2 6 3 5 7 0
84 74 10 3 2 4 1 5 0 7 6
84 74 10 1 0 2 7 4 5 6 3
84 74 10 1 2 5 0 4 3 6 7
84 74 10 1 2 5 7 0 3 6 4
84 75 9 2 3 1 4 6 5 0 7
84 75 9 6 1 5 7 2 0 4 3
84 75 9 1 2 7 5 0 4 6 3
84 75 9 1 0 3 4 2 5 7 6
84 75 9 1 3 7 0 4 2 6 5
84 75 9 1 3 7 5 0 2 6 4
84 75 9 3 1 5 0 2 6 4 7
84 77 7 2 1 4 3 5 7 6 0
84 77 7 0 1 5 7 2 4 6 3
84 77 7 1 3 5 0 4 2 6 7
84 78 6 3 2 1 4 5 6 7 0
84 83 1 1 2 3 4 5 6 7 0