0 0 0 0 1 7 4 3 2 5 6
7 0 7 1 0 7 4 3 2 5 6
8 0 8 3 1 7 4 0 2 5 6
9 0 9 6 1 7 4 3 2 5 0
10 0 10 4 1 7 0 3 2 5 6
10 0 10 2 1 7 4 3 0 5 6
13 7 6 1 2 7 4 3 0 5 6
14 7 7 1 7 0 4 3 2 5 6
16 8 8 3 1 7 4 2 0 5 6
16 8 8 3 1 7 4 6 2 5 0
17 9 8 6 1 7 4 3 2 0 5
18 8 10 3 0 7 4 1 2 5 6
18 9 9 6 1 7 0 3 2 5 4
18 9 9 6 1 7 4 0 2 5 3
18 10 8 4 1 0 7 3 2 5 6
18 10 8 4 1 7 6 3 2 5 0
18 10 8 2 1 7 4 0 3 5 6
18 10 8 2 1 7 4 3 5 0 6
18 10 8 2 0 7 4 3 1 5 6
19 8 11 3 1 7 0 4 2 5 6
19 9 10 6 1 0 4 3 2 5 7
19 13 6 1 2 7 4 0 3 5 6
19 13 6 1 2 7 4 3 5 0 6
21 10 11 4 1 7 3 0 2 5 6
21 10 11 4 1 7 5 3 2 0 6
21 14 7 1 7 5 4 3 2 0 6
22 14 8 1 7 4 0 3 2 5 6
24 16 8 3 1 7 4 2 5 0 6
24 16 8 3 0 7 4 2 1 5 6
24 16 8 3 1 7 4 6 2 0 5
24 17 7 6 1 0 4 3 2 7 5
24 19 5 1 2 7 4 3 5 6 0
24 19 5 1 2 0 4 3 5 7 6
25 16 9 3 1 7 0 6 2 5 4
25 17 8 6 1 7 4 3 0 2 5
25 18 7 3 2 7 4 1 0 5 6
25 18 7 4 1 5 7 3 2 0 6
25 18 7 2 1 7 4 3 5 6 0
25 18 7 2 1 0 4 3 5 7 6
25 18 7 0 2 7 4 3 1 5 6
25 19 6 1 2 7 4 6 3 5 0
26 16 10 3 1 0 4 6 2 5 7
26 16 10 0 1 7 4 6 2 5 3
26 18 8 0 3 7 4 1 2 5 6
26 18 8 3 7 0 4 1 2 5 6
26 18 8 6 1 0 7 3 2 5 4
26 18 8 6 1 7 4 2 0 5 3
26 18 8 4 0 1 7 3 2 5 6
26 18 8 0 1 7 4 2 3 5 6
26 18 8 2 1 7 4 6 3 5 0
26 18 8 2 7 0 4 3 1 5 6
26 19 7 0 2 7 4 1 3 5 6
26 21 5 1 7 5 4 3 2 6 0
27 18 9 4 1 7 6 3 2 0 5
27 19 8 3 1 0 7 4 2 5 6
27 19 8 3 1 7 6 4 2 5 0
27 19 8 6 0 1 4 3 2 5 7
27 19 8 6 1 5 4 3 2 0 7
28 18 10 0 1 7 6 3 2 5 4
28 18 10 6 0 7 4 1 2 5 3
28 18 10 4 1 7 6 0 2 5 3
28 18 10 2 0 7 4 1 3 5 6
28 19 9 6 1 4 0 3 2 5 7
28 19 9 1 0 7 4 2 3 5 6
28 19 9 1 2 7 0 4 3 5 6
28 21 7 4 1 7 5 3 2 6 0
28 21 7 1 7 5 4 3 0 2 6
29 18 11 6 1 7 3 0 2 5 4
29 18 11 6 1 7 5 3 2 0 4
29 18 11 6 1 7 0 4 2 5 3
29 18 11 4 1 0 6 3 2 5 7
29 18 11 2 1 7 0 4 3 5 6
29 19 10 0 1 7 3 4 2 5 6
29 21 8 4 1 7 3 2 0 5 6
29 21 8 4 1 0 5 3 2 7 6
29 22 7 1 7 4 6 3 2 5 0
30 19 11 3 1 7 5 4 2 0 6
30 21 9 4 1 7 3 6 2 5 0
30 21 9 4 1 7 5 3 0 2 6
30 24 6 3 1 7 4 2 5 6 0
30 24 6 1 0 2 4 3 5 7 6
30 24 6 1 2 4 0 3 5 7 6
30 25 5 4 1 5 7 3 2 6 0
31 24 7 3 1 0 4 2 5 7 6
31 24 7 0 3 7 4 2 1 5 6
31 24 7 3 1 0 4 6 2 7 5
31 24 7 6 0 1 4 3 2 7 5
31 24 7 1 2 7 0 3 5 6 4
31 24 7 1 2 7 4 0 5 6 3
31 25 6 1 2 7 4 6 3 0 5
32 21 11 4 0 7 3 1 2 5 6
32 22 10 0 7 4 1 3 2 5 6
32 22 10 1 7 4 3 0 2 5 6
32 22 10 1 7 4 5 3 2 0 6
32 24 8 3 7 0 4 2 1 5 6
32 24 8 3 1 7 4 6 0 2 5
32 24 8 6 1 4 0 3 2 7 5
32 24 8 1 2 0 4 3 5 6 7
32 25 7 3 2 7 4 0 1 5 6
32 25 7 3 2 7 4 1 5 0 6
32 25 7 4 1 5 7 3 0 2 6
32 25 7 2 0 1 4 3 5 7 6
32 25 7 1 2 7 0 6 3 5 4
32 26 6 1 7 5 0 3 2 6 4
33 24 9 0 2 7 4 3 5 6 1
33 25 8 3 1 0 7 6 2 5 4
33 25 8 6 1 7 4 0 3 2 5
33 25 8 6 0 7 4 3 1 2 5
33 25 8 2 1 7 0 3 5 6 4
33 25 8 2 1 4 0 3 5 7 6
33 25 8 6 2 7 4 3 1 5 0
33 25 8 1 2 0 4 6 3 5 7
33 26 7 1 0 7 4 6 2 5 3
33 26 7 1 3 7 4 0 2 5 6
33 26 7 6 1 5 7 3 2 0 4
33 26 7 1 7 5 4 0 2 6 3
33 27 6 6 1 5 4 3 2 7 0
34 25 9 2 1 7 4 0 5 6 3
34 25 9 4 2 7 0 3 1 5 6
34 25 9 0 2 7 4 6 3 5 1
34 26 8 3 0 1 4 6 2 5 7
34 26 8 3 1 5 4 6 2 0 7
34 26 8 3 7 5 4 1 2 0 6
34 26 8 6 0 1 7 3 2 5 4
34 26 8 6 1 7 4 2 5 0 3
34 26 8 6 0 7 4 2 1 5 3
34 26 8 0 4 1 7 3 2 5 6
34 26 8 4 2 1 7 3 0 5 6
34 26 8 2 1 7 4 6 3 0 5
34 26 8 2 7 5 4 3 1 0 6
34 26 8 6 2 7 4 1 3 5 0
34 27 7 3 1 5 7 4 2 0 6
34 27 7 6 2 1 4 3 0 5 7
34 28 6 1 3 7 4 2 0 5 6
34 28 6 1 2 7 6 4 3 5 0
35 25 10 0 1 7 3 6 2 5 4
35 25 10 2 1 0 4 3 5 6 7
35 25 10 0 1 7 4 3 5 6 2
35 26 9 3 1 4 0 6 2 5 7
35 26 9 4 3 7 0 1 2 5 6
35 26 9 6 3 7 4 1 2 5 0
35 26 9 3 7 4 0 1 2 5 6
35 26 9 4 1 7 0 2 3 5 6
35 26 9 6 1 7 4 2 3 5 0
35 26 9 2 1 7 0 6 3 5 4
35 26 9 2 7 4 0 3 1 5 6
35 26 9 4 2 7 0 1 3 5 6
35 26 9 1 7 0 4 3 2 6 5
35 26 9 0 7 5 4 3 2 6 1
35 27 8 4 1 0 6 3 2 7 5
35 27 8 3 0 1 7 4 2 5 6
35 27 8 0 6 1 4 3 2 5 7
35 27 8 6 1 5 4 3 0 2 7
35 28 7 6 2 7 4 1 0 5 3
35 28 7 6 1 4 7 3 2 5 0
35 28 7 1 7 0 4 2 3 5 6
35 28 7 1 2 0 7 4 3 5 6
35 28 7 1 7 5 4 0 3 2 6
35 28 7 1 0 5 4 3 7 2 6
35 30 5 1 2 4 6 3 5 7 0
36 25 11 3 1 7 6 0 2 5 4
36 25 11 3 1 7 5 6 2 0 4
36 26 10 4 1 7 0 6 2 5 3
36 26 10 2 1 7 4 6 0 5 3
36 26 10 2 3 7 4 1 0 5 6
36 26 10 2 1 0 4 6 3 5 7
36 26 10 0 1 7 4 6 3 5 2
36 27 9 4 1 7 6 3 0 2 5
36 27 9 3 1 7 6 4 2 0 5
36 28 8 1 0 7 6 3 2 5 4
36 28 8 0 6 7 4 1 2 5 3
36 28 8 6 7 0 4 1 2 5 3
36 28 8 4 1 7 6 2 0 5 3
36 28 8 2 7 0 4 1 3 5 6
36 28 8 4 1 7 0 3 2 6 5
36 30 6 1 5 2 4 3 0 7 6
36 31 5 1 2 7 4 5 0 6 3
36 31 5 1 2 0 4 6 3 7 5
37 28 9 0 1 7 6 4 2 5 3
37 28 9 0 2 7 1 4 3 5 6
37 28 9 1 2 7 5 4 3 0 6
37 28 9 4 1 7 5 0 2 6 3
37 29 8 6 1 7 3 2 0 5 4
37 29 8 6 1 7 5 3 2 4 0
37 29 8 6 1 0 5 3 2 7 4
37 29 8 6 1 0 7 4 2 5 3
37 29 8 6 1 7 3 4 2 5 0
37 29 8 4 1 5 6 3 2 0 7
37 29 8 2 1 0 7 4 3 5 6
37 29 8 2 1 7 6 4 3 5 0
37 29 8 1 0 7 3 4 2 5 6
37 29 8 4 1 7 3 2 5 0 6
37 29 8 4 0 7 3 2 1 5 6
37 29 8 4 0 1 5 3 2 7 6
37 29 8 4 1 5 0 3 2 7 6
37 29 8 1 7 4 6 3 2 0 5
37 30 7 3 1 7 5 4 2 6 0
37 30 7 3 1 7 0 2 5 6 4
37 30 7 0 1 2 4 3 5 7 6
37 30 7 4 1 5 0 3 2 6 7
37 30 7 4 1 5 7 0 2 6 3
37 31 6 6 2 1 4 3 0 7 5
37 31 6 1 2 0 7 3 5 6 4
37 31 6 1 2 7 4 6 0 3 5
38 27 11 3 1 0 6 4 2 5 7
38 28 10 0 1 4 6 3 2 5 7
38 28 10 4 1 0 5 3 2 6 7
38 28 10 0 1 7 5 3 2 6 4
38 29 9 6 1 7 5 3 0 2 4
38 29 9 4 0 1 6 3 2 5 7
38 29 9 4 1 6 0 3 2 5 7
38 29 9 1 7 4 6 0 2 5 3
38 30 8 3 1 0 5 4 2 7 6
38 30 8 0 2 4 1 3 5 7 6
38 30 8 1 2 4 3 0 5 7 6
38 30 8 0 1 5 7 3 2 6 4
38 31 7 3 0 1 4 2 5 7 6
38 31 7 3 0 1 4 6 2 7 5
38 31 7 0 6 1 4 3 2 7 5
38 31 7 0 2 7 4 1 5 6 3
38 32 6 1 7 4 5 3 2 6 0
38 32 6 1 2 6 4 3 5 0 7
38 32 6 3 2 7 4 1 5 6 0
38 32 6 3 2 0 4 1 5 7 6
38 32 6 0 2 1 4 3 5 7 6
38 33 5 1 7 5 4 2 0 6 3
39 28 11 2 1 7 6 3 0 5 4
39 28 11 4 0 7 6 1 2 5 3
39 28 11 6 1 4 3 0 2 5 7
39 28 11 6 1 4 5 3 2 0 7
39 29 10 0 1 7 2 4 3 5 6
39 29 10 1 7 0 6 3 2 5 4
39 30 9 3 1 7 5 4 0 2 6
39 30 9 4 1 7 3 6 2 0 5
39 30 9 4 1 7 5 0 3 2 6
39 30 9 4 0 7 5 3 1 2 6
39 30 9 3 1 7 4 0 5 6 2
39 30 9 3 1 0 4 2 5 6 7
39 30 9 0 1 7 4 2 5 6 3
39 30 9 1 2 4 7 3 5 0 6
39 30 9 4 1 0 7 3 2 6 5
39 31 8 3 1 4 0 2 5 7 6
39 31 8 2 3 7 4 0 1 5 6
39 31 8 4 3 7 0 2 1 5 6
39 31 8 6 3 7 4 2 1 5 0
39 31 8 3 1 4 0 6 2 7 5
39 31 8 1 0 7 4 2 5 6 3
39 32 7 1 7 4 3 2 0 5 6
39 32 7 3 7 5 4 2 1 0 6
39 32 7 3 1 7 4 0 6 2 5
39 32 7 6 1 4 5 3 2 7 0
39 32 7 1 0 2 4 3 5 6 7
39 32 7 1 2 4 0 3 5 6 7
39 32 7 3 2 7 4 6 1 5 0
39 32 7 4 1 5 7 0 3 2 6
39 32 7 4 0 5 7 3 1 2 6
39 32 7 2 5 1 4 3 0 7 6
39 32 7 1 2 0 7 6 3 5 4
39 32 7 1 7 0 5 3 2 6 4
39 33 6 1 2 5 4 6 3 0 7
39 33 6 1 2 7 4 6 0 5 3
39 33 6 6 1 5 7 3 2 4 0
39 34 5 3 1 5 7 4 2 6 0
40 29 11 6 0 7 3 1 2 5 4
40 29 11 6 1 7 5 4 2 0 3
40 29 11 2 1 7 5 4 3 0 6
40 29 11 2 1 7 3 4 0 5 6
40 29 11 0 7 4 6 3 2 5 1
40 31 9 0 2 7 1 3 5 6 4
40 31 9 1 2 7 3 0 5 6 4
40 31 9 1 2 7 6 3 5 0 4
40 31 9 1 2 7 0 4 5 6 3
40 32 8 4 2 7 3 1 0 5 6
40 32 8 1 7 4 3 6 2 5 0
40 32 8 1 7 4 5 3 0 2 6
40 32 8 1 7 0 5 3 2 4 6
40 32 8 3 7 4 0 2 1 5 6
40 32 8 3 0 7 4 6 1 2 5
40 32 8 0 7 5 1 3 2 6 4
40 32 8 1 7 5 3 0 2 6 4
40 33 7 3 2 7 4 0 5 6 1
40 33 7 3 1 5 7 6 2 0 4
40 33 7 6 1 7 4 5 3 2 0
40 33 7 2 1 0 7 3 5 6 4
40 33 7 2 1 4 6 3 5 7 0
40 33 7 6 2 7 4 3 1 0 5
40 33 7 1 0 2 4 6 3 5 7
40 33 7 1 2 4 0 6 3 5 7
40 33 7 1 7 0 4 6 2 5 3
40 33 7 1 3 7 4 6 2 5 0
40 33 7 6 1 5 7 3 0 2 4
40 33 7 0 7 5 4 1 2 6 3
40 34 6 3 1 5 4 6 2 7 0
40 34 6 3 7 5 4 1 2 6 0
40 34 6 2 7 5 4 3 1 6 0
40 34 6 1 3 7 4 2 5 0 6
40 36 4 1 2 7 4 5 6 0 3
41 30 11 4 1 0 3 6 2 5 7
41 32 9 0 4 7 3 1 2 5 6
41 32 9 4 7 0 3 1 2 5 6
41 32 9 7 0 4 1 3 2 5 6
41 32 9 3 7 4 1 0 2 5 6
41 32 9 0 7 4 3 1 2 5 6
41 32 9 0 1 4 6 3 2 7 5
41 32 9 0 2 7 1 6 3 5 4
41 32 9 1 2 7 6 0 3 5 4
41 32 9 1 2 7 5 6 3 0 4
41 32 9 1 7 5 6 3 2 0 4
41 33 8 2 0 7 4 3 5 6 1
41 33 8 3 0 1 7 6 2 5 4
41 33 8 0 1 7 4 6 3 2 5
41 33 8 0 6 7 4 3 1 2 5
41 33 8 6 7 0 4 3 1 2 5
41 33 8 6 2 7 0 3 1 5 4
41 33 8 6 2 7 4 0 1 5 3
41 33 8 1 0 5 4 7 2 6 3
41 33 8 1 7 5 0 4 2 6 3
41 33 8 6 1 5 0 3 2 7 4
41 33 8 6 1 5 4 0 2 7 3
41 34 7 2 1 7 4 5 0 6 3
41 34 7 4 2 7 6 3 1 5 0
41 34 7 6 2 7 4 0 3 5 1
41 34 7 3 2 1 4 6 0 5 7
41 34 7 6 1 7 4 2 5 3 0
41 34 7 6 1 0 4 2 5 7 3
41 34 7 2 1 0 4 6 3 7 5
41 34 7 6 2 7 4 1 3 0 5
41 34 7 3 1 5 7 4 0 2 6
41 34 7 6 2 1 4 0 3 5 7
41 34 7 6 2 1 4 3 5 0 7
41 34 7 1 2 7 6 4 3 0 5
41 35 6 1 7 5 4 2 3 0 6
41 35 6 1 2 5 7 4 3 0 6
42 32 10 6 7 4 1 3 2 5 0
42 32 10 1 0 4 3 7 2 5 6
42 32 10 6 1 4 3 0 2 7 5
42 32 10 6 1 4 7 3 2 0 5
42 32 10 3 2 7 0 4 1 5 6
42 33 9 4 2 7 0 3 5 6 1
42 33 9 5 2 7 4 3 0 6 1
42 33 9 0 1 7 2 3 5 6 4
42 33 9 0 1 4 2 3 5 7 6
42 33 9 6 2 0 4 3 1 5 7
42 33 9 1 3 7 0 4 2 5 6
42 33 9 0 1 5 4 3 2 7 6
42 34 8 4 2 0 7 3 1 5 6
42 34 8 2 0 7 4 6 3 5 1
42 34 8 0 3 1 4 6 2 5 7
42 34 8 3 1 5 4 6 0 2 7
42 34 8 3 7 5 4 1 0 2 6
42 34 8 0 6 1 7 3 2 5 4
42 34 8 6 2 1 7 3 0 5 4
42 34 8 0 6 7 4 2 1 5 3
42 34 8 6 7 0 4 2 1 5 3
42 34 8 3 4 1 7 0 2 5 6
42 34 8 4 2 1 7 0 3 5 6
42 34 8 4 2 1 7 3 5 0 6
42 34 8 2 1 7 4 6 0 3 5
42 34 8 2 7 5 4 3 0 1 6
42 34 8 6 2 7 0 1 3 5 4
42 35 7 1 0 7 4 3 5 6 2
42 35 7 3 1 4 7 6 2 5 0
42 35 7 4 3 0 7 1 2 5 6
42 35 7 4 3 7 6 1 2 5 0
42 35 7 4 1 0 7 2 3 5 6
42 35 7 4 1 7 6 2 3 5 0
42 35 7 4 2 7 6 1 3 5 0
42 35 7 1 0 7 4 3 2 6 5
42 35 7 1 7 4 0 3 2 6 5
42 35 7 1 7 6 4 3 2 0 5
42 35 7 7 0 5 4 3 2 6 1
42 35 7 3 7 5 4 0 2 6 1
42 35 7 0 3 1 7 4 2 5 6
42 35 7 6 2 7 4 1 5 0 3
42 35 7 1 7 4 0 2 3 5 6
42 35 7 1 0 2 7 4 3 5 6
42 35 7 1 7 5 4 6 3 2 0
42 35 7 1 5 0 4 3 7 2 6
42 35 7 1 2 4 6 3 5 0 7
42 35 7 1 2 4 6 0 5 7 3
42 36 6 1 5 2 4 0 3 7 6
42 36 6 1 0 7 4 5 2 6 3
42 36 6 1 0 2 4 6 3 7 5
42 36 6 1 2 4 0 6 3 7 5
42 37 5 4 1 5 7 2 0 6 3
42 37 5 1 2 7 4 0 6 3 5
42 38 4 1 2 6 4 3 5 7 0
43 32 11 2 7 4 1 3 0 5 6
43 33 10 6 0 7 4 1 3 2 5
43 33 10 2 1 7 3 0 5 6 4
43 33 10 2 1 4 3 0 5 7 6
43 33 10 2 1 4 7 3 5 0 6
43 34 9 4 2 7 0 6 3 5 1
43 34 9 3 2 7 4 6 0 5 1
43 34 9 6 4 1 7 3 2 5 0
43 34 9 6 2 0 4 1 3 5 7
43 34 9 1 2 0 6 4 3 5 7
43 35 8 1 0 7 3 6 2 5 4
43 35 8 2 0 1 4 3 5 6 7
43 35 8 2 1 4 0 3 5 6 7
43 35 8 2 1 6 4 3 5 0 7
43 35 8 6 3 7 4 1 2 0 5
43 35 8 6 3 7 0 1 2 5 4
43 35 8 3 7 4 6 1 2 5 0
43 35 8 6 1 7 4 2 3 0 5
43 35 8 6 1 7 0 2 3 5 4
43 35 8 2 1 0 7 6 3 5 4
43 35 8 2 7 4 6 3 1 5 0
43 35 8 4 2 0 7 1 3 5 6
43 35 8 4 7 5 0 3 2 6 1
43 35 8 4 0 1 6 3 2 7 5
43 35 8 4 1 6 0 3 2 7 5
43 35 8 3 2 1 7 4 0 5 6
43 35 8 3 6 1 4 0 2 5 7
43 35 8 6 1 5 4 0 3 2 7
43 35 8 6 0 5 4 3 1 2 7
43 35 8 0 7 5 4 1 3 2 6
43 35 8 0 1 5 4 3 7 2 6
43 35 8 1 2 0 6 3 5 7 4
43 36 7 2 1 7 4 0 6 5 3
43 36 7 1 0 7 4 6 3 5 2
43 36 7 1 2 7 6 3 0 5 4
43 36 7 1 6 7 4 0 2 5 3
43 36 7 1 5 2 4 3 7 0 6
43 37 6 1 2 7 5 4 3 6 0
43 37 6 1 2 0 5 4 3 7 6
43 37 6 4 1 7 3 2 5 6 0
43 37 6 3 1 0 7 2 5 6 4
43 37 6 0 1 5 7 4 2 6 3
43 37 6 6 2 1 4 0 3 7 5
43 37 6 1 0 2 7 3 5 6 4
43 38 5 1 2 4 3 5 0 7 6
43 38 5 1 0 5 7 3 2 6 4
43 38 5 1 0 5 4 2 7 6 3
43 39 4 1 2 5 4 6 3 7 0
43 40 3 1 2 7 4 5 6 3 0
43 40 3 1 2 0 4 5 6 7 3
44 33 11 6 1 7 0 4 3 2 5
44 33 11 2 1 7 6 3 5 0 4
44 34 10 2 0 7 4 1 5 6 3
44 34 10 2 1 7 0 4 5 6 3
44 34 10 4 2 7 3 0 1 5 6
44 34 10 4 2 7 5 3 1 0 6
44 34 10 7 4 1 0 3 2 5 6
44 34 10 2 4 1 7 3 0 5 6
44 34 10 0 2 7 6 4 3 5 1
44 35 9 4 1 7 0 3 5 6 2
44 35 9 6 3 7 4 0 2 5 1
44 35 9 6 1 7 4 0 3 5 2
44 35 9 2 7 5 4 3 0 6 1
44 35 9 7 6 1 4 3 2 5 0
44 35 9 6 1 4 7 0 2 5 3
44 35 9 1 0 5 4 7 3 2 6
44 35 9 1 7 5 0 4 3 2 6
44 35 9 0 2 4 6 3 5 7 1
44 36 8 3 1 7 6 2 0 5 4
44 36 8 3 1 7 5 6 2 4 0
44 36 8 3 1 0 5 6 2 7 4
44 36 8 4 1 0 7 6 2 5 3
44 36 8 2 1 7 4 6 5 0 3
44 36 8 2 0 7 4 6 1 5 3
44 36 8 2 3 7 4 1 5 0 6
44 36 8 2 0 1 4 6 3 5 7
44 36 8 2 1 5 4 6 3 0 7
44 36 8 3 1 0 6 4 2 7 5
44 36 8 6 7 5 4 1 2 0 3
44 36 8 4 1 7 6 2 5 0 3
44 36 8 4 0 7 6 2 1 5 3
44 36 8 2 7 5 4 1 3 0 6
44 37 7 1 2 7 5 4 0 3 6
44 37 7 4 1 7 5 2 0 6 3
44 37 7 6 1 5 7 4 2 0 3
44 37 7 4 1 5 6 3 2 7 0
44 37 7 2 1 5 7 4 3 0 6
44 37 7 1 2 7 3 4 0 5 6
44 37 7 4 2 1 5 3 0 7 6
44 37 7 3 1 2 4 0 5 7 6
44 37 7 6 2 1 4 3 7 0 5
44 37 7 1 2 6 7 3 5 0 4
44 37 7 1 0 7 4 6 2 3 5
44 38 6 1 2 4 3 6 5 7 0
44 38 6 3 1 5 7 0 2 6 4
44 38 6 3 2 1 4 6 0 7 5
44 38 6 1 2 6 4 3 0 5 7
44 38 6 3 2 1 4 0 5 7 6
44 38 6 1 7 5 4 2 6 0 3
44 39 5 1 2 4 7 3 5 6 0
44 39 5 3 7 5 4 2 1 6 0
44 39 5 1 2 7 4 0 6 5 3
44 40 4 1 3 7 4 2 5 6 0
45 35 10 5 1 7 4 3 0 6 2
45 35 10 0 1 4 3 6 2 5 7
45 35 10 4 3 7 1 0 2 5 6
45 35 10 4 3 7 5 1 2 0 6
45 35 10 6 3 0 4 1 2 5 7
45 35 10 4 1 7 5 2 3 0 6
45 35 10 6 1 0 4 2 3 5 7
45 35 10 0 1 7 2 6 3 5 4
45 35 10 0 7 4 2 3 1 5 6
45 35 10 4 2 7 1 0 3 5 6
45 35 10 4 2 7 5 1 3 0 6
45 35 10 4 6 1 0 3 2 5 7
45 35 10 2 6 1 4 3 0 5 7
45 35 10 0 1 4 7 3 2 5 6
45 36 9 3 1 7 5 6 0 2 4
45 36 9 2 1 4 0 6 3 5 7
45 36 9 4 1 7 6 0 3 2 5
45 36 9 4 0 7 6 3 1 2 5
45 36 9 3 1 7 6 4 0 2 5
45 36 9 3 6 7 4 1 2 5 0
45 36 9 6 7 4 0 1 2 5 3
45 36 9 2 7 4 0 1 3 5 6
45 36 9 0 1 7 4 3 2 6 5
45 37 8 1 0 7 6 4 2 5 3
45 37 8 0 1 7 5 4 2 6 3
45 37 8 6 1 7 3 2 5 0 4
45 37 8 6 0 7 3 2 1 5 4
45 37 8 6 0 1 5 3 2 7 4
45 37 8 6 0 1 7 4 2 5 3
45 37 8 4 1 5 6 3 0 2 7
45 37 8 2 0 1 7 4 3 5 6
45 37 8 1 7 0 3 4 2 5 6
45 37 8 4 1 0 3 2 5 7 6
45 37 8 0 4 7 3 2 1 5 6
45 37 8 4 7 0 3 2 1 5 6
45 37 8 0 4 1 5 3 2 7 6
45 37 8 1 7 4 6 3 0 2 5
45 37 8 1 7 0 6 3 2 4 5
45 37 8 3 1 7 0 4 2 6 5
45 37 8 0 1 7 3 2 5 6 4
45 37 8 6 1 2 4 3 5 7 0
45 37 8 0 1 5 4 3 2 6 7
45 37 8 4 0 5 7 1 2 6 3
45 38 7 1 0 7 5 3 2 6 4
45 38 7 4 1 6 7 3 2 5 0
45 38 7 1 7 4 6 2 0 5 3
45 38 7 3 2 4 1 0 5 7 6
45 38 7 0 2 4 3 1 5 7 6
45 38 7 0 3 1 4 2 5 7 6
45 38 7 3 5 1 4 2 0 7 6
45 38 7 0 3 1 4 6 2 7 5
45 38 7 3 6 1 4 0 2 7 5
45 38 7 3 0 2 4 1 5 7 6
45 38 7 3 2 4 0 1 5 7 6
45 38 7 6 2 1 4 3 5 7 0
45 39 6 4 3 0 7 2 1 5 6
45 39 6 4 3 7 6 2 1 5 0
45 39 6 1 7 0 4 2 5 6 3
45 39 6 1 5 7 4 2 0 6 3
45 39 6 3 1 7 4 5 6 2 0
45 39 6 1 2 5 7 6 3 0 4
45 39 6 1 2 5 4 6 0 3 7
45 39 6 1 2 7 4 6 5 0 3
45 40 5 1 7 5 3 2 0 6 4
45 41 4 1 7 5 4 2 3 6 0
45 41 4 1 2 5 7 4 3 6 0
46 35 11 2 1 7 3 6 0 5 4
46 35 11 3 1 4 6 0 2 5 7
46 35 11 3 1 4 5 6 2 0 7
46 35 11 3 7 4 5 1 2 0 6
46 35 11 4 1 7 2 0 3 5 6
46 35 11 2 1 7 6 0 3 5 4
46 35 11 2 1 7 5 6 3 0 4
46 35 11 2 7 4 3 0 1 5 6
46 35 11 2 7 4 5 3 1 0 6
46 36 10 4 1 7 0 6 3 5 2
46 36 10 3 1 7 4 6 0 5 2
46 36 10 4 6 7 0 1 2 5 3
46 36 10 2 6 7 4 1 0 5 3
46 36 10 4 1 7 3 0 2 6 5
46 37 9 2 0 7 1 4 3 5 6
46 37 9 6 2 7 1 4 3 5 0
46 37 9 6 1 7 0 3 2 4 5
46 37 9 6 1 7 3 4 2 0 5
46 37 9 2 1 7 6 4 3 0 5
46 37 9 3 1 7 5 0 2 6 4
46 37 9 4 1 2 0 3 5 7 6
46 37 9 5 1 2 4 3 0 7 6
46 37 9 4 1 5 3 0 2 6 7
46 37 9 4 1 5 0 7 2 6 3
46 38 8 3 1 5 6 4 2 0 7
46 38 8 1 0 4 6 3 2 5 7
46 38 8 4 0 1 5 3 2 6 7
46 38 8 4 2 1 6 3 0 5 7
46 38 8 3 0 1 5 4 2 7 6
46 38 8 3 1 5 0 4 2 7 6
46 38 8 2 0 4 1 3 5 7 6
46 38 8 6 2 4 1 3 5 7 0
46 38 8 7 1 5 0 3 2 6 4
46 38 8 2 1 5 7 3 0 6 4
46 38 8 5 6 1 4 3 2 7 0
46 38 8 1 7 4 5 0 2 6 3
46 38 8 3 2 7 0 1 5 6 4
46 38 8 4 2 1 0 3 5 7 6
46 38 8 5 2 1 4 3 0 7 6
46 39 7 3 1 7 4 5 0 6 2
46 39 7 3 0 1 4 2 5 6 7
46 39 7 3 1 4 0 2 5 6 7
46 39 7 1 2 4 7 3 0 5 6
46 39 7 1 2 0 7 3 5 4 6
46 39 7 4 0 1 7 3 2 6 5
46 39 7 3 1 4 6 2 5 7 0
46 39 7 6 3 7 4 2 1 0 5
46 39 7 6 3 7 0 2 1 5 4
46 39 7 3 1 4 5 6 2 7 0
46 39 7 1 7 4 3 2 5 0 6
46 39 7 1 0 4 3 2 7 5 6
46 39 7 3 7 5 4 2 0 1 6
46 39 7 0 1 7 4 3 6 2 5
46 39 7 1 5 2 4 3 0 6 7
46 39 7 3 2 7 4 6 1 0 5
46 39 7 0 1 5 7 4 3 2 6
46 39 7 4 1 5 7 6 3 2 0
46 39 7 0 4 5 7 3 1 2 6
46 39 7 2 5 1 4 0 3 7 6
46 39 7 1 0 2 7 6 3 5 4
46 39 7 3 1 5 0 4 2 6 7
46 40 6 1 2 7 3 5 0 6 4
46 40 6 1 2 7 6 3 5 4 0
46 40 6 1 2 0 7 4 5 6 3
46 40 6 1 2 7 3 4 5 6 0
46 40 6 1 7 5 3 4 2 6 0
46 40 6 3 2 7 4 5 0 6 1
46 40 6 3 1 5 7 6 2 4 0
46 40 6 6 2 0 4 3 1 7 5
46 40 6 1 2 4 7 6 3 5 0
46 40 6 1 3 0 4 2 5 7 6
47 36 11 3 0 7 6 1 2 5 4
47 36 11 4 1 7 5 6 2 0 3
47 37 10 3 2 7 1 4 0 5 6
47 37 10 4 0 7 5 1 2 6 3
47 37 10 4 1 7 0 5 2 6 3
47 37 10 6 1 7 5 0 2 4 3
47 37 10 4 1 5 3 0 2 7 6
47 37 10 3 1 0 5 4 2 6 7
47 37 10 3 1 7 2 0 5 6 4
47 37 10 3 1 7 6 2 5 0 4
47 38 9 3 0 1 6 4 2 5 7
47 38 9 3 1 6 0 4 2 5 7
47 38 9 4 1 6 5 3 2 0 7
47 38 9 5 1 7 0 3 2 6 4
47 38 9 6 1 7 5 0 3 2 4
47 38 9 6 0 7 5 3 1 2 4
47 38 9 0 4 1 6 3 2 5 7
47 38 9 0 1 6 4 3 2 5 7
47 38 9 0 7 4 6 1 2 5 3
47 38 9 5 2 4 1 3 0 7 6
47 38 9 1 0 4 3 2 5 7 6
47 38 9 4 6 1 0 3 2 7 5
47 38 9 2 6 1 4 3 0 7 5
47 38 9 4 2 7 0 1 5 6 3
47 38 9 5 2 7 4 1 0 6 3
47 38 9 3 2 0 4 1 5 6 7
47 39 8 4 2 7 6 1 0 5 3
47 39 8 6 1 4 3 2 0 5 7
47 39 8 1 0 7 2 4 3 5 6
47 39 8 1 7 6 0 3 2 5 4
47 39 8 3 1 7 5 0 4 2 6
47 39 8 4 1 0 3 6 2 7 5
47 39 8 3 1 6 4 2 5 0 7
47 39 8 4 1 7 0 2 5 6 3
47 39 8 4 1 6 7 3 2 0 5
47 39 8 2 3 7 4 6 1 5 0
47 39 8 0 1 2 4 3 5 6 7
47 39 8 3 2 7 0 6 1 5 4
47 39 8 4 5 0 7 3 1 2 6
47 39 8 2 5 1 4 3 7 0 6
47 39 8 1 7 6 5 3 2 0 4
47 39 8 6 1 5 0 3 2 4 7
47 39 8 6 1 5 7 0 2 4 3
47 40 7 2 1 7 5 4 3 6 0
47 40 7 1 7 5 0 3 2 4 6
47 40 7 3 7 4 6 2 1 5 0
47 40 7 7 0 5 1 3 2 6 4
47 40 7 3 7 5 1 0 2 6 4
47 40 7 0 7 5 3 1 2 6 4
47 40 7 3 1 5 7 6 0 2 4
47 40 7 6 1 7 4 5 3 0 2
47 40 7 2 0 1 7 3 5 6 4
47 40 7 6 2 7 4 3 0 1 5
47 40 7 1 3 2 4 6 0 5 7
47 40 7 1 7 5 4 6 2 0 3
47 40 7 1 3 7 4 6 2 0 5
47 40 7 1 3 7 0 6 2 5 4
47 40 7 6 1 5 7 0 3 2 4
47 40 7 6 0 5 7 3 1 2 4
47 40 7 7 0 5 4 1 2 6 3
47 40 7 3 7 5 0 1 2 6 4
47 40 7 2 7 5 0 3 1 6 4
47 41 6 1 2 7 5 6 3 4 0
47 41 6 1 2 0 5 6 3 7 4
47 41 6 1 7 5 6 3 2 4 0
47 41 6 1 2 5 4 7 0 6 3
47 41 6 2 1 7 4 5 6 0 3
47 41 6 3 2 1 4 0 6 5 7
47 41 6 6 2 0 4 1 3 7 5
47 41 6 3 1 5 7 0 4 2 6
47 41 6 1 2 0 6 4 3 7 5
47 41 6 1 7 5 4 2 0 3 6
47 41 6 1 2 5 7 4 0 3 6
47 42 5 1 2 4 6 5 0 7 3
47 42 5 1 2 4 5 6 3 7 0
47 42 5 4 0 5 7 2 1 6 3
47 43 4 1 0 2 4 5 6 7 3
47 43 4 1 2 4 0 5 6 7 3
48 37 11 2 1 7 6 4 0 5 3
48 37 11 6 1 0 5 3 2 4 7
48 37 11 0 1 7 5 3 2 4 6
48 37 11 6 1 0 3 4 2 5 7
48 37 11 2 1 0 6 4 3 5 7
48 37 11 0 1 7 6 4 3 5 2
48 38 10 7 1 4 6 3 2 5 0
48 38 10 2 1 7 5 3 0 6 4
48 38 10 1 0 4 6 7 2 5 3
48 38 10 1 7 4 0 6 2 5 3
48 38 10 0 7 4 5 3 2 6 1
48 39 9 2 0 7 6 3 1 5 4
48 39 9 0 4 7 6 1 2 5 3
48 39 9 4 7 0 6 1 2 5 3
48 39 9 6 1 4 3 7 2 5 0
48 39 9 6 1 4 5 3 0 2 7
48 39 9 3 0 7 5 4 1 2 6
48 39 9 4 1 7 3 6 0 2 5
48 39 9 0 1 7 5 4 3 2 6
48 39 9 4 1 7 5 6 3 2 0
48 39 9 0 4 7 5 3 1 2 6
48 39 9 4 7 0 5 3 1 2 6
48 39 9 5 1 7 4 2 0 6 3
48 39 9 0 1 4 3 2 5 7 6
48 39 9 3 1 4 7 2 5 0 6
48 39 9 4 3 7 5 2 1 0 6
48 39 9 6 3 7 4 0 1 5 2
48 39 9 6 3 0 4 2 1 5 7
48 39 9 0 1 4 3 6 2 7 5
48 39 9 3 0 7 4 1 6 2 5
48 39 9 6 1 4 5 0 2 7 3
48 39 9 0 2 4 1 3 5 6 7
48 39 9 1 2 4 3 0 5 6 7
48 39 9 3 2 0 4 6 1 5 7
48 39 9 0 2 7 4 6 1 5 3
48 39 9 4 0 5 7 1 3 2 6
48 39 9 0 1 5 7 3 2 4 6
48 39 9 3 1 0 7 4 2 6 5
48 40 8 6 2 7 3 1 0 5 4
48 40 8 6 1 7 5 4 2 3 0
48 40 8 6 1 0 5 4 2 7 3
48 40 8 2 1 0 5 4 3 7 6
48 40 8 2 1 7 3 0 4 5 6
48 40 8 2 0 7 1 3 5 6 4
48 40 8 3 2 7 1 0 5 6 4
48 40 8 0 2 7 3 1 5 6 4
48 40 8 1 0 7 3 2 5 6 4
48 40 8 4 2 7 3 1 5 0 6
48 40 8 1 7 4 3 6 2 0 5
48 40 8 1 7 4 5 0 3 2 6
48 40 8 1 0 4 5 3 7 2 6
48 40 8 1 0 7 5 3 2 4 6
48 40 8 0 3 7 4 6 1 2 5
48 40 8 3 7 0 4 6 1 2 5
48 40 8 4 7 5 1 3 2 6 0
48 40 8 1 0 5 3 7 2 6 4
48 40 8 6 1 7 0 5 3 2 4
48 40 8 2 1 6 7 3 5 0 4
48 40 8 0 1 2 4 6 3 5 7
48 40 8 4 7 5 0 1 2 6 3
48 40 8 3 1 5 0 6 2 7 4
48 40 8 3 1 5 4 0 2 7 6
48 40 8 2 7 5 4 0 1 6 3
48 41 7 1 0 4 6 3 2 7 5
48 41 7 1 2 7 5 6 0 3 4
48 41 7 1 7 5 6 3 0 2 4
48 41 7 0 3 1 7 6 2 5 4
48 41 7 1 0 7 4 6 3 2 5
48 41 7 0 1 5 4 7 2 6 3
48 41 7 1 5 0 4 7 2 6 3
48 41 7 1 7 0 5 4 2 6 3
48 41 7 6 1 5 4 2 0 7 3
48 41 7 0 1 5 4 6 2 7 3
48 41 7 2 0 7 4 5 1 6 3
48 41 7 6 2 7 4 3 0 5 1
48 41 7 3 2 1 4 6 5 0 7
48 41 7 6 0 1 4 2 5 7 3
48 41 7 2 0 1 4 6 3 7 5
48 41 7 6 2 7 4 1 0 3 5
48 41 7 3 0 5 7 4 1 2 6
48 41 7 0 2 1 4 6 3 5 7
48 41 7 6 2 1 4 7 3 5 0
48 41 7 6 2 0 4 3 5 1 7
48 41 7 1 2 7 6 4 0 3 5
48 42 6 5 2 7 4 3 6 0 1
48 42 6 1 3 0 7 4 2 5 6
48 42 6 1 3 7 6 4 2 5 0
48 42 6 1 0 5 4 3 2 7 6
48 42 6 4 2 1 7 3 5 6 0
48 42 6 4 3 5 7 1 2 0 6
48 42 6 4 1 5 7 2 3 0 6
48 42 6 1 2 7 4 3 0 6 5
48 42 6 1 7 6 4 3 2 5 0
48 42 6 3 7 5 4 2 0 6 1
48 42 6 6 2 7 4 1 5 3 0
48 42 6 6 2 0 4 1 5 7 3
48 42 6 1 7 4 6 2 3 5 0
48 42 6 1 3 2 7 4 0 5 6
48 42 6 1 5 2 4 6 3 7 0
48 42 6 1 7 0 4 5 2 6 3
48 42 6 1 3 2 4 6 0 7 5
48 42 6 4 1 5 7 2 6 0 3
48 42 6 0 2 7 4 1 6 3 5
48 42 6 1 2 6 0 3 5 7 4
48 42 6 1 2 6 4 0 5 7 3
48 43 5 1 0 5 7 4 2 6 3
48 43 5 6 2 1 4 5 3 7 0
48 43 5 1 2 5 7 3 0 6 4
48 43 5 1 2 7 0 5 6 3 4
49 38 11 2 1 4 6 3 0 5 7
49 38 11 4 1 6 3 0 2 5 7
49 39 10 6 1 7 2 4 3 5 0
49 39 10 4 1 7 0 5 3 2 6
49 39 10 3 0 7 4 1 5 6 2
49 39 10 3 1 7 0 4 5 6 2
49 39 10 3 1 4 2 0 5 7 6
49 39 10 2 3 7 0 4 1 5 6
49 39 10 4 3 7 2 0 1 5 6
49 39 10 3 1 4 6 0 2 7 5
49 39 10 3 1 4 7 6 2 0 5
49 39 10 3 1 7 0 4 6 2 5
49 39 10 0 1 4 5 3 2 7 6
49 39 10 4 1 5 0 7 3 2 6
49 39 10 6 1 0 7 3 2 4 5
49 40 9 0 6 7 3 1 2 5 4
49 40 9 6 7 0 3 1 2 5 4
49 40 9 6 1 7 5 4 0 2 3
49 40 9 2 1 7 5 4 0 3 6
49 40 9 2 1 7 3 4 5 0 6
49 40 9 2 0 7 3 4 1 5 6
49 40 9 7 0 4 6 3 2 5 1
49 40 9 3 7 4 6 0 2 5 1
49 40 9 4 2 7 1 3 5 6 0
49 40 9 0 2 7 1 4 5 6 3
49 40 9 1 2 7 6 4 5 0 3
49 40 9 0 7 4 3 2 1 5 6
49 40 9 2 7 5 1 3 0 6 4
49 40 9 3 0 7 4 2 5 6 1
49 40 9 6 1 0 4 5 3 2 7
49 40 9 0 1 7 4 5 3 2 6
49 40 9 2 1 4 6 3 5 0 7
49 40 9 2 1 4 6 0 5 7 3
49 40 9 0 2 4 1 6 3 5 7
49 40 9 1 2 4 6 0 3 5 7
49 40 9 1 2 4 5 6 3 0 7
49 40 9 1 3 0 4 6 2 5 7
49 40 9 2 7 5 4 1 0 6 3
49 40 9 0 7 5 4 3 1 6 2
49 41 8 4 1 3 0 6 2 5 7
49 41 8 4 1 5 3 6 2 0 7
49 41 8 1 4 7 3 0 2 5 6
49 41 8 4 7 3 0 1 2 5 6
49 41 8 4 7 5 3 1 2 0 6
49 41 8 7 2 4 1 3 0 5 6
49 41 8 3 7 4 1 2 0 5 6
49 41 8 6 2 7 1 0 3 5 4
49 41 8 0 2 7 6 1 3 5 4
49 41 8 2 7 0 4 3 5 6 1
49 41 8 2 5 7 4 3 0 6 1
49 41 8 3 2 1 7 6 0 5 4
49 41 8 3 6 7 4 0 1 2 5
49 41 8 6 7 2 4 3 1 0 5
49 41 8 6 2 0 7 3 1 5 4
49 41 8 0 7 5 1 4 2 6 3
49 41 8 4 2 7 6 3 1 0 5
49 41 8 6 1 7 0 2 5 3 4
49 41 8 6 1 4 0 2 5 7 3
49 41 8 2 1 4 0 6 3 7 5
49 42 7 1 2 4 3 7 0 5 6
49 42 7 6 1 4 3 5 2 7 0
49 42 7 3 2 7 6 4 1 5 0
49 42 7 4 2 0 7 3 5 6 1
49 42 7 5 2 7 4 0 3 6 1
49 42 7 1 0 7 2 3 5 6 4
49 42 7 1 0 4 2 3 5 7 6
49 42 7 6 2 5 4 3 1 0 7
49 42 7 4 2 5 7 3 1 0 6
49 42 7 3 1 5 4 0 6 2 7
49 42 7 6 7 5 4 2 1 0 3
49 42 7 3 4 1 7 2 0 5 6
49 42 7 2 1 7 4 0 6 3 5
49 42 7 1 7 0 4 3 5 6 2
49 42 7 1 5 7 4 3 0 6 2
49 42 7 4 0 1 7 2 3 5 6
49 42 7 1 7 6 4 3 0 2 5
49 42 7 7 2 5 4 3 0 6 1
49 42 7 4 3 1 7 0 2 5 6
49 42 7 1 7 5 4 6 3 0 2
49 42 7 1 7 5 0 6 3 2 4
49 42 7 1 2 4 6 3 0 5 7
49 42 7 1 2 0 6 3 5 4 7
49 42 7 0 2 4 6 1 5 7 3
49 42 7 0 5 2 4 1 3 7 6
49 42 7 1 0 2 4 5 3 7 6
49 42 7 0 1 7 4 5 2 6 3
49 42 7 0 1 2 4 6 3 7 5
49 43 6 2 1 4 7 3 5 6 0
49 43 6 3 2 7 4 0 6 5 1
49 43 6 2 1 6 4 3 5 7 0
49 43 6 1 5 2 4 3 7 6 0
49 43 6 1 2 5 0 4 3 7 6
49 43 6 3 0 1 7 2 5 6 4
49 43 6 0 2 1 4 6 3 7 5
49 43 6 1 5 2 7 3 0 6 4
49 43 6 1 2 4 3 5 7 0 6
49 43 6 1 0 4 3 5 2 7 6
49 43 6 1 5 0 7 3 2 6 4
49 43 6 0 1 5 4 2 7 6 3
49 43 6 1 5 0 4 2 7 6 3
49 43 6 1 2 5 0 6 3 7 4
49 43 6 1 2 5 4 0 3 7 6
49 43 6 1 2 0 4 5 6 3 7
49 44 5 2 1 5 7 4 3 6 0
49 44 5 3 1 5 7 2 0 6 4
49 44 5 3 2 1 4 0 6 7 5
49 44 5 3 2 1 4 5 0 7 6
49 44 5 1 7 5 4 2 6 3 0
49 44 5 1 2 7 4 3 6 5 0
49 44 5 1 3 7 0 2 5 6 4
50 39 11 6 0 4 3 1 2 5 7
50 39 11 3 1 7 2 4 0 5 6
50 39 11 4 0 7 5 1 3 2 6
50 40 10 6 7 4 0 3 2 5 1
50 40 10 5 2 7 1 3 0 6 4
50 40 10 1 7 0 3 6 2 5 4
50 40 10 3 7 4 5 2 1 0 6
50 40 10 3 2 7 0 4 5 6 1
50 40 10 2 1 0 6 3 5 7 4
50 40 10 0 1 4 6 3 5 7 2
50 40 10 0 3 7 4 6 2 5 1
50 40 10 3 7 0 4 1 2 6 5
50 40 10 2 7 0 4 3 1 6 5
50 41 9 4 0 1 3 6 2 5 7
50 41 9 7 4 0 1 3 2 5 6
50 41 9 3 7 4 1 6 2 5 0
50 41 9 7 0 4 3 1 2 5 6
50 41 9 5 1 4 6 3 2 7 0
50 41 9 2 0 7 1 6 3 5 4
50 41 9 4 2 7 1 6 3 5 0
50 41 9 1 0 7 6 2 3 5 4
50 41 9 5 1 7 4 6 3 2 0
50 41 9 5 6 7 4 3 1 2 0
50 41 9 1 6 7 4 3 0 2 5
50 41 9 6 7 4 0 3 1 2 5
50 41 9 0 2 7 6 3 1 5 4
50 41 9 1 7 5 6 4 2 0 3
50 41 9 0 1 5 6 3 2 7 4
50 41 9 6 0 5 4 1 2 7 3
50 41 9 4 2 7 6 0 1 5 3
50 41 9 6 1 7 4 0 5 3 2
50 42 8 1 4 0 3 7 2 5 6
50 42 8 6 1 4 3 2 0 7 5
50 42 8 6 1 4 7 3 0 2 5
50 42 8 3 2 0 7 4 1 5 6
50 42 8 5 0 7 4 3 2 6 1
50 42 8 6 0 2 4 3 1 5 7
50 42 8 6 2 4 0 3 1 5 7
50 42 8 4 0 2 7 3 1 5 6
50 42 8 2 7 0 4 6 3 5 1
50 42 8 2 3 7 4 6 0 5 1
50 42 8 6 3 1 4 0 2 5 7
50 42 8 3 0 5 4 6 1 2 7
50 42 8 3 7 5 4 0 1 2 6
50 42 8 3 0 5 4 1 7 2 6
50 42 8 3 6 1 7 0 2 5 4
50 42 8 6 2 1 7 0 3 5 4
50 42 8 6 2 1 7 3 5 0 4
50 42 8 2 6 7 4 0 1 5 3
50 42 8 6 7 4 0 2 1 5 3
50 42 8 3 4 1 7 6 2 5 0
50 42 8 0 2 1 7 4 3 5 6
50 42 8 4 2 1 7 6 3 5 0
50 42 8 4 2 0 7 3 5 1 6
50 42 8 2 0 7 4 6 1 3 5
50 42 8 2 7 5 4 0 3 1 6
50 42 8 2 0 5 4 3 7 1 6
50 42 8 6 2 0 7 1 3 5 4
50 42 8 4 0 3 7 1 2 5 6
50 42 8 4 3 7 6 1 2 0 5
50 42 8 4 1 7 6 2 3 0 5
50 42 8 4 2 7 6 1 3 0 5
50 42 8 7 5 0 4 3 2 6 1
50 42 8 6 3 1 7 4 2 5 0
50 42 8 0 1 2 7 4 3 5 6
50 42 8 1 5 4 0 3 7 2 6
50 42 8 1 2 4 0 6 5 7 3
50 42 8 0 2 4 1 6 3 7 5
50 42 8 1 2 4 6 0 3 7 5
50 42 8 1 0 7 4 2 6 3 5
50 42 8 1 2 7 0 4 6 3 5
50 42 8 0 2 6 4 3 5 7 1
50 43 7 2 1 4 3 5 0 7 6
50 43 7 3 2 7 4 6 5 0 1
50 43 7 6 2 5 4 1 3 0 7
50 43 7 1 2 6 0 4 3 5 7
50 43 7 1 2 5 6 4 3 0 7
50 43 7 1 2 7 3 6 0 5 4
50 43 7 0 2 1 4 3 5 6 7
50 43 7 6 3 0 4 1 2 7 5
50 43 7 6 3 0 7 1 2 5 4
50 43 7 6 1 0 4 2 3 7 5
50 43 7 6 1 0 7 2 3 5 4
50 43 7 2 1 5 7 6 3 0 4
50 43 7 4 2 5 7 1 3 0 6
50 43 7 4 2 1 6 3 0 7 5
50 43 7 4 1 6 5 3 2 7 0
50 43 7 3 2 1 7 0 4 5 6
50 43 7 1 0 2 6 3 5 7 4
50 43 7 0 1 7 4 2 6 5 3
50 43 7 2 1 7 4 3 6 5 0
50 43 7 1 7 0 4 6 3 5 2
50 43 7 1 3 7 4 6 0 5 2
50 43 7 1 6 7 4 2 0 5 3
50 43 7 1 6 7 4 3 2 5 0
50 43 7 1 2 7 0 4 3 6 5
50 43 7 1 0 2 5 4 3 7 6
50 43 7 3 1 6 7 2 5 0 4
50 43 7 0 1 2 7 3 5 6 4
50 43 7 0 2 7 4 5 6 3 1
50 44 6 1 3 5 4 7 0 2 6
50 44 6 1 7 5 6 4 3 2 0
50 44 6 2 3 7 4 1 5 6 0
50 44 6 2 1 5 4 6 3 7 0
50 44 6 2 7 5 4 1 3 6 0
50 44 6 6 1 5 7 4 2 3 0
50 44 6 3 1 2 4 5 0 7 6
50 44 6 6 2 1 4 3 7 5 0
50 44 6 1 2 6 7 3 5 4 0
50 44 6 1 2 6 4 0 3 5 7
50 44 6 3 2 1 4 6 5 7 0
50 44 6 1 7 0 4 2 6 5 3
50 44 6 3 7 5 0 2 1 6 4
50 44 6 0 2 7 4 1 6 5 3
50 45 5 4 3 5 7 2 1 0 6
50 45 5 1 2 5 7 6 3 4 0
50 45 5 1 2 5 4 0 6 3 7
50 45 5 1 2 7 4 6 5 3 0
50 45 5 1 2 0 4 6 5 7 3
50 45 5 1 0 5 3 2 7 6 4
50 45 5 1 7 5 0 2 3 6 4
50 47 3 1 2 4 3 5 6 7 0
51 40 11 2 7 4 6 3 0 5 1
51 40 11 0 7 4 3 6 2 5 1
51 40 11 3 7 4 2 0 1 5 6
51 41 10 3 4 7 0 1 2 5 6
51 41 10 6 4 7 3 1 2 5 0
51 41 10 6 7 4 3 1 2 5 0
51 41 10 2 1 4 6 3 0 7 5
51 41 10 3 2 7 1 6 0 5 4
51 41 10 4 1 7 0 6 3 2 5
51 41 10 4 6 7 0 3 1 2 5
51 41 10 6 2 7 3 0 1 5 4
51 41 10 6 2 7 5 3 1 0 4
51 41 10 6 2 7 0 4 1 5 3
51 41 10 6 1 5 3 0 2 7 4
51 41 10 6 1 5 0 4 2 7 3
51 41 10 4 2 0 6 3 1 5 7
51 41 10 6 0 7 4 2 3 5 1
51 41 10 6 2 7 0 4 3 5 1
51 41 10 6 1 0 4 2 5 3 7
51 41 10 0 1 7 4 2 5 3 6
51 41 10 6 0 1 4 2 3 5 7
51 41 10 6 2 1 0 4 3 5 7
51 42 9 6 7 4 1 3 2 0 5
51 42 9 0 1 4 3 7 2 5 6
51 42 9 0 2 7 3 4 1 5 6
51 42 9 4 1 7 2 3 5 6 0
51 42 9 6 1 4 2 3 5 7 0
51 42 9 0 3 7 1 4 2 5 6
51 42 9 1 3 7 5 4 2 0 6
51 42 9 2 1 5 4 3 0 7 6
51 42 9 4 3 1 0 6 2 5 7
51 42 9 7 3 1 4 6 2 5 0
51 42 9 4 6 1 7 3 2 5 0
51 42 9 4 6 7 0 2 1 5 3
51 42 9 3 6 7 4 2 1 5 0
51 42 9 3 1 4 7 0 2 5 6
51 42 9 4 3 7 6 0 2 5 1
51 42 9 4 2 7 6 0 3 5 1
51 42 9 0 7 4 1 3 2 6 5
51 42 9 1 7 4 3 0 2 6 5
51 42 9 3 0 5 4 7 2 6 1
51 42 9 3 7 5 0 4 2 6 1
51 42 9 7 3 1 0 4 2 5 6
51 42 9 2 3 1 7 4 0 5 6
51 42 9 0 7 4 1 2 3 5 6
51 42 9 1 7 4 5 2 3 0 6
51 42 9 1 7 0 4 6 3 2 5
51 42 9 1 0 4 6 2 5 7 3
51 42 9 1 5 2 0 4 3 7 6
51 42 9 1 2 4 7 6 3 0 5
51 43 8 0 6 7 4 1 3 2 5
51 43 8 6 7 0 4 1 3 2 5
51 43 8 6 3 7 4 1 0 2 5
51 43 8 2 1 7 3 5 0 6 4
51 43 8 2 1 7 3 4 5 6 0
51 43 8 2 1 4 3 6 5 7 0
51 43 8 2 1 4 7 3 0 5 6
51 43 8 2 1 0 7 3 5 4 6
51 43 8 4 2 0 7 6 3 5 1
51 43 8 3 0 7 4 6 2 5 1
51 43 8 6 4 1 7 3 2 0 5
51 43 8 6 0 2 4 1 3 5 7
51 43 8 6 2 4 0 1 3 5 7
51 43 8 1 0 2 6 4 3 5 7
51 43 8 2 5 1 4 3 0 6 7
51 43 8 2 1 6 4 3 0 5 7
51 43 8 6 1 7 4 2 0 3 5
51 43 8 2 0 1 7 6 3 5 4
51 43 8 4 0 2 7 1 3 5 6
51 43 8 4 7 0 5 3 2 6 1
51 43 8 0 4 1 6 3 2 7 5
51 43 8 0 1 6 4 3 2 7 5
51 43 8 3 2 1 7 4 5 0 6
51 43 8 3 6 1 4 2 0 5 7
51 43 8 3 6 1 4 7 2 5 0
51 43 8 0 1 5 4 6 3 2 7
51 43 8 6 1 5 4 7 3 2 0
51 43 8 0 6 5 4 3 1 2 7
51 43 8 6 5 0 4 3 1 2 7
51 43 8 7 0 5 4 1 3 2 6
51 43 8 3 1 5 4 0 7 2 6
51 43 8 1 2 7 5 0 3 6 4
51 43 8 7 1 5 0 4 2 6 3
51 43 8 2 1 5 7 4 0 6 3
51 43 8 0 2 5 4 6 3 7 1
51 44 7 2 1 0 7 4 5 6 3
51 44 7 4 2 7 5 3 1 6 0
51 44 7 4 2 0 5 3 1 7 6
51 44 7 2 0 1 7 3 4 5 6
51 44 7 4 1 0 7 3 5 6 2
51 44 7 6 3 7 4 2 0 5 1
51 44 7 2 7 5 4 0 3 6 1
51 44 7 2 7 5 4 3 6 0 1
51 44 7 2 0 5 4 3 7 6 1
51 44 7 6 1 4 7 2 0 5 3
51 44 7 1 5 0 4 7 3 2 6
51 44 7 3 2 4 6 0 5 7 1
51 44 7 4 1 5 7 6 2 0 3
51 44 7 2 1 7 4 6 5 3 0
51 44 7 2 1 0 4 6 5 7 3
51 44 7 2 3 0 4 1 5 7 6
51 44 7 6 7 5 4 1 2 3 0
51 44 7 4 1 7 6 2 5 3 0
51 44 7 1 2 7 5 0 4 3 6
51 44 7 4 0 7 5 2 1 6 3
51 44 7 6 1 5 7 4 0 2 3
51 44 7 2 1 5 7 4 0 3 6
51 44 7 1 2 7 3 0 4 5 6
51 44 7 1 2 7 3 4 5 0 6
51 44 7 4 2 1 5 0 3 7 6
51 44 7 3 1 2 4 6 5 7 0
51 44 7 6 2 0 4 3 7 1 5
51 44 7 1 2 6 7 3 0 5 4
51 44 7 1 7 0 4 6 2 3 5
51 44 7 1 2 4 3 6 5 0 7
51 44 7 3 2 1 4 6 7 0 5
51 44 7 1 0 6 4 3 2 5 7
51 44 7 1 2 4 7 0 5 6 3
51 44 7 1 3 7 4 0 5 6 2
51 44 7 1 3 0 4 2 5 6 7
51 45 6 4 3 7 5 1 2 6 0
51 45 6 4 1 7 5 2 3 6 0
51 45 6 1 0 5 4 3 2 6 7
51 45 6 0 4 5 7 1 2 6 3
51 45 6 4 2 5 7 1 0 6 3
51 45 6 3 2 4 1 5 0 7 6
51 45 6 3 6 1 4 5 2 7 0
51 45 6 3 2 4 6 1 5 7 0
51 45 6 1 7 4 0 2 5 6 3
51 45 6 1 5 7 4 2 6 0 3
51 45 6 3 1 7 4 5 6 0 2
51 45 6 1 2 5 7 6 0 3 4
51 45 6 1 7 5 3 2 6 0 4
51 45 6 1 2 5 0 4 3 6 7
51 45 6 1 2 5 7 0 3 6 4
51 46 5 3 1 4 7 2 5 6 0
51 46 5 1 7 4 3 2 5 6 0
51 46 5 1 2 7 3 5 6 0 4
51 46 5 3 2 7 4 5 6 0 1
51 46 5 1 0 3 4 2 5 7 6
52 41 11 2 4 7 3 1 0 5 6
52 41 11 3 0 4 1 7 2 5 6
52 41 11 2 7 4 3 1 0 5 6
52 42 10 6 7 4 1 0 2 5 3
52 42 10 6 0 4 3 1 2 7 5
52 42 10 3 2 7 5 4 1 0 6
52 42 10 4 2 7 3 0 5 6 1
52 42 10 4 2 7 6 3 5 0 1
52 42 10 5 1 7 2 3 0 6 4
52 42 10 5 1 4 2 3 0 7 6
52 42 10 2 3 1 4 6 0 5 7
52 42 10 7 6 1 0 3 2 5 4
52 42 10 2 6 1 7 3 0 5 4
52 42 10 4 2 1 0 7 3 5 6
52 42 10 6 2 7 5 1 3 0 4
52 42 10 0 1 4 7 6 2 5 3
52 42 10 4 3 0 6 1 2 5 7
52 42 10 0 3 7 6 1 2 5 4
52 42 10 4 1 7 6 0 3 5 2
52 42 10 4 1 0 6 2 3 5 7
52 42 10 0 1 7 6 2 3 5 4
52 42 10 4 2 0 6 1 3 5 7
52 42 10 1 7 4 2 0 3 5 6
52 42 10 0 7 5 4 6 3 2 1
52 43 9 2 7 4 1 0 3 5 6
52 43 9 2 7 4 1 3 5 0 6
52 43 9 2 0 4 1 3 7 5 6
52 43 9 6 4 1 0 3 2 5 7
52 43 9 6 4 1 7 0 2 5 3
52 43 9 0 1 4 2 3 5 6 7
52 43 9 3 7 4 6 1 2 0 5
52 43 9 2 7 4 6 3 1 0 5
52 43 9 4 7 5 3 0 2 6 1
52 43 9 4 7 5 0 1 3 2 6
52 43 9 6 7 5 4 1 3 2 0
52 43 9 4 1 5 0 3 7 2 6
52 43 9 6 1 5 4 3 7 2 0
52 43 9 2 0 7 4 1 6 5 3
52 43 9 1 2 0 5 4 3 6 7
52 43 9 4 1 7 3 0 5 6 2
52 43 9 4 1 0 3 2 5 6 7
52 43 9 6 0 1 4 2 3 7 5
52 43 9 6 2 1 0 4 3 7 5
52 44 8 6 1 0 7 4 3 2 5
52 44 8 6 1 7 5 4 3 2 0
52 44 8 2 1 7 6 3 5 4 0
52 44 8 2 7 0 4 1 5 6 3
52 44 8 2 5 7 4 1 0 6 3
52 44 8 4 2 7 3 6 1 5 0
52 44 8 4 2 7 5 3 0 1 6
52 44 8 7 4 1 6 3 2 5 0
52 44 8 2 4 1 7 0 3 5 6
52 44 8 2 4 1 7 3 5 0 6
52 44 8 6 1 7 4 3 0 5 2
52 44 8 7 6 1 4 3 2 0 5
52 44 8 0 1 5 4 7 3 2 6
52 44 8 1 7 0 5 4 3 2 6
52 44 8 2 0 4 6 3 5 7 1
52 44 8 6 2 4 0 3 5 7 1
52 44 8 3 0 7 6 2 1 5 4
52 44 8 3 0 1 5 6 2 7 4
52 44 8 4 0 1 7 6 2 5 3
52 44 8 2 7 0 4 6 1 5 3
52 44 8 2 1 5 4 6 0 3 7
52 44 8 3 0 1 6 4 2 7 5
52 44 8 3 1 6 0 4 2 7 5
52 44 8 6 7 5 4 1 0 2 3
52 44 8 4 1 0 6 2 5 7 3
52 44 8 0 4 7 6 2 1 5 3
52 44 8 4 7 0 6 2 1 5 3
52 44 8 2 7 5 4 1 0 3 6
52 44 8 1 0 7 5 4 2 3 6
52 44 8 4 1 7 5 2 6 0 3
52 44 8 4 2 1 5 3 7 0 6
52 44 8 0 1 7 4 6 2 3 5
52 44 8 1 2 0 3 6 5 7 4
52 44 8 3 0 5 7 1 2 6 4
52 44 8 3 7 5 4 0 1 6 2
52 44 8 0 7 5 4 2 1 6 3
52 44 8 1 0 7 4 2 6 5 3
52 44 8 1 2 7 0 4 6 5 3
52 44 8 0 3 7 4 2 5 6 1
52 45 7 5 1 7 4 3 6 0 2
52 45 7 4 3 7 1 2 0 5 6
52 45 7 6 0 3 4 1 2 5 7
52 45 7 6 3 5 4 1 2 0 7
52 45 7 6 1 5 4 2 3 0 7
52 45 7 4 2 7 5 1 3 6 0
52 45 7 4 2 0 5 1 3 7 6
52 45 7 2 0 1 4 3 6 5 7
52 45 7 1 0 4 7 3 2 5 6
52 45 7 2 1 4 7 6 3 5 0
52 45 7 1 2 7 6 4 0 5 3
52 45 7 1 0 7 5 4 2 6 3
52 45 7 6 1 7 3 2 5 4 0
52 45 7 6 2 1 5 3 0 7 4
52 45 7 1 7 3 0 4 2 5 6
52 45 7 1 7 5 3 4 2 0 6
52 45 7 4 1 3 0 2 5 7 6
52 45 7 4 7 5 3 2 1 0 6
52 45 7 3 1 5 4 0 2 6 7
52 45 7 4 5 0 7 1 2 6 3
52 45 7 1 2 7 5 3 0 6 4
52 45 7 1 7 4 6 2 5 0 3
52 45 7 1 0 4 6 2 7 5 3
52 45 7 3 2 4 1 6 5 7 0
52 45 7 2 3 1 4 0 5 7 6
52 45 7 3 5 1 4 0 2 7 6
52 45 7 6 3 1 4 0 2 7 5
52 45 7 3 6 1 4 2 0 7 5
52 45 7 0 3 2 4 1 5 7 6
52 45 7 3 5 2 4 1 0 7 6
52 45 7 6 2 1 0 3 5 7 4
52 45 7 6 2 1 4 0 5 7 3
52 45 7 4 0 3 7 2 1 5 6
52 45 7 4 3 7 6 2 1 0 5
52 45 7 1 7 6 4 2 5 0 3
52 45 7 1 5 7 4 0 2 6 3
52 45 7 3 1 7 0 5 6 2 4
52 45 7 1 0 5 4 6 2 3 7
52 45 7 1 7 5 4 0 3 6 2
52 46 6 4 1 5 3 2 0 6 7
52 46 6 4 1 5 3 7 2 6 0
52 46 6 7 1 5 4 3 2 6 0
52 46 6 2 1 5 7 0 3 6 4
52 46 6 2 0 5 7 3 1 6 4
52 46 6 1 7 4 5 2 0 6 3
52 46 6 4 2 1 6 3 5 7 0
52 46 6 5 2 1 4 0 3 7 6
52 46 6 0 3 1 4 2 5 6 7
52 46 6 6 3 0 7 2 1 5 4
52 46 6 1 0 7 4 3 6 2 5
52 46 6 1 5 2 4 3 6 0 7
52 46 6 3 2 0 4 6 1 7 5
52 46 6 1 0 5 7 4 3 2 6
52 46 6 1 3 2 7 6 0 5 4
52 46 6 1 0 2 7 4 5 6 3
52 46 6 1 3 4 0 2 5 7 6
52 47 5 1 2 5 4 7 6 0 3
52 47 5 2 1 7 4 5 6 3 0
52 47 5 2 1 0 4 5 6 7 3
52 47 5 1 2 5 7 0 4 3 6
52 47 5 0 4 5 7 2 1 6 3
52 47 5 0 1 2 4 5 6 7 3
52 47 5 1 6 2 4 5 0 7 3
52 48 4 4 3 5 7 1 2 6 0
52 48 4 4 1 5 7 2 3 6 0
52 48 4 1 2 6 4 5 0 7 3
52 49 3 1 2 3 4 5 6 0 7
53 42 11 6 7 0 1 3 2 5 4
53 42 11 3 4 1 0 7 2 5 6
53 43 10 2 0 7 3 1 5 6 4
53 43 10 2 0 4 3 1 5 7 6
53 43 10 4 2 7 5 6 3 0 1
53 43 10 6 4 0 7 3 2 5 1
53 43 10 2 1 4 3 0 5 6 7
53 43 10 6 3 7 1 0 2 5 4
53 43 10 6 3 7 5 1 2 0 4
53 43 10 6 1 7 5 2 3 0 4
53 43 10 2 7 4 6 0 1 5 3
53 43 10 4 7 5 6 3 2 0 1
53 43 10 4 1 6 3 0 2 7 5
53 43 10 6 0 5 4 1 3 2 7
53 43 10 6 1 5 0 4 3 2 7
53 43 10 7 1 5 4 3 0 2 6
53 43 10 2 1 7 0 4 6 5 3
53 43 10 1 6 7 0 4 2 5 3
53 43 10 0 2 7 5 4 3 6 1
53 44 9 0 1 7 2 4 5 6 3
53 44 9 2 0 7 6 4 3 5 1
53 44 9 7 6 1 4 0 2 5 3
53 44 9 0 7 5 1 4 3 2 6
53 44 9 1 7 5 2 4 3 0 6
53 44 9 5 2 4 6 3 0 7 1
53 44 9 3 1 7 0 6 2 4 5
53 44 9 4 1 5 6 0 2 7 3
53 44 9 0 2 4 3 6 5 7 1
53 44 9 3 1 5 0 7 2 6 4
53 44 9 3 2 1 0 4 5 7 6
53 44 9 0 2 4 7 3 5 6 1
53 44 9 3 7 0 4 2 1 6 5
53 45 8 5 1 7 4 0 3 6 2
53 45 8 5 0 7 4 3 1 6 2
53 45 8 1 0 4 3 6 2 5 7
53 45 8 4 3 7 1 6 2 5 0
53 45 8 4 3 7 5 1 0 2 6
53 45 8 4 3 0 5 1 2 7 6
53 45 8 6 3 4 0 1 2 5 7
53 45 8 4 1 7 5 2 0 3 6
53 45 8 4 1 0 5 2 3 7 6
53 45 8 6 1 4 0 2 3 5 7
53 45 8 1 0 7 2 6 3 5 4
53 45 8 4 2 7 1 3 0 5 6
53 45 8 4 2 7 5 1 0 3 6
53 45 8 2 6 1 4 0 3 5 7
53 45 8 2 6 1 4 3 5 0 7
53 45 8 3 1 7 5 0 6 2 4
53 45 8 4 1 7 6 5 3 2 0
53 45 8 3 1 7 6 0 4 2 5
53 45 8 3 6 7 4 1 2 0 5
53 45 8 2 7 4 6 1 3 5 0
53 45 8 3 1 7 4 0 2 6 5
53 45 8 1 7 0 6 4 2 5 3
53 45 8 6 1 0 3 2 5 7 4
53 45 8 0 6 7 3 2 1 5 4
53 45 8 6 7 0 3 2 1 5 4
53 45 8 0 6 1 5 3 2 7 4
53 45 8 0 6 1 7 4 2 5 3
53 45 8 6 2 1 7 4 0 5 3
53 45 8 4 1 5 6 0 3 2 7
53 45 8 4 0 5 6 3 1 2 7
53 45 8 4 0 1 3 2 5 7 6
53 45 8 4 7 3 0 2 1 5 6
53 45 8 3 4 1 5 0 2 7 6
53 45 8 1 7 4 6 0 3 2 5
53 45 8 1 0 4 6 3 7 2 5
53 45 8 1 0 7 6 3 2 4 5
53 45 8 1 7 6 0 3 2 4 5
53 45 8 6 1 2 4 3 5 0 7
53 45 8 6 1 2 0 3 5 7 4
53 45 8 6 1 2 4 0 5 7 3
53 45 8 6 2 4 3 1 5 7 0
53 45 8 4 3 1 0 2 5 7 6
53 45 8 6 3 1 4 2 5 7 0
53 45 8 3 5 1 4 2 7 0 6
53 45 8 5 3 1 4 6 2 7 0
53 45 8 6 2 0 4 3 5 7 1
53 45 8 3 1 0 4 5 6 2 7
53 45 8 0 1 7 4 5 6 2 3
53 45 8 1 7 0 4 2 3 6 5
53 45 8 0 7 5 4 2 3 6 1
53 45 8 1 2 0 7 4 3 6 5
53 45 8 0 2 5 7 4 3 6 1
53 46 7 3 7 4 5 1 2 6 0
53 46 7 2 7 4 5 3 1 6 0
53 46 7 3 1 7 4 0 6 5 2
53 46 7 4 1 7 3 2 0 6 5
53 46 7 3 1 7 5 2 0 6 4
53 46 7 4 1 2 6 3 5 7 0
53 46 7 5 1 2 4 0 3 7 6
53 46 7 5 0 2 4 3 1 7 6
53 46 7 0 1 5 3 4 2 6 7
53 46 7 3 1 5 6 4 2 7 0
53 46 7 3 2 1 5 4 0 7 6
53 46 7 2 1 5 7 3 6 0 4
53 46 7 3 2 0 7 1 5 6 4
53 46 7 4 2 0 1 3 5 7 6
53 46 7 5 2 1 4 3 7 0 6
53 46 7 5 0 1 4 3 2 7 6
53 46 7 3 0 7 4 5 1 6 2
53 46 7 3 5 1 4 2 0 6 7
53 46 7 1 2 4 7 0 3 5 6
53 46 7 1 0 2 7 3 5 4 6
53 46 7 1 2 7 0 3 5 4 6
53 46 7 0 4 1 7 3 2 6 5
53 46 7 4 2 1 7 3 0 6 5
53 46 7 6 3 7 4 2 0 1 5
53 46 7 6 3 0 4 2 1 7 5
53 46 7 1 7 0 3 2 5 4 6
53 46 7 1 4 0 3 2 7 5 6
53 46 7 3 0 5 4 2 7 1 6
53 46 7 1 5 2 4 0 3 6 7
53 46 7 3 2 7 4 6 0 1 5
53 46 7 4 1 5 7 6 3 0 2
53 46 7 3 4 5 7 0 1 2 6
53 46 7 0 5 1 4 2 3 7 6
53 46 7 2 5 1 4 6 3 7 0
53 46 7 1 0 7 3 5 2 6 4
53 46 7 1 2 6 7 4 5 0 3
53 46 7 3 0 7 4 5 2 6 1
53 46 7 6 0 2 4 3 1 7 5
53 46 7 6 2 4 0 3 1 7 5
53 47 6 2 0 1 4 3 6 7 5
53 47 6 5 2 7 4 1 6 0 3
53 47 6 3 1 6 4 2 5 7 0
53 47 6 4 1 0 7 2 5 6 3
53 47 6 6 1 5 7 2 0 4 3
53 47 6 3 7 5 1 2 0 6 4
53 47 6 6 1 0 4 5 3 7 2
53 47 6 1 3 2 4 0 6 5 7
53 47 6 1 7 5 4 6 2 3 0
53 47 6 1 3 0 4 6 2 7 5
53 47 6 1 3 0 7 6 2 5 4
53 47 6 1 2 5 4 0 7 6 3
53 47 6 0 2 1 4 3 6 5 7
53 47 6 3 2 1 4 7 6 5 0
53 47 6 0 1 5 7 3 4 2 6
53 47 6 3 1 5 7 6 4 2 0
53 47 6 1 2 6 0 4 3 7 5
53 47 6 1 0 5 4 2 7 3 6
53 47 6 1 0 5 7 4 2 3 6
53 47 6 1 2 4 6 5 7 0 3
53 47 6 1 0 4 6 5 2 7 3
53 47 6 4 5 0 7 2 1 6 3
53 47 6 0 2 4 1 5 6 7 3
53 48 5 4 3 7 5 2 1 6 0
53 48 5 5 2 7 4 3 6 1 0
53 48 5 5 2 0 4 3 6 7 1
53 48 5 1 3 5 7 4 2 0 6
53 48 5 1 2 5 4 3 0 7 6
53 48 5 1 2 7 4 3 6 0 5
53 48 5 1 3 2 7 0 4 5 6
53 48 5 1 3 2 4 0 6 7 5
53 48 5 4 1 5 7 2 6 3 0
53 48 5 1 2 5 7 4 0 6 3
53 48 5 1 2 0 7 5 6 3 4
53 49 4 1 2 0 4 5 3 7 6
53 49 4 3 2 1 4 5 6 7 0
53 49 4 1 3 0 7 2 5 6 4
53 50 3 4 3 5 7 2 1 6 0
53 52 1 1 2 3 4 5 6 7 0