0 0 0 3 7 6 2 0 4 1 5
14 0 14 3 7 6 2 5 4 1 0
15 0 15 3 7 6 0 2 4 1 5
17 0 17 3 7 6 2 4 0 1 5
18 0 18 0 7 6 2 3 4 1 5
19 0 19 3 0 6 2 7 4 1 5
24 15 9 3 7 6 5 2 4 1 0
28 14 14 3 7 6 0 5 4 1 2
29 14 15 3 7 6 2 5 4 0 1
29 15 14 3 7 0 6 2 4 1 5
29 15 14 3 7 6 1 2 4 0 5
30 14 16 3 7 0 2 5 4 1 6
31 15 16 0 7 6 3 2 4 1 5
33 14 19 0 7 6 2 5 4 1 3
33 17 16 3 7 6 2 4 1 0 5
34 17 17 3 0 6 2 4 7 1 5
35 18 17 7 0 6 2 3 4 1 5
35 18 17 2 7 6 0 3 4 1 5
35 18 17 5 7 6 2 3 4 1 0
35 24 11 3 7 6 5 2 4 0 1
36 19 17 0 3 6 2 7 4 1 5
36 19 17 3 6 0 2 7 4 1 5
36 19 17 3 4 6 2 7 0 1 5
36 24 12 3 7 0 5 2 4 1 6
37 18 19 4 7 6 2 3 0 1 5
38 24 14 3 7 6 5 0 4 1 2
39 24 15 0 7 6 5 2 4 1 3
39 29 10 3 7 6 1 2 4 5 0
40 29 11 3 7 0 1 2 4 6 5
42 29 13 3 0 7 6 2 4 1 5
42 29 13 3 7 1 6 2 4 0 5
43 28 15 3 7 0 6 5 4 1 2
43 28 15 3 7 6 1 5 4 0 2
43 29 14 3 7 0 2 5 4 6 1
43 29 14 3 7 6 1 2 0 4 5
43 30 13 3 0 7 2 5 4 1 6
43 30 13 3 7 2 0 5 4 1 6
43 30 13 3 7 1 2 5 4 0 6
44 28 16 0 7 6 3 5 4 1 2
44 31 13 5 7 6 3 2 4 1 0
45 29 16 3 7 6 2 5 0 4 1
45 31 14 7 0 6 3 2 4 1 5
45 35 10 3 7 0 5 2 4 6 1
45 36 9 3 0 7 5 2 4 1 6
45 36 9 3 7 5 0 2 4 1 6
45 36 9 3 7 1 5 2 4 0 6
46 31 15 2 7 6 3 0 4 1 5
47 33 14 3 7 6 2 4 1 5 0
48 33 15 3 7 0 2 4 1 6 5
48 35 13 2 7 6 5 3 4 1 0
48 35 13 3 7 6 5 2 0 4 1
49 33 16 7 0 6 2 5 4 1 3
49 33 16 5 7 6 2 0 4 1 3
49 33 16 2 7 6 0 5 4 1 3
50 31 19 4 7 6 3 2 0 1 5
50 40 10 3 0 7 1 2 4 6 5
51 33 18 4 7 6 2 5 0 1 3
51 34 17 0 3 6 2 4 7 1 5
51 34 17 3 6 0 2 4 7 1 5
51 35 16 2 7 0 6 3 4 1 5
51 35 16 5 7 6 0 3 4 1 2
51 36 15 7 3 6 2 0 4 1 5
51 36 15 5 3 6 2 7 4 1 0
51 39 12 7 0 6 5 2 4 1 3
51 40 11 3 7 1 0 2 4 6 5
52 35 17 7 6 0 2 3 4 1 5
52 35 17 7 4 6 2 3 0 1 5
52 35 17 2 7 6 1 3 4 0 5
52 35 17 5 7 6 2 3 4 0 1
52 36 16 2 3 6 0 7 4 1 5
52 36 16 3 6 2 0 7 4 1 5
52 36 16 3 6 1 2 7 4 0 5
52 36 16 3 4 6 2 0 7 1 5
52 36 16 3 4 6 2 7 1 0 5
52 38 14 3 7 6 5 4 0 1 2
52 39 13 3 7 6 0 2 4 5 1
52 39 13 3 7 0 1 2 4 5 6
52 45 7 3 7 1 5 2 4 6 0
53 35 18 5 7 0 2 3 4 1 6
53 37 16 4 7 6 2 3 1 0 5
53 37 16 4 0 6 2 3 7 1 5
53 39 14 2 7 6 5 0 4 1 3
53 39 14 5 7 6 0 2 4 1 3
53 42 11 3 7 1 6 2 4 5 0
54 36 18 4 3 6 2 7 0 1 5
54 37 17 4 7 6 2 0 3 1 5
54 38 16 0 7 6 5 3 4 1 2
54 38 16 3 0 6 5 7 4 1 2
54 39 15 3 7 6 1 0 4 5 2
54 43 11 3 7 1 2 5 4 6 0
54 45 9 3 0 7 5 2 4 6 1
54 45 9 3 7 5 0 2 4 6 1
54 45 9 0 3 7 5 2 4 1 6
54 45 9 3 7 5 6 2 4 1 0
55 39 16 0 7 6 1 2 4 5 3
55 42 13 0 3 7 6 2 4 1 5
55 43 12 3 7 6 1 5 4 2 0
55 43 12 3 7 0 1 5 4 6 2
55 43 12 3 7 2 6 5 4 1 0
55 45 10 3 7 5 1 2 4 0 6
56 39 17 4 7 6 5 2 0 1 3
56 43 13 3 0 7 2 5 4 6 1
56 43 13 3 7 2 0 5 4 6 1
56 43 13 0 3 7 2 5 4 1 6
56 45 11 3 4 7 5 2 0 1 6
56 45 11 3 7 1 5 2 0 4 6
57 42 15 3 4 7 6 2 0 1 5
57 42 15 3 7 1 6 2 0 4 5
57 43 14 3 0 7 6 5 4 1 2
57 43 14 3 7 1 6 5 4 0 2
57 43 14 3 0 6 1 2 7 4 5
57 43 14 3 7 2 5 0 4 1 6
57 43 14 3 7 2 1 5 4 0 6
57 44 13 2 7 6 3 5 4 1 0
57 44 13 5 7 6 3 2 4 0 1
57 45 12 0 7 5 3 2 4 1 6
58 43 15 3 7 6 1 5 0 4 2
58 43 15 3 7 6 1 0 2 4 5
58 43 15 3 4 7 2 5 0 1 6
58 43 15 0 7 2 3 5 4 1 6
58 43 15 3 7 1 2 5 0 4 6
58 44 14 7 0 6 3 5 4 1 2
58 44 14 5 7 0 3 2 4 1 6
59 44 15 5 7 6 3 0 4 1 2
59 45 14 7 6 0 3 2 4 1 5
59 45 14 3 7 5 2 0 4 1 6
60 44 16 4 7 6 3 5 0 1 2
60 45 15 3 0 6 2 5 7 4 1
60 50 10 0 3 7 1 2 4 6 5
60 54 6 3 7 5 1 2 4 6 0
61 45 16 7 4 6 3 2 0 1 5
61 48 13 3 0 6 5 2 7 4 1
62 45 17 3 7 6 2 0 5 4 1
62 46 16 2 7 6 3 4 0 1 5
62 47 15 3 7 6 0 4 1 5 2
62 48 14 3 0 7 2 4 1 6 5
62 48 14 3 7 2 0 4 1 6 5
62 48 14 3 7 6 5 0 2 4 1
62 50 12 3 4 7 1 2 0 6 5
62 52 10 3 0 7 1 2 4 5 6
63 46 17 2 0 6 3 7 4 1 5
63 48 15 2 7 6 5 3 4 0 1
63 51 12 7 6 0 5 2 4 1 3
63 52 11 2 3 6 5 7 4 1 0
63 52 11 3 7 1 0 2 4 5 6
63 54 9 0 3 7 5 2 4 6 1
63 54 9 6 3 7 5 2 4 1 0
64 47 17 3 7 0 2 4 1 5 6
64 48 16 2 7 0 5 3 4 1 6
64 49 15 2 7 0 6 5 4 1 3
64 51 13 7 3 6 2 5 4 1 0
64 52 12 3 6 2 5 7 4 1 0
64 52 12 3 7 1 5 0 4 6 2
64 54 10 2 3 7 5 0 4 1 6
64 54 10 5 3 7 0 2 4 1 6
65 47 18 3 7 6 2 0 1 5 4
65 49 16 7 6 0 2 5 4 1 3
65 49 16 7 4 6 2 5 0 1 3
65 49 16 2 7 6 1 5 4 0 3
65 51 14 7 3 6 0 2 4 1 5
65 51 14 5 3 6 0 7 4 1 2
65 51 14 7 4 6 5 2 0 1 3
65 51 14 0 7 1 3 2 4 6 5
65 52 13 3 4 6 2 5 7 1 0
65 52 13 3 7 6 5 4 1 0 2
65 52 13 0 7 1 5 2 4 6 3
65 54 11 3 4 7 5 2 0 6 1
65 54 11 3 7 5 6 2 4 0 1
65 55 10 3 7 5 1 2 0 4 6
66 49 17 5 7 6 2 4 0 1 3
66 50 16 4 7 6 3 0 2 1 5
66 50 16 4 7 6 3 2 1 0 5
66 50 16 4 0 6 3 2 7 1 5
66 51 15 4 7 6 2 5 1 0 3
66 51 15 4 0 6 2 5 7 1 3
66 51 15 4 3 6 2 0 7 1 5
66 51 15 5 3 6 2 4 7 1 0
66 51 15 2 7 1 6 3 4 0 5
66 51 15 5 3 6 2 7 4 0 1
66 51 15 5 3 6 2 0 4 1 7
66 52 14 2 7 6 1 3 4 5 0
66 52 14 2 3 6 7 0 4 1 5
66 52 14 3 6 1 2 7 4 5 0
66 52 14 3 0 6 5 4 7 1 2
66 52 14 3 7 0 6 2 4 5 1
66 54 12 3 7 1 0 5 4 6 2
66 54 12 0 7 5 3 2 4 6 1
66 55 11 5 3 7 6 2 4 1 0
66 55 11 3 0 7 1 5 4 6 2
66 56 10 3 7 2 1 5 4 6 0
66 56 10 3 4 7 5 2 1 0 6
67 47 20 0 7 6 2 4 1 5 3
67 51 16 2 3 6 0 4 7 1 5
67 51 16 3 6 2 0 4 7 1 5
67 51 16 3 6 1 2 4 7 0 5
67 51 16 2 0 7 6 3 4 1 5
67 51 16 7 3 6 2 4 0 1 5
67 51 16 5 3 0 2 7 4 1 6
67 51 16 3 7 1 2 0 4 6 5
67 52 15 2 7 0 1 3 4 6 5
67 52 15 2 3 0 6 7 4 1 5
67 52 15 3 6 2 7 0 4 1 5
67 52 15 3 4 6 2 7 1 5 0
67 53 14 5 7 0 6 2 4 1 3
67 53 14 5 7 6 1 2 4 0 3
67 54 13 4 3 7 5 2 0 1 6
67 55 12 1 7 6 0 2 4 5 3
67 55 12 6 3 7 0 2 4 1 5
67 56 11 3 0 1 5 2 7 4 6
67 57 10 7 0 5 3 2 4 1 6
68 49 19 5 0 6 2 7 4 1 3
68 51 17 4 7 6 2 0 5 1 3
68 51 17 5 7 0 6 3 4 1 2
68 51 17 5 7 6 1 3 4 0 2
68 52 16 7 6 2 0 3 4 1 5
68 52 16 7 6 1 2 3 4 0 5
68 52 16 7 4 6 2 3 1 0 5
68 52 16 2 7 6 1 3 0 4 5
68 52 16 5 7 0 2 3 4 6 1
68 52 16 2 3 6 1 7 4 0 5
68 52 16 3 4 0 2 7 1 6 5
68 52 16 0 7 6 3 2 4 5 1
68 53 15 5 0 7 2 3 4 1 6
68 53 15 5 7 2 0 3 4 1 6
68 53 15 5 7 1 2 3 4 0 6
68 53 15 4 7 6 2 3 1 5 0
68 53 15 2 7 6 5 4 0 1 3
68 54 14 4 7 6 2 5 3 1 0
68 54 14 0 3 6 5 7 4 1 2
68 54 14 3 6 0 5 7 4 1 2
68 54 14 3 7 5 2 0 4 6 1
68 54 14 3 7 5 6 0 4 1 2
68 55 13 7 0 6 1 2 4 5 3
68 56 12 5 3 7 2 0 4 1 6
68 56 12 2 3 7 0 5 4 1 6
68 56 12 3 4 7 5 0 2 1 6
68 56 12 3 7 1 5 0 2 4 6
68 57 11 6 7 5 3 2 4 1 0
68 60 8 1 3 7 0 2 4 6 5
68 60 8 5 3 7 1 2 4 6 0
68 63 5 1 3 7 5 2 4 6 0
69 52 17 7 4 6 2 0 3 1 5
69 52 17 0 6 2 3 7 4 1 5
69 52 17 3 6 2 1 7 4 0 5
69 52 17 3 6 1 2 7 0 4 5
69 52 17 0 4 6 2 3 7 1 5
69 52 17 3 4 6 0 2 7 1 5
69 53 16 4 7 0 2 3 1 6 5
69 53 16 4 6 0 2 3 7 1 5
69 53 16 3 7 1 6 0 4 5 2
69 54 15 4 3 6 2 7 1 0 5
69 54 15 7 0 6 5 3 4 1 2
69 54 15 3 7 6 1 4 0 5 2
69 54 15 0 7 5 6 2 4 1 3
69 55 14 2 3 7 6 0 4 1 5
69 55 14 3 7 2 6 5 4 0 1
69 56 13 0 3 7 2 5 4 6 1
69 56 13 6 3 7 2 5 4 1 0
69 57 12 3 7 2 5 6 4 1 0
69 57 12 5 7 0 3 2 4 6 1
69 57 12 2 7 5 3 0 4 1 6
69 58 11 5 0 7 3 2 4 1 6
69 58 11 5 7 3 0 2 4 1 6
69 58 11 5 7 1 3 2 4 0 6
70 52 18 5 7 6 2 3 0 4 1
70 52 18 3 7 6 2 0 4 5 1
70 53 17 2 0 6 5 7 4 1 3
70 53 17 0 7 1 6 2 4 5 3
70 54 16 3 4 6 5 7 0 1 2
70 54 16 3 7 6 0 1 4 5 2
70 55 15 2 7 6 1 0 4 5 3
70 55 15 3 7 6 0 5 4 2 1
70 55 15 3 7 0 1 5 4 2 6
70 56 14 4 7 6 5 2 1 0 3
70 56 14 3 7 2 5 0 4 6 1
70 57 13 3 7 1 6 5 4 2 0
70 57 13 3 7 2 5 4 0 1 6
70 57 13 2 7 6 3 5 4 0 1
71 54 17 4 0 6 2 7 3 1 5
71 54 17 0 7 6 1 3 4 5 2
71 54 17 3 0 6 1 7 4 5 2
71 54 17 0 7 1 2 5 4 6 3
71 55 16 3 7 6 1 0 4 2 5
71 56 15 4 0 6 5 2 7 1 3
71 56 15 3 4 7 2 5 0 6 1
71 56 15 0 7 2 3 5 4 6 1
71 57 14 3 4 7 6 2 1 0 5
71 57 14 0 3 7 6 5 4 1 2
71 57 14 0 3 6 1 2 7 4 5
71 57 14 3 6 0 1 2 7 4 5
71 57 14 3 7 2 1 5 0 4 6
71 58 13 3 7 6 1 5 2 4 0
71 58 13 7 0 2 3 5 4 1 6
71 59 12 3 7 5 2 6 4 1 0
71 60 11 2 3 7 1 0 4 6 5
71 60 11 3 7 5 1 0 4 6 2
72 55 17 4 3 7 6 2 0 1 5
72 55 17 3 7 2 6 0 4 1 5
72 56 16 4 7 6 5 0 2 1 3
72 56 16 4 3 7 2 5 0 1 6
72 57 15 3 0 1 6 2 7 4 5
72 57 15 3 4 7 6 5 0 1 2
72 57 15 3 7 1 6 5 0 4 2
72 57 15 0 7 2 5 3 4 1 6
72 57 15 3 0 2 5 7 4 1 6
72 57 15 2 7 0 3 5 4 1 6
72 57 15 5 7 6 3 2 0 4 1
72 57 15 4 7 5 3 2 0 1 6
72 58 14 3 0 6 1 5 7 4 2
72 58 14 3 4 7 2 5 1 0 6
72 58 14 5 7 2 3 0 4 1 6
72 58 14 6 7 2 3 5 4 1 0
72 58 14 3 0 1 2 5 7 4 6
72 58 14 7 6 0 3 5 4 1 2
72 58 14 7 4 6 3 5 0 1 2
72 59 13 7 6 3 0 2 4 1 5
72 59 13 7 6 1 3 2 4 0 5
72 59 13 3 7 5 2 4 0 1 6
72 60 12 0 7 5 1 2 4 6 3
72 62 10 3 7 2 5 4 1 6 0
72 62 10 0 3 7 1 2 4 5 6
72 63 9 6 3 7 5 2 4 0 1
72 64 8 5 3 0 7 2 4 1 6
73 54 19 0 7 6 2 4 3 1 5
73 54 19 4 7 6 0 2 3 1 5
73 55 18 4 7 6 1 2 0 5 3
73 55 18 0 7 6 1 5 4 2 3
73 55 18 0 7 2 6 5 4 1 3
73 57 16 3 4 7 6 0 2 1 5
73 57 16 3 7 1 6 0 2 4 5
73 58 15 3 7 6 1 0 5 4 2
73 58 15 3 4 7 2 0 5 1 6
73 58 15 4 7 2 3 5 0 1 6
73 58 15 3 7 1 2 0 5 4 6
73 60 13 4 7 6 3 5 1 0 2
73 60 13 4 0 6 3 5 7 1 2
73 63 10 2 3 7 5 0 4 6 1
73 63 10 5 3 7 0 2 4 6 1
73 65 8 7 3 6 5 2 4 1 0
73 66 7 1 7 5 3 2 4 6 0
73 68 5 1 3 7 5 2 4 0 6
74 54 20 4 7 6 5 3 0 1 2
74 59 15 0 7 5 2 3 4 1 6
74 59 15 3 0 5 2 7 4 1 6
74 60 14 4 3 7 1 2 0 6 5
74 61 13 0 3 6 5 2 7 4 1
74 61 13 3 6 0 5 2 7 4 1
74 62 12 3 7 6 5 1 2 4 0
74 62 12 3 4 7 1 2 6 0 5
74 62 12 3 4 7 1 2 0 5 6
74 63 11 7 6 5 0 2 4 1 3
74 63 11 7 6 1 5 2 4 0 3
74 64 10 2 3 7 5 6 4 1 0
74 64 10 5 3 7 1 2 4 0 6
74 66 8 3 4 7 5 2 1 6 0
74 68 6 1 3 0 7 2 4 6 5
75 58 17 3 7 6 0 1 2 4 5
75 59 16 5 7 6 3 4 0 1 2
75 60 15 4 7 6 3 0 5 1 2
75 60 15 0 3 6 2 5 7 4 1
75 60 15 3 6 0 2 5 7 4 1
75 62 13 3 1 7 2 4 0 6 5
75 62 13 3 4 7 1 0 2 6 5
75 63 12 6 3 7 5 0 4 1 2
75 63 12 6 3 0 5 2 4 1 7
75 64 11 2 3 7 5 4 0 1 6
75 65 10 7 0 1 5 2 4 6 3
75 65 10 3 0 5 1 2 7 4 6
76 58 18 0 7 6 1 3 2 4 5
76 58 18 3 0 6 1 7 2 4 5
76 61 15 7 4 6 3 2 1 0 5
76 62 14 0 3 7 2 4 1 6 5
76 63 13 2 3 6 5 7 4 0 1
76 63 13 2 3 6 5 0 4 1 7
76 63 13 4 3 7 5 2 0 6 1
76 64 12 3 7 5 2 4 1 0 6
76 64 12 3 7 1 5 4 0 6 2
76 65 11 5 7 1 3 2 4 6 0
76 65 11 3 4 7 5 2 6 0 1
76 65 11 3 7 5 1 0 2 4 6
76 66 10 2 3 6 7 5 4 1 0
76 66 10 7 0 5 3 2 4 6 1
76 67 9 1 7 6 3 2 4 5 0
76 68 8 1 3 7 5 0 4 6 2
76 68 8 1 3 0 5 2 4 6 7
77 59 18 5 0 6 3 7 4 1 2
77 61 16 7 4 6 3 0 2 1 5
77 62 15 3 7 6 2 1 5 4 0
77 62 15 2 7 6 3 4 1 0 5
77 62 15 2 0 6 3 4 7 1 5
77 62 15 3 7 2 4 0 1 6 5
77 63 14 2 7 0 5 3 4 6 1
77 63 14 2 3 0 5 7 4 1 6
77 63 14 0 7 1 3 2 4 5 6
77 64 13 2 0 7 5 3 4 1 6
77 64 13 2 7 5 0 3 4 1 6
77 64 13 2 7 1 5 3 4 0 6
77 64 13 7 3 6 0 5 4 1 2
77 65 12 2 7 6 1 5 4 3 0
77 65 12 0 3 6 7 2 4 1 5
77 65 12 7 0 1 3 2 4 6 5
77 65 12 3 7 6 5 4 1 2 0
77 65 12 3 7 0 5 4 1 6 2
77 65 12 2 7 1 5 0 4 6 3
77 65 12 5 7 1 0 2 4 6 3
77 65 12 3 4 7 5 0 2 6 1
77 66 11 5 3 7 6 2 4 0 1
77 66 11 0 3 7 1 5 4 6 2
77 67 10 4 3 7 5 2 1 0 6
77 67 10 6 3 0 7 2 4 1 5
77 67 10 3 1 0 5 2 7 4 6
78 62 16 3 7 6 0 2 5 4 1
78 62 16 3 7 0 6 4 1 5 2
78 63 15 0 2 6 3 7 4 1 5
78 63 15 2 6 0 3 7 4 1 5
78 63 15 2 4 6 3 7 0 1 5
78 64 14 3 0 7 2 4 1 5 6
78 64 14 3 7 2 0 4 1 5 6
78 64 14 2 7 1 6 5 4 0 3
78 64 14 7 3 6 2 5 4 0 1
78 64 14 3 6 2 5 7 4 0 1
78 64 14 3 6 2 5 0 4 1 7
78 64 14 0 7 1 5 3 4 6 2
78 64 14 3 0 1 5 7 4 6 2
78 65 13 2 7 0 1 5 4 6 3
78 65 13 7 3 0 6 2 4 1 5
78 65 13 7 3 6 1 2 4 0 5
78 65 13 5 3 6 7 0 4 1 2
78 65 13 7 4 6 5 2 1 0 3
78 65 13 3 7 5 6 2 0 4 1
78 66 12 4 3 6 2 5 7 1 0
78 66 12 2 7 5 3 0 4 6 1
78 66 12 3 4 0 5 2 1 7 6
78 67 11 2 3 6 5 4 7 1 0
78 67 11 3 6 2 7 5 4 1 0
78 67 11 5 7 6 1 2 4 3 0
78 67 11 5 7 0 1 2 4 6 3
78 67 11 1 7 6 5 2 4 0 3
78 67 11 0 3 1 5 2 7 4 6
78 67 11 7 5 0 3 2 4 1 6
78 68 10 3 7 5 2 1 4 6 0
78 68 10 2 3 0 7 5 4 1 6
78 69 9 1 3 7 2 5 4 6 0
79 62 17 3 7 6 4 0 1 5 2
79 62 17 0 7 2 3 4 1 6 5
79 62 17 0 7 6 5 3 2 4 1
79 62 17 3 0 6 5 7 2 4 1
79 62 17 3 7 6 0 5 2 4 1
79 63 16 3 7 1 2 0 4 5 6
79 64 15 2 0 7 6 5 4 1 3
79 64 15 7 3 0 2 5 4 1 6
79 65 14 2 7 1 3 0 4 6 5
79 65 14 3 4 6 2 5 7 0 1
79 65 14 3 4 6 0 5 7 1 2
79 66 13 4 7 6 3 5 2 1 0
79 66 13 4 7 6 2 5 1 3 0
79 66 13 5 3 6 0 2 4 1 7
79 66 13 2 3 6 7 4 0 1 5
79 66 13 3 0 7 6 2 4 5 1
79 66 13 3 4 7 1 5 0 6 2
79 67 12 3 6 2 5 4 7 1 0
79 67 12 4 3 7 5 0 2 1 6
79 67 12 1 7 0 6 2 4 5 3
79 67 12 6 3 7 1 2 4 0 5
79 67 12 7 4 5 3 2 0 1 6
79 68 11 2 3 7 6 5 4 1 0
79 68 11 6 7 5 3 2 4 0 1
79 68 11 6 7 5 0 2 4 1 3
79 68 11 1 3 7 6 2 4 0 5
79 68 11 5 3 7 1 0 4 6 2
79 68 11 5 3 0 1 2 4 6 7
79 72 7 5 3 1 7 2 4 0 6
80 62 18 0 7 6 2 3 5 4 1
80 62 18 0 7 6 3 4 1 5 2
80 62 18 3 7 2 6 4 1 0 5
80 63 17 2 7 6 5 3 0 4 1
80 64 16 0 3 6 2 5 4 1 7
80 65 15 7 6 2 0 5 4 1 3
80 65 15 7 6 1 2 5 4 0 3
80 65 15 7 4 6 2 5 1 0 3
80 65 15 2 7 6 1 5 0 4 3
80 65 15 5 3 0 6 7 4 1 2
80 65 15 5 3 6 1 7 4 0 2
80 65 15 7 4 6 5 0 2 1 3
80 65 15 4 7 1 5 2 0 6 3
80 66 14 4 7 6 3 2 1 5 0
80 66 14 5 3 6 0 4 7 1 2
80 66 14 2 7 1 6 3 4 5 0
80 66 14 5 3 0 2 7 4 6 1
80 66 14 0 3 6 5 4 7 1 2
80 66 14 3 6 0 5 4 7 1 2
80 66 14 5 3 7 6 0 4 1 2
80 66 14 5 3 0 6 2 4 1 7
80 66 14 3 7 2 1 0 4 6 5
80 67 13 5 3 2 0 7 4 1 6
80 67 13 5 3 1 2 7 4 0 6
80 67 13 5 0 7 6 2 4 1 3
80 67 13 5 7 1 6 2 4 0 3
80 67 13 4 0 7 5 2 3 1 6
80 68 12 2 3 6 1 7 4 5 0
80 68 12 7 3 6 5 0 4 1 2
80 68 12 5 3 7 2 6 4 1 0
80 68 12 2 3 7 1 5 4 0 6
80 68 12 3 4 7 5 6 2 1 0
80 68 12 3 7 1 5 6 2 4 0
80 68 12 1 3 7 2 0 4 6 5
80 69 11 3 4 6 5 2 7 1 0
80 69 11 5 0 7 3 2 4 6 1
80 69 11 5 7 3 0 2 4 6 1
80 69 11 0 5 7 3 2 4 1 6
80 69 11 5 7 3 6 2 4 1 0
80 70 10 3 7 2 5 1 4 6 0
80 71 9 2 3 7 1 5 4 6 0
80 72 8 1 7 5 0 2 4 6 3
80 72 8 1 3 7 0 2 4 5 6
80 73 7 1 7 5 3 2 4 0 6
80 73 7 1 3 7 5 2 0 4 6
80 73 7 1 3 0 5 2 4 7 6
81 62 19 3 0 6 2 7 5 4 1
81 65 16 3 7 6 0 2 1 5 4
81 65 16 3 4 0 2 5 7 1 6
81 66 15 4 7 0 3 2 1 6 5
81 66 15 4 7 0 2 5 1 6 3
81 66 15 4 6 0 2 5 7 1 3
81 66 15 5 3 6 2 4 7 0 1
81 66 15 5 3 6 2 4 0 1 7
81 66 15 3 6 1 0 7 4 5 2
81 66 15 0 7 1 3 5 4 6 2
81 66 15 4 7 5 3 2 0 6 1
81 67 14 2 3 6 4 0 7 1 5
81 67 14 3 6 1 2 4 7 5 0
81 67 14 2 0 7 1 3 4 6 5
81 67 14 2 0 3 6 7 4 1 5
81 67 14 2 3 1 6 7 4 0 5
81 67 14 3 6 2 7 4 0 1 5
81 67 14 5 7 6 1 2 0 4 3
81 68 13 7 6 2 5 3 4 1 0
81 68 13 2 3 0 1 7 4 6 5
81 68 13 5 7 1 2 3 4 6 0
81 68 13 3 6 5 0 7 4 1 2
81 68 13 3 6 1 5 7 4 0 2
81 68 13 3 7 5 2 4 0 6 1
81 68 13 7 6 0 1 2 4 5 3
81 68 13 5 3 7 2 4 0 1 6
81 68 13 3 0 7 5 4 2 1 6
81 69 12 7 0 5 6 2 4 1 3
81 69 12 5 3 7 2 0 4 6 1
81 69 12 2 3 7 0 5 4 6 1
81 69 12 6 3 7 0 5 4 1 2
81 69 12 2 7 5 3 6 4 1 0
81 69 12 0 7 3 5 2 4 1 6
81 69 12 5 7 3 1 2 4 0 6
81 71 10 1 7 2 3 5 4 6 0
81 72 9 7 6 3 5 2 4 1 0
81 72 9 7 0 5 1 2 4 6 3
81 72 9 5 0 3 7 2 4 1 6
81 73 8 2 3 7 5 1 4 6 0
81 73 8 5 3 0 7 2 4 6 1
81 74 7 1 0 3 7 2 4 6 5
81 74 7 1 3 6 7 2 4 0 5
81 76 5 1 3 5 0 2 4 6 7
82 64 18 0 6 2 5 7 4 1 3
82 65 17 3 7 6 2 1 0 5 4
82 65 17 7 4 6 2 0 5 1 3
82 65 17 4 7 1 3 2 0 6 5
82 66 16 5 7 6 2 4 1 0 3
82 66 16 4 6 0 3 2 7 1 5
82 66 16 0 4 6 2 5 7 1 3
82 66 16 5 3 6 2 0 7 1 4
82 66 16 5 3 0 2 4 7 1 6
82 66 16 2 7 1 6 3 0 4 5
82 66 16 3 6 1 2 0 4 5 7
82 66 16 0 7 2 1 5 4 6 3
82 67 15 2 3 0 6 4 7 1 5
82 67 15 3 6 2 4 0 7 1 5
82 67 15 7 3 6 2 4 1 0 5
82 67 15 5 0 3 2 7 4 1 6
82 67 15 3 7 1 2 4 0 6 5
82 67 15 2 7 1 0 3 4 6 5
82 67 15 3 0 2 7 6 4 1 5
82 68 14 5 7 6 1 3 4 2 0
82 68 14 5 7 0 1 3 4 6 2
82 68 14 7 0 6 3 2 4 5 1
82 68 14 5 7 2 6 3 4 1 0
82 68 14 2 7 6 5 4 1 0 3
82 68 14 3 7 5 6 4 0 1 2
82 68 14 3 7 5 0 6 4 1 2
82 68 14 6 7 5 3 0 4 1 2
82 69 13 3 6 2 1 7 4 5 0
82 69 13 6 3 7 2 5 4 0 1
82 69 13 3 7 2 5 6 4 0 1
82 69 13 2 7 5 3 4 0 1 6
82 69 13 5 4 7 3 2 0 1 6
82 69 13 5 7 1 3 2 0 4 6
82 70 12 3 0 7 1 5 4 2 6
82 70 12 3 7 2 5 4 1 0 6
82 71 11 3 7 5 1 4 0 6 2
82 72 10 6 3 7 1 2 4 5 0
82 81 1 1 3 5 7 2 4 6 0