0 0 0 2 7 5 6 3 0 4 1
15 0 15 2 7 5 6 3 4 0 1
16 0 16 2 7 5 6 0 3 4 1
16 0 16 2 0 5 6 3 7 4 1
28 15 13 2 7 5 6 3 4 1 0
30 16 14 2 7 5 6 1 3 4 0
31 16 15 0 7 5 6 2 3 4 1
32 15 17 2 7 0 6 3 4 5 1
32 16 16 0 2 5 6 3 7 4 1
32 16 16 2 5 0 6 3 7 4 1
33 16 17 2 7 5 0 6 3 4 1
35 16 19 2 0 5 6 7 3 4 1
41 28 13 2 7 5 0 3 4 1 6
42 31 11 1 7 5 6 2 3 4 0
43 28 15 2 7 5 6 0 4 1 3
43 30 13 2 7 5 0 1 3 4 6
44 32 12 1 2 5 6 3 7 4 0
45 30 15 2 7 5 6 1 3 0 4
45 31 14 7 0 5 6 2 3 4 1
45 31 14 6 7 5 0 2 3 4 1
45 33 12 2 7 5 1 6 3 4 0
46 28 18 2 7 0 6 3 4 1 5
46 28 18 0 7 5 6 3 4 1 2
46 31 15 3 7 5 6 2 0 4 1
46 32 14 2 5 4 6 3 7 0 1
47 32 15 3 2 5 6 0 7 4 1
48 30 18 2 7 0 6 1 3 4 5
48 30 18 0 7 5 6 1 3 4 2
48 32 16 2 5 6 0 3 7 4 1
48 33 15 2 7 5 4 6 3 0 1
49 32 17 2 0 7 6 3 4 5 1
49 32 17 2 7 6 0 3 4 5 1
49 32 17 6 2 5 0 3 7 4 1
49 33 16 2 7 0 5 6 3 4 1
50 32 18 7 2 5 6 3 0 4 1
50 35 15 2 3 5 6 7 0 4 1
51 33 18 0 7 5 2 6 3 4 1
51 42 9 1 7 5 0 2 3 4 6
52 35 17 0 2 5 6 7 3 4 1
52 35 17 2 5 0 6 7 3 4 1
53 42 11 1 7 5 6 2 3 0 4
55 41 14 2 7 0 5 3 4 1 6
55 41 14 2 7 5 3 0 4 1 6
55 41 14 2 7 5 1 3 4 0 6
55 44 11 1 2 5 6 3 7 0 4
55 45 10 6 7 5 1 2 3 4 0
56 42 14 1 7 5 6 0 3 4 2
56 43 13 0 7 5 6 2 4 1 3
56 44 12 1 2 5 0 3 7 4 6
57 41 16 0 7 5 2 3 4 1 6
57 43 14 2 7 0 5 1 3 4 6
57 45 12 7 3 5 6 2 0 4 1
57 46 11 3 7 5 6 2 4 0 1
58 42 16 1 7 0 6 2 3 4 5
58 43 15 2 7 5 6 4 0 1 3
58 43 15 2 7 5 0 6 4 1 3
58 43 15 2 7 5 1 0 3 4 6
58 43 15 2 7 5 4 1 3 0 6
58 44 14 1 2 5 6 0 7 4 3
58 44 14 1 2 0 6 3 7 4 5
58 46 12 2 5 4 6 3 7 1 0
59 43 16 0 7 5 2 1 3 4 6
59 45 14 6 7 0 5 2 3 4 1
59 45 14 2 7 5 1 6 3 0 4
59 46 13 3 7 5 6 0 4 1 2
59 46 13 3 0 5 6 2 7 4 1
59 48 11 2 7 5 4 6 3 1 0
60 43 17 2 0 5 6 7 4 1 3
60 45 15 7 5 0 6 2 3 4 1
60 45 15 6 7 5 4 2 3 0 1
60 46 14 3 7 5 6 0 2 4 1
60 46 14 2 5 4 6 3 0 7 1
60 47 13 3 2 5 6 1 7 4 0
61 45 16 2 7 5 6 1 0 3 4
61 45 16 2 7 0 6 1 3 5 4
61 46 15 2 7 1 6 3 4 0 5
61 46 15 7 0 5 6 3 4 1 2
61 46 15 6 7 5 0 3 4 1 2
61 48 13 2 5 6 1 3 7 4 0
61 51 10 1 7 0 5 2 3 4 6
62 45 17 2 7 0 1 6 3 4 5
62 45 17 0 7 5 1 6 3 4 2
62 46 16 2 0 7 6 3 4 1 5
62 46 16 2 7 6 0 3 4 1 5
62 48 14 2 7 4 6 1 3 0 5
62 48 14 2 7 5 4 6 0 3 1
62 48 14 2 7 0 4 6 3 5 1
62 49 13 6 2 5 1 3 7 4 0
62 51 11 1 7 5 4 2 3 0 6
63 45 18 6 7 5 2 0 3 4 1
63 47 16 3 2 5 6 7 0 4 1
63 47 16 3 2 5 0 6 7 4 1
63 48 15 7 0 5 6 1 3 4 2
63 48 15 6 7 5 0 1 3 4 2
63 48 15 2 5 6 4 3 7 0 1
63 49 14 2 7 6 1 3 4 5 0
63 50 13 2 3 5 6 7 4 0 1
64 48 16 2 0 7 6 1 3 4 5
64 48 16 2 7 6 0 1 3 4 5
64 48 16 3 7 5 6 1 0 4 2
64 49 15 6 2 5 4 3 7 0 1
64 49 15 2 0 7 5 6 3 4 1
64 49 15 2 7 4 5 6 3 0 1
64 50 14 2 3 5 6 0 7 4 1
64 51 13 1 7 5 2 6 3 4 0
64 51 13 0 7 5 1 2 3 4 6
65 46 19 4 7 5 6 3 0 1 2
65 48 17 2 5 6 3 0 7 4 1
65 50 15 7 2 5 6 3 4 0 1
65 51 14 1 7 5 2 0 3 4 6
65 52 13 1 2 5 6 7 3 4 0
65 53 12 1 7 5 6 2 0 3 4
65 55 10 2 7 5 1 3 4 6 0
66 49 17 0 2 7 6 3 4 5 1
66 49 17 2 4 7 6 3 0 5 1
66 49 17 2 7 6 5 3 4 0 1
66 49 17 6 2 0 5 3 7 4 1
66 49 17 6 2 5 3 0 7 4 1
66 50 16 7 2 5 6 0 3 4 1
66 50 16 7 0 5 6 3 2 4 1
66 55 11 0 7 5 3 2 4 1 6
66 55 11 1 2 5 6 3 0 7 4
66 57 9 3 7 5 6 2 4 1 0
67 48 19 0 5 6 2 3 7 4 1
67 49 18 2 7 6 3 0 4 5 1
67 51 16 7 0 5 2 6 3 4 1
67 52 15 2 5 4 6 7 3 0 1
67 53 14 1 7 0 6 2 3 5 4
67 55 12 2 7 5 3 6 4 1 0
67 55 12 1 2 0 6 3 7 5 4
67 55 12 6 7 5 1 2 3 0 4
67 56 11 1 2 5 4 3 7 0 6
67 57 10 7 3 5 6 2 4 0 1
68 51 17 3 7 5 2 6 0 4 1
68 55 13 2 0 7 5 3 4 1 6
68 55 13 2 7 1 5 3 4 0 6
68 55 13 2 7 5 3 4 0 1 6
68 56 12 7 0 5 6 2 4 1 3
68 56 12 6 7 5 0 2 4 1 3
68 58 10 1 2 4 6 3 7 0 5
69 49 20 0 7 6 2 3 4 5 1
69 52 17 6 2 5 0 7 3 4 1
69 52 17 2 5 6 0 7 3 4 1
69 55 14 2 7 5 1 3 0 4 6
69 56 13 1 2 0 5 3 7 4 6
69 56 13 1 2 5 3 0 7 4 6
69 57 12 3 7 5 2 0 4 1 6
69 58 11 2 7 5 4 1 3 6 0
69 62 7 1 7 5 4 2 3 6 0
70 55 15 2 0 5 3 7 4 1 6
70 55 15 2 7 0 1 3 4 5 6
70 55 15 6 7 5 1 0 3 4 2
70 56 14 1 7 5 6 3 0 4 2
70 56 14 1 7 5 0 6 3 4 2
70 57 13 2 0 7 5 1 3 4 6
70 57 13 7 3 5 6 0 2 4 1
70 58 12 1 2 6 0 3 7 4 5
70 61 9 1 0 7 5 2 3 4 6
71 57 14 7 0 5 2 3 4 1 6
71 57 14 2 7 4 5 1 3 0 6
71 57 14 3 7 0 6 2 4 5 1
71 58 13 1 0 7 6 2 3 4 5
71 58 13 1 7 6 0 2 3 4 5
71 58 13 1 0 5 6 2 7 4 3
71 58 13 1 0 2 6 3 7 4 5
71 60 11 6 7 5 4 2 3 1 0
71 61 10 1 7 4 5 2 3 0 6
72 55 17 6 7 0 1 2 3 4 5
72 56 16 1 0 5 6 7 3 4 2
72 56 16 0 2 5 1 3 7 4 6
72 57 15 6 7 5 2 3 4 1 0
72 58 14 1 7 4 6 2 3 0 5
72 58 14 2 7 5 6 4 1 0 3
72 58 14 2 7 0 5 6 4 1 3
72 58 14 2 7 5 1 6 4 0 3
72 58 14 2 7 5 4 1 0 3 6
72 58 14 2 7 0 4 1 3 5 6
72 58 14 1 2 5 6 7 0 4 3
72 58 14 1 2 5 0 6 7 4 3
72 58 14 2 5 4 0 3 7 1 6
72 59 13 6 0 7 5 2 3 4 1
72 59 13 0 3 5 6 2 7 4 1
72 60 12 3 7 5 6 1 2 4 0
72 60 12 3 2 5 0 1 7 4 6
72 62 10 1 7 5 4 2 0 3 6
73 56 17 4 7 5 6 2 0 1 3
73 58 15 2 0 5 6 4 7 1 3
73 59 14 7 0 5 2 1 3 4 6
73 59 14 6 7 4 5 2 3 0 1
73 59 14 3 7 5 6 4 0 1 2
73 59 14 3 7 5 0 6 4 1 2
73 59 14 3 5 0 6 2 7 4 1
73 60 13 2 0 4 6 3 5 7 1
73 60 13 3 2 5 6 1 7 0 4
74 58 16 0 7 5 2 6 4 1 3
74 58 16 2 0 5 1 7 3 4 6
74 58 16 0 2 5 6 1 7 4 3
74 58 16 2 5 4 6 0 7 1 3
74 59 15 6 7 5 2 1 3 4 0
74 59 15 3 7 5 2 1 0 4 6
74 59 15 2 7 5 1 6 0 3 4
74 59 15 2 7 0 1 6 3 5 4
74 59 15 2 7 5 0 6 3 1 4
74 59 15 2 7 5 4 0 3 1 6
74 59 15 2 7 0 4 6 3 1 5
74 60 14 7 5 6 0 2 3 4 1
74 60 14 6 7 5 4 2 0 3 1
74 60 14 2 5 4 6 0 3 7 1
74 62 12 1 7 0 4 2 3 5 6
74 63 11 3 2 5 1 6 7 4 0
74 63 11 2 5 6 4 3 7 1 0
74 63 11 2 3 5 6 7 4 1 0
74 67 7 1 2 5 4 3 7 6 0
75 58 17 2 5 0 6 3 7 1 4
75 59 16 3 0 5 6 7 4 1 2
75 60 15 7 5 4 6 2 3 0 1
75 60 15 3 7 5 0 6 2 4 1
75 61 14 2 7 1 6 3 4 5 0
75 61 14 2 5 6 1 3 7 0 4
75 62 13 2 7 4 1 6 3 0 5
75 62 13 2 7 6 5 3 4 1 0
75 62 13 2 7 4 6 1 3 5 0
75 62 13 2 7 5 4 0 6 3 1
75 62 13 2 0 5 4 6 7 3 1
75 64 11 6 2 5 4 3 7 1 0
75 64 11 7 0 5 1 2 3 4 6
75 66 9 3 7 5 0 2 4 1 6
75 67 8 7 3 5 6 2 4 1 0
76 57 19 4 7 5 2 3 0 1 6
76 58 18 0 5 4 6 3 7 1 2
76 59 17 0 7 5 4 6 3 1 2
76 60 16 0 2 5 6 7 4 1 3
76 60 16 2 5 0 6 7 4 1 3
76 60 16 6 7 0 4 2 3 5 1
76 60 16 3 2 0 6 1 7 4 5
76 61 15 2 0 5 6 1 7 3 4
76 61 15 6 7 0 5 3 4 1 2
76 61 15 6 7 5 3 0 4 1 2
76 61 15 6 7 5 1 3 4 0 2
76 62 14 7 0 5 1 6 3 4 2
76 62 14 2 0 7 4 6 3 5 1
76 62 14 6 2 5 1 3 7 0 4
76 63 13 3 2 5 4 6 7 0 1
76 63 13 7 3 5 6 1 0 4 2
76 63 13 2 5 6 4 3 0 7 1
76 63 13 2 5 0 4 3 7 6 1
76 64 12 3 7 5 6 1 4 0 2
76 64 12 2 3 5 6 1 7 4 0
76 64 12 3 7 5 1 2 0 4 6
76 66 10 7 0 5 3 2 4 1 6
76 67 9 1 2 5 4 3 0 7 6
77 60 17 2 4 5 6 7 0 1 3
77 60 17 0 7 5 6 3 2 4 1
77 60 17 3 0 5 6 7 2 4 1
77 61 16 2 7 5 6 0 1 3 4
77 61 16 2 0 7 6 1 3 5 4
77 61 16 2 7 6 0 1 3 5 4
77 61 16 2 7 1 6 3 0 4 5
77 61 16 7 5 0 6 3 4 1 2
77 61 16 2 5 6 1 0 7 4 3
77 62 15 2 0 7 1 6 3 4 5
77 62 15 2 7 1 0 6 3 4 5
77 62 15 3 7 5 1 6 0 4 2
77 62 15 2 7 4 6 1 0 3 5
77 62 15 2 7 4 0 6 3 5 1
77 62 15 6 2 5 1 0 7 4 3
77 63 14 3 2 5 6 7 4 0 1
77 64 13 2 7 6 5 1 3 4 0
77 64 13 6 2 5 4 3 0 7 1
77 64 13 2 3 7 5 6 0 4 1
77 64 13 2 7 4 5 6 3 1 0
77 64 13 1 7 5 2 6 3 0 4
77 65 12 1 2 5 6 7 3 0 4
77 65 12 1 2 5 0 7 3 4 6
77 65 12 1 0 5 6 2 7 3 4
77 65 12 2 7 5 1 0 4 6 3
77 66 11 6 7 5 3 2 4 1 0
77 66 11 1 2 5 6 0 3 7 4
77 67 10 1 2 0 4 3 7 5 6
77 68 9 1 2 4 6 3 7 5 0
77 70 7 1 3 7 5 2 0 4 6
78 61 17 7 4 5 6 3 0 1 2
78 61 17 2 5 0 1 3 7 4 6
78 62 16 0 2 7 6 3 4 1 5
78 62 16 2 4 7 6 3 0 1 5
78 63 15 3 2 0 5 6 7 4 1
78 63 15 0 2 5 3 6 7 4 1
78 63 15 6 7 0 5 1 3 4 2
78 63 15 2 7 6 1 3 4 0 5
78 64 14 3 7 5 6 0 1 4 2
78 64 14 3 0 5 6 1 7 4 2
78 64 14 6 2 0 4 3 7 5 1
78 65 13 2 5 6 3 1 7 4 0
78 65 13 7 2 5 6 3 4 1 0
78 65 13 1 7 5 2 3 0 4 6
78 65 13 1 2 5 6 0 3 4 7
78 65 13 1 7 5 6 0 2 3 4
78 65 13 2 7 5 0 3 4 6 1
78 68 10 1 2 4 6 3 0 7 5
78 69 9 1 2 5 3 6 7 4 0
78 69 9 1 7 5 0 2 3 6 4
79 62 17 2 7 6 3 0 4 1 5
79 62 17 6 2 0 1 3 7 4 5
79 63 16 7 5 0 6 1 3 4 2
79 63 16 6 7 5 4 1 3 0 2
79 63 16 2 7 6 1 0 4 5 3
79 63 16 2 3 0 6 7 4 5 1
79 64 15 2 3 7 6 1 0 4 5
79 64 15 2 7 6 4 1 3 0 5
79 64 15 2 3 5 0 6 7 4 1
79 66 13 1 2 7 6 3 4 5 0
79 66 13 6 2 5 3 1 7 4 0
79 66 13 1 0 5 6 3 2 7 4
79 67 12 1 2 6 0 3 7 5 4
79 68 11 2 7 1 5 3 4 6 0
79 71 8 1 7 4 5 2 3 6 0
80 61 19 0 5 6 1 3 7 4 2
80 63 17 6 7 5 2 3 0 4 1
80 64 16 0 2 7 6 1 3 4 5
80 64 16 0 2 7 5 6 3 4 1
80 64 16 2 7 4 5 6 0 3 1
80 64 16 1 7 0 2 6 3 4 5
80 65 15 0 5 6 3 2 7 4 1
80 65 15 2 0 6 3 5 7 4 1
80 65 15 1 0 5 2 7 3 4 6
80 65 15 1 2 0 6 7 3 4 5
80 65 15 0 7 5 1 3 4 6 2
80 66 14 2 7 0 5 3 4 6 1
80 66 14 7 2 5 6 1 3 4 0
80 67 13 2 5 4 6 7 3 1 0
80 67 13 1 0 7 6 2 3 5 4
80 67 13 1 7 6 0 2 3 5 4
80 67 13 2 7 5 3 6 4 0 1
80 67 13 1 0 2 6 3 7 5 4
80 67 13 6 7 5 1 2 0 3 4
80 67 13 7 3 0 6 2 4 5 1
80 68 12 2 7 5 3 4 1 0 6
80 68 12 6 7 0 5 2 4 1 3
80 68 12 6 7 5 1 2 4 0 3
80 69 11 1 2 4 5 3 7 0 6
80 69 11 1 0 5 3 2 7 4 6
80 71 9 1 7 6 5 2 3 4 0
81 62 19 0 7 6 2 3 4 1 5
81 65 16 4 7 5 6 3 1 0 2
81 65 16 4 0 5 6 3 7 1 2
81 65 16 2 5 6 3 7 0 4 1
81 65 16 7 2 0 6 3 4 5 1
81 66 15 3 2 7 6 0 4 5 1
81 66 15 2 4 7 6 3 5 0 1
81 66 15 6 2 4 5 3 7 0 1
81 66 15 6 0 5 3 2 7 4 1
81 66 15 4 7 5 3 2 0 1 6
81 67 14 1 5 6 2 3 7 4 0
81 67 14 2 7 6 3 1 4 5 0
81 67 14 7 3 5 2 6 0 4 1
81 68 13 3 7 5 2 6 4 0 1
81 68 13 2 0 5 3 4 7 1 6
81 68 13 7 5 0 6 2 4 1 3
81 69 12 1 2 5 3 7 0 4 6
81 69 12 3 7 5 2 6 4 1 0
81 69 12 1 7 5 4 0 3 6 2
81 70 11 2 3 7 5 1 0 4 6
81 70 11 7 3 5 6 1 2 4 0
81 70 11 1 2 6 5 3 7 4 0
81 70 11 1 2 6 4 3 7 0 5
81 70 11 0 1 7 5 2 3 4 6
81 72 9 1 3 5 6 2 7 4 0
82 63 19 6 0 5 2 7 3 4 1
82 63 19 0 7 6 1 3 4 5 2
82 64 18 2 7 6 1 0 3 4 5
82 65 17 4 7 5 6 0 3 1 2
82 65 17 2 7 0 1 3 4 6 5
82 66 16 6 2 5 3 7 0 4 1
82 66 16 3 7 0 6 2 4 1 5
82 67 15 0 7 6 3 2 4 5 1
82 67 15 6 7 0 1 2 3 5 4
82 68 14 3 7 5 2 0 6 4 1
82 68 14 0 2 7 5 3 4 1 6
82 68 14 7 4 5 6 2 0 1 3
82 69 13 6 2 5 1 7 3 4 0
82 69 13 1 0 2 5 3 7 4 6
82 69 13 3 7 5 2 4 0 1 6
82 69 13 2 7 5 0 1 3 6 4
82 70 12 1 7 5 6 3 4 0 2
82 71 11 1 3 7 6 2 0 4 5
82 71 11 1 7 5 6 2 0 4 3
82 71 11 1 7 4 5 2 0 3 6
82 72 10 1 0 5 4 2 7 3 6
82 77 5 1 3 7 5 2 4 0 6
83 64 19 0 7 6 2 1 3 4 5
83 66 17 6 2 7 0 3 4 5 1
83 66 17 2 4 7 6 0 3 5 1
83 66 17 2 7 6 5 3 0 4 1
83 66 17 6 0 2 5 3 7 4 1
83 66 17 7 2 5 0 6 3 4 1
83 66 17 7 5 0 6 3 2 4 1
83 67 16 3 5 6 2 0 7 4 1
83 67 16 2 5 4 6 7 0 3 1
83 67 16 2 7 0 3 6 4 1 5
83 67 16 0 7 5 3 6 4 1 2
83 68 15 3 0 5 2 6 7 4 1
83 68 15 2 4 7 5 3 0 1 6
83 68 15 2 7 1 5 3 0 4 6
83 69 14 2 5 6 1 7 3 4 0
83 69 14 2 0 5 1 3 7 4 6
83 69 14 0 2 5 3 1 7 4 6
83 69 14 1 7 0 4 2 3 6 5
83 70 13 1 7 0 5 6 3 4 2
83 70 13 1 7 5 4 6 3 0 2
83 70 13 1 2 6 3 0 7 4 5
83 71 12 2 7 4 5 1 3 6 0
83 71 12 1 5 0 6 2 7 4 3
83 72 11 2 7 5 1 6 4 3 0
83 72 11 1 2 5 4 6 7 0 3
83 72 11 6 3 7 5 2 0 4 1
83 72 11 3 7 5 0 1 2 4 6
83 72 11 1 7 5 4 0 2 3 6
83 75 8 7 3 5 0 2 4 1 6
84 66 18 4 2 7 6 3 0 5 1
84 67 17 5 0 6 2 3 7 4 1
84 67 17 2 7 6 3 4 0 5 1
84 67 17 7 5 0 2 6 3 4 1
84 68 16 6 7 5 2 0 4 1 3
84 69 15 1 7 6 2 3 4 5 0
84 69 15 6 2 5 7 0 3 4 1
84 69 15 3 0 5 2 7 4 1 6
84 69 15 2 7 5 4 0 3 6 1
84 69 15 2 7 0 4 1 3 6 5
84 69 15 0 7 5 4 2 3 6 1
84 70 14 0 2 5 3 7 4 1 6
84 70 14 2 5 0 3 7 4 1 6
84 70 14 2 0 7 1 3 4 5 6
84 70 14 1 0 5 6 3 7 4 2
84 70 14 0 2 7 5 1 3 4 6
84 70 14 7 3 5 0 6 2 4 1
84 71 13 3 0 7 6 2 4 5 1
84 71 13 3 7 6 0 2 4 5 1
84 71 13 0 1 5 6 2 7 4 3
84 71 13 6 7 5 0 2 3 1 4
84 72 12 1 3 5 6 7 0 4 2
84 72 12 3 2 5 1 0 7 4 6
84 72 12 1 7 4 6 2 3 5 0
84 72 12 1 2 5 6 7 4 0 3
84 72 12 6 3 5 0 2 7 4 1
84 75 9 7 3 5 1 2 0 4 6
84 76 8 3 7 5 1 2 4 0 6
85 67 18 2 0 6 3 7 4 5 1
85 69 16 3 7 6 2 0 4 5 1
85 69 16 6 2 5 4 7 3 0 1
85 69 16 2 5 6 7 0 3 4 1
85 69 16 2 5 6 4 7 3 0 1
85 69 16 0 7 5 4 1 3 6 2
85 70 15 2 4 5 3 7 0 1 6
85 70 15 2 7 1 0 3 4 5 6
85 70 15 6 7 5 1 3 0 4 2
85 70 15 0 3 5 6 7 2 4 1
85 71 14 1 7 2 6 3 0 4 5
85 72 13 2 7 5 6 4 1 3 0
85 72 13 2 0 7 5 6 4 1 3
85 72 13 2 7 1 5 6 4 0 3
85 72 13 2 0 5 4 1 7 3 6
85 72 13 1 0 5 6 7 2 4 3
85 72 13 1 2 0 5 6 7 4 3
85 72 13 2 5 0 4 3 7 1 6
85 72 13 3 7 5 6 1 2 0 4
85 72 13 3 2 0 5 1 7 4 6
85 72 13 3 2 5 4 1 7 0 6
85 73 12 7 3 5 2 1 0 4 6
85 73 12 6 7 4 5 2 3 1 0
85 74 11 3 7 5 2 1 4 0 6
85 74 11 7 5 6 1 2 3 4 0
85 74 11 1 0 7 4 2 3 5 6
85 74 11 2 3 5 0 7 4 1 6
85 74 11 1 2 5 0 3 7 6 4
85 74 11 1 2 5 4 0 7 6 3
85 74 11 1 2 0 4 3 7 6 5
85 75 10 3 7 5 1 6 2 4 0
85 75 10 3 7 0 5 2 4 1 6
85 76 9 3 2 5 4 6 7 1 0
85 76 9 1 2 5 4 0 3 7 6
85 77 8 1 3 7 5 0 2 4 6
85 82 3 1 3 7 5 2 4 6 0
86 69 17 6 2 0 5 7 3 4 1
86 70 16 0 2 6 1 3 7 4 5
86 71 15 7 5 0 2 3 4 1 6
86 71 15 2 7 4 5 1 0 3 6
86 71 15 0 1 7 6 2 3 4 5
86 71 15 1 7 6 4 2 3 0 5
86 71 15 0 1 2 6 3 7 4 5
86 71 15 0 7 5 4 2 3 1 6
86 72 14 6 0 7 1 2 3 4 5
86 72 14 2 7 5 1 6 0 4 3
86 72 14 2 7 5 4 0 1 3 6
86 72 14 2 0 7 4 1 3 5 6
86 72 14 0 6 7 5 2 3 4 1
86 73 13 3 7 5 6 4 1 0 2
86 73 13 3 7 0 5 6 4 1 2
86 73 13 3 7 5 1 6 4 0 2
86 73 13 3 5 6 0 2 7 4 1
86 73 13 0 2 4 6 3 5 7 1
86 73 13 3 2 5 6 1 0 7 4
86 74 12 2 3 5 1 7 0 4 6
86 74 12 2 7 1 4 6 3 0 5
86 74 12 2 5 4 6 1 3 7 0
86 74 12 1 7 4 0 2 3 5 6
86 74 12 3 2 5 1 6 7 0 4
86 75 11 2 7 5 4 1 6 3 0
86 76 10 3 0 5 1 2 7 4 6
87 67 20 7 5 6 2 3 0 4 1
87 69 18 7 0 6 2 3 4 5 1
87 70 17 6 0 5 1 7 3 4 2
87 71 16 7 4 5 2 3 0 1 6
87 71 16 6 7 5 4 0 3 1 2
87 72 15 6 7 1 0 2 3 4 5
87 72 15 6 7 4 1 2 3 0 5
87 72 15 1 5 0 6 7 3 4 2
87 72 15 6 7 5 2 3 4 0 1
87 72 15 1 7 4 6 2 0 3 5
87 72 15 2 7 0 1 6 4 5 3
87 72 15 2 7 4 0 1 3 5 6
87 72 15 2 5 4 3 0 7 1 6
87 72 15 2 5 4 1 3 7 0 6
87 73 14 4 7 5 6 2 1 0 3
87 73 14 3 0 5 6 4 7 1 2
87 73 14 3 5 4 6 2 7 0 1
87 73 14 2 4 0 6 3 5 7 1
87 73 14 3 2 0 6 1 7 5 4
87 74 13 3 7 5 2 0 1 4 6
87 74 13 3 0 5 2 1 7 4 6
87 74 13 2 0 7 4 6 3 1 5
87 74 13 2 3 5 6 0 4 1 7
87 75 12 2 7 4 1 6 3 5 0
87 75 12 7 5 0 1 2 3 4 6
87 76 11 3 2 5 4 6 0 7 1
87 76 11 7 3 5 6 1 4 0 2
87 76 11 3 7 5 6 1 4 2 0
87 76 11 2 3 5 0 1 7 4 6
87 76 11 3 7 5 1 0 2 4 6
87 76 11 7 5 0 3 2 4 1 6
87 76 11 1 0 5 4 3 2 7 6
87 77 10 0 7 5 1 2 4 6 3
87 78 9 1 2 5 3 6 7 0 4
87 79 8 1 2 6 4 3 7 5 0
88 71 17 0 7 6 1 2 3 4 5
88 71 17 1 7 6 2 0 3 4 5
88 72 16 0 1 5 6 7 3 4 2
88 72 16 7 2 5 1 3 0 4 6
88 72 16 0 2 5 1 6 7 4 3
88 73 15 4 0 5 6 2 7 1 3
88 73 15 7 5 0 2 1 3 4 6
88 73 15 6 7 4 5 2 0 3 1
88 74 14 7 0 5 2 6 4 1 3
88 74 14 2 7 5 1 0 6 3 4
88 74 14 2 0 5 1 6 7 3 4
88 74 14 2 7 5 4 3 0 1 6
88 74 14 2 7 4 0 6 3 1 5
88 74 14 0 5 6 7 2 3 4 1
88 74 14 6 0 5 4 2 7 3 1
88 74 14 2 0 4 6 5 3 7 1
88 75 13 7 5 4 6 2 3 1 0
88 75 13 0 2 5 4 6 7 3 1
88 75 13 2 5 0 4 6 7 3 1
88 75 13 7 3 5 6 0 4 1 2
88 75 13 0 3 5 6 2 4 1 7
88 76 12 3 2 4 6 1 7 0 5
88 76 12 6 7 5 1 3 4 2 0
88 76 12 7 3 5 1 6 0 4 2
88 76 12 3 2 0 4 6 7 5 1
88 76 12 2 0 6 4 3 5 7 1
88 76 12 7 4 5 3 2 0 1 6
88 77 11 2 3 7 5 6 4 0 1
88 77 11 1 2 5 7 0 3 4 6
88 77 11 6 7 5 3 2 4 0 1
88 77 11 1 2 5 6 4 3 7 0
88 77 11 1 0 2 4 3 7 5 6
88 77 11 1 2 4 0 3 7 5 6
88 78 10 1 2 4 6 0 3 7 5
88 78 10 1 7 0 5 2 3 6 4
88 81 7 1 3 5 0 2 7 4 6
89 69 20 4 7 6 2 3 0 5 1
89 69 20 0 5 6 2 7 3 4 1
89 71 18 6 7 0 4 2 3 1 5
89 72 17 2 7 0 6 4 1 5 3
89 72 17 0 5 4 2 3 7 1 6
89 72 17 0 7 5 6 1 2 4 3
89 73 16 4 7 5 6 0 2 1 3
89 73 16 0 2 5 6 4 7 1 3
89 73 16 2 5 0 6 4 7 1 3
89 74 15 0 2 5 1 7 3 4 6
89 74 15 2 5 0 1 7 3 4 6
89 74 15 2 0 5 6 1 7 4 3
89 74 15 6 2 5 0 1 7 4 3
89 74 15 2 0 4 6 5 7 1 3
89 74 15 6 7 5 2 1 3 0 4
89 74 15 2 0 7 1 6 3 5 4
89 74 15 2 7 1 0 6 3 5 4
89 74 15 2 7 5 0 4 3 1 6
89 74 15 6 7 5 4 0 2 3 1
89 74 15 2 5 4 0 6 3 7 1
89 74 15 3 2 0 1 6 7 4 5
89 74 15 2 5 6 0 3 7 1 4
89 74 15 2 5 6 4 0 7 1 3
89 74 15 0 2 5 4 3 7 6 1
89 75 14 2 5 1 6 3 7 0 4
89 75 14 0 3 5 6 7 4 1 2
89 75 14 3 7 0 5 6 2 4 1
89 75 14 2 5 6 1 3 0 7 4
89 75 14 2 5 0 1 3 7 6 4
89 75 14 2 7 4 1 6 0 3 5
89 75 14 0 7 5 4 2 6 3 1
89 76 13 2 3 7 4 6 0 5 1
89 76 13 7 3 5 6 0 1 4 2
89 76 13 2 5 6 4 0 3 7 1
89 76 13 2 0 5 4 3 7 6 1
89 76 13 2 3 5 6 1 7 0 4
89 77 12 2 7 6 4 1 3 5 0
89 77 12 3 7 5 1 0 6 4 2
89 77 12 3 2 5 6 7 4 1 0
89 77 12 2 3 7 5 0 6 4 1
89 77 12 1 2 5 4 7 3 0 6
89 77 12 2 7 5 1 4 0 6 3
89 77 12 1 2 5 0 6 3 7 4
89 78 11 3 7 5 6 2 1 4 0
89 78 11 1 7 5 2 3 4 0 6
89 78 11 1 7 5 6 4 2 3 0
89 79 10 2 3 5 1 6 7 4 0
89 80 9 6 7 5 1 2 4 3 0
89 80 9 1 2 4 5 3 7 6 0
89 80 9 1 7 5 3 2 0 4 6
89 82 7 1 3 0 5 2 4 7 6
90 72 18 3 7 0 6 1 2 4 5
90 74 16 2 5 4 6 7 0 1 3
90 74 16 0 5 4 6 2 7 1 3
90 74 16 2 5 4 0 6 7 1 3
90 74 16 2 7 0 5 6 3 1 4
90 74 16 2 0 5 4 7 3 1 6
90 74 16 7 5 6 4 2 3 0 1
90 75 15 2 0 5 6 3 7 1 4
90 75 15 3 5 0 6 7 4 1 2
90 75 15 3 7 5 4 6 2 0 1
90 75 15 2 7 6 5 0 4 1 3
90 75 15 2 0 5 4 7 6 3 1
90 75 15 6 2 5 0 3 7 1 4
90 75 15 6 2 5 4 0 7 1 3
90 75 15 6 2 0 4 3 7 1 5
90 75 15 0 2 5 4 3 7 1 6
90 75 15 7 3 0 6 2 4 1 5
90 76 14 7 0 5 4 6 3 1 2
90 76 14 7 2 5 6 0 4 1 3
90 76 14 3 2 6 0 1 7 4 5
90 76 14 6 0 7 5 3 4 1 2
90 76 14 6 7 1 5 3 4 0 2
90 76 14 6 7 5 3 4 0 1 2
90 76 14 0 2 7 4 6 3 5 1
90 76 14 6 2 5 1 3 0 7 4
90 76 14 2 5 4 0 3 7 6 1
90 77 13 1 7 5 6 3 2 4 0
90 77 13 2 7 1 5 6 3 4 0
90 77 13 3 0 5 1 6 7 4 2
90 77 13 6 2 5 4 0 3 7 1
90 77 13 1 2 5 6 7 0 3 4
90 77 13 1 2 0 6 7 3 5 4
90 77 13 1 2 0 5 7 3 4 6
90 77 13 1 5 0 6 2 7 3 4
90 77 13 2 7 5 0 1 4 6 3
90 77 13 1 2 4 6 0 7 5 3
90 78 12 1 2 5 6 3 0 4 7
90 78 12 1 0 4 6 3 2 7 5
90 78 12 1 2 0 3 6 7 4 5
90 80 10 3 7 5 1 0 4 6 2
90 80 10 2 7 5 3 4 1 6 0
90 80 10 1 5 0 3 2 7 4 6
90 81 9 2 3 7 5 1 4 0 6
90 81 9 1 2 6 4 3 0 7 5
90 81 9 1 3 5 6 2 7 0 4
90 83 7 1 2 5 4 6 7 3 0
90 84 6 3 7 5 1 2 4 6 0
91 74 17 7 2 5 6 1 0 4 3
91 74 17 0 5 4 6 2 3 7 1
91 74 17 0 5 6 4 3 7 1 2
91 74 17 2 3 0 6 7 4 1 5
91 75 16 3 4 5 6 7 0 1 2
91 75 16 7 5 4 6 2 0 3 1
91 75 16 0 7 5 3 6 2 4 1
91 75 16 2 7 5 0 4 6 3 1
91 76 15 5 0 4 6 3 7 1 2
91 76 15 3 5 4 6 0 7 1 2
91 76 15 6 2 5 0 7 4 1 3
91 76 15 2 5 6 0 7 4 1 3
91 76 15 2 5 1 6 7 4 0 3
91 76 15 6 0 7 4 2 3 5 1
91 76 15 3 0 2 6 1 7 4 5
91 76 15 0 2 5 6 1 7 3 4
91 76 15 2 5 0 6 1 7 3 4
91 76 15 7 5 0 1 6 3 4 2
91 76 15 6 2 0 1 3 7 5 4
91 76 15 3 7 0 6 1 4 5 2
91 77 14 0 5 6 1 2 7 4 3
91 77 14 2 3 7 1 6 0 4 5
91 77 14 2 0 4 6 1 7 3 5
91 77 14 6 0 5 1 2 7 4 3
91 77 14 1 7 5 2 6 0 3 4
91 77 14 1 7 0 2 6 3 5 4
91 77 14 0 1 5 6 2 7 3 4
91 77 14 2 0 5 1 7 4 6 3
91 77 14 0 2 5 6 1 3 7 4
91 77 14 1 0 5 6 2 3 7 4
91 78 13 3 2 4 5 6 7 0 1
91 78 13 2 5 6 3 1 7 0 4
91 78 13 7 2 5 0 3 4 1 6
91 78 13 1 0 5 2 3 7 4 6
91 78 13 1 0 5 6 2 3 4 7
91 78 13 1 2 5 0 6 3 4 7
91 78 13 0 7 5 1 2 3 6 4
91 79 12 2 7 6 3 5 4 1 0
91 79 12 1 2 7 6 3 4 0 5
91 79 12 1 2 7 0 3 4 5 6
91 79 12 1 7 4 0 2 3 6 5
91 80 11 1 5 6 3 2 7 4 0
91 80 11 1 3 5 2 7 0 4 6
91 80 11 1 2 4 6 7 3 0 5
91 80 11 1 7 5 0 3 4 6 2
91 80 11 1 3 7 6 2 0 5 4
91 80 11 1 7 6 4 2 3 5 0
91 80 11 6 0 7 5 2 4 1 3
91 80 11 6 7 1 5 2 4 0 3
91 80 11 1 2 4 5 3 0 7 6
91 80 11 0 1 5 3 2 7 4 6
91 80 11 1 7 6 5 2 3 0 4
91 81 10 1 2 5 3 7 4 0 6
91 81 10 7 3 5 0 1 2 4 6
91 82 9 1 3 7 6 2 4 0 5
91 82 9 1 7 5 6 2 4 0 3
91 83 8 1 2 6 3 5 7 4 0
91 83 8 0 3 5 7 2 4 1 6
91 84 7 7 3 5 1 2 4 0 6
92 72 20 6 7 0 2 3 4 1 5
92 74 18 0 7 5 2 6 3 1 4
92 74 18 2 7 5 6 0 3 1 4
92 75 17 2 7 1 6 0 4 5 3
92 75 17 2 7 4 6 0 3 5 1
92 76 16 4 7 5 2 0 3 1 6
92 76 16 4 7 5 2 3 1 0 6
92 76 16 4 0 5 2 3 7 1 6
92 76 16 3 7 5 4 6 0 1 2
92 76 16 6 7 4 0 2 3 5 1
92 76 16 6 0 5 3 7 4 1 2
92 76 16 6 7 0 1 3 4 5 2
92 76 16 2 3 0 6 1 7 4 5
92 76 16 0 3 5 6 1 7 4 2
92 77 15 0 7 5 6 2 1 3 4
92 77 15 2 3 7 6 1 0 5 4
92 77 15 2 0 1 6 3 7 4 5
92 77 15 7 5 6 0 3 4 1 2
92 77 15 7 5 1 6 3 4 0 2
92 77 15 0 2 7 1 6 3 4 5
92 77 15 2 7 4 6 0 1 3 5
92 77 15 6 2 5 1 7 0 4 3
92 77 15 2 7 6 5 1 3 0 4
92 77 15 6 0 5 4 3 2 7 1
92 78 14 2 0 5 3 6 7 4 1
92 78 14 6 0 7 5 1 3 4 2
92 78 14 1 7 5 0 6 2 3 4
92 78 14 2 7 5 3 0 4 6 1
92 78 14 1 7 5 2 0 3 6 4
92 79 13 6 2 4 1 3 7 0 5
92 79 13 6 7 5 4 1 3 2 0
92 79 13 2 3 7 6 1 4 0 5
92 79 13 2 3 5 4 6 7 0 1
92 79 13 6 2 5 3 1 7 0 4
92 79 13 1 5 0 6 3 2 7 4
92 79 13 1 2 6 3 0 7 5 4
92 79 13 2 7 1 5 0 4 6 3
92 79 13 1 7 4 5 0 3 6 2
92 80 12 1 2 7 5 6 3 4 0
92 80 12 1 7 4 2 6 3 0 5
92 80 12 7 0 5 1 3 4 6 2
92 80 12 7 3 6 0 2 4 5 1
92 80 12 6 7 5 1 2 0 4 3
92 81 11 1 0 5 3 7 2 4 6
92 81 11 2 3 7 5 0 1 4 6
92 81 11 6 1 7 5 2 3 4 0
92 81 11 3 1 7 5 2 0 4 6
92 83 9 1 2 5 4 6 0 7 3
92 83 9 6 3 7 5 2 4 0 1
92 83 9 7 3 0 5 2 4 1 6
92 84 8 6 3 5 1 2 7 4 0
92 85 7 1 2 5 4 6 3 7 0
92 85 7 1 3 7 0 2 4 6 5
93 74 19 4 7 5 2 6 0 1 3
93 74 19 7 5 6 2 0 3 4 1
93 75 18 0 7 6 5 3 4 1 2
93 76 17 6 5 4 0 3 7 1 2
93 76 17 4 7 5 0 6 3 1 2
93 77 16 2 4 5 6 0 7 1 3
93 77 16 2 4 5 6 7 1 0 3
93 77 16 6 7 5 0 3 2 4 1
93 77 16 3 5 0 6 7 2 4 1
93 77 16 0 2 7 6 1 3 5 4
93 77 16 2 7 1 6 0 3 4 5
93 77 16 2 5 6 1 7 0 4 3
93 77 16 2 0 6 1 5 7 4 3
93 77 16 3 2 0 6 7 4 5 1
93 77 16 2 7 4 5 0 3 1 6
93 77 16 6 7 0 3 2 4 1 5
93 78 15 2 5 1 0 3 7 4 6
93 78 15 3 2 7 6 0 4 1 5
93 78 15 5 2 7 6 3 4 1 0
93 78 15 2 4 7 6 3 1 0 5
93 78 15 3 0 2 5 6 7 4 1
93 78 15 6 7 4 5 1 3 0 2
93 78 15 3 7 5 0 6 1 4 2
93 78 15 3 5 0 6 1 7 4 2
93 78 15 6 0 2 4 3 7 5 1
93 78 15 6 2 4 0 3 7 5 1
93 78 15 2 5 6 0 1 7 4 3
93 78 15 0 2 5 6 1 3 4 7
93 79 14 0 7 6 1 2 4 5 3
93 79 14 2 7 6 4 1 0 3 5
93 79 14 2 3 0 5 6 7 4 1
93 79 14 1 2 7 6 0 4 5 3
93 79 14 1 2 0 6 3 4 5 7
93 79 14 1 2 6 5 3 7 0 4
93 80 13 1 2 7 6 0 3 4 5
93 80 13 1 7 2 0 6 3 4 5
93 80 13 0 2 6 3 5 7 4 1
93 80 13 2 6 0 3 5 7 4 1
93 80 13 1 2 6 0 7 3 4 5
93 80 13 2 0 7 5 3 4 6 1
93 80 13 7 2 5 0 1 3 4 6
93 80 13 6 0 5 1 2 7 3 4
93 80 13 6 7 0 1 2 4 5 3
93 81 12 4 7 5 3 2 1 0 6
93 81 12 7 3 5 2 6 4 0 1
93 81 12 7 5 6 0 2 4 1 3
93 81 12 7 5 1 6 2 4 0 3
93 81 12 1 7 5 4 3 0 6 2
93 81 12 1 7 5 0 4 3 6 2
93 81 12 7 3 5 6 1 2 0 4
93 81 12 2 1 7 5 0 3 4 6
93 81 12 5 1 7 0 2 3 4 6
93 81 12 1 3 5 6 0 7 4 2
93 82 11 1 7 6 3 2 4 5 0
93 82 11 3 2 7 5 0 4 1 6
93 82 11 1 7 5 6 3 4 2 0
93 82 11 1 0 4 5 2 7 3 6
93 82 11 1 5 0 4 2 7 3 6
93 83 10 1 7 5 4 6 3 2 0
93 83 10 1 2 0 4 6 7 5 3
93 84 9 7 3 5 1 6 2 4 0
93 85 8 1 3 7 5 6 2 4 0
93 85 8 1 3 7 5 0 4 6 2
93 85 8 1 3 0 5 2 4 6 7
94 74 20 6 7 0 2 1 3 4 5
94 75 19 0 7 4 6 1 3 5 2
94 76 18 7 5 4 6 3 0 1 2
94 76 18 4 2 5 6 7 0 1 3
94 77 17 2 7 5 0 6 1 3 4
94 77 17 2 7 6 5 0 3 4 1
94 77 17 0 2 4 6 3 7 5 1
94 78 16 7 4 5 6 0 3 1 2
94 78 16 7 4 5 6 3 1 0 2
94 78 16 2 4 7 6 0 3 1 5
94 78 16 7 2 5 3 6 0 4 1
94 78 16 2 7 6 1 3 0 4 5
94 78 16 2 5 0 3 1 7 4 6
94 78 16 0 7 5 6 1 2 3 4
94 78 16 1 0 5 6 7 2 3 4
94 78 16 0 7 5 2 3 4 6 1
94 79 15 0 7 6 3 2 4 1 5
94 79 15 6 2 1 0 3 7 4 5
94 79 15 7 5 6 0 1 3 4 2
94 79 15 7 5 4 6 1 3 0 2
94 79 15 6 7 5 4 1 0 3 2
94 79 15 2 0 3 6 7 4 5 1
94 79 15 2 3 6 0 7 4 5 1
94 79 15 2 3 7 6 0 1 4 5
94 79 15 0 1 5 6 3 2 7 4
94 79 15 2 7 1 0 3 4 6 5
94 80 14 3 5 6 1 0 7 4 2
94 80 14 1 0 7 2 6 3 4 5
94 80 14 2 7 6 3 5 0 4 1
94 80 14 1 5 0 2 7 3 4 6
94 80 14 1 0 2 6 7 3 4 5
94 80 14 7 2 5 6 1 3 0 4
94 80 14 1 7 2 6 3 0 5 4
94 80 14 6 7 5 1 0 2 3 4
94 80 14 7 0 3 6 2 4 5 1
94 80 14 1 7 6 5 0 3 4 2
94 81 13 3 2 7 6 1 4 5 0
94 81 13 2 4 7 6 3 5 1 0
94 81 13 6 2 4 5 3 7 1 0
94 81 13 6 7 5 3 2 0 4 1
94 81 13 4 0 5 3 2 7 1 6
94 81 13 1 5 6 2 3 7 0 4
94 81 13 7 3 5 2 0 6 4 1
94 82 12 3 7 5 2 1 6 4 0
94 82 12 3 7 5 2 4 1 0 6
94 82 12 1 3 7 6 0 2 4 5
94 82 12 1 7 5 6 0 2 4 3
94 82 12 1 7 4 5 0 2 3 6
94 82 12 0 1 5 4 2 7 3 6
94 83 11 1 0 7 4 2 3 6 5
94 83 11 1 5 6 0 2 7 4 3
94 83 11 1 7 5 4 6 2 3 0
94 84 10 3 7 6 1 2 4 5 0
94 84 10 1 3 5 6 7 4 0 2
94 84 10 7 3 5 1 0 2 4 6
94 85 9 3 2 5 4 1 7 6 0
94 85 9 3 7 5 2 1 4 6 0
94 85 9 1 3 7 4 2 0 5 6
94 85 9 3 0 7 5 2 4 1 6
94 85 9 3 7 1 5 2 4 0 6
95 75 20 0 7 1 6 3 4 5 2
95 77 18 2 0 5 6 7 1 3 4
95 77 18 2 7 6 1 0 3 5 4
95 77 18 0 7 1 2 6 3 4 5
95 77 18 0 7 4 2 6 3 5 1
95 77 18 0 7 6 5 1 3 4 2
95 78 17 6 2 7 0 3 4 1 5
95 78 17 4 2 7 6 3 0 1 5
95 78 17 0 7 5 6 3 1 4 2
95 78 17 3 0 5 6 7 1 4 2
95 78 17 7 2 0 6 3 4 1 5
95 78 17 0 2 5 6 3 4 1 7
95 79 16 2 7 6 3 4 0 1 5
95 79 16 6 0 2 1 3 7 4 5
95 79 16 6 7 0 4 1 3 5 2
95 79 16 2 7 6 1 4 0 5 3
95 79 16 0 3 5 2 6 7 4 1
95 79 16 6 2 0 3 1 7 4 5
95 79 16 0 2 6 1 3 7 5 4
95 79 16 0 7 1 5 3 4 6 2
95 79 16 0 7 4 5 2 3 6 1
95 80 15 1 5 6 0 3 7 4 2
95 80 15 5 2 7 6 1 3 4 0
95 80 15 6 2 7 5 0 3 4 1
95 80 15 2 7 4 5 0 6 3 1
95 80 15 2 0 4 5 6 7 3 1
95 80 15 5 0 6 3 2 7 4 1
95 80 15 0 1 5 2 7 3 4 6
95 80 15 2 5 4 0 7 3 1 6
95 80 15 2 5 4 6 0 3 1 7
95 80 15 0 1 7 6 2 3 5 4
95 80 15 2 7 5 3 6 0 4 1
95 80 15 2 7 0 3 6 4 5 1
95 80 15 0 1 2 6 3 7 5 4
95 80 15 2 7 0 3 4 1 5 6
95 81 14 0 6 5 3 2 7 4 1
95 81 14 6 5 0 3 2 7 4 1
95 81 14 4 7 5 3 0 2 1 6
95 81 14 2 7 6 3 1 4 0 5
95 81 14 0 2 5 3 4 7 1 6
95 81 14 2 5 0 3 4 7 1 6
95 81 14 1 0 5 4 7 3 6 2
95 81 14 1 2 6 5 0 7 4 3
95 81 14 1 3 0 6 2 7 4 5
95 82 13 2 7 6 1 5 3 4 0
95 82 13 3 0 7 6 2 4 1 5
95 82 13 3 7 6 0 2 4 1 5
95 82 13 3 7 1 6 2 4 0 5
95 82 13 3 7 5 0 2 6 4 1
95 82 13 7 4 5 6 2 1 0 3
95 82 13 1 7 2 5 3 0 4 6
95 82 13 3 0 5 2 4 7 1 6
95 83 12 7 2 5 1 6 3 4 0
95 83 12 1 0 7 5 6 3 4 2
95 83 12 1 7 5 4 6 0 3 2
95 83 12 1 7 0 4 6 3 5 2
95 83 12 1 2 6 3 7 0 4 5
95 83 12 1 5 4 6 2 7 0 3
95 83 12 6 3 7 5 0 2 4 1
95 83 12 3 7 0 5 1 2 4 6
95 83 12 1 7 5 0 4 2 3 6
95 84 11 6 2 5 7 1 3 4 0
95 84 11 1 2 7 5 0 3 4 6
95 84 11 3 1 5 6 2 7 4 0
95 84 11 1 2 5 6 7 4 3 0
95 84 11 3 7 0 1 2 4 5 6
95 85 10 7 3 5 2 1 4 0 6
95 85 10 2 3 5 7 0 4 1 6
95 85 10 1 0 2 4 3 7 6 5
95 85 10 1 2 4 0 3 7 6 5
95 86 9 1 2 4 6 3 5 7 0
95 87 8 1 7 5 0 2 4 6 3
95 88 7 1 2 4 6 5 3 7 0
95 89 6 1 3 5 0 2 4 7 6
96 77 19 0 7 6 2 1 3 5 4
96 77 19 0 7 4 5 6 3 1 2
96 78 18 0 5 6 3 1 7 4 2
96 79 17 2 0 6 3 7 4 1 5
96 79 17 2 7 6 0 1 4 5 3
96 80 16 5 0 6 1 3 7 4 2
96 80 16 5 2 7 0 6 3 4 1
96 80 16 3 2 7 5 6 0 4 1
96 80 16 7 5 6 3 2 0 4 1
96 81 15 4 7 5 6 3 1 2 0
96 81 15 2 5 6 3 7 4 0 1
96 81 15 2 0 6 3 7 5 4 1
96 81 15 6 2 4 5 3 0 7 1
96 81 15 1 5 6 2 0 7 4 3
96 81 15 0 3 5 6 1 2 4 7
96 82 14 3 7 6 1 0 4 5 2
96 82 14 4 7 5 6 2 3 1 0
96 82 14 2 0 7 1 3 4 6 5
96 82 14 6 2 5 3 7 4 0 1
96 82 14 7 0 6 3 2 4 5 1
96 82 14 6 0 7 1 2 3 5 4
96 82 14 6 2 7 5 3 4 1 0
96 82 14 2 7 0 5 1 3 6 4
96 83 13 6 2 7 1 3 4 5 0
96 83 13 2 7 3 0 6 4 1 5
96 83 13 2 7 1 3 6 4 0 5
96 83 13 7 0 5 3 6 4 1 2
96 83 13 2 0 5 3 1 7 4 6
96 83 13 1 7 4 5 6 3 0 2
96 83 13 2 7 5 1 0 4 3 6
96 83 13 3 7 5 4 1 2 0 6
96 83 13 7 3 5 2 0 4 1 6
96 84 12 7 0 5 4 2 3 6 1
96 84 12 7 2 5 3 0 4 1 6
96 84 12 0 3 5 7 6 2 4 1
96 84 12 6 1 5 0 2 7 4 3
96 84 12 6 3 0 5 2 7 4 1
96 85 11 1 3 5 6 7 2 4 0
96 85 11 1 2 4 5 6 7 0 3
96 85 11 3 2 5 4 1 0 7 6
96 85 11 1 2 5 4 7 0 6 3
96 85 11 1 0 5 4 2 7 6 3
96 85 11 0 3 7 5 1 2 4 6
96 85 11 1 3 7 0 5 2 4 6
96 85 11 0 3 7 5 2 4 6 1
96 86 10 1 6 7 5 2 3 4 0
96 86 10 3 7 5 1 6 4 2 0
96 86 10 3 5 6 1 2 7 4 0
96 86 10 2 3 5 1 7 4 0 6
96 86 10 0 3 5 1 2 7 4 6
96 87 9 7 0 5 1 2 4 6 3
96 87 9 1 2 5 3 6 0 7 4
96 88 8 1 3 0 5 2 7 4 6
96 89 7 1 7 5 3 2 4 0 6
96 91 5 7 3 5 1 2 4 6 0
97 79 18 2 0 6 1 7 4 5 3
97 80 17 6 0 5 2 3 7 4 1
97 80 17 6 2 7 0 1 3 4 5
97 80 17 3 2 7 6 1 0 4 5
97 80 17 4 7 5 1 3 0 6 2
97 80 17 7 2 0 6 1 3 4 5
97 80 17 0 7 6 1 2 3 5 4
97 80 17 1 7 6 2 0 3 5 4
97 80 17 0 7 6 5 2 3 4 1
97 81 16 3 7 6 2 0 4 1 5
97 81 16 4 5 0 6 3 7 1 2
97 81 16 7 2 6 0 3 4 5 1
97 81 16 3 2 7 6 4 0 5 1
97 81 16 3 2 7 0 6 4 5 1
97 81 16 1 5 0 2 3 7 4 6
97 81 16 2 7 0 3 1 4 5 6
97 81 16 3 7 0 2 6 4 5 1
97 82 15 6 3 5 2 7 0 4 1
97 82 15 1 7 6 0 3 4 5 2
97 82 15 6 0 5 3 7 2 4 1
97 82 15 6 7 1 0 2 3 5 4
97 82 15 5 2 7 0 3 4 1 6
97 82 15 7 4 5 6 0 2 1 3
97 82 15 6 2 5 1 7 3 0 4
97 82 15 6 2 5 1 0 3 4 7
97 82 15 0 1 2 5 3 7 4 6
97 82 15 2 7 5 1 0 3 6 4
97 82 15 1 7 0 6 3 4 5 2
97 83 14 7 2 5 4 6 3 0 1
97 83 14 3 5 6 2 1 7 4 0
97 83 14 2 0 7 3 6 4 1 5
97 83 14 2 4 7 5 0 3 1 6
97 83 14 2 4 7 5 3 1 0 6
97 83 14 2 7 1 5 0 3 4 6
97 83 14 0 2 6 3 1 7 4 5
97 83 14 2 7 4 0 1 3 6 5
97 83 14 2 7 5 0 6 4 3 1
97 83 14 0 7 5 3 1 2 4 6
97 83 14 0 7 5 4 1 2 3 6
97 83 14 1 0 5 4 7 2 3 6
97 84 13 6 0 5 7 2 3 4 1
97 84 13 0 3 5 2 7 4 1 6
97 84 13 2 0 7 4 1 3 6 5
97 84 13 3 7 5 4 2 0 6 1
97 84 13 3 2 5 0 7 4 1 6
97 84 13 2 5 3 0 7 4 1 6
97 84 13 2 5 1 3 7 4 0 6
97 84 13 7 3 0 5 6 2 4 1
97 84 13 0 3 7 6 2 4 5 1
97 84 13 3 7 6 5 2 4 0 1
97 84 13 3 2 5 1 7 0 4 6
97 84 13 6 3 5 4 2 7 0 1
97 85 12 6 2 5 4 7 3 1 0
97 85 12 2 5 6 7 1 3 4 0
97 85 12 2 5 6 4 7 3 1 0
97 85 12 2 7 1 5 6 4 3 0
97 85 12 2 5 1 4 3 7 0 6
97 85 12 3 2 0 4 1 7 5 6
97 85 12 7 3 5 2 0 1 4 6
97 85 12 2 3 0 5 7 4 1 6
97 85 12 1 2 0 5 3 7 6 4
97 85 12 1 2 5 3 0 7 6 4
97 85 12 1 2 5 0 4 7 6 3
97 85 12 3 7 5 1 6 2 0 4
97 85 12 0 2 5 4 1 3 7 6
97 85 12 1 0 5 4 2 3 7 6
97 86 11 2 3 5 1 0 7 4 6
97 86 11 2 7 1 4 6 3 5 0
97 86 11 3 5 0 1 2 7 4 6
97 87 10 3 2 5 4 0 6 7 1
97 87 10 7 3 5 6 1 4 2 0
97 87 10 7 5 3 0 2 4 1 6
97 87 10 7 5 1 3 2 4 0 6
97 87 10 1 2 0 3 6 7 5 4
97 88 9 1 5 6 7 2 3 4 0
97 88 9 2 3 7 5 6 4 1 0
97 88 9 1 2 5 7 6 3 4 0
97 88 9 1 0 5 7 2 3 4 6
97 88 9 1 0 7 5 2 3 6 4
97 88 9 1 3 5 4 2 7 0 6
97 89 8 1 2 5 4 7 3 6 0
97 89 8 1 0 3 5 2 4 7 6
97 90 7 2 3 7 5 1 4 6 0
98 80 18 7 5 6 1 3 0 4 2
98 80 18 2 5 0 6 7 3 1 4
98 81 17 7 0 6 2 3 4 1 5
98 81 17 5 7 6 2 3 4 1 0
98 81 17 4 7 0 6 3 1 5 2
98 81 17 0 4 5 6 3 7 1 2
98 81 17 7 0 2 6 3 4 5 1
98 81 17 7 3 0 6 1 2 4 5
98 82 16 7 0 6 1 3 4 5 2
98 82 16 0 7 5 6 4 3 1 2
98 82 16 0 7 5 2 1 3 6 4
98 83 15 6 2 0 7 3 4 5 1
98 83 15 2 4 7 6 1 3 5 0
98 83 15 0 2 5 7 6 3 4 1
98 83 15 2 5 4 6 0 7 3 1
98 83 15 2 0 4 6 7 5 3 1
98 83 15 2 0 1 5 3 7 4 6
98 83 15 2 5 6 1 7 3 0 4
98 83 15 7 2 5 3 1 0 4 6
98 83 15 1 0 6 3 2 7 4 5
98 84 14 4 2 7 6 3 5 0 1
98 84 14 1 7 6 2 3 4 0 5
98 84 14 6 2 5 7 3 0 4 1
98 84 14 3 5 0 2 7 4 1 6
98 84 14 2 7 5 4 3 0 6 1
98 84 14 4 7 5 0 2 3 6 1
98 84 14 6 2 5 3 7 4 1 0
98 84 14 1 5 0 6 3 7 4 2
98 84 14 6 2 7 5 1 3 4 0
98 84 14 3 2 7 5 1 0 4 6
98 84 14 7 3 5 4 6 2 0 1
98 84 14 2 1 5 6 0 7 4 3
98 84 14 7 1 5 6 2 0 4 3
98 84 14 6 7 0 5 2 3 1 4
98 84 14 1 2 0 6 7 4 5 3
98 85 13 7 0 5 4 1 3 6 2
98 85 13 1 7 2 6 3 4 0 5
98 85 13 2 7 5 0 4 1 3 6
98 85 13 0 2 5 4 1 7 3 6
98 85 13 2 5 0 4 1 7 3 6
98 85 13 1 0 2 5 6 7 4 3
98 85 13 2 0 5 4 3 7 1 6
98 85 13 3 0 2 5 1 7 4 6
98 85 13 3 2 4 5 1 7 0 6
98 85 13 7 5 6 1 2 3 0 4
98 85 13 0 1 7 4 2 3 5 6
98 85 13 0 2 5 4 1 7 6 3
98 85 13 3 2 5 0 6 7 1 4
98 85 13 3 2 5 4 0 7 1 6
98 85 13 3 2 0 4 6 7 1 5
98 85 13 1 2 5 0 4 3 7 6
98 85 13 1 0 7 5 3 2 4 6
98 86 12 7 0 5 4 2 3 1 6
98 86 12 6 3 7 1 2 0 4 5
98 86 12 2 7 5 4 6 1 3 0
98 86 12 3 7 5 6 4 1 2 0
98 86 12 3 0 7 5 6 4 1 2
98 86 12 3 7 1 5 6 4 0 2
98 86 12 3 2 4 6 0 5 7 1
98 86 12 3 2 5 1 6 0 7 4
98 86 12 2 7 5 4 1 6 0 3
98 87 11 6 7 1 5 2 3 4 0
98 87 11 2 5 4 3 6 7 1 0
98 87 11 2 5 4 1 3 7 6 0
98 87 11 3 7 5 0 1 4 2 6
98 87 11 1 5 0 4 3 2 7 6
98 88 10 2 5 3 4 6 7 0 1
98 88 10 6 3 5 0 2 4 1 7
98 88 10 7 3 5 1 6 4 0 2
98 88 10 1 2 5 7 3 0 4 6
98 89 9 3 7 5 1 2 6 4 0
98 89 9 1 7 5 2 3 4 6 0
98 90 8 1 2 4 3 6 7 0 5
98 91 7 1 3 7 6 2 4 5 0
98 91 7 3 0 5 7 2 4 1 6
98 91 7 6 3 5 7 2 4 1 0
98 92 6 1 3 0 7 2 4 6 5
98 93 5 1 3 5 0 2 4 6 7
99 80 19 0 5 4 6 7 3 1 2
99 81 18 0 7 6 3 1 4 5 2
99 81 18 3 7 0 2 6 4 1 5
99 82 17 0 7 5 2 3 6 4 1
99 82 17 3 0 5 2 7 6 4 1
99 83 16 6 2 7 5 3 4 0 1
99 83 16 7 2 0 5 6 3 4 1
99 83 16 7 5 6 0 3 2 4 1
99 83 16 7 5 4 6 3 2 0 1
99 83 16 3 5 0 2 6 7 4 1
99 83 16 2 5 6 1 0 3 4 7
99 83 16 2 7 4 5 0 3 6 1
99 83 16 0 7 5 1 6 4 3 2
99 84 15 2 7 6 3 4 5 0 1
99 84 15 7 5 4 2 6 3 0 1
99 84 15 6 7 5 2 4 0 1 3
99 84 15 1 7 6 2 0 4 5 3
99 84 15 3 4 5 2 7 0 1 6
99 84 15 2 7 5 0 4 3 6 1
99 84 15 0 2 7 1 3 4 5 6
99 84 15 5 2 7 0 1 3 4 6
99 84 15 3 4 7 6 2 0 5 1
99 84 15 1 7 4 6 0 3 5 2
99 85 14 3 7 6 2 1 4 5 0
99 85 14 2 5 0 4 7 3 6 1
99 85 14 3 7 5 4 1 0 6 2
99 85 14 2 4 5 3 0 7 1 6
99 85 14 2 4 5 3 7 1 0 6
99 85 14 6 3 5 0 7 2 4 1
99 85 14 1 7 2 6 0 3 4 5
99 85 14 0 2 7 5 6 4 1 3
99 85 14 1 5 0 6 7 2 4 3
99 85 14 3 7 0 2 1 4 5 6
99 86 13 5 1 7 6 2 3 4 0
99 86 13 3 7 5 4 2 0 1 6
99 86 13 2 7 5 1 0 6 4 3
99 86 13 0 7 5 4 2 1 3 6
99 86 13 2 3 7 4 1 0 5 6
99 86 13 3 2 5 6 0 1 7 4
99 86 13 2 7 1 4 6 0 3 5
99 86 13 2 5 4 6 1 3 0 7
99 86 13 2 5 4 0 1 3 7 6
99 86 13 3 2 0 1 6 7 5 4
99 87 12 3 5 4 6 2 7 1 0
99 87 12 3 7 5 0 2 1 4 6
99 87 12 2 3 7 4 6 0 1 5
99 87 12 7 5 1 0 2 3 4 6
99 87 12 7 5 4 1 2 3 0 6
99 87 12 2 3 0 5 1 7 4 6
99 87 12 1 2 6 4 0 7 5 3
99 88 11 2 3 4 6 5 0 7 1
99 88 11 3 0 5 6 2 4 1 7
99 88 11 3 2 4 6 1 7 5 0
99 88 11 7 3 5 1 0 6 4 2
99 88 11 7 4 5 3 2 1 0 6
99 88 11 1 2 4 0 6 3 7 5
99 89 10 2 5 4 1 6 3 7 0
99 89 10 1 7 5 4 2 6 3 0
99 89 10 7 3 5 6 2 1 4 0
99 89 10 2 3 7 5 1 6 4 0
99 89 10 1 7 5 3 0 2 4 6
99 90 9 2 7 5 3 1 4 6 0
99 90 9 1 2 3 0 6 7 4 5
99 90 9 1 5 3 0 2 7 4 6
99 90 9 1 2 6 4 0 3 7 5
99 90 9 3 7 5 0 2 4 6 1
99 91 8 1 2 5 3 7 4 6 0
99 91 8 1 7 5 6 2 4 3 0
99 91 8 1 2 6 3 5 7 0 4
99 92 7 3 1 7 5 2 4 0 6
99 92 7 6 3 7 5 2 4 1 0
99 98 1 1 3 5 7 2 4 6 0