0 0 0 6 3 0 2 4 5 7 1
7 0 7 6 0 3 2 4 5 7 1
8 0 8 6 3 2 0 4 5 7 1
8 0 8 6 3 7 2 4 5 0 1
14 7 7 0 6 3 2 4 5 7 1
14 7 7 6 5 3 2 4 0 7 1
15 8 7 6 3 2 1 4 5 7 0
15 8 7 6 3 7 2 4 5 1 0
16 8 8 6 3 7 2 4 0 5 1
17 8 9 0 3 2 6 4 5 7 1
17 8 9 6 3 2 4 0 5 7 1
17 8 9 6 3 2 7 4 5 0 1
21 14 7 4 6 3 2 0 5 7 1
21 14 7 1 6 3 2 4 5 7 0
21 14 7 6 5 3 2 0 4 7 1
22 14 8 2 6 3 0 4 5 7 1
22 14 8 6 5 3 2 4 7 0 1
23 14 9 5 6 3 2 4 0 7 1
23 15 8 6 3 2 1 4 5 0 7
23 15 8 6 3 7 0 4 5 1 2
23 16 7 6 3 7 2 0 4 5 1
23 17 6 6 3 2 4 5 0 7 1
23 17 6 6 3 2 7 4 5 1 0
24 15 9 6 3 2 1 0 5 7 4
24 15 9 6 3 7 2 0 5 1 4
24 17 7 0 3 2 4 6 5 7 1
24 17 7 6 3 2 4 1 5 7 0
24 17 7 6 3 2 7 4 0 5 1
24 17 7 6 3 0 7 4 5 2 1
25 15 10 6 3 0 1 4 5 7 2
25 15 10 0 3 2 1 4 5 7 6
25 15 10 6 3 0 2 4 5 1 7
25 15 10 0 3 7 2 4 5 1 6
25 16 9 6 0 7 2 4 3 5 1
25 17 8 3 0 2 6 4 5 7 1
25 17 8 4 3 2 6 0 5 7 1
25 17 8 1 3 2 6 4 5 7 0
26 17 9 6 0 2 4 3 5 7 1
27 17 10 5 3 2 6 4 0 7 1
27 21 6 4 6 3 2 5 0 7 1
27 21 6 1 6 3 0 4 5 7 2
28 21 7 4 6 3 2 1 5 7 0
28 21 7 1 6 3 2 4 5 0 7
28 21 7 1 6 3 2 0 5 7 4
28 21 7 0 5 3 2 6 4 7 1
28 21 7 6 5 3 2 1 4 7 0
28 22 6 2 6 3 1 4 5 7 0
29 21 8 6 0 3 2 5 4 7 1
29 22 7 6 5 3 2 4 7 1 0
29 23 6 5 0 3 2 4 6 7 1
29 23 6 6 0 2 4 5 3 7 1
30 21 9 4 0 3 2 6 5 7 1
30 21 9 4 6 3 0 2 5 7 1
30 21 9 1 6 0 2 4 5 7 3
30 21 9 6 5 3 0 2 4 7 1
30 22 8 2 6 0 3 4 5 7 1
30 22 8 2 6 3 4 0 5 7 1
30 23 7 5 6 3 2 0 4 7 1
30 23 7 6 3 0 7 4 5 1 2
30 23 7 0 3 7 2 6 4 5 1
30 23 7 6 3 7 2 1 4 5 0
30 23 7 6 3 2 4 5 7 0 1
30 24 6 6 3 2 7 0 4 5 1
31 22 9 6 5 0 2 4 7 3 1
31 23 8 5 6 3 2 4 7 0 1
31 23 8 6 3 2 1 4 0 5 7
31 23 8 6 3 0 1 4 5 2 7
31 23 8 6 3 7 0 2 4 5 1
31 23 8 6 3 2 0 4 5 1 7
31 23 8 6 3 2 7 0 5 1 4
31 24 7 6 3 2 1 5 0 7 4
31 24 7 3 0 2 4 6 5 7 1
31 24 7 1 3 2 4 6 5 7 0
32 22 10 2 6 3 7 4 5 0 1
32 23 9 0 3 7 6 4 5 1 2
32 23 9 0 3 2 7 4 5 1 6
32 24 8 0 3 2 1 6 5 7 4
32 24 8 6 3 7 2 5 0 1 4
32 24 8 0 3 7 2 6 5 1 4
32 24 8 6 3 2 4 1 5 0 7
32 24 8 6 3 2 0 1 5 7 4
32 24 8 6 0 2 7 4 3 5 1
32 24 8 6 0 3 7 4 5 2 1
32 24 8 6 3 7 0 4 5 2 1
32 25 7 6 0 3 1 4 5 7 2
32 25 7 3 2 0 6 4 5 7 1
32 25 7 4 3 2 6 5 0 7 1
32 25 7 1 3 2 6 4 5 0 7
32 25 7 1 3 2 0 4 5 7 6
32 26 6 6 2 0 4 3 5 7 1
32 27 5 4 0 3 2 5 6 7 1
33 23 10 6 3 7 4 0 5 1 2
33 23 10 6 3 7 1 4 5 0 2
33 23 10 6 0 7 2 3 4 5 1
33 24 9 6 3 7 0 2 5 1 4
33 24 9 4 3 2 0 6 5 7 1
33 24 9 5 3 2 4 6 0 7 1
33 24 9 6 3 0 4 1 5 7 2
33 24 9 0 3 2 4 1 5 7 6
33 25 8 6 3 1 0 4 5 7 2
33 25 8 3 0 2 1 4 5 7 6
33 25 8 4 3 2 1 0 5 7 6
33 25 8 6 0 3 2 4 5 1 7
33 25 8 6 3 1 2 4 5 0 7
33 25 8 4 3 7 2 0 5 1 6
33 25 8 3 5 2 6 4 0 7 1
33 25 8 4 3 2 6 1 5 7 0
33 25 8 1 3 2 6 0 5 7 4
33 26 7 0 6 2 4 3 5 7 1
33 26 7 6 5 2 4 3 0 7 1
33 28 5 1 6 3 2 5 0 7 4
34 24 10 6 0 2 1 3 5 7 4
34 25 9 3 0 7 2 4 5 1 6
34 25 9 2 3 7 0 4 5 1 6
34 25 9 0 6 7 2 4 3 5 1
34 25 9 6 7 0 2 4 3 5 1
34 25 9 1 3 0 6 4 5 7 2
34 27 7 5 3 2 6 0 4 7 1
34 27 7 4 6 3 2 5 7 0 1
34 27 7 1 6 0 3 4 5 7 2
34 27 7 1 6 3 4 0 5 7 2
34 29 5 6 2 0 4 5 3 7 1
35 24 11 6 0 7 2 3 5 1 4
35 25 10 5 3 2 1 4 0 7 6
35 25 10 5 3 7 2 4 0 1 6
35 25 10 4 0 2 6 3 5 7 1
35 27 8 5 3 2 6 4 7 0 1
35 27 8 5 0 2 6 4 3 7 1
35 27 8 0 6 3 1 4 5 7 2
35 28 7 4 6 3 0 1 5 7 2
35 28 7 1 6 3 2 4 0 5 7
35 28 7 0 6 3 2 1 5 7 4
35 28 7 5 0 3 2 6 4 7 1
35 28 7 1 5 3 2 6 4 7 0
35 28 7 6 5 3 0 1 4 7 2
35 29 6 0 6 3 2 5 4 7 1
35 29 6 6 4 3 2 5 0 7 1
35 29 6 0 5 3 2 4 6 7 1
35 29 6 0 6 2 4 5 3 7 1
35 30 5 2 6 3 4 5 0 7 1
36 27 9 1 6 3 7 4 5 0 2
36 28 8 4 6 3 2 1 5 0 7
36 28 8 1 6 0 2 4 5 3 7
36 28 8 1 0 3 2 6 5 7 4
36 28 8 1 6 3 0 2 5 7 4
36 28 8 2 5 3 0 6 4 7 1
36 28 8 6 5 3 2 1 4 0 7
36 28 8 2 6 3 1 4 5 0 7
36 28 8 2 6 3 1 0 5 7 4
36 29 7 6 3 0 2 5 4 7 1
36 29 7 5 3 0 2 4 6 7 1
36 30 6 4 6 3 1 2 5 7 0
36 30 6 6 5 3 1 2 4 7 0
36 30 6 0 6 3 4 2 5 7 1
36 30 6 2 6 3 4 1 5 7 0
36 30 6 6 3 2 4 5 7 1 0
36 30 6 0 3 2 7 6 4 5 1
36 30 6 6 3 2 7 1 4 5 0
36 31 5 6 3 0 7 2 4 5 1
36 31 5 6 3 7 1 2 4 5 0
37 28 9 4 5 3 2 6 0 7 1
37 28 9 0 5 3 2 1 4 7 6
37 29 8 6 5 3 0 4 7 1 2
37 30 7 0 4 3 2 6 5 7 1
37 30 7 1 0 6 2 4 5 7 3
37 30 7 1 6 2 0 4 5 7 3
37 30 7 6 5 0 3 2 4 7 1
37 30 7 5 6 3 2 1 4 7 0
37 30 7 6 3 1 7 4 5 0 2
37 30 7 1 3 7 2 6 4 5 0
37 30 7 6 3 7 2 1 4 0 5
37 30 7 6 3 7 0 1 4 5 2
37 30 7 6 3 0 4 5 7 2 1
37 31 6 3 2 0 4 6 5 7 1
37 32 5 0 4 3 2 5 6 7 1
37 33 4 1 0 3 2 5 6 7 4
38 28 10 4 6 0 2 1 5 7 3
38 28 10 6 5 0 2 1 4 7 3
38 28 10 2 6 0 1 4 5 7 3
38 29 9 6 5 3 2 0 7 1 4
38 30 8 4 3 0 2 6 5 7 1
38 30 8 4 6 0 3 2 5 7 1
38 30 8 1 6 7 2 4 5 0 3
38 30 8 0 5 3 6 2 4 7 1
38 30 8 6 5 3 7 2 4 0 1
38 30 8 2 0 6 3 4 5 7 1
38 30 8 2 0 3 4 6 5 7 1
38 30 8 6 0 3 7 4 5 1 2
38 30 8 3 0 7 2 6 4 5 1
38 30 8 2 3 7 0 6 4 5 1
38 31 7 5 6 3 2 4 7 1 0
38 31 7 6 3 2 1 0 4 5 7
38 31 7 0 3 7 6 2 4 5 1
38 31 7 6 3 2 7 5 0 1 4
38 31 7 0 3 2 7 6 5 1 4
38 31 7 6 0 2 1 5 3 7 4
38 31 7 3 5 2 4 6 0 7 1
38 31 7 1 3 2 4 6 5 0 7
38 31 7 1 3 2 0 6 5 7 4
38 31 7 1 3 2 4 0 5 7 6
38 32 6 4 3 0 2 5 6 7 1
38 34 4 1 6 3 4 5 0 7 2
39 29 10 0 5 3 2 4 7 1 6
39 30 9 4 6 3 7 2 5 0 1
39 30 9 2 6 7 3 4 5 0 1
39 30 9 5 6 3 0 2 4 7 1
39 30 9 6 3 0 2 1 4 5 7
39 30 9 0 3 7 2 1 4 5 6
39 30 9 6 0 2 7 3 4 5 1
39 30 9 6 3 2 0 7 4 5 1
39 31 8 6 0 5 2 4 7 3 1
39 31 8 6 0 3 1 4 5 2 7
39 31 8 6 3 1 0 4 5 2 7
39 31 8 6 3 7 5 2 4 0 1
39 31 8 6 3 2 1 5 7 0 4
39 31 8 1 3 0 4 6 5 7 2
39 32 7 2 6 3 7 4 5 1 0
39 32 7 4 3 2 7 0 5 1 6
39 32 7 6 3 7 1 4 5 2 0
39 32 7 6 5 3 1 4 0 7 2
39 32 7 3 2 6 0 4 5 7 1
39 32 7 4 0 2 6 5 3 7 1
39 32 7 1 3 2 6 4 0 5 7
39 32 7 1 3 0 6 4 5 2 7
39 32 7 1 3 0 2 4 5 7 6
39 32 7 6 2 4 0 3 5 7 1
39 32 7 6 2 7 4 3 5 0 1
39 33 6 6 3 0 7 2 5 1 4
39 33 6 6 3 7 4 2 5 1 0
39 33 6 5 3 2 4 0 6 7 1
39 33 6 6 0 3 4 1 5 7 2
39 33 6 1 3 2 6 5 0 7 4
39 33 6 1 6 3 2 5 7 0 4
39 34 5 1 6 3 4 2 5 7 0
39 35 4 2 0 3 4 5 6 7 1
40 29 11 6 5 0 2 4 7 1 3
40 30 10 4 3 7 2 6 0 5 1
40 31 9 6 5 2 0 4 7 3 1
40 31 9 5 6 0 2 4 7 3 1
40 31 9 6 0 2 1 4 3 5 7
40 31 9 0 3 2 6 4 5 1 7
40 32 8 2 6 3 7 4 0 5 1
40 32 8 2 6 0 7 4 5 3 1
40 32 8 4 3 7 6 0 5 1 2
40 32 8 3 0 2 7 4 5 1 6
40 32 8 3 0 2 1 6 5 7 4
40 32 8 6 3 7 2 5 1 0 4
40 32 8 6 0 7 2 5 3 1 4
40 32 8 6 3 2 4 1 0 5 7
40 32 8 6 3 0 4 1 5 2 7
40 32 8 6 3 0 2 1 5 7 4
40 32 8 0 6 2 7 4 3 5 1
40 32 8 6 2 0 7 4 3 5 1
40 32 8 0 6 3 7 4 5 2 1
40 32 8 6 5 3 7 4 0 2 1
40 32 8 3 2 7 6 4 5 0 1
40 32 8 4 3 2 6 5 7 0 1
40 32 8 1 3 2 7 4 5 0 6
40 33 7 6 3 7 4 5 0 1 2
40 33 7 4 3 2 1 6 5 7 0
40 33 7 5 0 2 4 6 3 7 1
40 33 7 3 0 2 4 1 5 7 6
40 33 7 6 3 1 2 4 5 7 0
40 33 7 3 2 0 1 4 5 7 6
40 33 7 4 3 2 1 5 0 7 6
40 33 7 3 6 2 4 0 5 7 1
40 33 7 1 6 2 4 3 5 7 0
40 33 7 6 5 2 4 0 3 7 1
40 34 6 1 0 3 6 4 5 7 2
40 34 6 4 6 3 2 5 7 1 0
40 34 6 0 6 3 4 1 5 7 2
40 34 6 6 2 4 0 5 3 7 1
40 34 6 6 2 7 4 5 3 0 1
40 36 4 6 3 5 7 2 4 0 1
41 31 10 6 3 2 4 0 5 1 7
41 31 10 6 0 2 7 3 5 1 4
41 31 10 6 3 2 0 7 5 1 4
41 32 9 3 0 7 6 4 5 1 2
41 32 9 2 3 7 6 4 5 1 0
41 32 9 7 3 2 0 4 5 1 6
41 32 9 5 3 2 7 4 0 1 6
41 32 9 3 0 7 2 6 5 1 4
41 32 9 2 3 7 0 6 5 1 4
41 32 9 4 3 7 2 6 5 1 0
41 32 9 0 3 2 6 1 5 7 4
41 32 9 6 3 2 7 1 5 0 4
41 32 9 0 3 7 6 4 5 2 1
41 33 8 0 3 7 4 6 5 1 2
41 33 8 6 3 7 1 4 0 5 2
41 33 8 0 6 7 2 3 4 5 1
41 33 8 6 7 0 2 3 4 5 1
41 33 8 0 3 7 6 2 5 1 4
41 33 8 5 3 2 4 6 7 0 1
41 33 8 6 3 4 0 1 5 7 2
41 33 8 6 3 7 4 1 5 0 2
41 33 8 3 5 2 1 4 0 7 6
41 33 8 0 6 3 2 4 5 1 7
41 33 8 6 5 3 2 4 0 1 7
41 33 8 6 3 1 2 4 0 5 7
41 33 8 4 3 7 2 5 0 1 6
41 33 8 3 5 2 6 0 4 7 1
41 33 8 4 3 2 6 1 5 0 7
41 33 8 4 3 2 0 1 5 7 6
41 33 8 6 5 2 4 3 7 0 1
41 34 7 6 2 0 1 3 5 7 4
41 34 7 2 3 0 7 4 5 1 6
41 34 7 1 3 6 0 4 5 7 2
41 34 7 1 3 7 6 4 5 0 2
41 34 7 0 3 2 6 5 4 7 1
41 34 7 5 3 2 6 1 4 7 0
41 34 7 1 0 6 3 4 5 7 2
41 34 7 1 0 3 4 6 5 7 2
41 35 6 1 0 3 2 4 6 5 7
41 35 6 1 5 3 0 6 4 7 2
41 35 6 1 6 3 2 5 4 7 0
41 35 6 4 5 3 2 0 6 7 1
41 35 6 1 5 3 2 4 6 7 0
41 35 6 1 6 2 4 5 3 7 0
41 35 6 2 6 3 4 5 7 0 1
41 38 3 1 0 3 4 5 6 7 2
42 32 10 5 3 7 6 4 0 1 2
42 32 10 5 3 2 1 6 0 7 4
42 32 10 5 3 7 2 6 0 1 4
42 32 10 6 3 7 4 0 5 2 1
42 33 9 6 4 7 2 3 0 5 1
42 33 9 6 3 7 1 2 5 0 4
42 33 9 4 3 2 7 6 5 0 1
42 33 9 5 3 2 4 1 0 7 6
42 33 9 0 3 1 6 4 5 7 2
42 33 9 6 3 1 4 0 5 7 2
42 33 9 4 3 7 0 2 5 1 6
42 33 9 3 5 2 6 4 7 0 1
42 33 9 1 0 2 6 3 5 7 4
42 33 9 4 6 2 0 3 5 7 1
42 33 9 5 6 2 4 3 0 7 1
42 34 8 0 6 2 1 3 5 7 4
42 34 8 6 5 2 1 3 0 7 4
42 34 8 6 7 5 2 4 3 0 1
42 34 8 4 6 0 2 5 7 3 1
42 34 8 1 6 7 3 4 5 0 2
42 35 7 5 3 2 1 0 4 7 6
42 35 7 5 3 7 2 0 4 1 6
42 35 7 4 2 0 6 3 5 7 1
42 35 7 5 3 2 6 4 7 1 0
42 35 7 5 2 0 6 4 3 7 1
42 35 7 4 6 3 1 0 5 7 2
42 35 7 1 6 3 2 0 4 5 7
42 35 7 6 0 3 2 1 5 7 4
42 35 7 5 3 0 2 6 4 7 1
42 35 7 5 4 3 2 6 0 7 1
42 35 7 1 5 3 2 6 4 0 7
42 35 7 1 5 3 2 0 4 7 6
42 35 7 2 6 3 0 5 4 7 1
42 35 7 6 4 3 2 0 5 7 1
42 35 7 6 4 3 2 5 7 0 1
42 35 7 2 5 3 0 4 6 7 1
42 35 7 5 6 2 4 0 3 7 1
42 36 6 1 6 3 7 4 5 2 0
42 36 6 1 5 3 2 6 0 7 4
42 36 6 2 5 3 1 6 4 7 0
42 36 6 2 6 3 1 5 0 7 4
42 36 6 6 0 3 4 2 5 7 1
42 36 6 1 3 2 7 6 4 5 0
42 36 6 6 3 2 7 1 4 0 5
42 36 6 6 0 3 7 2 4 5 1
42 36 6 6 3 7 1 2 4 0 5
42 37 5 1 4 3 2 5 6 7 0
42 37 5 0 1 3 2 5 6 7 4
42 37 5 1 3 0 2 5 6 7 4
42 39 3 0 2 3 4 5 6 7 1
43 33 10 6 0 7 4 3 5 1 2
43 33 10 4 0 2 1 3 5 7 6
43 33 10 4 3 0 6 1 5 7 2
43 34 9 3 7 0 2 4 5 1 6
43 34 9 3 5 7 2 4 0 1 6
43 34 9 4 6 7 2 0 3 5 1
43 34 9 1 6 7 2 4 3 5 0
43 34 9 6 7 2 0 4 3 5 1
43 34 9 5 3 2 0 6 4 7 1
43 35 8 5 3 2 1 4 7 0 6
43 35 8 5 0 2 1 4 3 7 6
43 35 8 5 3 7 2 4 1 0 6
43 35 8 0 4 2 6 3 5 7 1
43 35 8 4 5 2 6 3 0 7 1
43 35 8 5 3 0 6 4 7 2 1
43 35 8 0 5 2 6 4 3 7 1
43 35 8 4 6 0 3 1 5 7 2
43 35 8 2 6 3 0 1 5 7 4
43 35 8 6 5 0 3 1 4 7 2
43 35 8 0 5 3 6 1 4 7 2
43 35 8 4 6 2 0 5 3 7 1
43 35 8 3 6 2 4 5 0 7 1
43 36 7 1 6 3 7 4 0 5 2
43 36 7 1 6 0 7 4 5 3 2
43 36 7 0 1 3 2 6 5 7 4
43 36 7 1 3 0 2 6 5 7 4
43 36 7 1 6 0 3 2 5 7 4
43 36 7 0 6 3 1 2 5 7 4
43 36 7 6 3 2 0 5 4 7 1
43 36 7 6 3 7 2 5 4 0 1
43 36 7 5 3 2 0 4 6 7 1
43 36 7 6 5 3 1 2 4 0 7
43 36 7 2 6 3 4 1 5 0 7
43 36 7 3 0 2 7 6 4 5 1
43 36 7 6 3 2 0 1 4 5 7
43 37 6 1 6 2 3 4 5 7 0
43 37 6 6 0 5 3 2 4 7 1
43 37 6 6 3 1 7 4 5 2 0
43 37 6 1 3 7 2 6 4 0 5
43 37 6 1 3 7 0 6 4 5 2
43 37 6 6 3 0 7 1 4 5 2
43 37 6 6 0 3 4 5 7 2 1
43 37 6 5 4 3 2 0 6 7 1
43 37 6 2 4 3 0 5 6 7 1
43 38 5 6 5 3 7 2 4 1 0
43 38 5 0 2 3 4 6 5 7 1
43 38 5 1 3 2 4 5 0 7 6
43 38 5 1 6 3 4 5 7 0 2
43 40 3 6 3 5 7 2 4 1 0
44 33 11 4 0 7 2 3 5 1 6
44 34 10 2 3 7 4 0 5 1 6
44 34 10 2 3 7 1 4 5 0 6
44 34 10 2 6 7 0 4 3 5 1
44 34 10 5 0 2 6 3 4 7 1
44 35 9 0 6 7 2 3 5 1 4
44 35 9 6 7 0 2 3 5 1 4
44 35 9 6 5 7 2 3 0 1 4
44 35 9 5 0 7 2 4 3 1 6
44 35 9 5 6 3 1 4 0 7 2
44 35 9 5 6 3 2 1 0 7 4
44 35 9 1 5 0 2 6 4 7 3
44 35 9 6 5 3 1 0 4 7 2
44 35 9 6 5 3 7 1 4 0 2
44 36 8 4 6 3 2 1 0 5 7
44 36 8 1 0 6 2 4 5 3 7
44 36 8 1 6 2 0 4 5 3 7
44 36 8 1 6 3 7 2 5 0 4
44 36 8 2 5 0 3 6 4 7 1
44 36 8 6 5 3 2 1 0 4 7
44 36 8 6 5 0 2 1 4 3 7
44 36 8 2 6 3 1 4 0 5 7
44 36 8 5 3 7 2 4 6 0 1
44 36 8 4 6 3 1 2 5 0 7
44 36 8 5 6 3 4 2 0 7 1
44 36 8 6 3 2 0 5 7 1 4
44 36 8 7 3 2 0 6 4 5 1
44 36 8 0 3 2 7 1 4 5 6
44 36 8 6 3 7 1 0 4 5 2
44 36 8 6 3 0 1 2 4 5 7
44 36 8 0 3 7 1 2 4 5 6
44 37 7 5 0 3 2 1 4 7 6
44 37 7 1 4 3 2 6 5 7 0
44 37 7 1 5 6 2 4 0 7 3
44 37 7 6 5 7 3 2 4 0 1
44 37 7 5 6 3 0 1 4 7 2
44 37 7 6 3 1 7 4 0 5 2
44 37 7 1 3 7 2 0 4 5 6
44 37 7 6 3 0 2 1 4 7 5
44 37 7 3 2 4 0 6 5 7 1
44 37 7 3 2 7 4 6 5 0 1
44 38 6 6 5 0 7 2 4 3 1
44 38 6 2 5 3 4 6 0 7 1
44 38 6 2 3 0 7 6 4 5 1
44 38 6 2 3 7 1 6 4 5 0
44 38 6 1 3 7 6 2 4 5 0
44 38 6 6 2 0 1 5 3 7 4
44 38 6 3 5 2 4 0 6 7 1
44 38 6 4 3 2 0 5 6 7 1
44 39 5 6 3 7 5 2 4 1 0
44 39 5 0 3 2 4 5 6 7 1
44 39 5 1 6 3 2 5 7 4 0
44 39 5 2 3 0 4 5 6 7 1
44 40 4 1 3 2 7 4 5 6 0
45 34 11 3 6 7 2 4 0 5 1
45 35 10 4 6 3 7 1 5 0 2
45 36 9 4 6 0 2 1 5 3 7
45 36 9 2 5 3 6 0 4 7 1
45 36 9 2 5 3 7 6 4 0 1
45 36 9 2 6 0 1 4 5 3 7
45 36 9 2 0 3 1 6 5 7 4
45 36 9 6 5 0 1 2 4 7 3
45 36 9 0 5 3 1 2 4 7 6
45 36 9 2 6 0 4 1 5 7 3
45 36 9 6 3 2 4 0 7 1 5
45 36 9 6 3 0 4 5 7 1 2
45 36 9 0 3 2 4 5 7 1 6
45 36 9 4 3 2 7 6 0 5 1
45 37 8 4 5 3 2 6 7 0 1
45 37 8 2 5 3 0 1 4 7 6
45 37 8 2 4 3 0 6 5 7 1
45 37 8 0 1 6 2 4 5 7 3
45 37 8 1 6 2 4 0 5 7 3
45 37 8 5 6 3 2 1 4 0 7
45 37 8 1 3 0 2 6 4 5 7
45 37 8 6 3 7 2 1 0 4 5
45 37 8 0 3 7 6 1 4 5 2
45 37 8 6 3 4 0 5 7 2 1
45 38 7 6 0 5 2 1 4 7 3
45 38 7 1 6 7 2 4 5 3 0
45 38 7 5 0 3 6 2 4 7 1
45 38 7 1 5 3 6 2 4 7 0
45 38 7 6 5 3 7 2 0 4 1
45 38 7 0 2 6 3 4 5 7 1
45 38 7 2 3 0 4 6 5 7 1
45 38 7 0 3 2 1 6 4 5 7
45 38 7 6 3 2 1 7 4 5 0
45 38 7 3 0 7 6 2 4 5 1
45 38 7 2 3 7 6 0 4 5 1
45 38 7 6 3 2 7 5 1 0 4
45 38 7 0 6 2 1 5 3 7 4
45 38 7 1 3 2 4 6 0 5 7
45 38 7 1 3 0 4 6 5 2 7
45 38 7 4 3 7 2 5 6 0 1
45 39 6 4 6 3 7 2 5 1 0
45 39 6 5 6 3 1 2 4 7 0
45 39 6 6 3 5 2 1 4 0 7
45 39 6 6 3 0 5 2 4 7 1
45 39 6 3 2 6 1 4 5 7 0
45 39 6 4 2 0 6 5 3 7 1
45 39 6 1 3 2 6 0 4 5 7
45 39 6 1 0 3 2 4 5 7 6
45 39 6 6 2 4 1 3 5 7 0
45 39 6 6 2 7 4 3 5 1 0
45 39 6 6 3 1 7 2 5 0 4
45 39 6 5 3 2 4 1 6 7 0
45 39 6 6 5 3 4 1 0 7 2
45 39 6 1 0 2 6 5 3 7 4
45 39 6 1 6 3 4 2 5 0 7
45 40 5 6 2 4 1 5 3 7 0
45 40 5 6 2 7 4 5 3 1 0
45 40 5 6 3 5 7 2 0 4 1
45 41 4 0 1 3 4 5 6 7 2
45 41 4 1 3 0 4 5 6 7 2
45 42 3 1 2 3 4 5 6 7 0