0 0 0 6 3 0 2 4 5 7 1
14 0 14 6 3 7 2 4 5 0 1
15 0 15 6 0 3 2 4 5 7 1
15 0 15 6 3 2 0 4 5 7 1
26 14 12 6 3 7 2 4 5 1 0
27 15 12 6 3 2 1 4 5 7 0
29 14 15 6 3 7 2 4 0 5 1
29 15 14 6 3 2 4 0 5 7 1
29 15 14 6 3 2 7 4 5 0 1
30 15 15 0 6 3 2 4 5 7 1
31 15 16 6 5 3 2 4 0 7 1
31 15 16 0 3 2 6 4 5 7 1
39 26 13 6 3 7 0 4 5 1 2
39 29 10 6 3 2 4 1 5 7 0
39 29 10 6 3 2 7 4 5 1 0
40 27 13 6 3 2 1 4 5 0 7
40 29 11 6 3 2 4 5 0 7 1
40 29 11 0 3 2 4 6 5 7 1
41 27 14 6 3 2 1 0 5 7 4
41 30 11 1 6 3 2 4 5 7 0
42 26 16 6 3 7 2 0 5 1 4
42 26 16 0 3 7 2 4 5 1 6
42 29 13 6 3 2 7 4 0 5 1
42 29 13 6 3 0 7 4 5 2 1
42 31 11 1 3 2 6 4 5 7 0
43 26 17 6 3 0 2 4 5 1 7
43 27 16 6 3 0 1 4 5 7 2
43 27 16 0 3 2 1 4 5 7 6
43 29 14 6 3 7 2 0 4 5 1
43 30 13 4 6 3 2 0 5 7 1
44 29 15 6 0 2 4 3 5 7 1
44 30 14 2 6 3 0 4 5 7 1
44 31 13 4 3 2 6 0 5 7 1
46 29 17 6 0 7 2 4 3 5 1
46 31 15 6 5 3 2 0 4 7 1
46 31 15 6 5 3 2 4 7 0 1
46 31 15 3 0 2 6 4 5 7 1
47 30 17 5 6 3 2 4 0 7 1
47 40 7 1 3 2 4 6 5 7 0
48 31 17 5 3 2 6 4 0 7 1
50 39 11 6 3 2 4 1 5 0 7
51 39 12 6 3 0 7 4 5 1 2
51 40 11 6 3 2 4 5 7 0 1
51 40 11 3 0 2 4 6 5 7 1
52 39 13 6 3 2 0 1 5 7 4
52 39 13 0 3 2 4 1 5 7 6
52 40 12 6 0 2 4 5 3 7 1
52 41 11 1 6 3 2 4 5 0 7
52 41 11 1 6 3 0 4 5 7 2
52 41 11 1 6 3 2 0 5 7 4
53 39 14 6 3 7 1 4 5 0 2
53 39 14 6 3 0 4 1 5 7 2
53 39 14 6 3 2 0 4 5 1 7
53 39 14 6 3 2 7 0 5 1 4
53 39 14 0 3 2 7 4 5 1 6
53 40 13 4 3 2 0 6 5 7 1
53 40 13 5 3 2 4 6 0 7 1
53 41 12 6 3 2 1 5 0 7 4
53 41 12 0 3 2 1 6 5 7 4
53 42 11 1 3 2 6 4 5 0 7
53 42 11 1 3 2 0 4 5 7 6
53 42 11 1 3 2 6 0 5 7 4
54 40 14 6 3 2 1 4 0 5 7
54 40 14 6 3 0 1 4 5 2 7
54 42 12 6 3 2 7 0 4 5 1
54 43 11 4 6 3 2 1 5 7 0
54 44 10 2 6 3 1 4 5 7 0
54 47 7 1 3 2 4 6 5 0 7
55 39 16 0 3 7 6 4 5 1 2
55 39 16 6 3 7 4 0 5 1 2
55 42 13 2 3 7 0 4 5 1 6
55 43 12 4 3 2 1 0 5 7 6
55 43 12 6 3 7 2 1 4 5 0
55 43 12 4 6 3 2 5 0 7 1
55 44 11 4 3 2 6 1 5 7 0
56 42 14 6 3 7 0 2 5 1 4
56 42 14 3 0 7 2 4 5 1 6
56 42 14 6 0 3 7 4 5 2 1
56 42 14 6 3 7 0 4 5 2 1
56 42 14 1 3 0 6 4 5 7 2
56 43 13 6 3 7 0 2 4 5 1
56 44 12 6 2 0 4 3 5 7 1
56 44 12 2 6 3 4 0 5 7 1
56 44 12 4 3 2 6 5 0 7 1
56 47 9 1 3 2 0 6 5 7 4
56 47 9 1 3 2 4 0 5 7 6
57 41 16 6 0 2 1 3 5 7 4
57 41 16 1 6 0 2 4 5 7 3
57 42 15 6 3 7 2 5 0 1 4
57 42 15 0 3 7 2 6 5 1 4
57 42 15 4 3 7 2 0 5 1 6
57 42 15 5 3 7 2 4 0 1 6
57 42 15 6 0 2 7 4 3 5 1
57 43 14 6 3 1 2 4 5 0 7
57 43 14 6 0 3 1 4 5 7 2
57 43 14 6 3 1 0 4 5 7 2
57 43 14 3 0 2 1 4 5 7 6
57 43 14 4 0 3 2 6 5 7 1
57 44 13 0 6 2 4 3 5 7 1
57 47 10 1 3 0 4 6 5 7 2
58 43 15 6 0 3 2 4 5 1 7
58 43 15 5 3 2 1 4 0 7 6
58 43 15 0 3 7 2 6 4 5 1
58 44 14 6 5 2 4 3 0 7 1
58 44 14 2 6 0 3 4 5 7 1
59 43 16 4 6 3 0 2 5 7 1
59 44 15 2 6 3 7 4 5 0 1
59 46 13 6 5 3 2 1 4 7 0
59 46 13 6 5 3 2 4 7 1 0
60 44 16 4 0 2 6 3 5 7 1
60 46 14 0 5 3 2 6 4 7 1
60 46 14 6 5 3 0 2 4 7 1
60 46 14 3 2 0 6 4 5 7 1
60 47 13 5 0 3 2 4 6 7 1
60 51 9 6 3 2 4 5 7 1 0
61 42 19 6 0 7 2 3 5 1 4
61 46 15 6 0 3 2 5 4 7 1
61 47 14 5 6 3 2 0 4 7 1
61 51 10 3 2 0 4 6 5 7 1
61 52 9 1 6 3 2 5 0 7 4
62 43 19 6 0 7 2 3 4 5 1
62 46 16 3 5 2 6 4 0 7 1
62 47 15 5 6 3 2 4 7 0 1
62 48 14 5 3 2 6 0 4 7 1
62 51 11 6 3 1 7 4 5 0 2
62 52 10 1 6 3 4 0 5 7 2
62 53 9 4 3 2 1 6 5 7 0
62 53 9 1 3 2 6 5 0 7 4
63 46 17 6 5 0 2 4 7 3 1
63 48 15 5 3 2 6 4 7 0 1
63 50 13 6 3 2 4 1 0 5 7
63 50 13 6 3 0 4 1 5 2 7
63 51 12 3 5 2 4 6 0 7 1
63 52 11 3 0 2 4 1 5 7 6
63 52 11 6 2 0 4 5 3 7 1
63 52 11 1 0 3 2 6 5 7 4
63 53 10 5 3 2 4 0 6 7 1
63 53 10 1 3 2 7 4 5 0 6
63 54 9 1 3 2 4 6 0 5 7
63 54 9 1 3 0 4 6 5 2 7
63 56 7 1 3 2 4 5 0 7 6
64 46 18 0 6 7 2 4 3 5 1
64 46 18 6 7 0 2 4 3 5 1
64 48 16 5 0 2 6 4 3 7 1
64 51 13 6 0 3 7 4 5 1 2
64 51 13 6 3 0 4 5 7 2 1
64 52 12 0 6 2 4 5 3 7 1
64 52 12 1 6 0 3 4 5 7 2
64 52 12 1 6 3 7 4 5 0 2
64 53 11 6 3 7 1 4 5 2 0
64 53 11 6 0 3 4 1 5 7 2
64 53 11 5 3 2 4 6 7 0 1
64 54 10 6 3 2 7 1 4 5 0
64 56 8 6 3 7 1 2 4 5 0
64 56 8 2 6 3 4 1 5 7 0
64 57 7 1 0 3 4 6 5 7 2
65 52 13 4 3 2 0 1 5 7 6
65 52 13 5 3 2 4 1 0 7 6
65 52 13 1 6 3 2 4 0 5 7
65 52 13 0 6 3 2 1 5 7 4
65 52 13 1 6 3 0 2 5 7 4
65 53 12 3 0 2 7 4 5 1 6
65 53 12 5 0 2 4 6 3 7 1
65 53 12 6 3 2 1 5 7 0 4
65 53 12 3 0 2 1 6 5 7 4
65 53 12 1 3 0 2 4 5 7 6
65 55 10 4 0 3 2 5 6 7 1
65 56 9 2 6 3 4 5 0 7 1
66 52 14 6 3 0 2 1 5 7 4
66 52 14 0 3 2 6 1 5 7 4
66 52 14 6 3 2 7 1 5 0 4
66 52 14 1 6 0 2 4 5 3 7
66 53 13 6 3 7 1 4 0 5 2
66 53 13 6 3 4 0 1 5 7 2
66 53 13 6 3 7 4 1 5 0 2
66 53 13 6 3 2 7 5 0 1 4
66 53 13 4 3 2 7 0 5 1 6
66 53 13 5 3 2 7 4 0 1 6
66 53 13 4 3 0 2 6 5 7 1
66 53 13 6 0 2 1 5 3 7 4
66 53 13 1 3 2 6 4 0 5 7
66 53 13 1 3 0 6 4 5 2 7
66 53 13 1 0 2 6 3 5 7 4
66 54 12 4 6 3 2 1 5 0 7
66 54 12 4 6 3 0 1 5 7 2
66 54 12 2 6 3 1 4 5 0 7
66 54 12 2 6 3 1 0 5 7 4
66 55 11 6 3 7 4 2 5 1 0
66 55 11 2 3 0 7 4 5 1 6
66 55 11 4 3 2 1 5 0 7 6
66 56 10 6 3 0 7 2 4 5 1
66 56 10 1 3 0 2 6 5 7 4
66 57 9 1 6 2 4 3 5 7 0
66 57 9 1 3 4 0 6 5 7 2
66 57 9 1 3 7 4 6 5 0 2
67 52 15 0 6 3 1 4 5 7 2
67 53 14 6 3 2 4 0 5 1 7
67 53 14 0 3 2 7 6 5 1 4
67 53 14 7 3 2 0 4 5 1 6
67 53 14 5 3 2 1 6 0 7 4
67 54 13 6 3 2 1 0 4 5 7
67 54 13 0 3 2 7 6 4 5 1
67 55 12 2 3 7 6 4 5 1 0
67 55 12 6 3 7 0 1 4 5 2
67 55 12 4 6 3 2 5 7 0 1
67 55 12 4 3 2 6 1 5 0 7
67 56 11 6 3 0 7 2 5 1 4
67 56 11 1 0 3 6 4 5 7 2
67 56 11 1 3 7 6 4 5 0 2
67 56 11 6 3 7 5 2 4 0 1
67 56 11 2 0 3 4 6 5 7 1
67 56 11 1 0 2 4 3 5 7 6
68 54 14 6 3 1 0 4 5 2 7
68 55 13 6 3 7 4 5 0 1 2
68 55 13 0 3 7 4 6 5 1 2
68 55 13 2 3 7 1 4 5 0 6
68 55 13 6 3 7 2 1 4 0 5
68 56 12 1 3 6 0 4 5 7 2
68 56 12 4 3 2 6 5 7 0 1
68 56 12 1 3 2 7 6 5 0 4
68 61 7 1 0 3 2 5 6 7 4
69 53 16 0 3 2 6 4 5 1 7
69 53 16 4 3 2 7 6 5 0 1
69 54 15 6 0 3 1 4 5 2 7
69 55 14 2 3 7 4 0 5 1 6
69 56 13 6 3 7 1 2 5 0 4
69 56 13 3 5 7 2 4 0 1 6
69 56 13 6 5 3 7 4 0 2 1
69 56 13 6 2 4 0 3 5 7 1
69 56 13 6 2 7 4 3 5 0 1
69 56 13 0 6 3 4 2 5 7 1
69 56 13 4 0 2 6 5 3 7 1
69 57 12 5 3 7 2 0 4 1 6
69 57 12 5 3 7 2 4 1 0 6
69 57 12 3 6 2 4 0 5 7 1
69 58 11 1 3 7 2 6 4 5 0
69 60 9 6 5 3 1 2 4 7 0
69 62 7 1 6 3 4 5 0 7 2
69 63 6 1 3 2 7 4 5 6 0
70 53 17 6 3 2 0 7 5 1 4
70 54 16 6 0 2 1 4 3 5 7
70 55 15 3 0 7 6 4 5 1 2
70 55 15 4 3 7 6 0 5 1 2
70 55 15 4 0 2 1 3 5 7 6
70 55 15 0 3 7 2 1 4 5 6
70 55 15 4 3 0 6 1 5 7 2
70 56 14 0 3 7 6 2 4 5 1
70 57 13 6 2 0 1 3 5 7 4
70 57 13 1 6 2 0 4 5 7 3
70 57 13 1 6 7 2 4 5 0 3
70 57 13 4 3 7 2 6 5 1 0
70 57 13 6 3 1 2 4 5 7 0
70 57 13 3 2 0 1 4 5 7 6
70 57 13 3 5 2 1 4 0 7 6
70 57 13 0 4 3 2 6 5 7 1
70 57 13 4 5 3 2 6 0 7 1
70 58 12 5 3 2 1 0 4 7 6
70 58 12 5 3 2 1 4 7 0 6
70 59 11 4 6 3 1 2 5 7 0
70 59 11 2 6 3 7 4 5 1 0
70 60 10 1 5 3 2 6 4 7 0
70 61 9 1 6 3 2 5 7 0 4
70 62 8 1 6 3 4 2 5 7 0
70 63 7 1 3 2 4 5 7 0 6
71 53 18 6 0 2 7 3 5 1 4
71 54 17 6 0 2 7 3 4 5 1
71 54 17 6 3 2 0 7 4 5 1
71 54 17 4 6 0 2 1 5 7 3
71 54 17 2 6 0 1 4 5 7 3
71 55 16 5 3 7 6 4 0 1 2
71 55 16 6 3 0 2 1 4 5 7
71 56 15 0 3 7 6 2 5 1 4
71 56 15 3 7 0 2 4 5 1 6
71 56 15 0 6 3 7 4 5 2 1
71 57 14 0 6 2 1 3 5 7 4
71 57 14 1 0 6 2 4 5 7 3
71 57 14 6 3 7 2 5 1 0 4
71 57 14 2 3 7 0 6 5 1 4
71 57 14 4 3 7 2 5 0 1 6
71 57 14 4 3 7 0 2 5 1 6
71 57 14 6 5 3 1 4 0 7 2
71 57 14 6 3 1 4 0 5 7 2
71 60 11 6 5 3 7 2 4 0 1
71 62 9 1 3 2 6 5 7 0 4
71 63 8 5 3 2 4 1 6 7 0
71 63 8 1 3 2 4 0 6 5 7
71 63 8 1 0 3 4 6 5 2 7
71 63 8 1 0 2 4 5 3 7 6
72 55 17 6 0 7 4 3 5 1 2
72 57 15 6 5 2 1 3 0 7 4
72 57 15 3 0 7 2 6 5 1 4
72 57 15 5 0 7 2 4 3 1 6
72 57 15 6 2 0 7 4 3 5 1
72 57 15 6 3 1 2 4 0 5 7
72 57 15 4 6 2 0 3 5 7 1
72 57 15 5 6 2 4 3 0 7 1
72 58 14 2 3 7 0 6 4 5 1
72 58 14 6 5 2 4 0 3 7 1
72 58 14 6 5 2 4 3 7 0 1
72 58 14 2 0 6 3 4 5 7 1
72 59 13 6 5 3 2 1 4 0 7
72 59 13 6 5 3 0 1 4 7 2
72 61 11 3 2 4 0 6 5 7 1
72 61 11 3 2 7 4 6 5 0 1
72 62 10 6 3 1 7 4 5 2 0
72 62 10 1 0 2 6 5 3 7 4
72 63 9 0 3 2 4 5 6 7 1
72 63 9 1 3 2 7 4 0 5 6
72 63 9 1 3 0 7 4 5 2 6
72 64 8 1 6 2 4 5 3 7 0
72 64 8 1 5 3 4 6 0 7 2
72 65 7 2 0 3 4 5 6 7 1
73 56 17 0 3 7 6 4 5 2 1
73 56 17 6 3 7 4 0 5 2 1
73 57 16 6 0 7 2 5 3 1 4
73 57 16 0 6 2 7 4 3 5 1
73 57 16 0 3 1 6 4 5 7 2
73 58 15 0 6 3 2 4 5 1 7
73 58 15 6 5 3 2 4 0 1 7
73 58 15 5 0 2 1 4 3 7 6
73 58 15 3 0 7 2 6 4 5 1
73 58 15 2 6 7 3 4 5 0 1
73 59 14 2 6 3 7 4 0 5 1
73 59 14 6 5 3 0 4 7 1 2
73 60 13 4 2 0 6 3 5 7 1
73 60 13 5 0 3 2 6 4 7 1
73 60 13 2 5 3 0 6 4 7 1
73 60 13 6 5 0 3 2 4 7 1
73 60 13 6 3 2 0 5 7 1 4
73 60 13 0 3 2 4 5 7 1 6
73 61 12 5 6 3 2 1 4 7 0
73 62 11 0 6 3 4 1 5 7 2
73 62 11 4 3 2 1 6 5 0 7
73 63 10 3 2 0 4 1 5 7 6
73 63 10 1 5 3 2 6 0 7 4
73 63 10 1 0 2 4 6 3 5 7
73 63 10 1 3 4 0 6 5 2 7
73 64 9 1 6 3 7 4 5 2 0
73 64 9 5 3 2 4 6 7 1 0
73 64 9 2 6 3 4 1 5 0 7
73 64 9 0 1 3 4 6 5 7 2
73 66 7 6 3 5 7 2 4 0 1
73 66 7 1 3 4 2 6 5 7 0
74 57 17 5 3 7 2 6 0 1 4
74 59 15 4 6 0 3 2 5 7 1
74 59 15 4 6 3 7 2 5 0 1
74 59 15 2 6 0 7 4 5 3 1
74 60 14 3 2 6 0 4 5 7 1
74 60 14 0 5 3 2 4 6 7 1
74 60 14 5 3 0 2 4 6 7 1
74 60 14 6 3 2 4 0 7 1 5
74 60 14 6 3 0 4 5 7 1 2
74 61 13 0 6 3 2 5 4 7 1
74 61 13 6 4 3 2 5 0 7 1
74 62 12 5 3 2 6 1 4 7 0
74 62 12 6 3 1 7 4 0 5 2
74 63 11 3 5 2 4 0 6 7 1
74 63 11 0 1 3 2 6 5 7 4
74 64 10 6 3 7 1 2 4 0 5
74 65 9 2 6 3 4 5 7 0 1
74 66 8 1 3 7 4 6 5 2 0
74 67 7 6 3 7 5 2 4 1 0
74 69 5 1 0 3 4 5 6 7 2
75 57 18 4 0 7 2 3 5 1 6
75 59 16 0 5 3 2 1 4 7 6
75 59 16 6 5 3 2 0 7 1 4
75 60 15 0 4 2 6 3 5 7 1
75 60 15 4 5 2 6 3 0 7 1
75 60 15 0 5 3 6 2 4 7 1
75 60 15 3 2 7 6 4 5 0 1
75 61 14 6 3 0 2 5 4 7 1
75 62 13 5 6 3 2 4 7 1 0
75 62 13 0 3 2 6 5 4 7 1
75 63 12 6 0 3 4 1 5 2 7
75 63 12 3 5 2 4 6 7 0 1
75 63 12 3 5 2 4 1 0 7 6
75 63 12 6 2 4 0 5 3 7 1
75 63 12 6 2 7 4 5 3 0 1
75 64 11 1 6 3 7 4 0 5 2
75 64 11 6 3 2 7 1 4 0 5
75 64 11 2 6 3 0 1 5 7 4
75 65 10 1 3 7 2 4 5 0 6
75 66 9 1 6 2 4 3 5 0 7
75 67 8 1 2 0 4 3 5 7 6
75 70 5 1 3 2 4 5 7 6 0
76 58 18 4 3 7 2 6 0 5 1
76 59 17 6 5 0 2 1 4 7 3
76 59 17 0 5 3 2 4 7 1 6
76 61 15 5 6 3 0 2 4 7 1
76 62 14 4 3 0 1 6 5 7 2
76 63 13 5 3 2 6 4 7 1 0
76 63 13 6 3 2 4 0 1 5 7
76 63 13 5 0 2 4 3 6 7 1
76 64 12 6 5 3 7 4 0 1 2
76 64 12 6 0 3 4 5 7 2 1
76 64 12 1 0 6 3 4 5 7 2
76 64 12 1 6 7 3 4 5 0 2
76 64 12 1 6 0 7 4 5 3 2
76 64 12 6 5 3 4 1 0 7 2
76 64 12 0 3 7 1 2 4 5 6
76 65 11 5 3 2 4 0 1 7 6
76 65 11 5 3 2 4 1 7 0 6
76 65 11 1 0 3 2 4 6 5 7
76 65 11 1 6 3 7 2 5 0 4
76 65 11 3 5 2 7 4 0 1 6
76 65 11 5 2 0 4 6 3 7 1
76 65 11 6 3 2 1 5 7 4 0
76 65 11 3 2 0 1 6 5 7 4
76 65 11 1 0 3 2 4 5 7 6
76 65 11 0 4 3 2 5 6 7 1
76 65 11 4 3 0 2 5 6 7 1
76 66 10 6 3 2 7 1 5 4 0
76 66 10 5 3 2 7 0 4 1 6
76 66 10 5 3 2 7 4 1 0 6
76 66 10 1 2 0 6 3 5 7 4
76 66 10 2 6 3 1 5 0 7 4
76 66 10 2 3 1 7 4 5 0 6
76 67 9 1 3 2 7 6 4 5 0
76 67 9 0 2 3 4 6 5 7 1
76 68 8 1 3 2 7 6 5 4 0
76 68 8 1 3 0 2 5 6 7 4
76 69 7 1 6 3 4 5 7 0 2
77 59 18 6 5 0 2 4 7 1 3
77 62 15 3 5 2 6 0 4 7 1
77 62 15 3 5 2 6 4 7 0 1
77 62 15 5 3 2 0 6 4 7 1
77 63 14 6 0 2 4 1 3 5 7
77 63 14 6 3 4 0 1 5 2 7
77 64 13 5 6 2 4 0 3 7 1
77 64 13 3 6 2 4 5 0 7 1
77 64 13 5 3 0 4 6 7 2 1
77 64 13 6 3 2 0 1 4 5 7
77 64 13 6 3 0 7 1 4 5 2
77 64 13 0 3 2 7 1 4 5 6
77 64 13 6 3 7 1 0 4 5 2
77 64 13 6 3 0 1 2 4 5 7
77 65 12 5 0 2 4 1 3 7 6
77 65 12 1 6 3 2 0 4 5 7
77 65 12 1 6 0 3 2 5 7 4
77 65 12 3 2 0 7 4 5 1 6
77 66 11 6 3 4 2 1 5 7 0
77 66 11 4 3 2 1 5 7 0 6
77 66 11 6 0 3 7 2 4 5 1
77 66 11 1 3 7 2 6 5 0 4
77 66 11 1 6 2 0 3 5 7 4
77 66 11 1 6 2 4 0 5 7 3
77 66 11 1 3 7 4 6 0 5 2
77 67 10 4 6 3 2 5 7 1 0
77 67 10 6 3 1 7 2 5 0 4
77 67 10 1 3 7 6 4 5 2 0
77 67 10 2 3 0 4 6 5 7 1
77 67 10 2 5 3 4 6 0 7 1
77 67 10 1 5 2 4 3 0 7 6
77 68 9 2 3 7 1 4 5 6 0
77 68 9 0 1 3 2 5 6 7 4
77 72 5 1 3 2 4 5 6 7 0
78 61 17 0 6 7 2 3 5 1 4
78 61 17 6 7 0 2 3 5 1 4
78 61 17 6 5 7 2 3 0 1 4
78 63 15 5 3 2 0 4 6 7 1
78 64 14 1 6 7 2 4 3 5 0
78 64 14 0 6 3 7 4 5 1 2
78 64 14 6 3 4 0 5 7 2 1
78 64 14 4 6 2 0 5 3 7 1
78 64 14 2 6 0 4 1 5 7 3
78 65 13 4 3 0 2 1 5 7 6
78 65 13 6 0 3 2 1 5 7 4
78 65 13 0 5 2 4 6 3 7 1
78 65 13 3 5 2 1 6 0 7 4
78 66 12 6 3 7 4 1 5 2 0
78 66 12 6 3 2 7 5 1 0 4
78 66 12 6 2 0 1 5 3 7 4
78 66 12 1 3 2 6 0 4 5 7
78 66 12 1 0 3 6 4 5 2 7
78 66 12 1 3 6 0 4 5 2 7
78 66 12 1 5 2 6 3 0 7 4
78 66 12 2 0 3 1 6 5 7 4
78 66 12 6 3 7 4 2 5 0 1
78 66 12 2 0 3 7 4 5 1 6
78 66 12 4 0 2 1 5 3 7 6
78 66 12 1 6 0 4 3 5 7 2
78 66 12 1 3 4 6 0 5 7 2
78 66 12 1 3 4 7 6 5 0 2
78 67 11 6 3 2 4 5 0 1 7
78 67 11 0 3 2 4 6 5 1 7
78 67 11 5 3 2 1 0 6 7 4
78 67 11 6 3 7 5 2 0 4 1
78 67 11 6 3 0 5 2 4 7 1
78 67 11 0 1 2 4 3 5 7 6
78 68 10 1 3 6 2 4 5 7 0
78 68 10 4 3 2 6 5 7 1 0
78 69 9 6 3 7 1 2 5 4 0
78 70 8 1 6 3 2 5 7 4 0
78 71 7 6 5 3 7 2 4 1 0
78 71 7 1 2 0 4 5 3 7 6
78 73 5 6 3 5 7 2 4 1 0
79 62 17 5 0 2 6 3 4 7 1
79 63 16 6 0 5 2 4 7 3 1
79 63 16 6 5 2 0 4 7 3 1
79 63 16 5 3 0 6 4 7 2 1
79 64 15 6 7 5 2 4 3 0 1
79 64 15 5 2 0 6 4 3 7 1
79 64 15 6 3 7 1 0 5 2 4
79 64 15 0 3 7 1 4 5 2 6
79 65 14 4 3 2 7 1 5 0 6
79 65 14 6 3 0 1 5 7 2 4
79 66 13 3 0 2 6 1 5 7 4
79 66 13 6 3 2 7 1 0 5 4
79 66 13 6 3 0 7 1 5 2 4
79 66 13 1 6 2 0 4 5 3 7
79 66 13 4 3 2 7 5 0 1 6
79 66 13 4 3 2 7 6 5 1 0
79 66 13 5 0 2 7 4 3 1 6
79 66 13 0 6 2 1 5 3 7 4
79 66 13 0 1 2 6 3 5 7 4
79 66 13 4 6 0 3 1 5 7 2
79 66 13 0 3 4 1 6 5 7 2
79 67 12 4 6 3 1 0 5 7 2
79 67 12 6 3 2 4 7 5 1 0
79 67 12 5 3 2 1 6 7 0 4
79 67 12 6 3 7 5 1 4 0 2
79 67 12 6 0 3 7 2 5 1 4
79 67 12 1 5 3 6 4 0 7 2
79 67 12 1 3 7 6 4 0 5 2
79 68 11 2 3 7 4 6 5 1 0
79 68 11 1 3 6 4 0 5 7 2
79 68 11 1 3 6 7 4 5 0 2
79 68 11 1 3 2 7 6 0 5 4
79 68 11 1 3 0 7 6 5 2 4
79 69 10 6 2 4 1 3 5 7 0
79 69 10 5 3 7 2 4 1 6 0
79 69 10 3 6 2 4 1 5 7 0
79 69 10 1 3 7 0 6 4 5 2
79 69 10 6 5 3 1 2 4 0 7
79 69 10 1 3 2 0 4 5 6 7
79 69 10 1 3 2 7 0 5 6 4
79 69 10 1 3 0 7 4 5 6 2
79 70 9 1 3 7 6 2 4 5 0
79 70 9 1 6 2 3 4 5 7 0
79 70 9 1 4 3 2 6 5 7 0
79 70 9 1 6 3 4 2 5 0 7
79 70 9 1 3 0 4 5 7 2 6
79 71 8 1 3 2 6 5 7 4 0
79 71 8 1 3 2 4 7 6 5 0
79 72 7 1 5 3 4 0 6 7 2
79 72 7 0 2 3 4 5 6 7 1
80 62 18 0 6 7 2 3 4 5 1
80 62 18 6 7 0 2 3 4 5 1
80 62 18 5 6 0 2 4 7 3 1
80 65 15 5 6 3 2 1 0 7 4
80 65 15 0 6 3 1 2 5 7 4
80 66 14 6 3 7 2 1 5 0 4
80 66 14 1 0 6 2 4 5 3 7
80 66 14 0 3 4 6 1 5 7 2
80 66 14 6 3 4 7 1 5 0 2
80 66 14 6 3 7 4 1 0 5 2
80 66 14 4 3 7 2 6 5 0 1
80 66 14 1 0 2 6 4 3 5 7
80 66 14 4 6 3 2 1 0 5 7
80 66 14 2 6 3 1 4 0 5 7
80 66 14 0 3 7 4 2 5 1 6
80 67 13 7 3 2 6 4 5 1 0
80 67 13 5 0 2 1 6 3 7 4
80 67 13 6 3 2 1 7 4 5 0
80 67 13 3 0 2 7 6 4 5 1
80 67 13 0 1 3 6 4 5 7 2
80 68 12 6 3 7 4 5 1 0 2
80 68 12 2 3 7 1 4 0 5 6
80 69 11 2 3 7 4 5 0 1 6
80 69 11 6 5 3 7 4 2 0 1
80 69 11 6 2 7 4 3 5 1 0
80 69 11 5 3 7 0 2 4 1 6
80 69 11 1 3 7 2 6 4 0 5
80 69 11 1 3 7 2 0 4 5 6
80 70 10 5 3 2 1 4 7 6 0
80 70 10 1 5 3 2 6 4 0 7
80 70 10 1 5 3 0 6 4 7 2
80 71 9 5 3 2 4 1 6 0 7
80 71 9 1 5 3 4 6 0 2 7
80 72 8 3 2 4 1 6 5 7 0
80 72 8 1 3 2 7 0 4 5 6
80 72 8 1 6 2 4 5 3 0 7
80 72 8 1 5 3 4 6 7 0 2
80 72 8 2 3 0 4 5 6 7 1
80 73 7 2 1 3 4 6 5 7 0
80 74 6 1 3 0 4 5 6 7 2
81 62 19 6 4 7 2 3 0 5 1
81 64 17 2 6 7 0 4 3 5 1
81 64 17 6 7 2 0 4 3 5 1
81 64 17 0 5 2 6 4 3 7 1
81 66 15 5 3 2 6 1 0 7 4
81 66 15 6 0 7 1 4 3 5 2
81 66 15 6 3 4 1 0 5 7 2
81 66 15 6 0 2 7 5 3 1 4
81 66 15 4 6 0 2 1 5 3 7
81 66 15 2 6 0 1 4 5 3 7
81 66 15 6 3 0 4 2 5 1 7
81 67 14 3 0 2 7 6 5 1 4
81 67 14 7 3 2 0 6 5 1 4
81 67 14 7 3 0 2 4 5 1 6
81 67 14 7 3 2 4 0 5 1 6
81 67 14 7 3 2 1 4 5 0 6
81 67 14 0 3 2 1 6 4 5 7
81 67 14 2 3 7 6 4 5 0 1
81 67 14 4 3 2 6 1 0 5 7
81 67 14 4 3 0 6 1 5 2 7
81 68 13 3 0 7 4 6 5 1 2
81 68 13 2 3 0 1 4 5 7 6
81 69 12 6 3 7 1 2 0 5 4
81 69 12 3 5 7 2 0 4 1 6
81 69 12 3 5 7 2 4 1 0 6
81 69 12 6 5 3 7 0 4 2 1
81 69 12 4 2 0 6 5 3 7 1
81 69 12 5 3 7 2 6 4 1 0
81 70 11 5 3 2 1 6 4 7 0
81 71 10 0 1 3 4 6 5 2 7
81 71 10 0 1 2 4 5 3 7 6
81 72 9 3 2 7 4 6 5 1 0
81 72 9 1 2 0 6 5 3 7 4
81 72 9 3 0 2 4 5 6 7 1
81 74 7 2 6 3 4 5 7 1 0
81 74 7 0 1 3 4 5 6 7 2
81 76 5 1 2 3 4 6 5 7 0
82 64 18 4 6 7 2 0 3 5 1
82 64 18 3 6 7 2 4 0 5 1
82 66 16 4 3 2 0 7 5 1 6
82 66 16 4 6 3 7 1 5 0 2
82 67 15 6 0 2 4 3 5 1 7
82 67 15 5 3 2 7 6 0 1 4
82 67 15 7 3 2 0 6 4 5 1
82 67 15 2 3 7 6 0 5 1 4
82 67 15 0 3 7 6 1 4 5 2
82 67 15 4 6 0 2 5 7 3 1
82 68 14 6 0 7 4 5 3 1 2
82 68 14 4 3 0 6 5 7 2 1
82 69 13 4 3 2 6 0 5 1 7
82 69 13 6 3 0 1 2 5 7 4
82 69 13 6 0 3 4 2 5 7 1
82 69 13 0 3 7 2 5 4 1 6
82 69 13 0 5 3 1 2 4 7 6
82 70 12 4 2 0 1 3 5 7 6
82 70 12 2 3 7 0 1 4 5 6
82 70 12 4 0 3 6 1 5 7 2
82 70 12 1 6 7 2 4 5 3 0
82 70 12 3 2 7 1 4 5 0 6
82 70 12 3 5 2 1 0 4 7 6
82 70 12 3 5 2 1 4 7 0 6
82 70 12 2 4 3 0 6 5 7 1
82 70 12 4 5 3 2 0 6 7 1
82 70 12 0 3 2 1 5 4 7 6
82 70 12 1 5 3 2 0 4 7 6
82 70 12 1 6 0 2 5 7 3 4
82 71 11 6 3 5 2 1 4 0 7
82 71 11 4 3 0 7 2 5 1 6
82 71 11 6 3 1 4 5 0 7 2
82 71 11 0 3 1 4 6 5 7 2
82 71 11 6 5 3 7 2 0 4 1
82 71 11 6 5 0 7 2 4 3 1
82 71 11 1 3 0 6 5 7 2 4
82 71 11 5 3 2 0 1 6 7 4
82 71 11 0 3 2 4 1 6 5 7
82 71 11 1 0 2 4 3 6 5 7
82 72 10 2 3 7 1 6 4 5 0
82 72 10 1 0 3 7 4 5 2 6
82 72 10 1 3 7 0 4 5 2 6
82 72 10 1 6 2 0 5 3 7 4
82 73 9 2 5 3 1 6 4 7 0
82 73 9 1 5 3 2 0 6 7 4
82 73 9 1 2 0 4 6 3 5 7
82 73 9 1 3 4 7 6 5 2 0
82 73 9 6 3 5 7 2 0 4 1
82 73 9 1 3 4 2 6 5 0 7
82 76 6 1 6 3 4 5 7 2 0
82 77 5 1 3 2 4 5 6 0 7
82 79 3 1 2 3 4 5 6 7 0