0 0 0 6 3 0 2 4 5 7 1
14 0 14 6 3 7 2 4 5 0 1
12 0 12 6 3 7 2 4 5 1 0
13 0 13 6 3 7 0 4 5 1 2
12 0 12 6 3 0 7 4 5 1 2
11 0 11 6 3 1 7 4 5 0 2
10 0 10 6 3 1 7 4 5 2 0
12 0 12 6 3 1 7 4 0 5 2
11 0 11 6 3 1 7 0 4 5 2
8 0 8 6 3 1 7 2 4 5 0
9 0 9 6 3 1 7 2 4 0 5
10 0 10 6 3 0 7 2 4 1 5
11 0 11 6 3 1 0 2 4 5 7
11 0 11 0 3 1 7 2 4 5 6
9 0 9 3 0 1 7 2 4 5 6
8 0 8 3 1 0 7 2 4 5 6
5 0 5 3 1 5 7 2 4 0 6
3 0 3 3 1 5 7 2 4 6 0
7 0 7 3 1 5 7 2 0 4 6
7 0 7 3 1 5 0 2 4 6 7
8 0 8 3 1 5 7 0 4 6 2
8 0 8 3 1 5 7 0 2 4 6
8 0 8 3 0 5 7 2 1 4 6
8 0 8 3 1 0 5 2 4 6 7
8 0 8 3 1 5 7 4 0 6 2
8 0 8 3 1 5 7 6 2 4 0
8 0 8 0 3 5 7 2 1 4 6
7 0 7 1 3 5 7 2 0 4 6
3 0 3 1 3 5 7 2 4 0 6
1 0 1 1 3 5 7 2 4 6 0